,0,1,2,3,4,5,6,7,8,9,10,11,12,13,14,15,16,17,18,19,20,21,22,23,24,25,26,27,28,29,30,31,32,33,34,35,36,37,38,39,40,41,42,43,44,45
10_1,-0.010892338852491258,-0.005531951475303344,-0.007385198894077102,-0.003920592933493648,-0.019202904752752607,-0.010813537134230533,-0.015199320028806173,-0.003528815068535011,-0.0029160043433423765,0.9382250408044412,0.7711914278790217,0.0329022897667488,-0.026722136943335317,-0.01255216607631055,0.007768529699492848,-0.02259368495026829,0.05139862201814486,0.002780851195830896,0.010153822666906261,-0.018702976821457357,-0.012510454858477129,-0.006148920090160782,-0.009542785630240915,0.3059587741463894,-0.011383047180149184,0.17820150554566802,0.7792189768597076,-0.04986450732707387,-0.003451183333819503,-0.00925243987439621,-0.002424216072879757,-0.006271839261896529,-0.01058034658013293,-0.0065535982618915405,-0.005341971518704617,-0.003151079120313881,0.004938632067662049,-0.013875863121442155,-0.005127653665319293,-0.0048390363259981075,-0.005145083325563421,-0.016453203342673837,-0.01434415126063783,-0.01876437327241215,-0.007897078659729845,-0.008031405662088171
10_2,-0.014389863624410318,-0.010588098858483688,-0.01593276147282389,-0.005587770251782048,-0.019804083875224678,-0.014119189902444134,-0.020844609675285564,-0.007219975516794099,-0.00405814528854359,0.8667898962038503,1.0573267476378203,0.026685618020402826,-0.019609748473791423,-0.012674259023468713,-0.005957288836649702,-0.018604441065739438,-0.03750209276220591,-0.0052776630478183605,-0.008851916243344105,-0.005597804538689153,-0.016172406876013935,-0.008127977643163121,-0.011868177511813417,0.2819901189614108,-0.0018700494658193073,0.15982226596919655,0.7235943089725188,-0.0445121121541475,-0.006339509934559315,-0.01202870865753387,-0.011148079440058465,-0.01048531826556726,-0.016460506243600924,-0.008789511324305445,-0.01099690445611811,-0.0036638900449971756,0.0023843565855001083,-0.014196618970646073,-0.007018096782026614,-0.011751914752251043,-0.01073541918373292,-0.01737551441251519,-0.016093685831572026,-0.023174608711958845,-0.01140935896960456,-0.008737540996672774
10_3,-0.01732343382809953,-0.009015336022289471,-0.0152814851011865,-0.005635498747116221,-0.02083675887783466,-0.013353088408367587,-0.021472483039636028,-0.00731294932829116,-0.004592553159414405,0.8690745086765147,1.058657025131203,0.029696059781520432,0.004541109762633745,-0.01266169864036827,-0.00335696323766885,-0.016191542514590002,-0.023524490058525013,-0.010829924459751315,-0.005103380570159286,-0.0014101865562545924,-0.016485035459363178,-0.0069965532004791445,-0.013155577614577293,0.08161778009674185,-0.0011518670892899513,0.16572715618570455,0.7309670348425467,-0.04817564465724702,-0.00527527101988168,-0.01145116776119853,-0.011038879415153944,-0.009759825004646306,-0.015727414707069346,-0.008788943113976733,-0.011290237011806223,-0.004764877260856823,0.0035138293954511813,-0.014696117261449494,-0.007077986730682076,-0.011718237975493,-0.010764831341810825,-0.018051822352022275,-0.015197010106045978,-0.02342538214839774,-0.011111646447356268,-0.007912162239713976
10_5,-0.015110238049168204,-0.010799019855856363,-0.013745593004519123,-0.004060726001306554,-0.019199614539245284,-0.013185280635180867,-0.01933616961927663,-0.006818698584136945,-0.00419012339719227,0.8883342071519071,1.078151092809375,0.027301223858143386,-0.01605544408344177,-0.004063928457121545,0.00789581897104188,-0.021357099110681163,-0.024179160275919334,0.003799789026664843,0.01121835250533988,-0.0007436627398675263,-0.014828159607803884,-0.007643812404237315,-0.009599517348628224,0.3477070657812615,-0.001993152498414691,0.15749980641961298,0.7412775605726734,-0.04121145335390146,-0.0057287446799633105,-0.011546556117455807,-0.006510818004853985,-0.008300364474684347,-0.014990162559904416,-0.007598814030661296,-0.009703884737066754,-0.003483965606831982,0.0033961245883522033,-0.015113693789909921,-0.006219683420867994,-0.010891154912578173,-0.008679109798022057,-0.019789174294974142,-0.01524118620409286,-0.02273984991550726,-0.010518139077799598,-0.007980401404266221
11_1,-0.011996167138059207,0.0015406987976646844,-0.0012182539343253652,-0.005313683981431497,-0.020675239931105184,-0.007467505779992577,-0.020267290840822957,-0.0006548919003029719,0.0027428024993335818,-0.07382537036052988,-0.15513780850136133,0.0434152522317467,0.01779681694676408,0.10415771102074067,-0.06575233863497351,-0.035241143621695115,-0.006909732628810433,-0.0012052130675253901,-0.006058047935404918,-0.00611572246919424,0.004462488732180895,0.0008047173450935238,0.004392527618910183,-0.045461482477068875,0.001064981845031257,0.33110415351294165,0.17299870473268175,-0.09548759049746526,0.003919898258303272,-0.004310409592803726,0.01045966107641091,0.007084655303317157,0.0007612073079665793,0.007804969420276313,0.00025924838812302163,-0.005613164002650201,0.031770142468665656,-0.011334549640888642,-0.0008546557114508997,-0.0018682588421894547,-0.009498260079487324,-0.014766746348925773,-0.013643342028889307,-0.020493349520910937,-0.006382349331086572,-0.004277851705275211
11_2,-0.00725054326570239,-0.0022993422864033566,-0.0033456715848107586,-0.004541177307376368,-0.01769256315402862,-0.006712665301604658,-0.014022531444896647,-0.003488278889298439,0.0009119357611895846,0.3016916836591368,0.21390665682312285,0.03702958559837904,0.01722467350305358,-0.003913727690936371,0.004320979096275174,-0.023314923575363706,-0.016706775626698724,0.0006306376073494399,0.006980072964733788,-0.0011672894063949394,0.013754863117161502,-0.0015632194717949634,-0.0035537492190373804,0.3127666736721594,-0.0021079489625243693,0.2736823484493397,0.29504610781595597,-0.05737723422146225,-0.002091953528434132,-0.0057278957982375865,0.005062957886019348,0.001817394502705829,-0.002277378520177906,0.013154709502862412,-0.0034526806795333537,-0.0014871981618164404,0.021617284523827884,-0.0116152633954184,-0.0004905449078616618,-0.0031473496772527467,-0.004475309823858122,-0.01388254578757118,-0.011403315662399344,-0.017585993076629117,-0.007429730369116505,-0.007228863526308658
11_3,-0.009881466203280068,-0.00019006438139275062,-0.001398526678770489,-0.005064215300971966,-0.023407328438375972,-0.00687574165510065,-0.01816563264855115,-0.0013965697514961874,0.0022318762633844144,-0.0817185090131821,-0.15704606189002557,0.03809827261905467,-0.023865490875878914,-0.017305396869719512,-0.0035124691053417915,-0.036709041850860796,-0.012450820722100311,-0.0026276447378951705,-0.0024273829173698342,-0.03953062369597191,0.006234778102587017,-0.0012860183619852095,-0.004293663863188392,0.11365071787968545,-0.008569741900463381,0.32442907206473615,0.14539550601830162,-0.08828570693039647,0.00130883273658552,-0.006824555180595848,0.008885624281561208,0.005796347901697718,0.00033102339010820426,0.009565640224414093,-0.005991177870673269,-0.005528030708276073,0.02691111996440605,-0.010982988272224312,-0.00046069917749096134,-0.0030873271271407445,-0.006782566132764111,-0.01612610999825723,-0.014529505340883835,-0.020667122118169252,-0.006287086015233577,-0.0033523414529185885
11_5,-0.011915749596267487,0.0023643803884678327,-0.00019269945537005441,-0.003786494892279746,-0.02036030889791627,-0.005552469804943144,-0.018024978835521774,-0.00015030297322505756,0.003419526704147029,-0.0759244415820759,-0.15144302477139834,0.018857255486116154,-0.0018864085697684046,-0.006310055829217505,0.0012416098564146758,-0.020618555475983534,-0.0038726937737653027,-0.0027392358724343054,0.00154701748645329,0.0014797867056560367,0.0054495756662289495,0.0007884417809615489,0.004613566045006752,-0.04229141858716217,0.0020242044844776337,0.3469115976596238,0.16538948592905345,-0.08519425870117976,0.004119256837710895,-0.0053695930814125,0.010978054786584542,0.007571900656047133,0.0033215452693298214,0.00865731903727624,0.00023733586396775192,-0.002378042155126183,0.030870140640062747,-0.008640818016388777,0.0009134147462085387,-0.0009368541984103325,-0.00505865669767157,-0.013658684307804855,-0.011860183676254908,-0.018332723884411945,-0.006106461955995441,-0.002563484176363964
12_1,0.02509980238328282,0.020636720631936133,0.011353988886238491,0.00577700427885277,0.014925905690274697,0.02450233525510057,0.013599371206354221,0.008281141426294901,0.015272068039344892,1.07595546284986,1.324883906178231,0.0747066930915865,0.014322979781608182,-0.005957612685922906,0.003428065123764667,0.007355117083348597,-0.0039781252625133165,0.0038557567190091184,0.0036242463678774033,0.0039694166032127375,0.025536777693282907,0.026260830757592144,0.022026283386812423,0.4559690842381151,0.0011123064410415904,0.18772832205548373,0.903452752873734,0.05578438818730739,0.01599656227018021,0.017243211514379977,0.023196343498679824,0.022691405081851548,0.03522828053348136,0.017511379371900913,0.023814619815761977,0.0002249685972246509,0.0393952631404862,0.026591563439724485,0.01417977829771909,0.007632211773114387,0.009427198334067423,0.02130825866240325,0.018398882559027028,0.023596374051063927,0.012794832224046346,0.010905363090369049
12_2,0.013527689466664385,0.01748984390952465,0.012751991257012313,-0.0032861221248324766,0.011873440192262564,0.018898313450341025,-0.002487433185737981,0.002406281185235542,-0.0011408434061793383,1.0837790754634247,1.3211439820192814,0.06966961483720056,0.01554507935456074,-0.0043837133382111535,-0.002176678520595424,-0.019240978510276525,-0.0089498685813224,-0.0014789523047104426,0.003496681819101292,-0.0035446416825645724,0.022461596959441343,0.022881775842905107,0.019875699817767874,0.4751044400973041,-0.0007292535204971105,0.19868048859958307,0.9033425437869547,0.04666008090387711,0.013006274407454858,0.016592091286851445,0.008409981100815844,0.017821547484936372,0.027802654106079044,0.016526074602911403,0.021573287426904442,-0.0025673962330026432,0.03042640141715763,0.018366985213924148,0.007021322304929813,0.010642546897454804,-0.0006025439988523048,0.01634174457439256,0.011282735950525587,0.012465324732570669,0.003670784667949934,0.007109173672281946
12_3,0.014395492423394234,0.018283710329130252,0.014266002007497681,-0.003836252034409547,0.012305341120831358,0.020301163008107373,-0.0010851908233391167,-0.0029781045330251827,0.011352038713046986,1.0729944663005335,1.3317365079813746,0.07304047009832716,0.016456460469060855,-0.00025640833754524394,0.0027628740434038892,0.007820666521118541,-7.6068998331782484e-06,-0.0019350579453479549,0.0029108901784252674,0.004012435681686816,0.024400397934932348,0.023888086566191104,0.020931721335003237,0.47425096149067525,-0.0022465996176637437,0.1918342609263786,0.8947206566896093,0.04995717100123384,-0.0068721525294245,0.017242189785367838,0.016777337179899595,0.018740770569964586,0.031423759946786235,0.01644733649606861,0.023938038675377016,6.0172166032519824e-05,0.03162015233675887,0.01940731834724959,0.010366095773438258,0.01115096382182906,-0.006194033876105895,0.018737972143737184,0.012997759553379468,0.014046826719672178,-0.005351102605400089,0.007925674859536262
12_5,0.02032775403141076,0.01791787924928023,0.015157833132052935,0.0031194496200594147,0.017536997235416546,0.016743896918435665,0.008362362681407439,0.006536120172487036,0.010761038428035372,1.0502506098824047,1.2932809808617944,0.0664587039590535,-0.023171897980008318,-0.010773713676269545,-0.00163188064369324,-0.023847083332581294,-0.007368780410499717,-0.0017385420994691682,-0.0015262535940050712,-0.008476079720192868,0.020269552415217187,0.024043798863930335,0.0185918158537122,0.4517255107318693,-0.0012122065501487156,0.1961844296301534,0.8891309548881092,0.048409193630773555,0.008661652865723365,0.012288577298169803,0.020664826560545697,0.017569538664801834,0.02868723877795737,0.012582576236518345,0.018208844595707138,-0.0030686489774054758,0.030837224732097164,0.02154592308991229,0.010284059692315394,0.012307827874128499,0.0059165103418370776,0.019693690153055884,0.011930328406118238,0.01705816890639233,0.011312717964731822,0.006992683012204926
13_1,-0.007020571498322235,0.005212964968218664,0.003750021328245566,0.00582763750678792,-0.014705300300318276,0.0067485995481768365,0.007660642741248118,0.0016162261913346251,0.0003598052151260722,-0.08764092950443031,-0.18612978642434486,-0.007708134931234332,-0.034922941781567844,-0.013248961866992216,0.0002430912037286804,-0.027706133626038403,-0.004222734692929059,-0.0018272346796347509,0.002873852842948712,0.0009886122298442806,0.0003172782208546452,-0.006898381741924662,-0.0015464462116141005,-0.06677610126163575,0.002768801098007802,0.38113106778869765,0.17467010915776865,-0.0712716022062409,-0.0028125935424907944,0.012270333620374562,-0.011201301649835564,-0.0029676213163375028,0.0057588786597676704,-0.0022484366514673652,-0.0011642863006606945,0.01759871958875451,0.049707572992399314,-0.000293600475762044,0.003866434109457753,0.0051771246561108245,0.00776241245493412,-0.0069782467073510514,0.006949194758624998,0.007962063590756567,0.0028057892369677895,0.0023658672534006358
13_2,-0.005064916091544262,0.0031608122096052596,0.00304740614530154,0.00629373819624891,-0.013237263519974608,0.007341057633447674,0.009643593440374644,0.0018573707119883323,0.0014429598825299896,-0.08349181304288128,-0.18310099729864834,-0.008973047978147743,0.024904175904677202,-0.012390016834502932,0.0027236319687412407,-0.02649021965807792,-0.010516594236162451,0.00042666041570282024,0.003678883968575921,0.000479428080030304,0.002444987708539848,-0.003950335931202172,0.0004428778088813805,-0.0663883036743536,0.00016669258194614337,0.3852927473204483,0.18709256037720792,-0.05714588690871381,-0.0012664261543135576,0.009054788727446177,0.008458958820525263,-0.0045555650096864835,0.006692037355385269,-0.002101928023007426,6.151845540825305e-06,0.016542372086718528,0.06494107519981084,0.0023601887953039525,0.004517222529648078,0.002684280750152688,0.008066440281046295,-0.006744683406619911,0.007649885932325667,0.008093453495379191,0.0033169030484135062,0.004478296768996559
13_3,-0.014313273270285877,0.001859826540646026,0.0010943965826817708,0.005289027890284311,-0.018342713796643914,0.005271783567714419,0.005418689570375782,0.00209032181278707,-0.0011600373616861075,-0.09122303997907752,-0.1868153389380957,-0.007811885112641814,-0.006344393700302838,-0.017045166822515466,-0.002075184091964549,-0.022922228372427512,-0.00534837634061542,-0.004051869871687736,-0.0005113991475291923,0.0018655406367486837,0.0021764574379289216,-0.00842435107667405,-0.00012187754567452691,-0.06850766957897192,-0.008711414267978506,0.34309347093148734,0.1524582033434672,-0.0776061093724428,-0.001860721858717822,0.009216455217461098,-0.028963501735717073,-0.009191323938872623,0.005053264201783328,-0.00223499174306061,-0.0002518553012937074,0.013943939316575787,0.04945051530917556,-0.001921234085476125,0.0010074208105151348,0.0020432120240980703,0.006831345143635813,-0.007425544103942643,0.005251627676827112,0.004979980024402094,0.0024055540936328453,0.0021417294120560835
13_5,-0.007319401810224331,0.0026813148509818854,0.0027506146475607006,0.003565791885539708,-0.015425258438784542,0.0075760856050795175,0.00437548099654436,-0.0018000530221125473,0.0005129790146407319,-0.08974822644018225,-0.1919814856895505,-0.008096674247611802,-0.0034762162910237813,-0.015712330858305826,0.003877037772636552,-0.031156703475439147,-0.0026755593509891398,-0.0027772695560919097,0.0029680108965289176,0.00012420876291512355,0.0022262910616329527,-0.00836760628955246,-0.0003354178327361017,-0.06801725201074454,0.008433912418775337,0.21009917427097038,0.17303350783844323,-0.06113595924961987,-0.001385619534496078,0.011549203782531178,-0.02982235995310898,-0.006833208293623928,0.004498504587467132,-0.0019377733421444263,0.00041295803117053837,0.017374544598145875,0.04055261813024364,0.0002540282067711063,0.0012932539199269773,0.0034668122670932604,0.006369878526793984,-0.002566713383129909,0.009215761628996143,0.0074785143901462065,0.0014191921674674114,0.0036163725389220013
14_1,-0.005483551588925355,-0.00036309441845413474,-0.0035318324506079185,-0.006279857400071817,-0.021406837012136106,-0.009495464704280424,-0.01650952481957525,-0.002655910834178796,0.0020277796645487337,-0.2623411393449176,-0.22754780112935036,-0.014818308690856834,0.01377867174134947,-0.021343701043954832,0.0015286081682958249,0.018479053865419197,-0.003455402455013517,-0.0070525176711514785,-0.00016997014200306678,0.004823085194786952,-0.003694079953779801,0.0002524326822903179,-0.003436779273899193,-0.07857502823042703,-0.008731180331474455,-0.48510161996262574,-0.4523683586545805,0.020913562705330388,-2.3392420218036375e-05,-0.0035305714601880007,-0.02507337547117281,0.00021977214808357144,0.000982431221029519,-0.0016262471452152358,-0.01168257788819768,-0.0009657609373200579,0.003932868564587335,-0.008480611697166343,-0.0016545266790599976,-0.004892921927158386,-0.007332005460832602,-0.019343091617900942,-0.014109272337309936,-0.016279179559243486,-0.004317683633685268,-0.01773382114615669
14_2,-0.004123561898026122,-0.0008397954292231033,-0.00039850599226427,-0.00520327924617736,-0.014955804602905087,-0.001113629473921754,-0.011722697018493235,-0.0015773025926110803,-0.0017760868468570299,-0.24465181340534706,-0.22466431621171307,-0.016498632841900465,0.01716250320821231,0.011846715965446107,0.002098911462017642,0.024562498447667964,0.006479087377346623,0.0022114602236191798,0.0032949670443003275,0.008675985891352067,-0.0038322012837545155,0.0008873035549490446,9.402716028226954e-05,-0.08098533114974776,-0.00516883036492511,-0.4546804225629205,-0.4632099768306805,0.021474258927217535,-0.0008896655808152672,-0.0034774888483120546,-0.020529896347924494,0.0015456500889718806,0.0015208902259196556,-0.002108768108766995,-0.015089193961453437,-0.0017098517503536734,0.004097370229290915,-0.0024375641954420117,-0.0009761077891345155,-0.0012465102705804627,-0.005792668187930437,-0.01048258516611222,-0.005182246249685114,-0.009433920475455793,-0.0020778250456940095,-0.012088793777771903
14_3,-0.0072006914751512295,-0.00250712216121,-0.003765418088138537,-0.005787478320036683,-0.0235699400092584,-0.01138254360004388,-0.01735502712641446,-0.0020078463379542082,-0.0035868777524674933,-0.2748707542052467,-0.240800973566735,-0.016543883054172016,0.00970564410466481,-0.0010584564841471383,0.0009178193746191832,0.017273639846402688,-0.0021848093767039413,-0.00754148769579411,0.0001536143587447798,0.0065371520142470056,-0.004989174469988256,-0.0009728848946122546,-0.00461059350801606,-0.081894422079165,-0.0036761841836394356,-0.4904028075799128,-0.46555344999815335,0.026545520587600898,-0.0016849707142760852,-0.005534454244856518,-0.025140492168751798,-0.00027422460683770226,-3.0180749052927085e-05,-0.002308201553930867,-0.017291908305254806,-0.005315121353556087,0.0009066620050643089,-0.006416581165134124,-0.0028738691893730388,-0.005207570049160817,-0.007351307250068893,-0.020522196745946568,-0.016333757835439798,-0.015697699406700596,-0.0034105249197581085,-0.018569563846060115
14_5,-0.007141856009209637,-0.0012590885882156888,-0.0032632472808388556,-0.007073547617976401,-0.021246562517978865,-0.006999186661186782,-0.01709691838484664,-0.0021856398369457467,-0.0012129336636408613,-0.2721623314696048,-0.23381792585914973,-0.015332975660125066,-0.028682639842484817,-0.029934666068810515,0.0015732986300725864,0.0166334333635125,-0.00898073688600698,-0.008501400611542812,-0.00024690021868401863,0.005065198082934538,-0.004473097309488401,-0.0012257319268535176,-0.001839138998593935,-0.08170577088884245,-0.00838697727093149,-0.4922368547237675,-0.4612733494556325,0.013278763244049769,-0.0016669359537457107,-0.0034068490973229834,-0.02321584043106574,-0.00431139934795366,0.00022412414629760296,-0.0015776932727271625,-0.005060367982167117,-0.0049442573009531995,0.003696566992909574,-0.008524211328658785,-0.002885047222108959,-0.004326421886254633,-0.007261929187006784,-0.017079661414417684,-0.009913502606784575,-0.014572088051938343,-0.004615947962769044,-0.01581549726228685
15_1,-0.004578447163083129,0.005264176451238613,0.00042174422220770004,0.005532177190009816,-0.010906006546909498,0.004481953345080458,0.00014569932287418898,0.0008667438877208974,0.0009140302136089889,-0.08499454672923909,-0.18527442441474576,-0.005039880522626538,0.02031478618638904,-0.01507583805033453,0.005201679172408956,-0.0017045381122272778,0.001331040099762269,0.0006852963759166766,0.004387467594300694,0.00797299464557268,-0.0008298391844839314,0.007498930755689908,-0.001746582636401527,-0.06787629582254134,0.005461072647247045,0.37676192043912227,0.1706214570490523,0.06796677262491013,-0.0026627612852332624,-0.0031917093895137867,0.004633883247582693,0.003088044423776104,0.004025351325996276,-0.0003093334757156821,-0.001437955486774745,-0.0017073189778785715,0.03224082468633203,0.00133041241101777,0.005348704708151631,0.0029921440473168054,0.008554320280153304,-0.006320708611854212,0.009112482293331963,0.0006604601039143663,-0.0012467801188865602,-0.0031443512117175416
15_2,-0.008437319214271507,0.0034184421385341467,-0.00024640688389709523,0.004823909900841154,-0.016460064980731694,0.006035835804005608,0.003076662891855578,0.001042785427878071,0.00013021932927596093,-0.08332629045950601,-0.1836888900726298,-0.010735546177390969,-0.006464295587493743,-0.010883622566048036,0.0021899622350439185,-0.026385769026608465,-0.0058531855138542225,-0.0007421365300568582,0.001959766904732557,-0.001026349667080869,-0.0013624255148002452,0.010176587938007109,-0.0022167618196555425,-0.0721641823158281,-0.004289511889619677,0.3849575207276495,0.15870762891215418,0.07513456580291464,-0.00360347938226953,-0.00491419901597532,0.006360334502031919,0.0029208800646252447,0.0018741156893909664,-0.0003778073447665551,-0.0023537180630745914,-0.00013158215204610226,0.033808246788732,0.0021483073091654236,0.0020524765358907104,0.0022398766449009313,0.007776937513881262,-0.005988256316648227,0.008889762453151536,0.0008637518803469516,0.002824069812465229,-0.0018307506350849372
15_3,-0.005002509905125567,0.00642944757597365,0.00041455046779207154,0.005773311808844864,-0.013465734653901709,0.006907311423392645,0.003996352982945172,0.0015847792201500006,0.0014378286436564744,-0.08172643273096596,-0.1842682081101659,-0.00938715552990541,-0.023824762010684068,-0.009043972856779303,0.002847152113630593,-0.028439687646938033,-0.010805123178628973,-0.003939747671464467,0.0011293224582313432,-0.0009935873077907306,-0.0007641997647071647,0.006959076847432185,-0.002352578066695922,-0.07005359517347441,0.0030805397557912037,0.39500549283751524,0.1618079236279302,0.0729602285900167,-0.0016859673702362661,-0.004045404574315784,0.007413863082351307,0.004129291569223923,0.0035898635861662982,-0.0006577495444967832,0.0005466505035030857,0.007087240822811694,0.03502513247601435,0.0013741439428562189,0.003985926840309829,0.0023550129352999816,0.008143093308515518,-0.007551042969309781,0.00974116972362431,0.002535317102479629,0.0031937397791063217,-0.001871018415314332
15_5,-0.0054297210191077356,0.003714515915881965,0.00015852466848742284,-0.006815752756969662,-0.016972090380690457,-0.000930318842786629,-0.006644729415235689,-0.0038862078944843937,0.0037108238691470554,-0.08697462755806182,-0.18734291649607374,-0.005011811374645957,-0.02434954583589274,-0.014952664048775011,-0.0013063494229896655,-0.0264542056962351,-0.005589782072998976,-0.0008369464212276188,0.001186316449976527,-0.0023844992046261663,-0.002831175251934756,0.007639375614653631,-0.002300904357482005,-0.06910726088248897,-0.010433471191437452,0.3612278121188217,0.1720642428991112,0.056302254773784526,-0.0033587593851084176,-0.0032022225549115622,-0.0008885124060326654,0.0028771697470166163,0.003455202365683757,-0.0016231588279571121,-0.005284861342768567,-0.003732669745908423,0.028223876702441444,-0.0012729483344578571,0.0030422201095618956,0.00044652070634970556,-0.010007774549633431,-0.008078769381127554,-0.005219590378271151,-0.006483251081286438,-0.007035280306854409,-0.0034528133505719724
16_1,-0.003720072186285261,0.0013045845706958312,-0.0024123830136148433,-0.00429467477514365,0.003011982813954904,-0.0013818406119168575,-0.012616860304141423,-0.0015205268505304461,0.001883364316189445,-0.2092854394326087,-0.1876073523763189,-0.012753690579915737,0.02257745955141149,0.022511042403191406,0.0032273864354155,0.03682284917520733,0.009346605873301153,0.0050198924611427505,0.004411087770692553,0.011623710549305962,-0.0013860483273091557,0.00019462678056194574,0.003736673303131392,-0.0669733480173457,0.00047271449666563446,-0.4011174625954142,-0.4134430409071507,0.020197811944476965,0.01451273820782579,0.002227656124254017,0.02219390169784121,0.0006826810297440783,-0.00027108074053653426,-0.0023235612377030235,0.011203806453328679,7.569933816930794e-05,0.023430514851019366,-0.0032681756467799767,-0.0005128451885691342,-0.0027219664208151585,-0.004425641460924715,0.00657373307330509,-0.002244380888965286,-0.011970301316672692,-0.00326307328128377,0.01512206873735341
16_2,-0.0026753271569777783,0.0012927704325254804,-0.0018012927593834074,-0.0045627406629218,0.0024768555141414326,-0.0020302782822462055,-0.013112896667479555,-0.0011862332770703748,0.0020475620648210038,-0.21074059585347385,-0.1879738413330022,-0.012833531451222348,0.021172078483763856,0.02005752623693188,0.0034055062088530147,0.033649897490365586,0.008611103328405286,0.003585426154561015,0.004024953320587181,0.011384370706234936,-0.00023210863849476896,0.0008454994987551222,0.003302619620668021,-0.07242387641105935,-0.000768412154789712,-0.40898253752117564,-0.4204103139530058,0.022285317830149087,0.014090282867762757,0.0023291928494180913,0.020620768589294295,0.0024605504277090606,-6.621214225397795e-05,-0.002253652417287245,0.008906157103905783,-0.0015114712559974324,0.02195279087384561,-0.0030603557341679242,-0.00010585987028474739,-0.0019014253023946748,-0.005118226931390765,0.005940357993170477,-0.0033600046708068087,-0.011457648917303932,-0.003191595685756425,-0.000443905686368547
16_3,-0.0017048866710535956,0.001976915916720193,-0.0014819869368368208,-0.004090362967284454,0.004089878721146443,-0.001423260533106332,-0.012619417015708055,-0.0011581252989857629,0.0022697239784341505,-0.20503092424690486,-0.18561578494648054,-0.012265229527042584,0.02382208884528188,0.02591125436345802,0.004850511785986222,0.04018619586438008,0.011736671177602256,0.006103196063021482,0.004619442475229573,0.013055117941949409,0.0002037425239841918,0.0005618796783288239,0.005197212252021902,-0.06331855672797179,7.207677414947081e-05,-0.3849100405433413,-0.394434562885879,0.0314883938971821,0.014456565412118143,0.00538876112951963,0.025014402538206058,0.002694500414388651,0.001523509828057525,-0.002266331072240209,0.013795506819488452,-0.0003205441191645908,0.02448622487659642,-0.0024886244997711806,-0.0004695020859597038,-0.002242190628159034,-0.002285577015297899,0.008005698421235788,-0.0014440994669590325,-0.010669842148794581,-0.0025686103615393703,0.017716748300522642
16_5,-0.002065410201418875,0.0017008276912525177,-0.001570849974324528,-0.004017774979372102,0.005360899251381054,0.0007618066927154582,-0.012812741908284965,-0.0009662156767000626,0.003198547838818988,-0.2018289932831059,-0.18585730462213684,-0.011769655538050967,0.023294250393846385,0.024504024880688546,0.004771085069334374,0.03683640064067582,0.011400306571450847,0.004842969547316879,0.004835636114242179,0.012323849336473444,-0.001192700709449777,0.001654476913093911,0.00539079380489291,-0.06347506849752382,0.0013845463028713876,-0.38661138203911144,-0.4056780226491606,0.031351055185013785,0.014892499350397288,0.005850985263269468,0.024188300490883427,0.004278571959072452,0.0004504843441351215,-0.0022670829281524565,0.012842156218372763,0.0015936225179773674,0.025849024616944563,-0.002430603434067094,-0.00012991771838530457,-0.0014702483297861228,-0.0023296678710093754,0.00793830965125732,-0.0006062297051484272,-0.010728518658238505,-0.0026127473467467644,0.01625989332750752
17_1,-0.007402563128314136,-0.004106704025190888,-0.0036588546123638593,-0.006850079079629344,-0.0219187346124499,-0.007585196892381968,-0.015450331214078876,-0.0021641020278614087,-0.000599277756775897,-0.22174270043421732,-0.19187456020741586,-0.012591128026213264,0.016402025934830446,0.010841384175214573,0.0017558190034609503,0.02476945488342804,0.0024354553505747684,-0.00015870944921668912,0.00023152562795277892,0.00804307845575674,-0.0021324771803349265,-0.00017709242322390726,-0.002162240300919668,-0.07349412199221567,0.00026155668203458666,-0.42594396915231697,-0.43867450970484223,0.021814694113113403,-0.00022721246611551976,-0.003877510974304802,-0.004563580761246631,-0.0005486593459558079,-0.0020931289082140817,-0.002133925543288825,-0.009941944403491278,-0.0044218382631737215,0.004253817174284502,-0.007430058757113301,-0.0035769234213768367,-0.0045216990202660585,-0.007489452955829277,-0.018081493741563044,-0.009735615617278827,-0.01505737711731778,-0.00477558023801388,-0.013721228811363199
17_2,-0.006619214206876228,-0.0007631638009037871,0.0013655512423671296,-0.0020618887452759434,-0.015836819312370874,-0.001013511207220208,-0.014655426428391257,-0.0012347686310214684,-0.00031392178950497376,-0.2179149471959993,-0.2003171353776789,-0.01409193456940459,0.015741867513549987,0.008808581732180899,0.0010051533617903268,0.021493912413126988,0.0037011957941156647,-0.002707768228082734,-0.0005685552569518816,0.008862241788368433,0.005451063157074714,0.003830887674842655,-0.0026577524173760736,-0.07827484393261132,0.0011781263141213757,-0.2194687210171658,-0.4290787105427857,-0.03961370920273218,-0.0017207509913973163,-0.0015881265252554392,-0.015291793401424482,-0.0018832129732588893,-0.0027970619307349284,0.0018495907317711594,-0.005117952815804318,-0.003998317167622286,0.006212112145716127,-0.0006274736342752466,0.0014959073937417804,0.0012295608678604849,-0.004509956043825479,-0.008299475738545526,-0.005112984199545451,-0.009557021290236277,-0.0028091905163214006,-0.010971837511083382
17_3,-0.006182893245550063,1.4566819791468107e-05,-0.003994455313631622,-0.0051237465024221406,-0.006566757161147207,-0.0038541540836135686,-0.014317427752170075,-0.0027687955687652646,0.00020094059244305947,-0.20625959430341465,-0.18497341397204525,-0.01247215020062075,0.01801794072078634,0.014472570236146447,0.0019422984601078005,0.0293856959109467,0.0025883933242529427,-8.114130434735187e-05,0.0018456298205505788,0.009213362812775435,0.000986604688987269,0.0018922345286052427,-0.0024547892120563137,-0.07177311014040823,0.0032919735017792593,-0.40654309385054727,-0.4113891341178386,0.014779903441204478,-0.0024582832795577237,-0.0025640571698026596,-0.0051207985691761986,-0.0002490977988500607,-8.069403330814053e-05,-0.0020242120454012154,-0.0073218794720847444,-0.003179443655215926,0.004118387643890475,-0.005184804755625328,-0.0018376359346945843,-0.0040652655931451755,-0.006204844178760997,-0.007354829460390099,-0.007097447414428467,-0.012954552003595837,-0.004315556535012073,-0.014502768556487359
17_5,-0.007676154305516958,-0.004310748341306683,-0.000283410785031234,-0.0025725022233703447,-0.019512257752233995,-0.006815318146184136,-0.011288455854391932,-0.0014983327259848168,0.00018952556086616524,-0.21473207820875606,-0.1947509370406971,-0.012485264560590395,0.017805484319681767,0.01212123243063845,0.002100444469618862,0.025915003501427964,0.004690560459760829,0.0018261855950707031,0.002536092837433426,0.00921397093891677,0.0005392456082727054,0.006838920382897385,-0.0025484339989574113,-0.07505876846376412,0.002734179467514709,-0.41709989760786864,-0.4331304464717835,0.023609483188858624,-0.00011700235656901963,-0.0024370186729934483,0.0023054057984564147,-0.00252388420778597,-0.0012359686987113796,-0.0020328316065600753,-0.010723768421829942,-0.0033527528247934424,0.004746928824900137,-0.008666496494594682,-0.003622524745154164,-0.0008294209380922386,-0.0041085683675937896,-0.017666493952547,-0.009436522311917814,-0.009125659129369582,-0.002028729028115313,-0.01211493921190996
18_1,-0.011870776813572043,-0.0020633730601467906,-0.003804694425093854,-0.0069373121685955014,-0.011565079626441441,-0.00771474486500939,-0.02633962894322668,-0.0033083641784055996,0.0005432167037691354,-0.19242965161269662,-0.18266710700158006,-0.012594425020549926,0.01801038029838666,0.008072723863364823,0.0001242717692260354,0.022804073130437294,0.004460234137755321,-0.006905099143021654,-0.0012130145579627549,0.01020134627149741,0.0008888704564708035,0.0016130331472741443,-0.0038472203166699287,-0.06836967815611941,0.00585729468014842,0.10220391087392368,-0.38128419755177057,-0.027252128192298213,0.0013734130763663045,-0.0067216737937690115,0.02372512838805825,0.002899715839740238,-0.00026806047057964223,-0.0026115819941687503,-0.006680063217098273,-0.003055957035535746,0.009022926544731824,-0.006713988838692052,-0.0021679516113425894,-0.005966219279236871,-0.008458912006250038,-0.012363806798785034,-0.010991275284686951,-0.01838146043441654,-0.0042214253385236145,-0.009189526555584594
18_2,-0.009010278264796254,0.0011467882636298006,0.0006754328162321895,-0.004629220092615192,-0.019429732160775585,-0.0029796307865144157,-0.025308657960371,-0.003840305270997704,0.0019594922295667725,-0.2213189892050856,-0.2010586693172002,-0.014674689773555575,-0.0028657349319949612,-0.010930532143231838,-0.002050192420421199,0.011028580185943751,-0.00036855229272986624,-0.00045290583225673995,-0.0031838569561423854,0.006797813005009805,0.003841806526555934,0.0037883327143364317,-0.0033029248728278946,-0.07518932341311539,0.0009518817776141765,0.37858231955863736,-0.3744725603241062,-0.07008755866901516,-0.0018553774824053798,-0.005276171354942386,0.0028201650069493763,-0.0004235417553674649,-0.002563606859024946,-0.00013411646078101807,-0.0037598237560399613,-0.0029575734034545035,0.011510623318892825,-0.0038168173696857626,0.0014359891931973964,0.0010460451216714865,-0.009713974422562463,-0.010356410512115135,-0.00990602463966874,-0.019473053959868307,-0.006760200672584228,-0.008545024673057688
18_3,-0.015531555216216894,-0.0035928983091838545,-0.006202850681121602,-0.008836379004813927,-0.019100897478068136,-0.011092896832856629,-0.02921189630589497,-0.00459594687847244,-0.00028949825040843174,-0.2023091063624846,-0.18304392747607495,-0.016707683298601655,-0.04179055134045767,-0.013408682060757533,-0.001116849412657552,0.0172610603427804,-0.009282209631475856,-0.0022917496019145413,-0.004161908853125927,0.005414990205626911,-0.0015411483588902214,0.0016632310707969226,-0.0038454679368925752,-0.07266433778680194,0.00012733279810745956,0.31130974491230373,-0.24782269412545616,0.009370156901389178,0.00031000667668902755,-0.006742084400616881,0.010783340076888144,0.0010145716101327333,-0.004119391962937845,-0.0034476557808155697,-0.00566480202997503,-0.003522477929859683,0.008643717759815622,-0.012260252065914886,-0.005574602582592636,-0.007430624694960464,-0.011582878777808258,-0.01565313825270054,-0.01907805103964173,-0.026529751733879184,-0.008159597545007955,-0.009003751473429647
18_5,-0.012622124617496695,-0.002682796763552683,-0.0042829952635945094,-0.006922760265717853,-0.017870140548210803,-0.009409145517797717,-0.030359935198552186,-0.0033815834690481173,-0.0002766820080552304,-0.2089542011089976,-0.1905547349095467,-0.013419248514674197,-0.03697119061261485,-0.013565200279319714,-0.0011658524699407515,0.015545449293092385,-0.004114845449420488,-0.004597684807696853,-0.0028066181262971644,0.0074601864825817755,0.001742255987454365,0.009138936394812008,-0.002907200878756744,-0.0745110781770248,-0.0010214782211627471,0.27784705108852076,-0.3802169184278648,0.030421643732628036,0.0008962544628824129,-0.007146556701813883,0.018064931878788576,-0.0005497581944990429,-0.005324315546518766,0.00035604728552047615,-0.0058532371603751574,-0.0009330085799454478,0.007970197371608522,-0.008747982695094761,-0.0035468713706089446,-0.007117706580268354,-0.00824927784669296,-0.016077865804005963,-0.015197895274115695,-0.02621505497447678,-0.005940471757171628,-0.00843233659393184
19_1,0.008141737330071785,0.0033257681290004277,0.000109358024268157,0.002106627082325544,0.007428952896815402,0.007187978942840942,-0.0018168297260135627,0.0008732963122118326,-0.0009468348742242361,-0.23284618470189272,-0.2080276264783913,-0.012212165190845668,0.015492099134869736,0.010611077749644577,0.0029882249101470058,0.0287546616756975,0.006521227424653052,0.001594683318628661,0.0035290982394246507,0.009816228597367267,0.0007906901183017568,0.002194029445881491,0.0047028176597225455,-0.07625210324717892,-0.0020450672131701163,-0.5208795170547826,-0.4973211498673613,0.04355815213981549,0.015273878768329719,0.001957964943584048,-0.008326816715107288,-0.0020085687365467065,0.0027252104801143177,-0.001620393142970041,-0.00494835429091084,0.0009486356827963989,0.015004799160707646,0.005985521660183375,0.002947795039943986,-0.002046657957063304,0.0034821752461951794,0.005437156436323657,0.008193492538934586,-0.001154099889500577,0.001625281112776732,-0.014420442696336936
19_2,0.007400560036802757,0.0012601030239907586,-0.0013525595058337982,0.0015856843241236968,-0.004093202598645948,0.005854958181799071,-0.004593745714331359,0.0004887210708957806,-0.0014019387785267504,-0.23178181393171227,-0.20858991477473093,-0.011569723603789875,0.016248577314650382,0.01104429740893807,0.003313277642736542,0.028468770702848596,0.007131995499493045,0.0019567548189892052,0.003914201795514315,0.010081285032881944,0.0002535919645395295,0.0023433033761085585,0.004325454956150028,-0.07657039984276416,-0.0014367083842149117,-0.4972394884165039,-0.48233209695651225,0.042386328866031366,0.0068907030784065995,0.0011685659903542527,-0.008609891637081521,-0.0022745458523018795,0.002415902301677311,-0.0016718260166832923,-0.004650958546493789,0.0016170768987539164,0.014493507110478145,0.004802058518397371,0.0015072050905387705,-0.0020856954148577834,0.003095582315069413,-0.0029719506738144193,0.002314549415525483,-0.0023756604985454856,0.0013889558033550256,-0.01431902669341551
19_3,0.008202236923677273,0.003574552252639197,-0.00046668671772695145,0.0019204668005679696,-0.0028151740017281234,0.006486547527188484,-0.0006149970219957059,0.0009437132999937217,0.0007210318406960965,-0.2300394129936471,-0.20677788637836683,-0.011315958034223778,0.016978296470832602,0.01230785597720944,0.003104716058711803,0.02990799963315436,0.007952455484192388,0.0026982500345721647,0.0036429111681245455,0.00997889700906447,-0.0014164575741462855,0.002736590093675374,0.003709734218063458,-0.07522243137765117,0.00393093203526007,-0.4968368731321788,-0.4768627677308772,0.04350042321175903,0.015771859039471463,0.0020134991281239994,-0.010945069485922856,-0.002267863365567023,0.0025418773477670826,-0.0012115484834985019,-0.005694575263810723,0.0009794346815962664,0.014562014837807695,0.00641782404995796,0.0029162134401994207,-0.0014975893154864643,0.0032202981061665663,-0.002183074068008407,0.00710973370191201,-0.0006820226049815812,0.0008134438400198438,-0.014992498509127143
19_5,0.008190083748541934,0.003922351255586084,0.00039695306475294353,0.00230780015342967,-0.004937174176904938,0.007413856729411125,-0.0011217475992473696,0.0014223040021542383,-0.0008215858015851482,-0.23069070080435705,-0.20753990269709266,-0.011521401956649621,0.01712949837887165,0.011748013935040087,0.003317827413923654,0.029476768831428926,0.007550748167478179,0.0026081593485595073,0.003942385162605667,0.010207394756814096,0.0009132222747228321,0.002540218634219165,0.0032003396768044323,-0.07615612697460354,0.0033783543033809897,-0.499230759264729,-0.4794679481939523,0.04343815956158479,0.015282460192765312,0.001544322845581834,-0.013551172018766405,-0.0018206220329871439,0.002259685119200969,-0.0016276655926051983,-0.004236637541961747,0.0009074057690360708,0.015842708254495252,0.006092377284279408,0.0030966564462873935,-0.00177571824690391,0.003108323276519082,-0.0031760552085482816,0.00787912064587573,-0.0008419073889025729,0.001598204364732805,-0.013135914658661879
1_1,0.011005604749840962,0.002585682749580762,-0.004751831992762669,-0.0007115921748797086,-0.0013435457730753132,0.002540479679100395,-0.00799764345345044,0.0030622613654618614,0.000992884949819408,-0.19757523825901235,-0.20520903606192675,-0.009354077688909794,-0.026511385520688262,-0.0017463287138724175,0.007197061466092383,0.035898136167074934,-7.830566285484307e-05,-0.0009860403239992546,0.0036823244490534366,0.010325657451026794,0.0016697623422802213,-0.002597487294595333,0.0029616432678836466,-0.07128272926446697,0.006911075018105397,-0.3512022973983754,-0.3252319616900942,-0.044285826280677766,0.004836856242676004,0.0014846081544663465,-0.012359081709841731,0.0033086394709093284,0.004574988976478041,-0.001612558277057214,-0.0022058681577152785,0.004033660486661147,-0.10873171133739043,0.009495697663111346,0.0029394971516951175,-0.007038681649490687,0.0023528153749693224,0.002324218264550302,0.0014893805189603723,-0.002317868021488998,0.0012816659975447245,0.01727902979756327
1_2,0.0094504390322729,3.665429553282238e-05,-0.006732627621914647,-0.004254711850994031,-0.0032845481186498443,-0.0007919923465869451,-0.01585123255349724,0.000759107226697647,-0.0005581572868886585,-0.23665239215918768,-0.22385782404455398,-0.011694006003194281,-0.029882273307379446,-0.027056966535060532,-6.134561375386547e-05,-0.07918328177270344,-0.005459998812023002,-0.004427432265389798,-0.0036143812757698348,0.002370315792308266,-0.0010063840242892422,-0.011043661487038215,-0.0012888908142616416,-0.07734648836380267,-0.002691791028482316,-0.4421725993902433,-0.2226305709917396,-0.05564685601046063,0.0012921807515645632,-0.00011535285565243483,-0.017173044400772462,-0.00537126836267831,0.0001799505790362422,-0.002651854600714388,-0.002530716963492911,0.0023700497275200893,-0.1357355240477648,0.006887900126780552,0.0027281318513826796,-0.010556943951322739,-0.0004139487654813756,-0.0032484505882228914,0.000994454947839676,-0.007706764686946589,-0.0004557543252752763,0.008213657633760882
1_3,0.00802101859109107,0.00035677083604509585,-0.005613574467384806,0.00048113828767723207,-0.004778570022465566,0.0020995009433608736,-0.008170331799711156,0.002180644311868668,0.0005298654785587621,-0.21207779770206728,-0.21121920059343652,-0.010670304555731897,-0.03539273019997463,-0.020690832689680916,0.005551929496426995,0.02898797284824183,-0.020393966613292763,-0.0019271680023809669,0.0005363169349388481,0.008233000304760424,-0.000692681136935651,-0.006212433982966277,0.0021804819711714473,-0.07657063363409677,-0.002058462900062203,-0.3956634814196637,-0.37195603864071614,-0.04462795051624588,-0.000891137900001367,0.0009303521162662684,-0.0219466083707853,-0.0017529461931100412,0.004376254622850414,-0.0017531139928930073,-0.0037990929477221603,0.002997646211748108,-0.10828464032525204,0.0046917473289269825,0.0021002107692279356,-0.008571380788862434,0.00164951817291519,-0.004687973863144467,0.0007716162196550258,-0.004448047050978149,0.0003801631709266027,0.010919415934544078
1_5,0.00924120923492568,0.001735098474163115,-0.0028440663029754495,0.0017674665520444918,-0.006267496538547288,0.0005197872779311959,-0.004537615494674338,0.0018290683508917298,0.0007248273808221689,-0.20686035959869295,-0.20564923358460452,-0.009908060695126694,0.012152204916090458,0.002310517719528723,0.004001681015390912,0.02957964165122806,0.0020736092642142613,-0.005181462752817312,0.0016153327399802777,0.007657945443947834,0.0006143691420728082,-0.006463423042419863,-0.0009288693221768967,-0.07466646768652951,-0.0021941363762961684,-0.4284330838160025,-0.4011204536218731,0.03132561860029411,-0.0018193719994970378,-0.0012475603960750929,-0.018658508044619004,7.463038087327717e-05,0.002174410137072143,-0.0014452250389406925,-0.0050240230555930535,0.0015779023226792936,-0.10980913381693233,0.007816430286945748,0.0021014515188282463,-0.003419496307663093,0.0033931795436491236,-0.004268445950267357,-0.0013995290830426126,-0.0025770948549446583,-5.6311744035594525e-05,0.011957157188546348
20_1,0.030331350410233906,0.011968568318047046,0.0056343818843092855,0.005089421068483448,0.026418351754911758,0.011897227556155557,0.011288393660819475,0.0007796290278252341,0.0018014245711560361,-0.046474475423812785,-0.16825664558587783,0.0014695125257482978,0.02102605588514724,0.1753109957917,0.003355813247036414,-0.019331283608500508,-0.00030705763088377915,0.003875149587020372,0.0012417837781158085,0.006609655134284872,0.006392827593645491,0.010690596785533827,0.002890551175488877,-0.01048241933726441,0.014091331876788933,0.4409301245781548,0.266193343374452,0.11488939194407985,0.0030155201474461914,0.00798995215613686,0.016094832233557305,0.003863089638891508,0.007325318264458146,-0.002165635097458449,-0.0009092382033168197,-0.0044308960304628,0.1140871292033828,0.021310470896615356,0.01346000502006847,0.006956450006140079,0.006237912934938211,0.015077884668235033,0.01038344195572174,0.009809635830491676,0.00019801655805828618,-0.0017654734649812298
20_2,-0.01987346257145197,-0.0030218471435618844,-0.03678229787686197,-0.0009690723594835473,-0.030044309838507054,0.0015740515581713593,-0.043459106097680535,-0.010934756938848662,0.00045886940862099846,-0.13953471707623888,-0.21624613758077202,-0.009362438195876862,-0.0347972354792503,-0.011851686359940723,-0.07246081334845707,-0.03513517443683942,-0.004987895103291058,-0.0014056998705354018,-0.056826152473029065,-0.11450895310043278,-0.0027378262924971524,-0.00464941401333627,-0.001650656132211678,-0.06533045579940482,-0.02304570608987052,0.23161951184393842,0.04434222977282127,-0.1939704962372319,-0.003505920056316932,-0.017114703134025203,-0.04216099431347917,-0.01449125972587307,-0.0016353103717701468,-0.002336797647255559,-0.0033235181835779303,-0.010085774381606287,-0.3964436283651417,-0.008078783035163588,-0.0029687855355606386,-0.038577595155018754,0.0010589966906242715,-0.013941886021965917,0.0014018209222360109,-0.03190488727283087,-0.008203228690101908,-0.0063412324048017854
20_3,-0.013483250661540314,-0.002747284000000806,0.0007175096521483297,-0.002883713610601771,-0.01640667291593686,0.005515928930380037,-0.0044794949622057115,0.00020206480656342473,0.0008485956639771873,-0.11580366767879635,-0.20183623701310136,-0.005031198043701824,0.008697787750114871,-0.017673092224296107,-0.006513699964654707,-0.03194447710243072,-0.004254297542039987,-0.002928916014657317,-0.050814747420541775,-0.008597078304278777,-0.002425399823413075,-0.003212222220494418,-0.00047307783239392063,-0.050220943271525716,-0.02168136911345879,0.30953811880656934,0.11051919124149974,-0.12728011586171162,-0.0022503176708107034,-0.0008926698118770465,-0.0032904442707992945,0.004402297232315717,0.006801752421625087,-0.003758894567963596,-0.003917808850594631,-0.011952569842263982,-0.30719595877385736,-0.001683931074106595,-0.0006452570476091577,-0.007865206823610423,-0.0005252273715103626,-0.004731061973714143,0.00559755355073523,0.0005568801105295981,0.0007196159504778209,-0.006906406545351346
20_5,-0.030224256886592332,-0.004956061036524805,-0.024261545650724775,-0.011083105585401347,-0.011071068930831655,-0.002079373559327682,-0.034315844719923765,-0.006205900841178901,-0.0014524319125547552,-0.1254733203755492,-0.21381862454267542,-0.008590399798008195,-0.037748780117038847,-0.0171242529374012,-0.005277695840530154,-0.02883189392623203,-0.010365407180104712,-0.03545052553872776,3.482585107065345e-05,-0.00290341988426581,-0.004130065947170433,-0.0031071073807534,-0.000605732575179469,-0.05845192622622585,-0.025315660548278923,0.2456788138458706,0.07984327002347555,-0.18533128901833743,-0.0019493391197685044,-0.018771961614882444,-0.04060492524058878,-0.024862992081066203,-0.0018981336864346162,-0.0025345569416735762,-0.006573211620175268,-0.00885987590407812,-0.42173276584458363,-0.011061306911125085,9.316394076618457e-05,-0.025727778938444672,-0.005225436194765987,-0.013319351449751772,0.0019171614906493561,-0.021311181102234285,-0.005420465073086111,-0.005434761156799966
21_1,-0.004764450731871481,5.122014522640675e-06,0.0011044978148688183,0.0030492018716015835,0.001607284030469117,-0.004172583063035591,-0.010541878995269111,0.0011767898224115964,0.0016182653889286894,-0.22078980047935196,-0.19971742200074827,-0.01311076845561032,0.020863549495241232,0.012534407574372375,0.002107662466215355,-0.012257605232042614,-0.0003894027928516272,0.004577566423793544,0.001254546248818744,0.005760392570908019,-0.003610211019500436,0.0022236041951199156,0.0028832004703088117,-0.06489744789636749,0.0010060217239878486,-0.422616875669402,-0.42657112124138835,0.02883536847270515,0.014223529443778363,0.0036332927163995068,0.018959392837470664,0.0013338425857780474,-0.0011875677910951163,-0.002718853322651605,0.010345448910951837,0.002383790341913179,0.026526992977743295,-0.0037198244894170035,-0.0017446298555336957,0.0013747931809828186,0.003904422930479985,0.002108381986657323,-0.006343211153383667,-0.006601764420971789,0.0015989096323367185,0.018803286378538016
21_2,-0.005645374645361827,-0.0009794860387592468,-0.0022666992522959255,-0.0010988706316255531,-0.004193323882335623,-0.003409038853824124,-0.015289661253344635,-0.000547139012733063,0.000989154320757369,-0.23669961760293906,-0.20480356159497098,-0.014016154239513143,-0.04937218420530559,-0.04815752458815577,-0.018145638734620176,-0.13283035129613455,-0.024961181976051575,-0.015182412752783703,-0.01209928792538844,-0.04062128288861619,-0.00443662493459856,-0.0002357920983168146,0.0024274834447960327,-0.06781185508319562,-0.0023546623645085874,-0.5160104504237715,-0.47605282998463216,0.026129199378225648,0.011739120917880869,0.000335573968373036,0.009736426921620658,-0.0045949151238148305,-0.000636749247193101,-0.0035402043385527856,0.006289360467341755,0.0034785713508448716,0.018458470962573293,-0.005684238351740181,-0.0014461554067260434,-0.002932613846517356,-0.00012392298678254825,-0.002560917528570881,-0.006753330116218232,-0.01360594204375971,-9.099505798091343e-06,0.011296876896160565
21_3,-0.004045061613711501,0.00035140950680046174,0.0016586341170893389,0.003861993133229443,0.0038367949766793764,-0.00388371898417887,-0.010480532697977914,0.001505705209535111,0.0027389060650052305,-0.219779139245019,-0.19986529072154482,-0.01265962342123206,0.02359197527741675,0.01344742440055568,0.0027627320131067314,0.03198276499763772,0.0008337945073513121,-0.00035836522851342447,0.0013330029221517725,0.006588750834953326,-0.0013447593372246114,0.003373509933791505,0.003693424682149084,-0.06457819027206588,0.0017494760251171612,-0.40667605752320724,-0.4218599255475069,0.03112800285771606,0.014915029267770873,0.005354654086953659,0.02285884977651131,-0.0012026231045665925,-0.0019025951125882519,0.0032829705478686195,0.011325153480117336,0.003597595337247126,0.027590429182183088,-0.0034332560366858904,0.0016561812761809163,0.0018817099075619944,0.0060295924911614035,0.006025066394046711,-0.005465748827367806,-0.007836684103557725,0.0013471874778947178,0.020334087543977968
21_5,-0.0059716404197168345,-0.00043452036225622955,-0.0009600408298367408,0.0011804484596462897,-0.008467733905386137,-0.00647366922624709,-0.010948890282688008,-0.0004160089238902158,0.0005037002119054464,-0.23666193094695762,-0.2095019659845318,-0.0151829597282999,0.02318744333351875,-0.04058626176398835,-0.009287861136571818,-0.12134369149486138,-0.018611201371445896,-0.010850751899730157,-0.006686783609145286,-0.023910920552096374,-0.0035378552119636566,-8.441665499468037e-05,0.002697333390625791,-0.06899359608921082,-0.0022787331642593798,-0.4887650447183788,-0.3323353149272161,0.02860031068243493,0.013630414096183669,0.0012582566010723789,0.008672325640160084,-0.001619131084211434,-9.70197682850833e-05,-0.0027942359320234163,0.003274542314021436,0.0006701136219099047,0.019333249287989285,-0.005494982960058956,-0.0027167769527472467,-0.0021038518019051377,0.0004263016740442518,-0.00842159295555817,-0.010891336376894897,-0.008623350895999839,7.079865852441545e-05,0.011914647643428757
22_1,-0.00376099760356799,-5.92450186884802e-05,0.000692639403287999,0.0007707213396523451,-2.3713598876716018e-05,-0.0061505895530206385,-0.00783495538386793,0.0011065594309110655,0.0011078483516116498,-0.22042271408094216,-0.19913768796116965,-0.014273378967200667,0.023818530506006814,0.008735756022835293,0.002414157179410738,0.02648924707322856,0.005272431462955891,-0.0014800809655967169,6.43405679570607e-05,0.006113554181922616,0.00939399384264312,0.010394129485237377,0.0031944634431008397,-0.06008437798249487,0.0004827075476510817,-0.40173295124003444,-0.41161055103576616,0.030739601168157965,0.003580831066615323,0.004101792183617727,-0.0024707545422696887,0.0024594986422017974,0.002597182142405917,0.003411109814143901,0.01118497807597094,0.004114980058240503,0.02831104541046863,-0.004031118037177319,-0.0007530655064406747,0.00030060140237743454,0.0015895386787035627,0.0037317526770395044,-0.00959283568816984,-0.006423570355348717,0.0010208201264956056,0.023514717652103556
22_2,-0.001617220863476112,-0.00016909944146492747,-0.005429067596090678,0.0002407128047742382,0.0011088398617972114,-0.006960773841166966,-0.01729178104209551,-0.0001251101203474674,0.0029346280179618164,-0.20697590616085776,-0.18710164705446125,-0.014109280974302751,0.020762281198228306,0.01073360581581585,0.003979650201703716,0.03032947435702879,0.006001670954737016,-0.0013107402728184038,0.003250442211374168,0.009374656398811625,0.009232626564653084,0.009557529503038151,0.0031289532095983433,-0.05572468539079407,0.0018026036515024742,-0.3704562793876408,-0.08092570127712911,0.043946644355249934,0.0038523071320468827,0.005988896088775153,0.021861235666132694,0.0034130235752732143,0.0028287885899343492,0.0028663092984169765,0.01590630599906088,-9.878803048234498e-05,0.030492118581491322,0.002331206075897585,-0.0033682200891370726,-0.004413802846231231,0.0010374607647702368,0.0009383344277248968,-0.008547892291527161,-0.01630946023531015,-0.0004372910823196908,0.02351374545627124
22_3,-0.003994067219743061,-7.572316486339603e-05,0.0007678469069575196,-0.0002615925225746237,-0.015012229890586884,-0.00553314451446131,-0.01162433746064489,0.00020353693054527564,-0.003344452656426939,-0.23839236297906624,-0.21101608029247973,-0.015289667050372166,0.014145205057649705,0.0028056431654068475,0.0019164198863016754,0.01973190702792902,0.0015190022491273817,-0.00937491008868708,-0.001556429673003496,0.004665085344234524,0.008177970439168762,0.0021563221437857936,-0.0006192708101995239,-0.07265582703232445,-0.008380035809177113,-0.45594155938959713,-0.4566708260593616,0.02988859680860002,-0.00030664758236278566,4.873350604121727e-05,-0.020902234084801068,0.0012635211260390716,0.0027108283349617564,0.0020157016512151182,-0.011640858113063193,-0.0032191011352910464,0.010566514387428482,-0.0005452151978787502,0.00018057736090873995,0.001282085909324689,0.000503053080453577,-0.015570783874170518,-0.010862725764481437,-0.008569670949700379,0.0006672631920371802,0.016779085583539338
22_5,-0.005284388527602783,-0.0005888234695650237,-0.002501850078852889,0.0021922181026155754,-0.0007863658711421395,-0.0036619540783302913,-0.011130173691704975,0.00032245266503698786,0.0016499011032432946,-0.22196652069440242,-0.19538475790523763,-0.01170085098202442,0.021710574161361542,-0.018807398786074174,-0.010000480957075807,-0.06923657027447691,-0.012832914145950794,-0.007026557144312877,-0.005111529291700809,-0.00876423275472902,0.014306145010439874,0.017392057905133738,0.0038864058496327334,-0.05999180459583274,0.0025755271307600276,-0.43807310657020876,-0.43132496048828994,0.02901953824162964,0.004206594893583304,0.0017864529467453622,0.009340003501650262,0.004512703995054914,0.00042113969017070407,0.012086018674141781,0.009158524768100492,0.0009135344412575524,0.02203452914965582,-0.003731029488109743,-0.0010045755051749062,-0.0030637440959660565,0.0018478071337956457,-0.0007899694745765603,-0.005763374989140774,-0.008052561807897336,0.0003661463229229039,0.021309430606797266
23_1,-0.0054002100917452805,-0.0027331732281614357,-0.006496897440803764,-0.009031973611215348,-0.00607168079065167,-0.007896774022803334,-0.015764537499273784,-0.004024963735747089,0.00023080076865698756,-0.2437564517502094,-0.208072411146364,-0.014737573754490325,-0.060548381316497334,-0.05152612587038338,-0.017551737364734515,-0.1447183813656496,-0.0299690110213105,-0.02113234242458992,-0.013220850948579659,-0.039206698874890485,-0.018180457267905337,-0.01479216639234219,0.00043576389756190494,-0.07389892121144646,-0.009977027193433187,-0.554725190979677,-0.5017323035071628,0.023115147729203953,-0.007203187617321914,0.00040597426627292247,0.007849517867825059,-0.003937557365934293,-0.0040025031941578635,-0.0038352923058376457,0.000694158071898373,-0.0037107860768429506,0.00239438315252867,-0.005680751595887809,-0.0030357808429780087,-0.004194171557787632,-0.006558846717373181,-0.003413627409507757,-0.009599387924430396,-0.01509562538809931,-0.004475703553005079,-0.013593932046517989
23_2,-0.004449700135685148,0.00027418261480839136,-0.0026010117730716808,-0.004401937954584673,-0.0031711740616167214,-0.0040100167421576365,-0.013606748717729959,-0.003358928262884848,-0.0007213726065072982,-0.23211495882716407,-0.19986285591456213,-0.012831327406823956,0.023696258485651902,-0.035499185401824854,-0.011376070130797934,-0.08899121946828915,-0.013641512119191864,-0.015343712363333862,-0.006931269228722469,-0.013321979294376368,-0.014793805006027165,-0.014366028651961682,0.0016145759611971536,-0.07017711216321743,-0.00585981109157851,-0.5091530549262048,-0.4701302567596418,0.019221351623538184,-0.005288070858878227,0.0010181856422424801,0.012312687102412422,9.257698092314695e-05,-0.0009211762499398489,-0.0036524078546787764,0.006642601385016696,-0.0012533659480145716,0.0049647259410719085,-0.003990042145887147,-0.000610115217026061,-0.0033523944059845857,-0.004566283535660057,-0.002577443123941754,-0.005613596091108456,-0.011781295457329016,-0.005371282924462675,-0.018312945223900375
23_3,-0.0036283525001305546,0.0004686820136003811,-0.0016232471631215015,-0.004498538325279032,-0.005205827258254565,-0.0026908452236502622,-0.013302607427710047,-0.0016523530523023502,0.0018410096639188303,-0.23930980463989165,-0.2044527987069311,-0.012835018012988827,-0.045550483934071406,-0.04571065252291462,-0.011692523667587607,-0.1239925875961939,-0.027363709696151216,-0.012168989827566605,-0.007196882557090285,-0.032139200420396426,-0.01251782740961037,-0.013666306322591948,0.0038799408184663434,-0.07183023559136481,-0.008113403008996082,-0.5320366471967967,-0.4871836712700292,0.023433790686957053,-0.004114607491702123,0.0011519309913140827,0.006902832786588683,9.178430695892737e-05,-0.0006091680817840268,-0.0033070236984438926,0.004181016102096489,-0.0009157363633528189,0.004749402513051436,-0.003868763886905317,-0.0007519961409031448,-0.0016734568100653816,-0.004942686307968351,-0.002335809292304122,-0.005549245228157829,-0.011352884344929062,-0.003314749802391021,-0.012163043028905701
23_5,-0.003298059177501928,0.001272582750027154,-0.001532151289586843,-0.0031956260744671213,-0.004749627939305501,-0.002238376813426683,-0.013192439217378097,-0.0010109787660841025,0.0018098125784445683,-0.23790275234851857,-0.20378465005372212,-0.013530899955964777,-0.022586054764238844,-0.03219387186368124,-0.011849816145288964,-0.11754401661890454,-0.027776348775851823,-0.011331028047087197,-0.007095012154469711,-0.029929452872464936,-0.0030182716155106254,-0.013088649408764676,0.004549643977380578,-0.07065852450163812,0.0006978472042106135,-0.5219788982913798,-0.48092512858721675,0.02129835324946073,-0.004578868429238258,0.0013937909826667225,0.009501002251968723,0.0022557393957923014,2.1690121015908914e-05,-0.00362237105425448,0.004831387951476692,-0.003247179802633075,0.006288475377177181,-0.0031432106141143948,0.000405072287584644,-0.001647428832002918,-0.0038425192150086493,-0.0022728140321222265,-0.005833670118338526,-0.011163664039842213,-0.002764856687540529,-0.0041310580632641335
24_1,0.017882026669237543,0.0015848988523002611,-0.006659070507668886,0.0010304040999981156,6.915648955269385e-06,0.0030172483211986963,-0.017231506416433277,-0.0014180267530405335,-0.00022181401222666036,-0.09450854176389169,-0.18835806307957448,-0.011751659701773923,-0.009110317868502795,-0.010732596520050135,-0.0022531962943641314,-0.029801107956194395,-0.005736581857486549,-0.0037507042648174346,-0.0011555718102217493,-0.003581591183882658,-0.0025733034768042774,-0.019598141454361555,0.0020265814829931185,-0.07612406049198987,-0.020079283036203856,0.3615709391002472,0.13801624420759268,0.11174026847928925,0.000422718588053676,0.006355148156194946,-0.014100878673751873,-0.005885256751137806,0.0015375771120747126,-0.0018666156455050432,-0.0020328337242126906,0.0011954101884254391,0.03598819859732836,0.014831874534388346,0.0046506853245706446,-0.008928843456677927,0.003992489498543276,-0.00013073827699004725,0.0019065429687709563,-0.015921921653092568,-0.0006375453957656251,-0.0007857625699447085
24_2,0.020895953718451567,0.0038826255942603226,-0.00645174280177154,0.005325634800424726,-0.00010357128953420141,0.004098177972998406,-0.015834593516410273,-0.0009801547524847579,-0.0006597432173093056,-0.09314115152290524,-0.18812613574754497,-0.011342700646972992,-0.02798261290227993,-0.01424959668295878,-0.0018347192392787152,-0.023910444456386962,-0.013038168395496284,-0.012324161001486958,-0.000683134846218634,0.0012392359058665014,-0.002001476953794256,-0.0196590403153319,0.002203221800390187,-0.07409403182300471,-0.014019586025384296,0.3705451429514688,0.13610514966178394,0.12622757104763294,0.0021821235023819353,0.007657311648023364,-0.014107068518731343,-0.005393468334569754,0.0023403158636563608,-0.0019016741672636343,-0.00021544831307898245,0.002159493678202411,0.03757181716394581,0.013292662478647594,0.004898056789058855,-0.007035439241161299,0.00471217327703577,0.0015728923696864594,0.004029229309077302,-0.014406133367274181,0.0014708180232602902,-0.00038217803771552466
24_3,0.02105882984672185,0.004017164218943967,-0.0048277763188068175,0.005783465708722598,-0.000896556002271128,0.005011350508703041,-0.014062219032737003,-0.000746467398055783,-0.0006163392337729473,-0.09372358330343009,-0.18797469684776105,-0.011632710005888027,0.020498866186742327,-0.01701340440377738,0.0021176404574731176,-0.020065050233597708,0.0035124452257226132,-0.00510246961187441,0.0018608308136322375,0.00407780374124018,-0.0013008965758524588,-0.01867446157986448,0.0022616880169575933,-0.07068252154904003,-0.013520968346273237,0.3661388561824479,0.13680752152488054,0.12628655103191,0.0022227893859958383,0.007922514235811638,-0.01327620830277411,-0.004551786489858774,0.0029162915580782747,-0.0018523473530624487,-0.0007939230376045331,0.005250507606102215,0.03697837363348287,0.015299979930547339,0.005743999554247665,-0.00703824226774799,0.005283789134686362,3.1535064927290556e-05,0.004849841886628327,-0.012242258801904722,0.0013989562777217898,0.0006299169210792162
24_5,0.019336831800972787,0.0035577745425758333,-0.004686485679704044,0.00035500693881388194,0.0023435782942931543,0.005797802471723974,-0.014958528962304122,0.0007044832009467166,0.00011507579586066482,-0.09238323026609666,-0.18768248947133676,-0.012082016712218866,0.010524131674960958,-0.010032691754985753,-3.797125806371331e-05,-0.03254006243638805,-0.004865482653060885,0.002337058194421445,0.001835148653979588,-0.004701560949340336,-0.0005704698404586203,-0.01399608157484392,0.0023074036240625126,-0.07317169430578764,-0.01174168826731079,0.3817056755847813,0.07868502423140555,0.11568426827022046,0.0022707452182037036,0.007312375825325832,-0.0118016873306599,-0.005713192969681649,0.002430526930020061,-0.0018235177727843838,-0.00019561094321916885,0.005947145860034613,0.036733303551765205,0.01553414989007865,0.005769709057679942,-0.006857441071729646,0.004174858689356633,0.002595770574983936,0.0058433867772134645,-0.012320621134129106,0.001375801158592278,0.0021368261406040567
2_1,-0.016230346132130022,-0.011060589055305426,-0.014040650276908038,-0.004827100311583864,-0.019468502996704662,-0.013193179135898899,-0.020117853139134802,-0.006800517042143079,0.006791246868150885,0.881132165664394,1.081046684863055,0.02683039532839344,0.003547782985578236,-0.010718987265882482,-0.004633052556454874,-0.01994178994960872,-0.03365070957648572,-0.004330695782114322,-0.004428831307014646,-0.0026506178077428757,-0.015120341482659512,-0.009884232233779116,-0.007072177134217764,0.3515047704183774,-0.001010494273521309,0.15410323217287228,0.7407150884352167,-0.04645078546871213,-0.00720410354583445,-0.01198814447918199,-0.006966963653794372,-0.0076246644767887905,-0.015025655922929667,-0.00867643894811598,-0.011411795899289192,-0.0034052824761272487,0.006466956924387791,-0.014255432224450859,-0.005941100124042686,-0.010871531039331698,-0.009297381565401374,-0.01997368022859146,-0.015973902524755758,-0.022179889114949457,-0.010809414020398207,-0.007614143570801935
2_2,-0.015551396868837634,-0.009412876592825716,-0.011489678744314122,-0.0029643444087073764,-0.01858878937589555,-0.013077333217934662,-0.019618579630373806,-0.003054641419885334,-0.0029686960015864413,0.8710728259717891,1.0327517866063196,0.02784997997243679,-0.00634053054537508,-0.00552876836885229,-0.004561290434362549,-0.01897226581038324,-0.026351767032646686,-0.004313169735750502,-0.0026828816397733266,0.0007481643594570662,-0.012600236550585616,-0.01045726831656347,-0.008206522471407627,0.34834523080388735,0.000665659829681791,0.1665923454639146,0.7316547194197834,0.01301018528716249,-0.004458366812342738,-0.009481952051268552,-0.012150762464090532,-0.009087024362970816,-0.015356166533692912,-0.008592365905882356,-0.00945990694234123,0.0035790523570424088,0.023627275917987304,-0.0146686962099767,-0.005286945939866796,-0.010743983070236487,0.0009504090314651395,-0.020274307788644315,-0.0157663926879937,-0.021254834815128,-0.004454522331177895,-0.007876469345083867
2_3,-0.013905549989509016,-0.006060509927280336,-0.009059474470789015,-0.0035213945016274025,-0.015933506240869807,-0.006199917894415597,-0.010793798887732778,-0.0024175865203622743,0.0009240034834663135,0.9691281091759544,1.2057299300178514,0.035317111401627535,-0.0016514966652615719,0.004186664897376834,0.006357054958106988,-0.021688131865041576,0.0586714828727726,0.00448147142441653,0.010530818935882712,-0.0011440267428428456,-0.01164985000441479,-0.007400617412503114,-0.005790887820264235,0.3850318018682693,-0.0006129348799295784,0.1502847241039381,0.7941070475177833,-0.04548643828828494,-0.00465479165326008,-0.007372966585895359,0.022175206977487785,0.0015401599263777383,-0.003133511576648065,-0.007076774007091651,-0.008219974714392675,0.0015883386460016184,-0.11509344396206445,-0.009909167107334473,-0.001748633005350941,-0.0070885446453536685,-0.00703916754275165,-0.01252124517275164,-0.0123975100476467,-0.015005038409978116,-0.00450861695515689,-0.007212382664271182
2_5,-0.01642704587464937,-0.011198331960805066,-0.014423452079302828,-0.005628419168679352,-0.02008572424142425,-0.014187065137619082,-0.020822039063390564,-0.006608898846656745,-0.0017149235503772817,0.8782022703149567,1.0651014518863346,0.013098078498936938,-0.026807401963005226,-0.010987142989366573,-0.005418848043898262,-0.02409203259471611,-0.03718275474671776,-0.005685509405103248,-0.007789085854075832,-0.006610280589958099,-0.015074237135854991,-0.012029793227949304,-0.008739870622136972,0.33421763574007857,-0.002165553919800645,0.1597150457728991,0.7333564777431733,-0.022677387774470724,-0.00599550082940512,-0.012220617547362313,-0.008998985525233295,-0.01036954056664113,-0.015409821268592359,-0.009017191040259139,-0.01114861479926035,-0.0009045599373517615,0.007335228615666348,-0.014416625484641848,-0.005909801332674442,-0.011387980683892065,-0.009882693462073081,-0.02071536903739403,-0.01647998580270952,-0.02269418848291726,-0.008144353731930978,-0.007858041339001046
3_1,-0.006434968208854357,0.0027662655918033806,-0.0030247528020949993,0.00042174181180777123,-0.010811080571770612,0.006234587931480292,-0.011320184907246405,0.0015932482649627388,-0.0006463434504523016,-0.09164470379290543,-0.19155812528205582,-0.006614351774970023,0.016856330683037896,-0.015367422734926537,0.0052303482995251435,0.009920617040213117,-0.0022370399503588356,0.00029305221552205,0.005630772826600567,0.007275631921342334,-0.0027194834773398902,0.005739217911410574,-0.0013256484047918207,-0.06709754258923098,0.004284005498637902,0.29794859075403135,0.13911020463552504,0.11314256272759905,-0.00018253551673137646,-0.00509646707224313,0.0004400545195367057,0.004100473564693498,0.003752215733885037,-0.00023710628986499955,-0.001872151405023964,-0.0012267452566302151,0.030718560464027156,0.004345035531114828,0.004079755646402053,-0.005697327001008507,0.00487975262040841,-0.008397646868745518,0.009765066409698382,-0.009967634042937077,0.0020972998262948897,-0.0030171148598264128
3_2,0.01688642119383067,0.003466237769005674,0.002006884543506394,0.003746970557448661,-0.008045059671967452,0.0065065816563337955,0.00035255849358338195,-0.0011819589732194196,0.004978885786212619,-0.08719232660359529,-0.19603803683673748,-0.011228532464509675,-0.026378996213062535,-0.012133021996467774,-0.0012232095118423487,-0.026978344233884514,-0.00507462205169115,0.004111219621420032,8.163695310387032e-05,0.001788807435395374,0.002512932529236066,0.004148319696392823,-0.0004658659269761213,-0.07255191423967496,0.00930072470821916,0.09154008956060333,0.16956966218177205,0.08067051041935973,0.0003782288981793571,0.005560759362155592,0.0014984082105340489,0.002722149689622074,0.0053468261737285895,-0.0022520483466614335,-0.0026162999394889327,-0.001539078312617226,0.031615562733803795,0.012371536716843485,0.002852094396734049,-0.00089626586693346,0.0053869981468938075,-0.004466473117553912,0.008063552051866282,-0.0008279521842874238,0.0010106748092406355,-0.003598363934955544
3_3,0.01542910783903949,0.003959515812134399,-0.003874817142406671,-0.0021190340787969235,-0.005012974364973203,0.006308931597207379,-0.009930878557652402,0.0007644298604136451,0.0003402405579500689,-0.08704717789956348,-0.1833269589076019,-0.008663515357450689,0.018980980996070373,-0.016415065453541145,0.00567676807054953,0.009401505714573401,-0.0019157060051634,0.0022819982953705153,0.005338714581803877,0.007638818091566486,-0.002417122786865064,0.002345960123448567,0.0027949572967218535,-0.0678351693511193,0.007457459398571545,0.37408286012713976,0.15589524937377772,0.09613790632710337,-0.0003702416720481083,-0.0017423978475859239,0.005501357191665377,0.0034701837753586943,0.00481894306274392,-0.0006531026267625558,-0.0013801715179429257,-0.0009375622880887215,0.037104004717636606,0.011787357485689962,0.004239343979698819,-0.006916208007523796,0.003620648436858903,-0.0034250630862921764,0.009099560649291164,-0.00819648439350329,0.0025747295439723203,-0.0015734787846060708
3_5,0.01647670296050056,0.005780019085395759,0.003105379295842024,0.002979895640173362,0.0005345324451429021,0.004241214499958427,-0.014422757838702652,-0.0006461598905577906,0.002033864515633995,-0.08871323397548,-0.18385623553960634,-0.007749377573047552,0.010273103860895813,-0.008006639817447482,0.0019076568272903376,-0.002634086602878327,-0.0022698808431644815,-0.0020134344746659326,0.0020222248908452266,0.0038611531520265406,-0.0025882564998286612,-0.01959525152425693,0.0017738210785847135,-0.06913988638979289,0.0004502541694529962,0.36389341116625784,0.15677932741750664,0.07456699316567975,-0.0025981118926911386,-0.004517719896685053,0.0033727890230862085,0.003163953343784506,0.003693723837992485,-0.0007736220479431887,-0.002342732458376223,-0.0004257574672890607,0.03228461160248838,0.011003148931717322,0.005718266363283524,0.0013743209006214828,0.00581035079920356,-0.0002859223093536826,0.004463822180822736,-0.011922091543990543,-0.0008917573920268233,-0.004836551803982037
4_1,0.018771690635912615,0.007002368954309533,0.0074701973250389875,0.0020978462249467322,0.003969426120981314,0.012143454146548981,-0.012050102462818168,0.0005877839984362492,0.0007543472079278972,-0.08147199558019494,-0.17524884218871373,-0.004121408714518956,0.01858789638045307,-0.007980624756585427,0.006541123956631997,0.009194460755826304,0.0045325387736127945,-0.0024940030450455054,0.007215498538519914,0.009436358136283693,-0.0016654772599652892,0.012414138036693043,-0.0027700930481611616,-0.06624951808159667,0.004196704206544442,0.3766872994410876,0.17526732213716315,0.12457689439037505,-0.0007594360456673289,-0.0036745590758495567,-0.000513250304923983,0.001918227802078185,0.0022943056301290357,0.0007559407980219998,-0.0014340307676671499,-0.001153586760874681,0.03900100587297015,0.013473473583372237,0.00593155680055568,0.0050404253778014805,0.0055698725087152505,0.005477545089469027,0.021336970752819182,-0.010068744262905783,0.0013237803639364937,-0.004640891969446106
4_2,-0.004527720145381496,0.00745607946082823,0.00820732288269429,3.226563682859977e-07,-0.007927570072935668,0.0066263772516634905,-0.011296753630610753,0.0017898838012336013,0.0015893602904805074,-0.08352602036153654,-0.17868996994569533,-0.004046764850115237,0.022016035368668724,-0.006444606454005406,0.006973542344633174,0.010602674011798593,0.006140565934353518,-0.0022066036266360153,0.007865221633231206,0.010958008101413822,-0.0019170046239785252,0.008630932103598412,-0.002053804956661782,-0.06536473322687911,0.004961344061196025,0.37081279531868433,0.16815004606559408,0.1276450788244544,0.002444326677862102,-0.0030528361188955845,-0.004230898726157899,0.0027678468914792693,0.0030780067048927183,-3.973735515349189e-05,-0.0018463939412570521,0.0004284217620886675,0.04166134556986578,0.0014871553020919393,0.005566937264161426,0.0056863366583659375,0.005112674256243822,-0.007276444573165835,0.006615640085085881,-0.012274772639401589,0.0019253230087233639,-0.004421327064909435
4_3,-0.003919067033495313,0.002074488068237038,-0.005776947563674536,0.005036706456923037,-0.006654753484525741,0.005083263867861208,0.005217239220383265,0.0004773357199431226,0.0066480704798474125,-0.0811315117037156,-0.17487220251490726,-0.0013930371653518095,0.02291090438720491,-0.005911937764554319,0.006745085007260244,0.011494939340360638,0.006211145803251016,-0.003062881421642391,0.009019306181110149,0.011706143097003829,-0.0031956420929909937,0.008542428626275658,-0.0010712953979576344,-0.06380847329888004,0.007781466713917251,0.378644439059842,0.17321735786667497,0.10712840154088042,0.0050518207364142415,-0.0018858265691677357,-0.0003332614205145535,0.0013669483957970522,0.0009061798584944095,0.00461249823026363,-0.00031337973231304,0.0006894044662641664,0.0404549763675984,0.003270727815709927,0.0032794783031417046,-0.005460949961792879,0.007587550323931095,-0.00615319934009,0.008068343743330236,0.0030624392747742365,-0.00048539471075211704,-0.003242040834744685
4_5,0.019889875278422047,0.008582419506011425,0.009897033165803633,0.00297057169030138,0.005311030841111704,0.01598871121263418,-0.010272131153034875,0.001228348964223238,0.004259781399561399,-0.07880855425958606,-0.17218192800701088,-0.003493962069581219,0.020140335861113835,-0.005410673689689478,0.007279499241124015,0.010384493572236043,0.0061380282954571555,-0.0014182029924642734,0.008370086440573302,0.010702545659481023,-0.0009117682985602963,0.014000245709598466,-0.0012588057137273032,-0.06484181600468769,0.00893996871098265,0.3854016126449503,0.19123983948206127,0.13117833795422718,0.004175016086688054,-0.0025616045400496685,-0.0002960456158820427,0.004291988264438138,0.003257537931328965,0.0009613912841335485,0.0003654758143372646,-0.0007563175613972257,0.04284748536888828,0.014129027010853681,0.0066847071252820025,0.007436120337538802,0.00589278155023104,0.006617732201369402,0.023360623477609557,-0.008669081544135263,0.0016351048165021201,-0.0012744512646905245
5_1,-0.011529997289287995,0.0014598672855815323,0.0010014581619109451,-0.0022283620318057666,-0.0101570373541802,-0.0015655239586836532,-0.01340083107176298,0.00041655718326910775,0.0035409755245057223,-0.15630447165118816,-0.16620762304349126,-0.011352411460194861,0.017659089384312335,-0.0003743377491769675,0.006109745248310787,0.024638979516062472,-0.0028577864123544875,-0.0010552209953256864,0.004067683565199832,0.009689476463653299,-0.0003246481929736754,-0.00021032600662969564,0.003976272556722769,-0.05929129099450145,0.006479899252797571,0.355690067252196,-0.18712455542656403,-0.05288496781884773,0.0010446529410060924,-0.0033747742249699325,-0.006312316646024567,0.00813945530232436,0.0003527691801615012,-0.0008653696869553579,-0.0004818308864291534,-0.0006554468992871902,-0.11048072047627139,-0.009123177262551472,0.000769989168694354,0.002161690608242731,-0.0047947984625175905,-0.005424694609092552,-0.006580804126053894,-0.012236305494424808,-0.0032858482718359067,0.00904818912263158
5_2,-0.01263320673723983,0.0023128225316280714,0.005690535534230404,-0.00502954297840177,-0.016614807785785606,-0.0064681520127913075,-0.019275543051136674,-0.0027349954147348416,0.0006797356920540724,-0.16888258550503138,-0.17236914250759672,-0.013668799219801218,0.014299508499094407,-0.012857280184657217,0.005316673449152657,0.014466228475357992,-0.0029986244092990015,0.0035015702103115137,0.002435121897137035,0.006733700186965289,-0.001296710181531175,0.0022520515426500366,0.0019508949194664705,-0.06183607979627812,-0.0024372309663455447,0.2956587006215072,0.04539539191787607,-0.08547433784325528,-0.0010943198280845303,-0.00012870051106425888,-0.0008534138287692121,0.004697096276107016,0.0006225308051960962,-0.0025763470339489032,-0.0014285882534179825,-0.0061588770829899,-0.16277378712212995,-0.009875232483718768,0.002171357142145225,0.008183250597572075,-0.00570102081813168,-0.01348518918902456,-0.016349694598727493,-0.016669295046524632,-0.005352754938844678,0.007509171336652017
5_3,-0.013716507616770545,-0.00047162904523996086,-0.001066397628485046,-0.00420149778684006,-0.010748563554539445,-0.0033526912796134675,-0.014950316164824123,-0.0013304115609477757,0.0031849765458925425,-0.15757744015910113,-0.16686040035775554,-0.011545676129527052,0.01789836504060676,-0.014013153155067633,0.005595407151934827,0.023370958164947567,-0.004716319462390995,0.0007879808319334939,0.003860651469897287,0.00862603562039166,-0.00017417718470061802,-0.0007243356777630705,0.00347300408598032,-0.059690688580182116,0.004659007717353821,0.3452485252832857,-0.14885402843746,-0.06164552205566232,0.0004483623704493907,-0.00048036616687461447,-0.005494576331795665,0.007450810441648838,0.0005924402759116693,-0.0011094097758039022,-7.96687643324485e-05,-0.005019193241914489,-0.108934473940461,-0.009334487346670788,-0.0015553688723105403,7.453879230309166e-05,-0.00611618301192421,-0.008015157824177643,-0.00959376672065944,-0.01413104935925221,-0.0037893886650486874,0.00867692014823133
5_5,-0.010635575120917595,0.003118860826081245,0.001967277352672514,-0.002363227559961334,-0.008335972959885151,-0.00010703011008805445,-0.011533711304246748,0.0005000882739826197,0.003135953331349966,-0.15547900334419712,-0.16461371905332361,-0.01099496449207526,0.01312099670219787,-0.0007746120260967638,0.006299127931272721,0.02651271279260677,-0.00925670945819736,0.0023043801916310547,0.004641841446732514,0.010066667110931755,0.0011324087711605342,6.786327485849469e-06,0.004630144216885818,-0.057988764288298,0.006727588987732813,0.36056239821599484,-0.18429052513259025,-0.04962438594664678,0.0017015576177458398,8.06547062099791e-05,0.006896569323999756,0.01201610364931797,0.001427941446712184,-0.0006966354856142548,-0.0005162560973307663,-0.001078201943435938,-0.10331759686513652,-0.00792603500810991,0.0022526866276775964,0.002934436652794394,-0.0046268365668995295,-0.005026670662378823,-0.004614069629189406,-0.011501982133894209,-0.0029899340659827432,0.00945966096419104
6_1,-0.006729018637310405,0.002289398962141936,0.002409482708688771,0.0015191448223933668,-0.018004731477785627,-0.001048896879962247,-0.001889429166084786,-0.0005661364327028505,0.0009204273626833581,-0.08886349994893113,-0.1811820821892104,-0.004921659228106306,-0.023799024196856755,-0.01695159862844897,-0.003649664176254718,-0.020589903159384,-0.007305537519899002,-0.003152224365442117,-0.0017636440922850062,0.0003933582403773614,-0.002936740769904591,-0.005305479983102634,-0.0006654532857169745,-0.0508156955785141,-0.008892169368087814,0.3526202787843675,0.1667411181941189,-0.07464177710871128,-0.0027114875976568345,-0.007061840369894391,0.008862833229067153,0.0034500627028631902,0.0047016223453478865,0.0037798499449987534,0.0007566643899933235,0.013234275790666869,0.03543207346838977,-0.002400549106901352,0.002911432315090701,0.0026754654388329666,0.0010703922404437247,-0.00972977959472045,-0.005275984850480818,-0.0015775472981355144,-0.0014408864323986555,0.002396817116885565
6_2,0.01101103332680156,-0.004147044511933073,0.0019120497681887063,0.001462488217688115,-0.014923690498399658,0.0021040285527886213,-0.0020538746358205887,-0.00024189265102598646,0.0023750686263290105,-0.0896192270353919,-0.18177430329246863,-0.003727597364308842,0.011083838773260392,-0.010429711378262724,-0.0019673577110954615,-0.020747266164134647,-0.004656622265096744,-0.0026777004234561945,-0.0019829086836545364,0.0007746769453944309,-0.002199001368334021,-0.009110523761352806,-0.0008076333015232492,-0.047780089957232694,0.0009198336938586942,0.34667962861212803,0.17089553787293355,-0.07986183928212595,-0.002362283992795237,-0.0058731389067796565,0.0004748022086004642,0.0034082367168412862,0.00500147104387078,0.005853585395523888,-0.00041403035702175685,0.011693973210073007,0.03458329447334504,0.013085127799589591,0.001420279024846781,0.004615183790342655,0.0020625047575802743,-0.008696922043651134,-0.004565805881643721,-0.00339502145389782,-0.0005704096921281041,0.0006351763110434678
6_3,-0.005486325438790175,0.003428214366930552,0.0020136240375436564,0.0010554117206650249,-0.02002442471195457,-0.00036758729394377953,-0.0008707043628683232,-0.00249586609949701,0.003142605314863699,-0.08632777411722116,-0.17740001745605447,0.00028413599412626934,-0.001370504296841303,-0.005691651768727384,0.00650283168415619,-0.023723977784800118,-0.0002527152197190427,-0.0024220413633094006,0.005597067981771212,0.00045105895179781944,-0.0019932861556499733,0.0007067115018875784,0.0011600604811369177,-0.04954980457619677,0.002965654936763162,0.36432521069622553,0.18736189266767908,-0.06605387361113722,-0.0012572637407704877,-0.004965698715161586,0.008640681899175752,0.00333088821455353,0.0054777391983017,0.007511832943881474,0.00017059983983334624,0.016535248100329022,0.035296153088742066,-0.0038701434217170688,0.0011398965460565377,0.0024293102873653044,0.0010803901716919862,-0.009314101773361092,-0.004260755583840668,-0.000230837169357989,-0.003671150255724877,0.003176578013629466
6_5,-0.006585683490139544,0.0027832870629217383,0.0026159897357824523,0.002087136127119288,-0.01529957610089845,-0.0014343235420291702,-0.001117389429710896,0.00022321399025608475,0.0014886026270158504,-0.08891134285238379,-0.1823536113696811,-0.0010059398265754062,0.010777615509941465,-0.014809550635265945,-0.003002766506060745,-0.019287269241585237,0.0008945197001907571,-0.0031031877471908217,-0.0012173721878780245,0.0014817973400280623,-0.002652731871702184,-0.009709610222775417,0.00035432771382695185,-0.050782305195058934,-0.007287095995704582,0.35246692530743917,0.17017053907172336,-0.07478490219531168,-0.002765531583572255,-0.005675995739831965,0.002695206222272255,0.0036757579545180523,0.004844803788255138,0.0063630300119616205,-0.0005481237065793333,0.012656465774626317,0.033676140092381984,-0.002268923392594198,0.0028259613102971115,0.0030956080489451007,0.0013460174835771637,-0.009063289233892189,-0.005044718690587775,-0.0016053261329516638,-0.0012977012494714874,-0.0049675915846585095
7_1,-0.01376273488927266,-0.0010940255288115282,-0.0023190128001977883,-0.008318543279632946,-0.030523320737907828,-0.01232810084558352,-0.029216330117241725,-0.004055338433414522,-1.0268308277004873e-05,-0.09738697389221279,-0.19253790373013835,-0.014228883818502156,-0.05122258853373279,0.0294480748285771,0.001116102994227048,-0.026763903954903953,-0.011622924544342658,-0.0029926041234398446,0.0018253342531085923,-0.0029974591950812394,-0.004088416608318514,0.00017431346284202731,-0.0016365847471651058,-0.06832088694947817,-0.0006360763692405887,0.3278322108775152,0.1417109695200964,-0.08277941960684027,-0.008595714910055412,-0.006041206518857006,0.00021207947594426268,0.0003721414608686327,0.0003245765874659023,-0.006337238961200255,0.0003295219345002309,-0.008842030354543218,0.01575747489431888,-0.012881325914452629,-0.005542891288009393,-0.004502076910018189,-0.013593435114720616,-0.021949907369151905,-0.022666477184429133,-0.02613499889336679,-0.009616009362521844,-0.00409221693661582
7_2,-0.013188100374068477,-0.00063080042381073,0.0003347241559149922,-0.007702668984702835,-0.030131010300292856,-0.008837710292004298,-0.02478228180690864,-0.0030824393036138083,-0.0001296957507952685,-0.10731094093235427,-0.20113561781685543,-0.014754151890266711,-0.005724967676985655,-0.010139784760300256,-0.0013312752356700664,-0.030082554214533628,-0.003067334757458763,-0.004099827711880784,-0.001556115219026035,-0.08417095414744205,-0.003244464907471473,0.001136584857065552,-0.002835240959574556,-0.07158015308457898,0.0013009538461009197,0.32225057972298615,0.08220037284679378,-0.09647555177274057,-0.002259392797196196,-0.005420198951112487,-0.0004656813042478234,0.0019809923434092984,0.0008031237460299297,-0.005195769414274909,-0.0017725483221143323,-0.008341206865359772,0.019349540029971,-0.013518307773547336,-0.004945707536772937,-0.0033137492636756377,-0.010958011023767983,-0.023335039453082438,-0.022611515601488948,-0.023530787089094864,-0.008860727887602159,-0.0033911237028779635
7_3,-0.014838993270875168,-0.0012185181987327243,-0.0012205267570796667,-0.0068114404529497205,-0.028413734909105624,-0.01135437562667435,-0.028649396771546484,-0.004032698131040521,0.0006497099405628683,-0.10505234752550344,-0.19769859772820186,-0.01610844679013569,-0.04336165928505243,-0.015702269416136727,-0.0023695165609846558,-0.020485884318553145,-0.003110595346706106,-0.0038297965478076273,0.00032343285203013375,0.0003986138148840952,-0.0021297708559056923,0.000991503386390095,-0.0032606386890269277,-0.07106780647807157,-0.004278833648492359,0.32820876500843305,0.06956584655419747,-0.09285680303731142,-0.00043080424908531413,-0.007517924472258292,-0.0019453881636911682,0.002211751213283198,0.002831616004296669,-0.005892693917148134,-0.006910624423976311,-0.008279868508661007,0.021555242800844567,-0.014112857953034252,-0.005264198240753122,-0.0036341833619180108,-0.011720054981931436,-0.017993220549349924,-0.023315289889920515,-0.016316486059524425,-0.0061731061807902285,-0.0034408374146744345
7_5,-0.014480726193882614,-0.0012633393969194396,-0.001617183890355954,-0.008718571881375686,-0.030677919388908806,-0.012779834790481457,-0.031058922752853015,-0.003888626253220239,-0.00032398416128045273,-0.10377006397065908,-0.1976914813189333,-0.01637872391523108,-0.023379058225561262,-0.00898093430706632,-0.002292731551108524,-0.01944579108609756,-0.007425498899096926,-0.004652608893435201,0.00024632649045369073,-0.000528928382423602,-0.004402285832440887,-0.00036958529990544756,-0.0025802026655443447,-0.06904285417817464,-0.0011556598046562952,0.31969669264049916,0.08746381341328333,-0.09714984515438851,-0.002216152397461046,-0.0068601280809217615,-0.0019474786440702439,0.0012552903517683645,-0.00029670033681443995,-0.00585457954927935,-2.513129837180324e-05,-0.008625352478464694,0.015197052426580374,-0.013708015602087073,-0.005868282533155054,-0.0033722094943582684,-0.012240700584822933,-0.023688125988232125,-0.023321351933780134,-0.025294653844201598,-0.007939131060897912,-0.00422417826225827
8_1,0.027672767376137265,0.010292429633769156,0.014400380438624428,0.0020287020179422747,0.061763362093775136,0.019238290530430743,0.07410629150016801,-0.0014839904725285993,0.0007934699018823189,-0.060951339533150746,-0.16769207370037448,0.0006039107777729921,0.018579197390884775,-0.012994771191394229,0.0019959309856656263,-0.017377918726587466,0.0042060469504228955,-0.008222326514758621,0.001184144420324887,0.007039470295085744,0.004352100202215293,-0.00541043675661211,-0.0019060394425128098,-0.0328118360834874,0.001447431144589937,0.41271215340902495,0.2257292689205187,0.15466855099273374,-0.0018922173816126543,0.011465755995495376,-0.015853838702005116,-0.0035104060193407926,0.004619024670792795,-0.0015623554554938547,-0.002427765020810083,-0.005146049338144216,0.05952091303987876,0.021697862310837257,0.010659047362894015,0.009305404192368976,0.006334519563742678,0.050211072358863955,0.029248772728155757,0.07213456095960376,0.0010081259244131367,0.0008476165615944042
8_2,0.02655296689005357,0.009594706053792312,0.011119933033238718,-0.0025825175239441987,0.05820601747988372,0.01792682352660508,0.06525733273419125,-0.0017619374431447352,-0.00032213411024675326,-0.06703469472349459,-0.1704815985088817,-0.000942270634448401,0.01934435005241093,-0.014119137164699725,0.0022397991820627596,-0.002431131506633905,0.0012971958414177182,-0.005794967301728095,0.00115553195073345,0.006894227396254112,0.005272368756864664,-0.010292515576459153,-0.0038570172863053873,-0.03419811552132739,0.004503868940736983,0.3918409432366806,0.21759298846087738,0.12827089819547544,-0.0021582551214993245,0.002266830569064258,-0.019469450999395836,-0.006455195785841686,0.002352365104331201,-0.001546416688757046,-0.003151179293139852,-0.005809927646627044,0.05284920892982097,0.019083913470805586,0.009487868582481731,0.008292667015436546,0.002536290888669294,0.04778579771958748,0.025808547351968195,0.06158109737028563,8.092074940449148e-05,-0.0004689132199432548
8_3,0.024278531578049687,0.00815131763115309,0.007716208285312844,-0.0031194198803956652,0.05020191833256933,0.01475951514508037,-0.003510890809132964,-0.0025430556018882517,-0.00016527958914188296,-0.07683724214489467,-0.17412412241767683,0.0013003963701828933,0.017752384515005017,-0.017033094703454887,0.0037424679591651047,0.0067979626334692955,0.0021661754219118993,-0.0026460307528246886,0.0033323038330924995,0.009581129652690399,0.0016705070792292157,-0.013696411685544332,-0.003220611623042124,-0.03696471986801235,-0.0028262552565398564,0.3778024589476407,0.18819726733577885,0.1389445480988248,-0.002672837180671206,0.012531726991705966,-0.01659625942449641,-0.0057361803066623114,0.0014294255242703825,-0.0014811782293311414,-0.0022754412102409965,-0.004309939133259885,0.050459483846145355,0.018548968430442465,0.00835123859757996,0.007444722800711815,0.0018198841745241093,0.042689070207207455,0.02114175986544716,-0.008784322305493688,0.0006059563391416213,0.0006861920896030816
8_5,0.016968997834121848,0.0016069787875435722,-0.005707406229893804,-0.001211642382191991,0.0051577953373426735,0.0032395869625666536,-0.015472795564104903,-0.002154564784694176,0.0005550549894198587,-0.07809278784139057,-0.17902556290102659,-0.004831368309283189,-0.005776118450610697,-0.022645047155500822,-0.0018350063558223509,-0.022892905876275797,-0.005350159733582295,-0.0038706077263225796,-0.0011124884727629555,0.0023772805570104263,-0.004788738689165295,-0.010782240705248185,-0.0019516359240382944,-0.030475449547165613,-0.0027242114405674456,0.377353928409716,0.1741251075347871,0.11742477697362687,0.0007109170328355624,0.008992599246053775,0.000925492483803442,-0.00532168465012845,0.0028252798179386218,-0.0019827635883889207,-0.0003533060928863455,-0.0035392231495155533,0.042779254662086943,0.01672462791206253,0.0029693511564435854,-0.009430573257076243,0.0019947712786083653,-0.0004749077076420977,0.0021332851787065764,-0.014856577034467803,0.0005380299414650692,-0.006456962138947517
9_1,0.02380300348521257,0.0070232610055336354,0.0090336097010258,0.00021361292975916092,0.04402871887172619,0.01993224908934989,-0.0052191307688650435,-0.0013195055561899943,0.0007686706487112028,-0.06928480378440857,-0.17401135754945068,0.0019658400847740237,-0.00018043828395050454,-0.017650569506790965,0.0021426837183703283,-0.01840747359489255,-0.003267830349539715,0.0019660498479844206,0.002217094967791806,0.005206101862606362,0.001501465778925769,0.0143547290769211,0.003722597861745235,-0.06686756231518448,0.0012358376351245984,0.40464638976318756,0.20321783620560863,0.13566511515446872,0.002674193839224209,0.012593899352381303,-0.015789874732953634,-0.0029728656458528663,0.002693489510491326,-0.002008510977937242,3.1638733462352076e-05,0.003981708409814712,0.05484982284230886,0.01830727676906278,0.008756941082878085,0.008370986485779813,0.0023663672540278975,0.033067173207196265,0.022641709147757687,-0.012473085028449024,0.0011521707144898786,0.0001872749194461888
9_2,0.029975610561912017,0.011088375981315911,0.012603313368614531,0.008065371223853307,0.07277278857676708,0.020391888784486962,0.09863739893566192,0.021379074366304072,0.002472800600972347,-0.042872965006623256,-0.16079065731727013,0.004242154366568997,0.003221529699338843,-0.006411894726995531,0.00495809951319145,-0.01807470797384831,-0.002034914762563144,0.005547926505760799,0.004367527458537599,0.0038721433441625385,0.007678640099219776,0.013877037956108479,0.013001895701268725,-0.01849987256608551,0.01031849576652882,0.4634407987144886,0.27020494454328153,0.17697734689758954,0.0352994160996149,0.016871624460306035,0.013883887912981858,-0.0012623585943139113,0.004872291658216305,-0.0018776074924021777,0.0015903638494193884,0.014002315018973567,0.06529462374212157,0.02160669087349168,0.008240830579377991,0.00983195577004822,0.008245463768663495,0.06040861638061428,0.029147891928948486,0.09555443846168353,0.016457808047446468,0.0012970830467397636
9_3,0.028158256802479843,0.011470421277783433,0.01283057249750686,0.007730022430954258,0.06395360048150814,0.01996106932364759,0.05998394638201279,0.017093290374862513,0.002234882131423455,-0.058809513232742375,-0.1685945600958438,0.00024156329398860332,-0.035112656738047456,0.01951819009752274,0.0016202237792246332,-0.028416506429726512,-0.011304109732533839,0.0022001402663215266,0.0017197291866084487,-0.00668665989198204,0.0030575996452082976,0.00898653144243647,0.002217567429866549,-0.06582647516948709,-0.0033095473003728693,0.42129904218541836,0.23706589620741575,0.14834178968046233,0.00429501694906268,0.011440103133825439,-0.017438872887883868,-0.0045526443478569375,0.0016302237798126082,-0.0018291601972753337,-0.000150261821953733,0.001128730852937761,0.061681172861516025,0.01897306262824794,0.008223836529273344,0.011675125664687036,0.008882606938086388,0.05147285770860548,0.025551748834567782,0.04716155372188081,0.011194311821278169,-0.0018835736795310078
9_5,0.023260264371423464,0.007777487507174113,-0.0025259587676931595,-0.0008996169953392533,0.013007444383833942,0.015442099262411224,-0.004177766119414648,-0.00161642123932401,-0.00014205624030348774,-0.07162024383317359,-0.1782190892036166,0.0006803810167728473,0.018543149371241824,-0.0142865573684645,-0.0010454826374615732,-0.027060683896196716,-0.012560833931549099,-0.008309039921626508,-6.527640429398351e-05,0.002404849761377713,0.003293597128502529,0.012711380754983957,0.007157821537993101,-0.07096429973902028,-0.0022570822531985265,0.3885308422523693,0.19709235656640306,0.1371329270262848,0.011816266285488066,0.009841286894279704,-0.01720627613120497,-0.004314715237778697,0.0026843864734799943,-0.001857109741904031,-0.0005002543953513404,0.003375059106466091,0.05423332582048523,0.015347309718028352,0.008100988883246769,-0.006857359354748947,0.0032085503560447415,0.009192883444562637,0.01972356624358797,0.001025749832826602,0.0013543397225391544,0.00039254466576494246
