,0,1,2,3,4,5,6,7,8,9,10,11,12,13,14,15,16,17,18,19,20,21,22,23,24,25,26,27,28,29,30,31,32,33,34,35,36,37,38,39,40,41,42,43,44,45
10_1,-0.0040306814642396905,0.04709184167266121,0.023891684477510007,0.0102742801570218,0.030534997460514773,0.019183389000934113,0.019022767421531604,0.00640656769876892,0.04398950783750336,0.15087290160689332,0.0918975696225738,0.17260264805563966,0.010064140354049548,0.005548994235948335,0.06575510371424338,0.14082522768215688,0.010391985921635807,-0.010635628340633748,0.08108201916914963,0.13559809768049844,-0.0006771881727005257,0.11242328630260426,0.09915007243414958,0.06948765879009246,0.06022784421136278,0.0758027806853359,0.16731527106893754,-0.02359920651540541,0.05507232150310543,0.07723259900614465,0.04206843183803779,0.04595357923740486,0.04697095593133894,0.0183756048303166,0.20623613320009843,0.025234449842211976,0.0750161477442958,0.06437769858225566,0.01835604496098193,0.054632619994273615,0.00431203484798866,0.013922452031524608,0.013559536768135507,0.06551326931500916,0.025790230395217474,0.07326803003492745
10_2,-0.0035235087084640217,0.08193808453362177,0.02142585699008952,0.019078879052391855,0.025991421201280347,0.018248508515714645,0.013381034920131464,0.0033130383998321114,0.06544901840044308,0.13306221309725835,0.08735476613850982,0.15631172933579196,0.006728246515894435,0.0049572695542061465,0.06424484882185462,0.16392612650534305,-0.0022264297378905046,0.0014090331338272697,0.07805582161567232,0.13438503621148107,-0.005654379047615851,0.11183940660682704,0.0963653667626713,0.061549919421756194,-0.027047311450258096,0.06660607339470173,0.19269959362924086,-0.02702304533577005,-0.04102605736752512,0.061511846436929536,0.030842791423473903,0.04610254228988489,0.03215950108611405,0.021221751841740084,0.21068784995868037,0.024844815309021866,0.07828156315050862,0.060728893359353574,0.02178354811177832,0.06111037669553242,-0.00019601288237646575,0.013023242716903135,0.015009668743989573,0.06700559688632123,0.0236693131627482,0.0684384907211919
10_3,-0.003414155573299852,0.08588829243310049,0.021780101423561345,0.019756221887006882,0.035281036794730554,0.018905646838833837,0.018981409253638216,0.0021327680461396582,0.06451537908735615,0.10719358898365522,0.08763357409518241,0.1602417422826461,0.013031358995819989,0.004832705431174703,0.028617888142440012,0.14606607319178672,0.0008075443993537542,0.048982245280102955,0.10373008093184913,0.13873937318561816,-0.001486270195421677,0.11264709524811646,0.09677467477010887,0.062177747910307404,-0.025213028426834,0.06058094867927766,0.16167674748578098,-0.02127279704154969,0.031775319907312964,0.06896963036550272,0.03164311819963203,0.04730015352538886,0.027824691459588418,0.024884497561408068,0.21763161531067404,0.029583590558960638,0.07903580358502463,0.06175704612024941,0.017278167155543107,0.06274172691714051,0.00032413241847874485,0.013708142190681862,0.02503795300488573,0.06317478513230057,0.024059548503805782,0.06899725183849263
10_4,-0.004062760871109117,0.09882405831318043,0.023086969040635084,0.015004414242943211,0.028698742470942416,0.019510736204050392,0.026221026052711358,0.006764034768166188,0.06604152536310857,0.15376207909714437,0.09738716559376022,0.1732092940492862,0.014077930074032905,0.003578961876957455,0.07094973737183752,0.17135053167724007,-0.005774757375483967,0.04740996737823775,0.09382127543130374,0.1919974671261076,0.00047335973536841933,0.11919035424619542,0.09650143517076876,0.06395796716604613,0.012793421520829495,0.08655200558484781,0.1945162306116828,-0.023074290320020868,-0.038098398765100704,0.09678782921286384,0.043155391181011034,0.050072807029598744,0.0485276217273729,0.01994531067664705,0.20691454049232982,0.029536606436490982,0.08098121734260724,0.06628400841358134,0.023899895430152623,0.055935998563564265,0.005105065239416973,0.013123961104460072,0.025395831969241067,0.06242437768253698,0.02736592698367173,0.07949594655986097
11_1,-0.0019294863123755584,0.036980459569022926,0.014493572811527971,-0.0017253964518339465,0.027986961502644465,-0.007581849585154342,-0.01997123832493534,-0.010499709391178837,0.037062856008832516,0.00671889477071534,0.019003260080508778,0.1271095101409144,0.012924999166189865,0.02983771233439913,0.07070218017982069,0.10615307110432626,-0.01166539970847401,-0.008294810255867542,0.07316436798972023,0.1308354368285904,-0.03993557691683298,0.0017580621005076295,0.09371555605193625,-0.022375870324479373,0.000315058439126577,0.029341935170100083,0.03907042347742897,-0.03298480716386177,0.04743914178668441,0.0697266451437614,0.0025988089398350815,0.04230997827760346,0.019224259428069126,-0.027594984214328454,0.10759713065721861,0.01290830831642117,0.07958281550364493,0.04207422935275751,0.007620634690037038,0.03133836188073933,0.010685714247624739,-0.004982783467412553,-0.006663362881586934,0.031362084765871205,-0.0009347933425381497,-0.025960731629392143
11_2,-0.00148043315084614,0.05122831538594226,0.014226798277070197,0.01591472444558738,0.05036880869148478,-0.006113726086437137,0.00768755583607356,0.0026640672671493634,0.039756967568643074,0.08507277878745031,0.10003584662282927,0.17920654582282572,0.014536818680669722,0.01817594226015758,0.053968549731208626,0.11463472741799698,-0.005815064775573745,-0.019519952491807782,0.09794180668644707,0.16529440570323575,-0.046353254107290964,0.0375061886350903,-0.07513530674338602,0.034861204612841486,-0.0313363557359083,0.04605293311541665,0.1494710403354362,-0.014540882754314187,-0.11357295305183,0.06824435998072914,0.001992780608281431,0.04880647692329244,0.041652367849916494,-0.06257404051877977,0.19216009024894137,0.02120812163753697,0.07586087456992252,0.06840197210297463,0.014566946224591803,0.040652197689629514,0.010279178937561546,-0.0030903946115266477,-0.01963021910670816,0.04632573432112931,0.0032271546795304197,-0.027257542296835673
11_3,-0.0016806660967649731,0.027802189249614317,0.01173065139219051,-0.002023830293411181,0.030845328651964814,-0.00909740503029803,-0.018279174396008523,-0.0020810616556961666,0.03845794849150787,0.010967761217009493,0.026053780800733273,0.1517379843035004,0.00832011856228826,0.018257184099371666,0.05340700328963225,0.114494490640788,-0.006764202789629463,-0.01460356458726101,0.07390892653421223,0.1257201417098833,-0.04103706717426063,-0.039964941427486,0.11446903636474506,0.019967048256780136,-0.007592136866397238,0.028813123885991384,0.03200599453395,-0.024884173612492313,0.020541739399451118,0.07423281243470937,0.0003086052732655008,0.0450819097920505,0.025398214216031625,-0.04690333615132729,0.13339717676636745,0.016285491284512028,0.07896563701681718,0.041946889939101686,0.007326296050117978,0.030207205091910667,0.007912523110134158,-0.010180663741733709,-0.01178267780132906,0.03214710710002388,-0.01461970942483027,-0.030487625880545884
11_4,-0.0014792545658111268,0.026898310198273337,0.01395281482209909,-0.0038288311272772304,0.029906718229615516,-0.005758704937849994,0.01095119147220018,-0.011092838000060834,0.04027273207685406,0.00834019133360045,0.02076857801693529,0.13536224910807146,0.008563786225556593,0.015912327615820288,0.04243951439747393,0.11513072263541987,-0.006279287182688911,-0.005098582601778191,0.07415794923552732,0.13278034723502286,-0.039779713511296555,0.05260331475334642,0.09971999787308605,0.020394575994264415,-0.021672577277501222,0.03301266622675661,0.039685474863934034,-0.024872760665357523,0.031010306227551063,0.06276025180004978,0.002338804924050005,0.04620860086840279,0.010065204564394475,-0.046918609896860725,0.13507845017565376,0.07012035775804008,0.07638773930539962,0.04002866731836586,0.007822100189275668,0.03602928140618348,0.006883720223361621,-0.00646833327865083,-0.020167585965292768,0.035121551905611385,-0.004472493384353286,-0.028628001815869764
12_1,0.001096967278638759,-0.022157396682993543,-0.033316771110931474,0.00210751904238656,-0.014149184003789913,-0.0012956827968376892,-0.006264467751844877,-0.0006233670552874501,0.04306084905539701,-0.017767341073657125,-0.011406577040523436,0.09081790247763707,0.011014928154437019,0.014700123232946458,0.021251089871647744,0.07930614854623924,0.0012039927256901608,0.015754731744564706,0.07199430720464314,0.08724540788319335,-0.060889900975990265,-0.08181615220878291,0.07927074135305466,-0.002340839260172328,-0.026118891212103115,0.02077560050031257,0.023569472556369212,0.04226097060980999,0.01938436100077473,-0.04235433546949122,-0.00760315353208193,-0.0008094481461121786,-0.02462892601036312,-0.10374633173966151,0.034127173510678184,0.002667168750460701,0.06907573601975753,-0.01633989360492932,-0.0033272671422177012,-0.06856310097892154,-0.03433560877798451,-0.006449385311803038,-0.012415612279526426,-0.033239314133158844,0.031531260946120285,-0.027021282061779478
12_2,-0.0019943960298023228,-0.023077541623805035,-0.02141280365098878,-0.005318926409071912,-0.020374724606507993,-0.009747617495394822,0.001876899680220866,-0.0062525291935790015,0.05213914560843094,0.019616570053422665,0.0027045387702170913,0.10134183591550706,0.015265331300304691,0.034395808953613854,0.06812469422763415,0.09029513871498733,-0.014893427787574331,-0.006531481151071509,0.07151343145279203,0.13363592663996887,-0.04363156368933577,-0.08885372330535023,0.0643629764015589,0.00980475838366343,-0.024322524102907094,0.03807526101322134,0.05006723549126128,0.07013704347745232,0.028427428094199184,-0.034584015378288445,0.02917114320897043,-0.0062411685135689695,-0.024385216701665244,-0.0805171240876005,0.07761021171094158,-0.0007810774099997521,0.08271339052807086,-0.008221980527794884,-0.009713673280774222,-0.03722073725180121,-0.01254061649885689,-0.001307078161081235,-0.007143086631021527,-0.028726390874694675,-0.030316273149142255,-0.0096482588352422
12_3,0.0005455686478456662,-0.026322168922097544,-0.02379560942435835,-0.004020984946709483,-0.024941484488341416,-0.010186748864604162,0.0006828317818203075,0.002166917088347752,0.04530170502974968,-0.018668616592040912,0.0010608962289009034,0.0848980418578161,-0.007373842156562655,-0.015969056527570826,0.010840747719312734,0.0667142484232277,0.0039603167382764185,0.018449215598453056,0.07679298497323661,0.09677482778532998,-0.05946446313515166,-0.09953611205835802,0.06954677572758934,-0.0038475631044304816,-0.0360596237762542,0.03870096146053691,0.030189692077287354,0.06120567968537032,0.01860878027530864,-0.04251691171038506,-0.008725313938710495,-0.009255880384555258,-0.025926924172592916,-0.09472303705279389,0.043883758958234494,-0.004637092433626466,0.07298335509505118,-0.013166009717430635,-0.006773481846735117,-0.06219231001230471,0.011907035457702532,-0.006460008750184476,-0.007530977175809323,-0.03023341902488802,-0.011505030655318705,-0.025404535882961283
12_4,0.0022303192055170844,-0.02436560392967822,-0.030888757887471523,0.003028138731824067,-0.017397332187607667,-0.001264285823005866,-0.00398819579447085,-7.215299124543702e-05,0.04626969122561877,0.014726659433908041,0.0037855523420628453,0.09291268943826539,0.011973064177795043,0.02341414389912129,0.06305361112966291,0.07833479131163762,0.0011811437893443277,0.009344009025386934,0.06496467923923711,0.1006464804824491,-0.050539945127662717,-0.06785695895682077,0.08402580321209376,-0.008401169567504254,-0.017242688228414276,0.0213089192740208,0.025707944393745404,0.06512418987052858,0.02458141944951158,-0.0355874742911016,-0.008226242758373416,-0.009948682728534736,-0.023254988320648422,-0.10166935480534464,0.05013962692961276,-0.000785606199583935,0.08037372001492223,-0.017638887020714276,-0.013620769820301382,-0.05925574680366284,-0.02147147958362066,-0.004917986380897338,-0.005889932646326293,-0.031215599861640245,0.03337640608430291,-0.02377036911476069
13_1,0.0030405454717643545,-0.04942607460732368,0.007945446842053065,0.0017881611627449839,-0.011220472340304561,0.0017972157820451687,-0.009605898534659691,-0.00010903381095853809,0.024395829230224892,0.04735525578958703,0.13580495287508398,0.11243277309747472,0.007531696457539615,0.0012382918480797187,0.06088622261680609,0.11495913671236213,-0.014340325679066913,-0.032011851086597515,0.1608002942335527,0.1532224269067414,-0.008078771935017572,-0.2315576402978313,-0.17445152806594796,-0.032274147300860805,-0.026230447824323908,-0.07453051986698543,0.07785458129251607,-0.12108759771524913,-0.14489082177425255,-0.05886456485198191,-0.018893023685848203,-0.015550418351252537,-0.02576452532853395,0.00881547012893062,0.061957337915916115,-0.01370051783952465,0.07815281726819075,-0.018980345443116504,-0.018918498592099018,-0.06234549528295007,-0.0190655325384089,-0.0036568229372499045,-0.013334468003197193,-0.0182158355082258,0.001333962999526085,-0.11369755496130127
13_2,0.003859585193469244,-0.04797735225790575,0.009762196532178084,0.002466370998124064,-0.015449859540980184,0.0033531035448742547,-0.00869409584376273,0.0020688659244626996,0.021342559814347847,0.04977715703091713,0.1351848272693022,0.11766163804131917,0.000698607007846339,0.00359436613756638,0.05657771448946205,0.09653263441324625,-0.016799943276172898,-0.024901107969239965,0.21019377426552224,0.1543748822674815,-0.007663755361375723,-0.21090984014698289,-0.1746416158062758,-0.029069850481912303,-0.008936013696527726,0.023487318605114355,0.07105121620882464,-0.11669185146546611,-0.1390563959312121,-0.05494996010098971,-0.03731584080719633,-0.015368762335353746,-0.025547314868845677,0.009504807755645366,0.061411379738652815,-0.012633642178065922,0.07147389061418999,-0.018231807820811304,-0.019373552598637964,-0.055809529842603754,-0.010829736143224862,-0.0046529772174891595,-0.006928744183818175,-0.017403894684087984,-7.2853217678899566e-06,-0.11126240632285732
13_3,0.0034917865365037565,-0.050712895199391116,0.0073573468562289765,0.0019062868062190927,-0.006655047062234044,0.005300819580036338,-0.00783101041128272,-0.0002957011442923994,0.016368137282844513,0.04630420820309006,0.09052045398403773,0.10994109200784208,0.008505238817070314,0.005060637996976729,0.08825456146232101,0.10952338150345775,-0.01676679469384248,-0.02528443993879298,0.16269815501584084,0.16106706605038454,-0.008725861772649154,-0.1815385423508377,-0.17779951989503634,-0.02904947490852898,-0.027040159788783102,0.03205245700517026,0.12257892779852901,-0.11306204357874322,-0.090808029092759,-0.05152616250398188,-0.007748710682053163,-0.014082305304533523,-0.023694643379253852,0.009080097510962936,0.06874444787348853,-0.01534290661217508,0.0845510806574797,-0.022791294931006862,-0.02080257446727162,-0.05834195948480693,-0.011347866416495773,-0.00287487216720005,-0.010160913043583611,-0.01679402577194494,0.0032590023710934086,-0.11186615424012246
13_4,0.0012806657360410565,-0.02520529450094742,0.013704954793202247,0.008367711441371457,-0.03079808979819025,-0.002635238845785653,-0.006261590960005233,0.011545144124291728,0.02559810221708961,0.044590731736500085,0.08986790882855862,0.08421962362175606,0.007064648146269602,0.0032370032210458696,0.05179033710575817,0.0796321915901836,-0.006196474950584965,-0.023323411028524345,0.0916111288511505,0.11796267193188942,-0.010306994749004452,-0.24194928674465055,0.10964202488038022,-0.03861551360307981,-0.009387574733554222,-0.054784299361863194,0.056990551193048834,-0.10140415910478925,0.017929699131790433,-0.015367867013426687,-0.009355051352871126,-0.004736691106625538,-0.029786196644677604,0.013836888161213909,0.14239431868335212,-0.008728738677226252,0.06214851397432205,-0.01732221714444064,-0.013518538906279494,-0.050252116748466275,0.005560360681520118,-0.007342171093139508,-0.005783385318385416,-0.014334010507025513,0.002989348611472933,-0.10730333599129102
14_1,-0.002954950833372705,-0.017460866302949064,0.008467104968961761,-0.029873097214772736,-0.020561548970095718,-0.0010240232627843865,-0.0047633682171669516,0.013905798289965934,0.025345113699887928,-0.30880467647796805,-0.3026886578739493,-0.28338304050085117,-0.061280727281092504,-0.05374470974561608,-0.16120173777359553,-0.37841301972956165,0.009971057235683927,-0.024956236627880442,-0.19026099306315114,-0.39761973108457854,-0.13210396497837557,0.03231410990837336,0.24751594471852856,-0.1828800581917861,-0.06025214332221193,-0.15684582292001678,-0.17492215216634258,-0.020476413184106406,-0.05719172177860036,-0.03809976816481823,0.004975297634290097,-0.04405998861624509,-0.01998074279042708,-0.025467941148379376,0.07087684029076913,0.008342240785101917,0.09902739592585579,-0.0017941487824813026,-0.0010477653518162846,-0.018557101289638896,-0.02658104123601377,-0.0014452742772408371,7.42289774839925e-05,-0.01933211667555092,-0.017016452457226765,0.04385260580676248
14_2,-0.004282411676433213,-0.046568259463208826,-0.0014567227052233662,-0.04531864994923343,-0.02527209625538049,-0.0014729111348299097,0.0037239531367027844,-0.040047805244180674,0.017290839784974428,-0.2897301278084636,-0.3527743523837108,-0.29706858576310846,-0.05833646067681862,-0.0360270095285882,-0.2783280314986092,-0.31365621965173623,-0.001369909148535539,-0.039397326718042525,-0.14899344088390304,-0.4516985641414018,-0.11638658451888884,-0.195357880665607,0.18652142339987834,-0.15120152368591883,-0.08948638860391557,-0.17603490048198936,-0.13931910690816268,-0.058167285228470186,-0.047434739409353374,-0.022435248285856187,0.0020447935795757433,-0.06522925008395904,-0.020759088440786683,-0.025697636716902953,0.03875478797724943,0.005699098187784587,0.1023733116220937,-0.004550950911620909,-0.00499219400206348,-0.06524423116615492,-0.024426414611742685,-0.03982588459955039,-0.0050318588087205065,0.013690008581409457,-0.040520830777795336,-0.10020157870872605
14_3,-0.004218885595675944,-0.037039648573812416,-0.003825072873085306,-0.043764976934976704,-0.018708849533169234,-0.0016060097167949743,-0.040201155566228754,-0.037619903423228886,0.01848365663764956,-0.25333318156286305,-0.3781486628810736,-0.3103760046045056,-0.06371027890194404,-0.052229110344363165,-0.27256106671715424,-0.34183052421788507,0.006177089277216502,-0.08979817239310628,-0.18707803843811763,-0.4455915258353337,-0.116684840663836,-0.16815175084046072,0.19559471585585586,-0.18930444112363168,-0.05167983678055385,-0.17576800610644455,-0.10716850763690958,-0.0356682890370386,-0.07051699055142244,-0.05824402255206043,0.004199562257000923,-0.04436443744756877,-0.020384299875798845,-0.026301513815865877,0.04744494012930686,0.010560033069072963,0.09876767659953486,-0.0010240908495822536,-0.004592131858998972,-0.0318637958690455,-0.026450836581035378,-0.03915079919844923,-0.001460620103794018,0.02010060588283709,-0.05071100865586838,-0.06116747375025716
14_4,-0.004710576668651727,-0.04566008902550459,-0.0018449957816466303,-0.0442545617916823,-0.023693732074476496,-0.001300012966007816,0.006338403267391511,-0.04159613998959942,0.023412027887142865,-0.28782324728858194,-0.37914387815059664,-0.3336195672678204,-0.058889206100756486,-0.036224417106300616,-0.23957186539182382,-0.33865804740089533,0.0073534878178400055,-0.001791066477261182,-0.17789712378355216,-0.43296124846804707,-0.11701793495259977,-0.10811092238518406,0.18746741785800472,-0.15461505532736056,-0.0397846401725836,-0.1783831892085882,-0.18793219650986256,-0.0799275840483608,-0.05865775868254071,-0.030473520685028767,0.0016479618055568758,-0.04828017785315979,-0.02052536170371289,-0.024933221630235716,0.04557848839449072,0.009329757757990496,0.09206103897187828,-0.0045389604917193006,-0.005184064080475004,-0.0716047039157605,-0.027216507831579403,-0.03915626315337961,-0.0035383477372096005,0.008821027991382594,-0.04211821768124491,-0.06227712365951685
15_1,0.0033614972981330644,-0.016378841694052366,-0.013617927182456266,0.005848297032350868,-0.0026146869335104865,0.001598355579485139,-0.004282027711697409,-0.001789583910065433,0.03708988624128005,0.04091241904511292,0.07673073264541726,0.13546225383023516,0.010906911243382956,0.020823217930197285,0.05803148443565827,0.11627118859825526,0.0042248024541220565,0.03446189255977719,0.08589656395335725,0.10105255678652376,-0.0007063117984906923,0.00571928955294499,0.13076194521537157,-0.0010457996094080932,0.003939681131437264,0.03385136766324392,0.0676414930751437,0.06126464259641198,0.020397998581204186,0.04049296632600572,0.006371792489696899,0.0014490076301267212,-0.014856497811553558,0.044549586566190374,0.1985224183996113,0.036562455169095474,0.13837031186338072,-0.010200978029953421,-0.01268810481559357,-0.037787578702437145,-0.015054490369846593,0.0017944237284740687,-0.004933115446945552,-0.0024238056047166507,0.041722342813250574,0.02209825349573328
15_2,0.003235312177762371,-0.026254258375244876,-0.023262683424172027,0.00567118462961446,0.008442862905933903,0.004905569569682015,-0.0009040929399708346,0.001024024020206371,0.038622259886503606,0.028831188521027784,0.07874658903563495,0.11759542580667603,0.009870154718742506,0.043338074841526394,0.06720724183662555,0.10300306931305339,-0.008401092133913898,0.004286191014795081,0.07936005618133805,0.1111190230720159,0.0007240490546936458,0.02183177783581863,0.12206067421231413,0.002037729859547938,-0.021716659204330337,0.03988494137744396,0.08248538958307162,0.06216117529657571,0.01990507429885791,0.07006474665878516,-0.0008951677320746909,0.009518281742546673,-0.01850088156109491,0.027046484456177196,0.15845896101348442,0.032410381801530434,0.12531515296892454,-0.007954336384906087,-0.013152606449988823,-0.04141006562891676,-0.010927236815747936,0.0033790904137963383,0.008510635037999377,-0.013140673552234422,0.03654797306999646,0.028948769149505345
15_3,0.0029576296364590203,-0.02417144144559535,-0.023540285143104855,0.007635771373990354,-0.0026640127376450205,0.003862812455744191,-0.0012099706099115226,0.000706002943058545,0.03467818823037556,0.0288073249083789,0.07992699789301379,0.12308868349514074,0.008732519202585306,0.043609283186808574,0.07778094293201815,0.11156671726985434,-0.011236422851230969,-0.025047332798972626,0.07776907753130029,0.11056726245816585,0.000735003062562788,0.024142149460477023,0.12309025378148143,0.0007048681927358756,-0.023963290756161926,0.04203631490754047,0.07875328831834774,0.06352034012552454,0.04838377054064563,0.04510009416209317,-0.0023877797192714137,0.0015861412999648122,-0.018284856651418352,0.02320188425902432,0.1879962183939444,0.033242166907402664,0.13128457386075398,-0.008679730672300148,-0.013353907289644137,-0.0430049799537428,-0.010458708700205871,0.0036321943608369233,0.014859136443214281,-0.0031228819848746763,0.03607001652786557,0.032140621742506266
15_4,0.003454057356091387,-0.015443168988464626,-0.024190323306278513,0.0057916208795623985,-0.0023657564044956675,0.0012973289705293252,-0.0017960294202307206,-0.0014089947500864044,0.03608689771406602,0.036759911339741935,0.0820298171649846,0.13250163676502302,0.012727747917510036,0.02096712451055309,0.055386237918374805,0.12232568632819386,0.0019484014069181305,0.031247755353946943,0.08508440406072879,0.11154172512140269,0.001783496722757726,0.006841739213917928,0.12030297764793593,-0.0011866848149530195,-0.01613022766471174,0.0445709498541391,0.09650107737610185,0.058633836821062546,-0.047752647768412586,0.06829818340011981,0.0018402432144280817,0.004052283336695198,-0.0147738306659428,0.0400554468319092,0.2016274958454124,0.03889510180259865,0.139434997989278,-0.008913600995884938,-0.012519625750343754,-0.03360502934100777,-0.013855917470493287,0.0031925948782944983,-0.004250857925453748,-0.00918849686870546,0.04034703751903027,0.022000777903048586
16_1,-0.0033715110127694385,0.018678786979609636,0.010357176399665834,0.0009048106241885798,0.036446719784251756,-0.0019843131965502176,-0.0011094639160937416,0.01424541351366999,0.07932181522675262,-0.00904593588571494,0.06365476277122611,-0.0698006937634362,-0.011900549895514827,-0.007678498982452947,-0.04024191918684977,-0.11511382665845495,0.015797896582736417,0.06039958278478264,-0.08117959884034795,-0.13300467445679806,0.07460680571439607,0.18651105048576047,0.27457136663449505,0.08987927394259897,0.0151992226415118,0.021881032667440344,-0.026191520291108678,0.14576889419402592,0.1317800217559372,-0.009938009320880799,0.02217126249810529,0.04334474776350999,0.016560016229683054,0.004370332011955962,0.12320024305990276,0.01949618245960499,0.1561919076943685,0.012205382911361301,0.0033148785356682375,0.012811794821349892,0.0016908545011353616,0.020186547915757996,0.004004187826752059,0.015339603944566885,0.004770355354239031,0.07941078379499653
16_2,-0.003398004157275094,0.016922441953842276,0.011428878539202568,-0.0022822699418574848,0.035213718071465706,-0.001981405898039577,-0.0011989792257304482,0.004506948571476313,0.07888822563033164,-0.006704195524716963,0.06361302324505176,-0.07080297039037434,-0.012692334997270443,-0.007538380433008147,-0.0791966347969738,-0.1155819124858742,0.01601091047418242,0.05969615228078614,-0.08148864419866386,-0.13314916822060524,0.0728637504663112,0.182113041362337,0.2776264906837899,0.08846705502105515,-0.04224148463758968,0.010792931130820358,-0.027799433324757948,0.1454631986175746,0.13216939264055674,-0.008842851801596927,0.01743357830081524,0.042607962651589185,0.02037845845949518,0.004494165977038503,0.12270219288823986,0.019306625449237915,0.15669239621051428,0.012192268512369828,0.002157292338571891,0.010251894417945759,0.00028386807527809815,0.01425399863330665,0.004004187826752059,0.015397000151339853,0.002409052615620285,0.07983366091568594
16_3,-0.0033921411760564377,0.026846327843186173,0.012012511987852373,-0.0003987911737569536,0.03588554433608219,-0.0022897311958387486,-0.0011989792257304482,0.014107192993262792,0.07848720415832393,-0.005956135388990803,0.06336972038066611,-0.07148435438371195,-0.0125414180174317,-0.008109209116519056,-0.08177344609965082,-0.1124258563777376,0.014835587614540315,0.05854523036768137,-0.08193041249995052,-0.13206118212668097,0.07300750229016931,0.18129075739070508,0.27685804025572736,0.08686181132888339,-0.04236605404141773,0.013873229722319198,-0.02544274719374238,0.14580132473203766,0.12902429854533076,-0.009859622208765014,0.020646718939238633,0.043204189448735456,0.016903308392700246,0.004370051068150488,0.12321885561457444,0.01943902155512325,0.1570669177347223,0.012159915982178606,0.0030983030322938553,0.012529168282776802,0.0009155552723703456,0.020221889966674355,0.004004187826752059,0.015196881789313542,0.0019290531923634854,0.07924774325670521
16_4,-0.0033850766615276975,0.016503433910040805,0.010678563825140729,-0.005651838800178974,0.03272589419170545,-0.001960100975464764,-0.0011094639160937416,0.0030819658149032294,0.0780571180594102,-0.015445000660974218,0.05794032914973949,-0.074287695854365,-0.014873749474422037,-0.00798041307699553,-0.04798776855675915,-0.12327436215202725,0.014129074298058682,0.057855368041859596,-0.08370403403014985,-0.1407110936561359,0.07106874855131032,0.1821933412631731,0.2715967725043008,0.07743165883416311,0.014244812392960136,0.014739052704289615,-0.032109113012220206,0.13702560104516304,0.12651570287641414,-0.012091494671812277,0.01577090147858045,0.03720694553149392,0.015134395461788686,0.003475730444351103,0.12185901138408875,0.019416393923296495,0.14722432891471918,0.012205382911361301,0.002083876830541792,0.009181643898453388,0.00012615446238862949,0.013995824815367642,0.004004187826752059,0.015244320632287584,0.002772037780958793,0.07708115847507897
17_1,-0.0024506668282601525,-0.018665595624149853,0.013565892009693803,-0.018817028869340995,-0.022015348733195765,-0.0010269957476185783,-0.03360166563496831,0.010708153327483299,0.05930598325259958,-0.06107735717646826,0.012069577097199469,-0.15092995580612556,-0.033331374196975544,-0.011765489566637245,-0.12073510338071008,-0.19868749167700042,0.0076747090539411806,-0.007019054658152403,-0.09905860005403314,-0.2915133678469823,-0.0251715692158235,-0.03357801538893503,0.24717226501999742,-0.01127137178832897,0.00836098794304235,-0.1433954658258442,-0.0679488056356142,-0.049470986281237694,-0.038451344566586734,0.056682998659387626,-0.00011587534552095824,0.07842067867500593,-0.017917904724678645,0.00997607360405288,0.14010517257195587,0.014901759875604097,0.10631814402130736,-0.0016999425513319127,-0.002940563707515607,-0.015856130829472317,0.01486422662683659,-0.010197242764794596,-0.0003212708580714345,-0.016344436763572234,-0.02162162557191184,0.007351090676973869
17_2,-0.0007003618788883497,-0.02584937810381107,-0.019078305187738526,-0.01790831112651728,-0.03201173798481196,-0.001535558330182915,0.004175273427533123,0.009241771590724293,0.06396533061209579,-0.04950380078282662,-0.03029273683136262,0.014438948548891196,-0.03237703667171304,-0.0398826531965277,-0.15785156563136918,-0.20697682893040217,-0.003426104915296644,0.015690849764211968,-0.10720043280326284,-0.2848589248415979,-0.02761197725378425,0.007064555598151353,0.23679661838004595,-0.10930823891607157,0.0007306246850739956,-0.060348403128570816,-0.10172132944102534,-0.09763699748121075,0.04022930335114886,0.04317558817829871,-0.001185706123548768,0.058526293852880176,-0.008969135826914793,0.016730108397112604,0.16922140544403474,0.0034101525546829698,0.1077839939582831,-0.01103427900058133,-0.019449282255186908,-0.07016223353643469,-0.025294034680401336,-0.03422997717394963,-0.002558498679687872,-0.01254153642999774,-0.016302308023523164,0.03448583419030767
17_3,-0.0014726057118351387,-0.01120016640426135,0.0056735405007607796,-0.014054418229475797,0.014016074329843906,0.00038492052857038274,-0.033574621720371324,-0.0021414955254301237,0.05694396494145982,-0.06624885406850012,-0.012530879405367672,-0.23507191661477822,-0.033085282995305595,-0.02217936535778668,-0.12679331305563699,-0.20994392925968353,-0.010526598246741445,0.008211264240940522,-0.1521058414028389,-0.2783570654174982,-0.02086265311444173,-0.02793558403527995,0.2583096751885185,-0.004458710735653957,-0.0057418499725797245,-0.14801708439674363,-0.06214902021600352,-0.052964943568784714,-0.01801777409585965,0.07377290009332511,-0.0013153049205456688,0.06646003685783677,-0.017918538945720028,0.029452868302500074,0.1422120617325451,0.01371903884181349,0.12998797387054079,0.005587571996984424,0.0006914647413618195,-0.014665623729491447,0.014865003114843251,-0.007868044264551843,0.0004160941658630502,0.003139022482496941,-0.02629141943062704,0.036440356178992085
17_4,-0.0034810917774319434,-0.02581802832641081,0.001598109646511378,0.016431039578462595,-0.016875688778954387,0.0008819127750705244,0.0092405566339089,-0.01683654645204243,0.06571763692565082,-0.05273173326652114,-0.017680399726013842,-0.10136518131062167,2.0646820399106266e-05,-0.0011695112809100865,-0.142193733382411,-0.19077353148594534,-0.019209571395021125,-0.05358933265211552,-0.13393310847254009,-0.27530261940241224,-0.018725813689399226,-0.010015521279908226,0.2943902510797242,-0.0089273301970783,0.008247572341215434,-0.03316467407949781,-0.05648011913211967,0.04912797258723635,0.032989656613979124,0.044053269945374424,-0.0013063602891409322,0.05697774612086724,-0.0134147328158396,0.009595688133428294,0.12790543652404365,0.013024447659995162,0.11033803321135859,-0.005775744696288214,-0.005501082014693487,-0.04115902270548387,-0.009093173469217774,-0.015750447119462975,-0.002924182180861331,-0.01363415767059775,-0.025356942549940385,0.019834521480408644
18_1,-0.0023874221002637462,-0.0038225581627266553,0.02221589994686875,-0.014591119685759102,-0.018556076173337557,-0.002309609674924602,-0.03389503229829195,0.014976692373756881,0.06461609564888081,-0.22490703501330575,-0.13318408525673892,0.029904986548516824,-0.06476367932008027,-0.009811072147247633,-0.09713422367275956,-0.17371591693723598,0.004490815547889062,0.01460527585782609,-0.14164486584000088,-0.29959090549538936,-0.031166177863075503,-0.029473210237528868,0.2344379967332708,-0.08250376144549681,0.0030392335078146876,-0.043166313622487684,-0.09336225941705532,-0.06169325561137161,-0.01364398234514779,0.080522164445567,0.009335643655459473,0.06644137516919604,-0.006955098791322684,0.03340006263038072,0.12612911943363855,0.004736108720272704,0.1339209651432107,-0.0027751350064625893,-0.00868816957816999,-0.013227074521531339,0.019052116965745613,0.008638815535453653,0.009793809587120813,-0.009737862305309063,-0.01971738117177661,0.06271774393265382
18_2,0.00047209268673832383,0.0035338828143071806,-0.02209401257683924,-0.017355388127829073,-0.02470092548807802,-0.005074128159235991,0.0037639662502567867,0.033049739321722824,0.07301675194235331,-0.008103003871783322,-0.03288163752759109,0.10399113036782456,0.014564330508842895,0.0447260756769691,-0.16177769244626036,-0.2017843623171313,-0.0096325923783218,-0.023810038905369563,-0.12048212541325713,-0.3179703523827346,-0.03565413598497852,0.0017962853348340818,0.26086997406855195,-0.043052894479537016,0.010080488157825664,0.018463441860827205,-0.0588804114603,-0.11482211721760822,0.07774705102142894,0.06248917381051068,-0.0021590593433726385,0.0638334495130257,-0.0032692941869739063,0.003968485093196112,0.17202531845965885,0.010498833963413683,0.13656929408477197,-0.02306634337843387,-0.018664277989418023,-0.06644495261223182,-0.011275052441666182,-0.019331379595545883,-0.002458925840236658,-0.019136604628741945,-0.012719908040529483,0.05185331599291331
18_3,-0.0014493889716893317,0.0003776406301747461,0.012196815292605745,-0.008047395138474,0.020700758352610756,0.00710904940414122,-0.02575154277985297,0.020907435481539168,0.04775818046223134,-0.008498496564721928,-0.05240832478694578,0.07680103435490586,0.0089621372607801,0.020303942928846068,-0.11528992325334418,-0.2211329331824514,0.003265669252911785,-0.008108998502208392,-0.21458195207906128,-0.3122699187585954,-0.07542820826817352,-0.014982365539798771,0.2631989145398118,-0.03884958031910874,-0.002059619140389927,-0.00231493722337186,-0.1360220184627584,-0.03188280094217705,0.07998244104238389,0.09045695061836101,0.020456987477419964,0.05887010783980062,-0.006990630013517692,0.017418237901093314,0.1432019733397397,0.015401653492917673,0.13807720612559587,0.019897452659623453,0.004210852286675569,-0.0006783595013723292,0.00010380527555672484,0.026693729444236283,0.005888725261603356,0.009313547771857781,-0.0294555343194713,0.05527985216375688
18_4,-0.0035530074764260357,-0.021565435311914835,0.002397544355629306,0.017790228861080608,-0.008551552423865464,-0.0004244744213187325,0.0028165717943965368,-0.018878958070727175,0.07166819576262529,-0.05491442724383603,-0.017258668377891417,-0.21639318468442284,-0.026094959813305202,-0.03921914908093088,-0.07084540927821739,-0.22302531260866304,0.027034313947645036,0.004535064730131389,-0.16078587436605948,-0.2731465347919017,-0.017001464574955452,0.0011682901025463117,0.25874903104319125,-0.10301950373710202,-0.03015939983107044,-0.09418684361230727,-0.07571338514740471,0.014157284941026558,0.07017169811161904,0.07637746004107697,0.014889858914019232,0.06694642886047547,-0.011803317988976006,0.03648029084869027,0.11763713373967,0.011307747882410273,0.09977662423831223,-0.0013031140226184557,-0.006329696073586848,-0.03989946456529826,-0.02443910250037001,-0.023151184887105675,-0.002542378326947566,-0.010381748353992325,-0.014660579359570297,0.038139582429426645
19_1,0.0017627460164254811,-0.0010289780876166284,0.0022912765049184266,0.046429185864464435,-0.0319692412808582,0.001988239840172398,-0.01496378498772453,0.005697140181610963,0.03492707964628293,-0.04906766750147393,0.024147653612362624,-0.08875065466797401,-0.02282292301318962,-0.008159373649625433,-0.10269055096435963,-0.18376692360195526,0.007558847466678185,0.014297878819956096,-0.10517612837004545,-0.22923143476187663,0.04034521110626601,0.17186599475212458,0.2908753913293893,0.07808087566680369,0.014438520969222218,-0.005488506867975714,-0.035805050570559785,0.13296594474743742,0.1271537740437244,0.043252151610393565,-0.007432906171066088,-0.008017766265592871,-0.013948602726342772,0.002616352994228039,0.16389307046371748,0.04358672599239004,0.15530146135696057,8.993659935820791e-05,0.005605141382842986,0.029626132838424996,0.015786616105870854,-0.010083670053642963,-0.0047201885863413584,0.007973102098812754,0.0026505476931883124,0.07567967571348293
19_2,0.0014243712795036863,-0.0013584750626055794,0.0036158485743227426,0.04574205317103132,-0.031966493047488734,0.0022199191390372226,0.005986431661877081,0.00654498773574603,0.03508898373063581,-0.04988663996972111,0.023945343613146916,-0.08894859129898512,-0.023882732399549647,-0.007791528132657597,-0.1072050383325774,-0.18054841459404003,0.00731404726176405,0.027321175241631558,-0.10538897970999789,-0.23255988779999398,0.0399769356758656,0.1717602057767778,0.2910349603897861,0.08417203946692622,0.014374775881840088,-0.005750042310386882,-0.0409366553540677,0.13170321181314332,0.12847598604371954,0.026948959722140085,-0.007432906171066088,-0.007839038135469593,-0.014131589654674464,0.002575323667364621,0.1633763750707788,0.044287180510174974,0.15634581339805068,-0.00018647844454851905,0.005088955204885058,0.040837429001296804,0.006518480283268648,-0.010060849895835859,-0.004757228704609322,0.011251740616519424,0.002591171460420557,0.07424424075212784
19_3,0.0013790879434527538,0.0032857583795866123,0.006364446022232549,0.04524330873261785,-0.03175854434245884,0.002093935060257717,-0.021525598942754295,0.005748625100453577,0.03541760607573926,-0.05779348439879919,0.02676923812682529,-0.08799176007544397,-0.022116921761462467,-0.007802056030506387,-0.1469130162349312,-0.2165749332583209,0.006732563895684035,0.04565216971556803,-0.09173780318403954,-0.22530978710238325,0.03464201610184562,0.16739500651295203,0.28964537141659585,0.09307359617974813,-0.039743154309769047,0.001454934939848633,-0.06977690405469984,0.1423232720019816,0.10761170112409013,-0.016070350930221338,-0.00830943725755807,-0.005505640417326188,-0.014574415279722957,0.004974184835707221,0.1412919011922385,0.03677653407826414,0.17911981142580377,-9.814841424767072e-06,0.005639768265646289,0.026951416083070688,0.008088720725047491,-0.010156339911478006,-0.004451519030545895,0.0061278285672505635,0.005145537311465893,0.07584367347379259
19_4,0.0016588335708662932,-0.001134706254045934,0.0017258192146586719,0.0461648564877653,-0.03211081132915294,0.0019947022258784133,-0.014868711474504725,0.005473989933833557,0.0346777866434168,-0.04907883275741308,0.02407221248250248,-0.08869880350148211,-0.022985791194330377,-0.007696936569411556,-0.14003880823133788,-0.18572507252449627,0.007597605615267243,0.0254874548154504,-0.10535481475356918,-0.2267183357485967,0.041787166910543905,0.16934530843688703,0.2908538254251638,0.08458166680714832,-0.02471165145656622,-0.011922425580475581,-0.03661301178034747,0.13476305025915403,0.12704105864664228,0.025454789047535595,-0.006899845247175548,-0.00726327666167814,-0.014160365306037204,0.002588058197891302,0.1616471343993142,0.04411125381864817,0.15700972410333586,9.06764880361725e-05,0.005568646319377064,0.026457075251091193,0.008915861313306371,-0.01011758517839116,-0.004713741114108899,0.008386604416508589,0.0011217945377378696,0.07449427429031083
1_1,0.0013389325142718518,-0.014251175903304977,-0.0030071153391380773,0.015393516186949013,-0.020127098694767188,-0.0011945750454774211,0.002902982161630135,0.00839177547287562,-0.7763422652381581,-0.199363794700287,-0.257132392027792,-0.2661287267876199,0.0017405335139661791,0.005828306751402058,-0.13178864786098712,-0.3122109480034795,-0.0050487048217355245,-0.06513516561091011,-0.3207156717253174,-0.28772337252713837,0.002340318904147322,-0.4887772305222974,-0.6999938735879817,-0.09018197009789707,-0.03814895101879452,-0.1613070536811543,-0.0510907952176385,-0.1123420557390671,-0.3476652719169401,-0.11249681770908841,-0.0019806228750522473,-0.3496027670198266,0.015404387047848111,0.004175964712421415,-1.601523685340398,-0.6609394568063091,-1.107393393337868,-0.007966113195808157,0.0016855552689581778,-0.030585045760210275,-0.003363378397299844,-0.013216983076311764,-0.039320357444565794,0.007662625645855515,0.0021048463899914485,-0.2825650546427019
1_2,0.00449933318013611,-0.023883046030520893,-0.03737525278482562,0.014030925388437691,-0.08347374612827275,0.00517409092206495,-0.0005561394556253062,0.002700643208232107,-0.9064988003020986,-0.2420502314724226,-0.2952071036520611,-0.24149873131535798,0.0019300868287361237,0.0059459734491314024,-0.01857754367541522,0.10442716735939897,0.004069133119410831,-0.017912887835054132,0.06984305470579595,-0.2563437428030271,-0.011585956493671116,-0.28416429037582003,-0.5625022884135157,-0.08833939497234448,-0.038691671146775054,-0.14975977124531067,-0.07503192102282166,-0.07041276870118539,-0.23278072339910716,-0.12975292856366913,0.0011624578709668624,-0.008528639826559527,-0.015842120129836487,0.006937341093099668,-1.670065601636299,-0.5405263846253704,-0.9934231345532297,-0.012289499346407419,0.007985497000106886,-0.04361615642844354,-0.008511271736184512,-0.009177130067615686,-0.01311673693828424,0.023965906043001643,0.0013288648978341238,-0.29798800384655494
1_3,0.0013897612951212605,-0.015722896959588943,-0.01636577848916034,0.013633689099571555,-0.01896450320896649,-0.0017000121008114545,-0.002150899174989782,0.0037710445329658037,-0.8363682011604913,-0.20957171673866143,-0.20701199664899742,-0.25852393630914716,0.001172252800439756,0.006832485280683594,-0.13845505380453366,-0.2932534471200714,-0.00560827733325212,-0.052203715038632886,-0.32185527647374496,-0.2841261744289399,0.003353016382777622,-0.5914635963933546,-0.7028299887823739,-0.08687544224085303,-0.04050762399143674,-0.2044242579839475,-0.18783009094429634,-0.1196904186140968,-0.19855121530164033,-0.11365463819692063,-0.006575160073758971,-0.35006558656903386,0.016486369365796723,0.003947915450454405,-1.6136778160996423,-0.6604204076519109,-1.1374935038238039,-0.00783337867181403,-0.0021874076582241203,-0.044942696720671325,0.003178740770050623,-0.01336724957746492,-0.04658363340529092,0.007412217227703873,0.00211230517778631,-0.27430367125096694
1_4,0.0014969765441966865,-0.01671319115367012,-0.01422340741770757,0.015256689794378102,-0.020486167798118793,0.002852471344232519,-0.0017343469749539532,0.00984914543194947,-0.8468655669578755,-0.2131718225385214,-0.2946050805984292,-0.2622693789285568,0.0031213621642411276,0.004958950677687812,-0.11927777875749383,-0.07006986684133104,-0.0002733067281691227,-0.04972917244596534,-0.3234756206672818,-0.285530140089771,0.0021746779402389105,-0.49480877532476547,-0.7041591783818977,-0.08732370604640843,-0.0395311751768698,-0.15302858025768232,-0.2391419365910564,-0.07327774056440962,-0.28796448327166835,-0.13131676593853342,-0.008616842640392378,-0.20128193784603565,-0.020617410680840755,0.004361877422579073,-1.5929891306122022,-0.6492007447687139,-1.1013915972385142,-0.008521340105662408,0.0007219838718676305,-0.037489299906959116,-0.002518303069775148,-0.013812313426435449,-0.015178566894472754,0.014980899199364179,0.0011877600486039056,-0.29950840587028077
20_1,0.001325346652577093,-0.025884077460228607,-0.025275684420844904,0.001689472789874623,0.001727672664432133,0.0043525596712898,-0.00344106219808892,0.00018195774755395174,0.0216303337212422,0.04327053246126569,0.06681090256581948,0.12974235135883253,0.017011411327273716,0.016254750685950236,0.07449828076101508,0.09369464342786438,-0.01536449791642941,-0.029121922363123956,0.09619847794865156,0.13892721192218868,0.0002855346296062909,0.04524003639187906,-0.04816332401677571,-0.057323792536048405,0.03665039735859481,0.0035520301485281957,0.06367932388924692,-0.07708311662032967,0.021425334759896178,-0.060719132066295214,-0.01990708510961166,-0.0060245568732267265,-0.030074150004393042,0.0114633885562271,0.0798156724154712,0.006714306844368662,-0.007993969656966898,-0.023326339720020715,-0.017610760569565297,-0.05012114972360509,-0.011750230569423856,-0.0018612252567235823,-0.01217427686203839,-0.015319720753779588,0.00020230124575398807,0.009481089918319202
20_2,0.0019225363345734177,-0.03203899874119143,-0.023317332549199397,0.00806517070887405,-0.010887208671610181,0.00018367819535338066,-0.0036721880761850013,0.0017968082794707853,0.025187010937011634,0.04278966604329727,0.06539200283234674,0.13425879023582676,0.008463182199752744,0.006118743979894587,0.06271224723689459,0.1026737173584314,-0.001280376569210875,-0.032560642203876354,0.09324740062666742,0.10341851338571857,-0.01515483490648185,0.02407054796266365,-0.013792559466647406,-0.05613633504867063,0.0020227500926212902,0.0014671191162378844,0.09123629603233188,-0.0914017215374655,-0.029363413046266048,-0.07162396872601255,-0.020263771057535677,-0.008294986610139287,-0.03121287527563768,0.015040345869340813,0.0733981664031346,0.006636221775422423,-0.008260948549444789,-0.02379013600722666,-0.017324257597198564,-0.048231233197926555,-0.0047831915259247525,-0.002707746104221955,-0.011660166692707065,-0.011647293113476577,0.0033230372105736146,0.00772241854122044
20_3,0.0010279002565650758,-0.03288164485386189,-0.02348321369884632,0.005830026355907595,-0.013360843395348803,-0.0021499376419933163,-0.004130820308727808,-0.0007613661719826652,0.0193142714666175,0.04024664076943921,0.06523702009935892,0.12896487018307884,0.012738786964605326,0.005704883953544678,0.06047586493528804,0.11618945864728232,-0.0030875957121938883,-0.03127216302198386,0.0930564975796163,0.13180580159522107,-0.03430009039767153,0.022743106238813548,-0.06278243989592414,-0.05864195943969365,0.001762239098875394,0.0011142575497054676,0.06038595150895057,-0.09891861402209826,0.02523200056100255,-0.07384768015141875,-0.020444265597769594,-0.006623678425712179,-0.031811490369551026,0.011339811516166967,0.06969348764965308,0.006630266860123719,-0.014749643756129539,-0.023163558709984756,-0.017577564061701946,-0.054355582903302176,-0.00366994691172286,-0.004242156645075479,-0.011960967664368324,-0.009532477755300809,-2.245317552920554e-05,0.005310253540752161
20_4,0.004079423693479453,-0.01890444186883176,-0.015314596448708405,0.005274776889936594,-0.01920861485533964,-0.0007970870452656477,-0.00478477582735201,0.0017814359015605856,0.02807147801336228,0.04979324661676891,0.06306276338570012,0.12499556910248812,0.008750012236132353,0.012994047756313755,0.08805316373916672,0.10518710761065501,-0.014815468800763738,-0.02898523863995292,0.09172223217375225,0.14023370631214677,-0.01622800012192259,0.06223334561631704,-0.03932464041591327,-0.05738746910044235,0.005311384074262213,0.0015404917171030783,0.06640912270007664,-0.11005892600889206,0.024515950989646613,-0.06361090725489998,-0.014764001673801546,-0.014282742691209532,-0.02889862888486528,0.010024534311680315,0.08928110594783872,-0.0018331066366315968,-0.011669825172528481,-0.021536403057328107,0.0017393572863016924,3.501108278670473e-07,-0.012093234269396756,-0.00827065340727967,-0.011238771127037545,-0.004258446668289206,0.0030772568389992316,0.010186238896237586
21_1,-0.009225104556447213,-0.00023464260150496364,-0.0015727731401203658,0.0035605993003625415,0.007547652660681978,-0.0003767026227674728,-0.0013633828627515978,-0.002375011170363836,0.04567052681900798,-0.0520437439057652,-0.028134780487193027,-0.0985770185736874,0.003665295898690595,-0.007100830049750314,0.057471033789175605,0.06420078538620518,0.017295898426395093,-0.005937076673219774,0.07730615326187358,0.054333012458610976,-0.00820385927873668,0.01260427111923408,0.15167597056041718,0.03325633129166777,-0.01727541535333459,-0.0010940503256114936,-0.0750372495691946,0.090674917459132,0.0876434999495276,0.009581319537881636,0.01036235777061819,0.0009363513659134894,-0.01894927159665922,0.00804316848421606,0.0734434612289561,0.0005372655282532134,0.13682193150330885,0.004110253055172183,-0.008232830551588794,-0.042390368576997954,-0.025769987817958827,0.00043180008010178255,0.0007832773297838584,-0.0214588076204145,0.014939843598109587,-0.021583755650972775
21_2,-0.008970110813995064,0.008595989771491348,0.00473211783554361,-0.0031277333585548184,0.0075432289254270335,0.002949118092802816,-0.01016032610606736,-0.012032719270906407,0.038421372285317064,-0.0714047421888068,-0.05080137113340484,-0.11371686289671405,0.0038410351109215784,0.0027910144980017285,0.01732083856880251,0.0674148989115494,-0.015669866631437556,-0.035716146257839324,0.061996374841619656,0.04894039377937644,-0.014392626857146765,0.00752755464986827,0.14709390871373307,0.02300307291097004,-0.013897946660444716,-0.0115051372048619,-0.08846303269940597,0.08078619688866481,0.0899468891696756,-1.0215740326240032e-05,0.009831802598283902,0.02945931295063866,-0.02080762034933914,0.007515224649503319,0.10265615646960406,0.0002220398221861893,0.12076445790820108,0.010330212577096015,-0.007544430923704257,-0.02310399886353764,-0.02259199676731566,0.004309890550722968,0.005304082257255312,-0.027841935739702294,0.034844344983046345,-0.061903309892737735
21_3,-0.005398638070956358,-0.012086131763278496,-0.0015147276833837665,0.01292724878235511,0.009310064169145692,-0.0017599204525485307,-0.0007639620138791951,-0.0023546968503062493,0.04721798271258815,-0.03979170922151284,-0.02137501101215353,-0.089854975053223,0.0033676477531969264,-0.007315238196179696,0.06052830839961774,0.0647446063722629,0.01940688856215033,0.0036372687640794273,0.08181934258421128,0.05651139794381667,-0.00851339303178757,0.008969091544324353,0.17319341900443122,0.0430764298312717,-0.01658939133382866,0.019115030990125268,-0.0776448272236017,0.10206784325886592,0.10238995120786022,0.01650671857464651,0.010604441768289627,0.0016778439651434025,-0.017065845643937202,-0.0025810780098297105,0.08112338187882333,0.0038838233385383174,0.13811452079186848,-0.005290787041547529,-0.013885026952764761,-0.048928008510628986,-0.025527332590811885,-0.0006068053576542523,0.0008343364319320152,-0.016321333282023367,0.01877653235897793,-0.022559217197983625
21_4,-0.004533256519080048,0.0001951445446532053,-0.0004661749879911061,0.010851521918654463,0.003659095949534599,-0.0009197805954198301,0.007114805465726153,-0.002171327695961993,0.0515597528161159,-0.04390147829820697,-0.024686641252448273,-0.0961211776686079,0.00432340229098673,0.0051086327636066095,0.05984721673559543,0.06627991691173063,0.019032773216862846,-0.007673247347804688,0.07775370676068527,0.06740390267314425,-0.008849704930890087,0.008981123278048966,0.15949594671566,0.03885076004872286,-0.01654345937246105,0.0194447027683619,-0.06701985361258933,0.10696085033733428,0.0991784186759808,0.010290479807122891,0.011143573406239551,0.0006473211672926036,-0.01819061559980522,-0.0017072923933999107,0.10609586117163806,-0.000956836948226259,0.13952873931520954,0.007601067781829922,-0.005862279215389406,-0.037966095892959704,-0.02131190058044745,-0.00032970468430989976,0.0012395484799958033,-0.021339815600130284,0.017084845025116136,-0.03578985715056361
22_1,-0.0074236427231250315,-0.008472509590135567,-3.754916440016368e-06,0.013782856002062676,0.007170067059392221,0.0005027526099073924,0.0067061293307978725,-0.00059330952457643,0.06402890613810758,-0.03555987580092694,0.0046498173616721684,-0.0742664785279783,-0.005476509098943981,-0.005813012297293395,0.061825652858039086,0.07189449998101935,0.019919193918565968,0.00621238282406536,0.08197008955354515,0.06786769719339786,-0.015736787503120825,0.024282080785244638,0.17278264689693273,0.04067129182157712,-0.03141824180589177,0.03266922417685814,-0.06646794109800312,0.1279690542616768,0.09942010273802357,0.031201847047702243,0.012274122729124719,0.015959579685873096,-0.017580685558983487,-0.0009653204968907094,0.10870972881264729,0.01144737942698506,0.14899671712661922,0.0020582313330819524,-0.006517437769251092,-0.04962044331096283,-0.02221975355602806,-0.0010204662286477776,-0.002102222796982527,-0.021828506192393217,0.018772149350310196,-0.010681194726744652
22_2,-0.00806484727460774,-0.0005336272087607496,-0.0018291287503883554,0.014015473901754725,0.02333927131811545,-0.0017627430521114868,-0.009952291145001539,-0.012916321223219519,0.06931062194818953,-0.03319325718668439,0.009120970230899954,-0.07411745303940917,-0.02041407472201261,-0.00897117679814418,0.030042020618045506,0.10416996106252585,0.013971700511863186,0.0261770487532353,0.0747218081908714,-0.007296883006439405,-0.023716134414150443,0.02763520359486874,0.26165461320965533,0.037917714331941514,-0.01613806432100402,0.024090066501148286,-0.034919644091953854,0.11191520937951203,0.08493608310698722,0.02458026905310731,0.013156269760832135,0.01234096229770211,-0.016837005605620542,-0.003785264728149175,0.09642702057113074,0.017715690781530298,0.15036600484455032,-0.0027901181775162234,-0.005414371489886319,-0.02604185507107721,-0.01754016231088636,0.0037132201853806047,0.020484545452929277,0.0018937134924764654,0.039442359360978854,-0.011476052086990917
22_3,-0.008141874617583533,-0.014521083397160779,-0.00443518277534688,0.03384575394883636,0.0019739745053415246,-0.0015642126128559758,0.006125972206543466,0.003965088920843271,0.06958060982363427,-0.03878966547378013,0.02228145602824736,-0.06895396913269765,-0.024323866702444817,-0.009392900086065371,0.03528730961008851,0.08449840056586518,0.01952802365313197,0.007601838312627547,0.06644044819972186,-0.019620709663375535,-0.01749651151271907,0.03532624848047131,0.263234297003986,0.05374440486429423,-0.0019864353105704413,0.02756381267103587,-0.0725793795417022,0.13630450491817464,0.08553865610817203,0.03377256659847281,0.011986662367469791,0.008413928735693311,-0.01692308941282727,0.0008433192848739357,0.10075932345577249,0.018951767491966913,0.1494795119604283,-0.007869632968087212,-0.011728276017452625,-0.04744623462061638,-0.020225351405581484,-0.006368674739013061,-0.0028527617972921374,-0.01806709060711186,0.021173906214468876,-0.012168248529064533
22_4,-0.009980455727008094,-0.013617352586975827,-0.00756701957048312,0.014741327251394066,-0.0027624826406653148,-0.002385309167849365,0.007105239783126735,0.002431664804080317,0.055823233595703944,-0.051800266712231154,-0.01563796080165443,-0.07896596002396944,0.004789275448148975,0.005544420454475307,0.07567931695000388,0.08995931937324289,-0.0040063689980527045,-0.02460486720945642,0.06847107435473758,0.07957774582258496,-0.016610146792361818,0.0222441391230787,0.1746656217825326,0.0469856880124949,-0.01921374140919473,0.02275763761185576,-0.06046526535179832,0.13223526174021885,0.10245294905479863,0.03289527783141374,0.00926593757469608,0.014291282123858393,-0.01835289709891169,-0.0036128755692518377,0.1332355601718337,0.013787261310705968,0.15255715892198526,-0.009491418122716117,-0.011494149689172714,-0.04273531177728488,-0.006437991736850265,-0.01042880512095162,-0.0035994080683402875,-0.030948492743653366,0.01914367292571248,-0.04079668435082976
23_1,-0.00644304673551704,0.010833734639486956,0.00780800611090181,-0.008812395330373214,0.015535435223951469,-0.014758568490026384,-0.003856796719498402,0.0005326936472160556,0.04634078915581541,-0.07454806427805429,-0.052940053780340786,-0.10516070111096011,-0.0014478084876857601,0.001412762724911486,0.02931120281337715,0.03592570364277359,-0.016308273583178816,-0.03921278874137034,0.03551784013398101,0.04516433837976527,0.013248326126690366,0.09573660315881707,0.14778593124160153,0.021980484810899543,-0.024210123635632394,0.005382967872018576,-0.08736170589695433,0.044977567667964805,0.07970070600360922,-0.009286099174997552,-0.010265822578552212,0.04299562179620712,-0.0034791052900410317,0.0025510111394485193,0.1143858997385967,0.005020377939197054,0.09643535167754226,0.010341126981006695,-0.0036799072127927258,0.003953859571594634,-0.010837463969320728,0.0042020087314763995,-0.012256488668445536,0.005836780072517494,-0.0023061044542516014,0.02715436725570429
23_2,-0.007192408773220932,0.00967031152322674,0.007876606957713752,-0.008879162186950318,0.015355648721364825,-0.014599852895376296,-0.003940398963803437,0.000503026318253251,0.04649191145836796,-0.07435282144242486,-0.05224161166875518,-0.10592935187855376,0.005695073523826928,0.0012685478501851775,0.029990535827652785,0.03645927998848321,-0.01728952399028156,-0.03234553745919664,0.044978235311952615,0.04274879752523745,0.012682192908281464,0.09751433454478005,0.14777793729627983,0.02495065537467117,-0.018512962470379292,0.005149738983598677,-0.08693486181954249,0.046844895024111044,0.08199977674021225,-0.011319774336080843,-0.00796976401358338,0.0439882871808729,-0.004068085578210938,0.002910456918871211,0.10576756909424352,0.00616703666306751,0.09733356883982218,0.007381227710975592,-0.004399999502590313,0.004592479022330285,-0.009922729285320403,0.0046352260389627324,-0.012253811144209327,0.00704966132161,-0.0017390193223904722,0.02714787646571762
23_3,-0.006503825774759154,0.010765981667343855,0.007777058636693014,-0.008481494390486503,0.009348548525820372,-0.014593748460788125,-0.003856796719498402,-0.009613537643426822,0.046196410714306455,-0.07575209942656723,-0.05554760787648049,-0.10516857962610908,-0.0005049752804504788,0.0015462201121148465,0.030420620764487958,0.03685919481062795,-0.014321762354225272,-0.03857202475756339,0.035903554905703974,0.04743021990790408,0.013559885051719326,0.09600661438073595,0.14822730917891835,0.0208996572114983,-0.02421788260469805,0.0019090222489565347,-0.08707089818229745,0.04525143199422338,0.07974092422796085,-0.009228737074722262,-0.010138297498988178,0.04350186525016222,-0.003797495982041852,0.00019714193536363959,0.11880412548294093,0.005493274286714007,0.09710140939898185,0.010498562647735025,-0.004146780624606332,0.0073312911901046015,-0.010263042510884569,-0.0001034195257059358,-0.012129549806158739,0.005420073486948697,-0.0022944360568048893,0.02726522052605515
23_4,-0.006520240010891912,0.010777544565524502,0.007682570844514522,-0.008482464025084556,0.015543792062421777,-0.014623910405951826,-0.0038479110282605682,-0.00726623406094782,0.04589698963832119,-0.0755484895074909,-0.05303058346470344,-0.10567966072981778,-0.0004061135798939745,0.01211498619874696,0.023238051984186502,0.03462601011380108,-0.015255826702982747,-0.03663299974617309,0.03736003946597319,0.04354667357338458,0.010338839089335902,0.09610109745863271,0.14791947534311695,0.020749572050963495,-0.01165436469914028,0.0008398147466319129,-0.08866033630624932,0.04422809612379372,0.08213251258219521,-0.005656211216597464,-0.01025821006804584,0.043205649394712144,-0.00319077311848184,0.0024789947683272204,0.11827186315537962,0.005498212528989817,0.09636875779402967,0.010315563982227573,-0.004309404310024801,0.007659025984606366,-0.010716985618136483,-0.00015823786104500294,-0.012509757371422937,0.0056712891917834,-0.0021027171619054106,0.026932348643350937
24_1,0.005829817001934365,0.004824746781507647,0.023796855591576467,0.013154858902457812,0.03937637263398,0.006123244172754024,0.010868027617305,0.007631404804513955,0.04036768789175345,0.04348051727201341,0.04755633343073352,0.09928423162615045,0.005387192151993529,0.00844556561690075,0.07842658471658133,0.07861103940965711,-0.0006947907429882272,-0.010152747776403058,0.10207810228474483,0.11459764526280493,0.026734736710489978,0.0738141564449766,0.14650709523394226,0.002770623666571089,0.05132071215703496,0.020216975200777,0.10303051249526382,0.11903720854314141,0.11224281556316991,0.06287570029402229,0.015024935556103788,0.0024151148198976852,0.09742914924063503,0.015477545704116934,0.18443580880055294,-0.022110180839160463,0.16379560971843438,0.018587647346994043,0.03229156676580767,0.18012431115784858,0.043809042382822724,0.007078644111437303,0.005282123301625876,0.024316772553662557,0.0035888470699526353,-0.03892618353098407
24_2,0.005802494691580564,0.0053816481244007884,0.023251210480510695,0.013609562333462069,0.03856808973793539,0.005645893553853741,0.010817763330340832,0.005647138431910362,0.040257678324342454,0.0452180604920548,0.050715297170047545,0.10135391836674765,0.005832864760313089,0.008501106346430283,0.07918802099005665,0.08100519001986048,-0.004295501974233779,0.031387631713714316,0.10244962327757842,0.14654550052224213,0.028140731157363038,0.052065128947127025,0.14436987101436147,-0.0016755657534134301,0.043226658438558635,0.022862204377653097,0.06915993284354453,0.11808075072012757,0.11132735274048147,0.058031209367408784,0.005432565287988894,-0.4010316188003075,0.10167106890643605,0.014565543413654392,0.19211526996192782,-0.02352167021252766,0.16577831588977698,0.018716792981492782,0.022071095090918633,0.16628110685084638,0.058626424967395174,0.008150259865870708,0.004130434639839901,0.017363969446078126,0.0037981066097721346,-0.034861406543235475
24_3,0.005820784208509223,0.004955083886882659,0.02601010590655111,0.013512637724222478,0.03887782411583227,0.005700353763371971,0.009589894449985047,0.005605058550924584,0.03607774786318511,0.05022077151590225,0.05076904368362032,0.0987623080047363,0.0034799826964859643,0.012104538277667937,0.0745242440660591,0.07965354085096056,0.00427874750965498,0.030913356327043864,0.1029390044804509,0.139973663860268,0.030825021671880958,-0.0012968179551586703,0.14452385723177236,-0.0012937447813512384,0.040746043967947725,0.05263468952056279,0.1011165396289702,0.11979670232008251,0.10786764200580409,0.0578689641686604,0.005704246784246888,-0.19845189645522543,0.08964915579565573,0.01659524924974534,0.18375512645913622,-0.024995186547611677,0.1679010168286325,0.018981007604376942,0.020853360145474703,0.16005555066857743,0.05065151349414855,0.008108183331317208,0.0027770028871753408,0.018631513563494306,0.0035308318992578244,-0.038034141961562455
24_4,0.0058188741778458595,0.005050404247220512,0.023818531982961223,0.013379261777627806,0.03980208676149961,0.006123244172754024,0.011086157478611412,0.004365837030546286,0.04068142807048237,0.04318943100970757,0.04652507142345798,0.10106422591089924,0.004299540394435849,0.007910401445584745,0.0737062855478473,0.07836977961274565,-0.007031661725799698,-0.010129512208325132,0.10195883175315223,0.1447791737501829,0.026520984759828486,0.04629847438061024,0.14242995222413818,0.0013707852503702439,0.05188831280902278,0.02021948383099303,0.10408397636659672,0.1185471169399924,0.10818673914711735,0.057979279693969425,0.0151683181048399,-0.19965937570752687,0.10447411296837215,0.015466764348330896,0.18399455242942264,-0.019889763294018946,0.16404926612967918,0.018641172909235067,0.0327050723715895,0.18462087372425307,0.044372714486197264,0.0063736684615032365,0.005475844475188225,0.019042549611877513,0.0036678152336335848,-0.038939354285389756
2_1,-0.002584954895412578,0.09211219913366098,0.06841446266994088,0.007802907997808106,0.04324131027590602,0.004710455776354601,0.021129187842606853,0.0013344249147565165,0.0717225210983586,0.24440854924077085,0.1579321995783037,0.18168710521884057,0.014637918478259983,0.0036491804411840968,0.09215756390736903,0.15501356263707752,-0.00647444776996381,0.004809393882077134,0.21439475971660787,0.29868104375132526,-0.009233128041771366,-0.012023589790131777,-0.2623560107160663,0.09151974651370717,0.06554589136998618,0.15583854850976558,0.1288343799662713,-0.03135202352260464,-0.0710451689211766,0.06686082715295694,0.057085343962218184,0.0363108094728883,-0.009544274991402068,0.013522192437187391,0.1438491075852058,0.15234149639190153,0.0875794712678987,0.06188469203447307,0.020641938214166478,0.026646417239298004,-0.0032927913616471664,0.008095252991052092,0.03700337707327423,0.06547178578415762,0.032287453480616075,0.03892512390163994
2_2,-0.0030382109970108684,0.05535537639469506,0.06810254334877655,-0.0019412942642120401,0.009636280977975083,0.014501205192384323,0.01750564074610623,-0.0007191227640660662,0.09479834319033688,0.1934413890047042,0.10604855546755683,0.17891704258197824,0.011639395527549942,0.014259048395296025,0.08842652923297263,0.11166354004266618,0.0024964653655323737,-0.0028472845024507883,0.1560706699681611,0.19854386791716827,0.014692711650774926,-0.04211102897328617,-0.06405688537319505,0.0708591837825436,0.07023158695813733,0.15122267072762824,0.1207345834671084,0.009970224906009881,0.023599261368906204,0.007662709321188742,0.05679684519696826,0.04024014414202599,0.030867057064747135,0.019386666202713926,0.14790894157330703,0.16987931046066085,0.08355054807819948,0.060277045037941554,0.009431847572758358,0.0132370464909274,-0.012117377959563238,0.015872054805675724,0.018905919848137297,0.06334197174232932,0.025102484611638606,0.04265875434659313
2_3,-0.0006842473216721164,0.0720621924087182,0.06931572400284462,0.003370011930808665,0.03806670052610665,0.004556015827451767,0.02101611480769934,0.001954538784965289,0.09637276469802054,0.25802337528219643,0.13950500201218324,0.18745184942703444,0.013570454228575142,0.006460950271966388,0.09102885127092858,0.1504321777420723,-0.002968708614559799,-0.01615463399516758,0.20444621566639437,0.20229840791635592,-0.020795777564717396,-0.016714833537215725,-0.17933146227647864,0.08245656679096229,0.06790486461523206,0.15302825055359887,0.12801878828320118,-0.04157710790391896,-0.07037325990031082,0.04232392912530794,0.04808287318882298,0.040936603916447,-0.009891433719402922,0.017366887288721652,0.14365570672650077,0.183997498626305,0.05447491773254577,0.027459503747032498,0.020138914494734112,0.01325519391807311,-0.005624183531859033,0.01028116512107559,0.03115825130478443,0.019539175988508527,0.03183226902604405,0.033805374280995906
2_4,-0.0026967388515757836,0.07338249202801725,0.06944660622309484,0.004604308681081421,0.042464887889744445,0.00465541983429057,0.020626881493780617,-0.00020221496889478513,0.07224964355926798,0.229645713133481,0.14782381444936513,0.1812828247809471,0.011650366485644811,0.0033766537285177607,0.09140827233201289,0.15468751281295726,-0.0031035048702567378,0.009642378619247795,0.2153139124062921,0.3001605856778248,-0.008734667153444507,-0.01265343946256844,-0.26255983812477596,0.08262281354543197,0.06626648538692179,0.1689913676957837,0.1273051915937141,-0.040621681306236286,-0.06962498729758335,0.06701053207091717,0.05685371991047379,0.03631638236036838,-0.009550039654647718,0.016634864580808605,0.13172988885056364,0.18147694336231587,0.094404138327586,0.02638243426865138,0.02016986357727849,0.01560984550339476,-0.004685710790347435,0.00039662866714755915,0.037656065870771756,0.06520229658951342,0.031815798534874554,0.03564536564990093
3_1,0.004010677586546857,-0.01593069225254156,0.009753898340817616,-9.587843759355967e-05,0.00028671323664052235,0.0045116467174831365,0.000557004407937348,0.010331413726204896,0.03512111298215188,0.07290819550954598,0.11812242649726531,0.18099830125042815,0.012968898164115535,0.004534979838327239,0.08057474468083242,0.1448551568093009,0.006839266179525903,0.026824432345251042,0.10067939049021955,0.13714046171662495,-0.0023146320423832524,0.10731214842118073,0.0014858656345558307,-0.013678545953028677,0.04595148938812092,0.003399627123277765,0.10569285107088182,0.051549657479775274,0.02802949529994797,0.024392484914136144,0.0019818078397653626,-0.0012397001787539542,-0.016285429623078464,0.020725891675710796,0.14361223726616443,0.11925336447292664,0.09417509669672826,-0.0049282538116748875,0.011163852522442924,0.0037295324751240085,0.007636364372709389,0.00022058019140946673,-0.01032409221813675,-0.005557318935573651,0.005118907868924995,0.04769164393811512
3_2,0.0034307093858371314,-0.008756636087871129,-0.01942193182246166,0.005804400078309769,0.010829593842874154,0.006769021089840345,-0.0030018432151331428,0.01062961670905441,0.0345378796270454,0.05801615384849535,0.12905615872163995,0.1613956788122905,0.011135555704001454,0.010140227221113188,0.08931981159337865,0.11782760874434761,0.001290363987468869,0.030344012080025077,0.09977704702354687,0.1195777523700677,0.0026018339565674156,0.08305348119982099,-0.016977015991727955,-0.033651421303146245,0.059405641427808964,-0.05951172681059315,0.10237644908328054,0.06459294188898868,0.047958809757214144,-0.049961292699094814,0.00916116718457556,0.01607664338016823,-0.021282065344963092,0.011146476323021954,0.1663734316663159,0.021352444206280033,0.08199892391782913,-0.0007964740808800654,0.011296585438117492,-0.03568049289531297,-5.919424505881508e-05,-0.013627771938424982,-0.010112112102767004,-0.009013661027369894,0.005754551946112562,0.03099059781658599
3_3,0.0037198123089255664,-0.01552077742679522,0.019921411871723527,-0.003206330753404089,0.005684818232334191,0.0020597058507895137,0.0024292091050979077,0.010422893278665316,0.03047880735753703,0.07121932160116491,0.10900169273163565,0.17162219484331984,0.003151503232599171,0.002290392063605053,0.08214033483992986,0.14904721367562443,0.002533701396699383,0.02250463593756362,0.09980427866282207,0.1673116614197196,0.0023761020592801703,0.10360816826814676,-0.04932500028446917,-0.015113578134637817,0.029912847514397784,-0.0025393262061147634,0.10891818257196734,0.048444052816384905,0.02351827962958962,0.024794981264535016,-0.004319722418604438,0.00451868940250485,-0.01762565221715527,0.013705383298250167,0.14075541686244386,0.10119728756898992,0.08814186348339645,-0.0034392385276557067,0.010185768202672644,0.041325095168369616,-0.0028738006827374015,-7.804191819395874e-05,-0.01019546110214485,0.015015206728653824,0.0027550199739958215,0.047701323266272445
3_4,0.003665641466049751,-0.015540605938640172,-0.02014967079064242,-0.002116654376458691,-0.004010928425932334,0.0032915587551193134,-0.00024571882565213116,0.010543487118323374,0.02805763814637713,0.07459797712132525,0.1060747969612604,0.14435432692504904,0.013040017018952946,0.00662728974537824,0.08360326241819035,0.13695173445386719,0.004500719005882965,0.02524218746442067,0.09751601129996502,0.15758249542756178,0.0009911513041950867,0.10387337049425743,-0.04958344289741344,-0.005596796374830022,0.047333717620091496,0.006113055342514383,0.10879365551491933,0.04930088967894493,0.04285167759093631,0.04011863299058443,0.0030154078573487717,0.0009692177597536442,-0.016349024736977195,0.018560304686905348,0.1535434667060304,0.12294858776373013,0.09134216962444755,-0.009505195154913592,0.012552956722937627,0.010446397755681671,0.008236114611582319,8.98359320193469e-05,-0.010078423267819882,-0.007571913149566746,0.008388166026709333,0.0536142407788766
4_1,0.0044032103095351036,0.020272668995102605,0.013364879710376197,0.025715052571547523,-0.017820526917117524,0.0018692950381092913,0.004739973396331001,-0.0001552960544871745,0.0675140204008049,0.040593354910333904,0.10839145017266463,0.15304799382049564,-0.04084161365273574,-0.010302860019479151,0.06011280845629382,0.15733296686562878,0.008601112695845072,0.031221946439141033,0.06391876215097836,-0.027864187214797356,-0.005611184176427297,0.06665924854161404,0.20091089562958467,-0.02222067703431882,0.030617513863919327,0.034332178544088945,0.06809077297151891,0.05727361403716799,0.05967168127817368,0.035008834981529985,0.018134383913423546,0.0033754344208648296,-0.010008906385230385,0.002395548694401313,0.12625773117133327,0.11648751572963532,0.0790460297279505,0.00021283025933982805,0.015396055868408642,0.0957920230936971,-0.01324949278923015,0.003961471687677265,-0.0037183928216610023,0.02070346215050327,0.0045202912333976225,0.06614465924153222
4_2,0.00394148429279283,-0.008865588862347371,0.008635841744654647,0.0037954831041654667,-0.0068147238895368435,0.002308660833977319,0.002014917394237201,0.0005489479435176314,0.059999476640232266,0.03975587487850531,0.10703323408990378,0.15050173692109806,-0.013460448303650454,-0.009474413890818698,0.05522557396911481,0.1587064775049722,0.00969778086074318,0.03310100867836528,0.07766046271689525,0.13256293779187067,-0.004497714338785657,0.08437263281301176,0.1312333452807928,-0.014481194816014288,0.033587225023232706,0.014931751255445656,0.0847151192041575,0.0503664759100905,0.060862174769770114,0.03504893936736848,0.019450916524908043,0.0025728923378777672,-0.010879723784703943,0.025919906154685583,0.1228834811782759,0.13416766570838035,0.08630156512388723,-0.0191028183194918,0.015368593649648005,0.04755410481701984,-0.0005452703311668193,-0.0030261555463121153,-0.006378781579037952,0.015290227563808585,0.003975065990024681,0.08898855749534729
4_3,0.002216739330860676,-0.014472778768535888,0.002159571235073762,0.002325308162899631,-0.010285091627604681,0.0004223261354808391,-0.002914945845579689,-0.00023996748529046168,0.057097770245220246,0.03996721422809363,0.09279699231405265,0.14558477094133698,-0.006257280043323598,-0.009219894242603173,0.05541616919201415,0.14631357767218803,0.008741412050496129,0.039377033024239054,0.07682128871701288,0.12784078677990046,0.003694102025865424,0.08704447230040847,0.1317868055282577,-0.006410276031508841,0.04897630630999526,0.03275697751426289,0.05906204758666051,0.06644742328677038,0.07270392298790238,0.04001426988431033,0.020915970625611457,0.030340851751459813,-0.009186891277550853,-0.006009821232734612,0.12141819795319404,0.14228446680209747,0.0885251776356818,-0.021013273020089547,0.00833673975756127,0.006461260521556477,-0.014568682833520877,-0.0006956450161739768,-0.002145929003162198,-0.00611583465702583,0.008347981347826548,0.09008616752599061
4_4,0.006939311167888766,-0.010886348870789412,0.012490975603633195,0.003907106517976731,-0.017227509558221003,0.00013564076121425485,0.00559724741925469,8.12972580711399e-05,0.05989072844609324,0.039315589802860484,0.11660785465502065,0.17813606912103985,-0.008535345981498927,-0.010194529845307254,0.05533784563181508,0.15907190497708842,0.008253109702532247,0.03195375034027975,0.0764887726329956,0.1298495650829155,-0.004805042829459339,0.08523262622433331,0.12453937947889601,-0.011597569126142524,0.039601416660582735,0.03225957536191825,0.08638799377840131,0.04999088076716886,0.04226920912093841,0.027072863837799388,0.01911275040512424,0.005397861012903092,-0.011843388281991309,0.02759320969206815,0.14186793686898932,0.12095174511781162,0.08850790392522787,0.001222731373997752,0.015676677407364836,0.040038692258701714,-0.012581009471931746,-0.007605691966593526,-0.0016474327826601965,0.015491034675058819,0.004863815961896646,0.08492742420772656
5_1,-0.0025282180003885274,0.030649237530704056,0.024689851674357322,0.0016903537420610247,0.025879714891808122,0.008684940450894203,0.008422581433640173,0.0012440618299315947,0.05136305106771146,-0.1734312504531492,-0.285875925688856,-0.26098673116009546,0.000493520781306787,-0.007230752670615134,-0.13117075816369406,-0.283437191766629,-0.006812182818850596,-0.04840565992820328,-0.483089141883011,-0.20196936092715304,-0.052946772108699164,-0.5297270973721998,-1.3539038814802118,-0.08679998226929832,-0.01363622977682792,-0.17062900352904437,-0.13813278779338264,-0.4976702470798121,-0.5558672004823394,-0.14412926552039962,0.011950559995842339,0.03927361211965275,0.014614311997126742,0.0025743100067454976,-1.667902340686564,0.011622389436268544,-1.1685110763987845,0.020517990388347895,0.020461582697878327,0.0026485309795497396,0.009474616842149263,0.012325234744137896,0.019567258874729328,0.0025761161691702787,0.0037918820823488225,-0.26698428237361466
5_2,-0.0043894813861553705,-0.018607970104639285,0.012932243961130643,-0.006669430494572255,0.023154702412728587,0.0027002667398606916,0.00023318351703820558,0.001025382593546246,0.04427467586276721,-0.14975682619064906,-0.28132398282436005,-0.19724967278952016,0.004115069076088687,0.004957262267907289,-0.11285659317366388,-0.2804933923718267,0.0049922841054647485,-0.0009222232499823487,-0.33181179234133634,-0.19492550408272172,-0.05005451600787236,-0.5386169019285757,-1.417004797237847,-0.048248841058076065,-0.015200396352454218,-0.14935867865795224,-0.07195789957270167,-0.49904929469667686,-0.5289767676406038,-0.0343443061459985,0.010574738422723036,0.03532492120013572,0.011610877505386055,0.003117431005192001,-1.6579366691861577,0.009602641722274407,-1.1466601172991049,0.00895306830844643,-0.01321711889266052,-0.031663173144857906,0.003475764149945129,0.011352331671293722,0.01661807526097776,-0.025640883349874428,0.00483456077070899,-0.2894511206096994
5_3,-0.002037413515160988,0.014941640165390747,0.02634703556302496,-0.0012003128314888624,0.024592177672988404,0.008851936974276463,0.007384618520485053,0.0014171380930615295,0.03677532392607731,-0.17179221126750027,-0.2855758413963362,-0.2576004583139427,0.002503427585112629,0.0069141134350229816,-0.14277282681811504,-0.28220867068603844,0.0023943289896991423,-0.04181477545120116,-0.4787702326087607,-0.202061752840378,-0.050457876057579405,-0.5119240633672123,-1.3474792529811113,-0.08704813622615361,-0.013794185656056787,-0.16933426525305528,-0.1362056141650235,-0.49762298550201256,-0.555004247169724,-0.10452546768265031,0.012730814515047394,0.03964116308570469,0.01248700734794399,0.0029565784969551655,-1.6506592240710376,0.008115421050418136,-1.1763340949752898,0.019945773181373902,0.014912747879446093,-0.010210588698620736,0.00642952714009534,0.012798980791201767,0.020371048084093974,-0.0007502266595984099,0.005054258741996763,-0.29672681782961774
5_4,-0.002790396380394857,0.03150017593447011,0.024760262406377728,0.0012106956561596936,0.027480590356049415,0.008908808350710284,0.011440681694640928,0.0012365092145065087,0.04013734964902054,-0.17245037172278005,-0.2571042284730848,-0.26293050980709803,0.0030085231260985655,0.007388762575788414,-0.1414255822769975,-0.279217970842472,-0.007551275042071051,-0.06076137942419145,-0.47695464395958553,-0.19671029029288656,-0.05343383310348556,-0.5288645333339722,-1.4048791571921868,-0.08646385613402979,0.0036544090055866227,-0.1697389836854169,0.04555462138660831,-0.48904559446430046,-0.5310475789166942,-0.11819249324503722,0.009885664060863147,0.04100042638751294,0.01494466997827679,0.0031183658692897406,-1.6656170548033145,0.009324865414427189,-1.1847768648067507,0.021481395212679187,0.018944041882400328,0.0027581730887121817,0.008522921329099138,0.01256781023280903,0.019579930788919103,0.0009480807263054277,0.0037575520883119974,-0.24553080321716775
6_1,-0.004858533190454613,-0.05296174535513206,-0.031120757807224092,0.002927663997988735,-0.03600720509703728,-0.00542094590576594,-0.011252151752482537,-0.007312455216936915,0.004433477268369186,0.005751480809805517,0.08423336247227056,0.1227353689848567,0.005137635239982284,0.0029542786989652913,0.06269648336706325,0.10180249875726054,-0.006837411020841346,-0.040399193608069796,0.13562859838163077,0.14496279521137118,-0.04610579865322581,0.022319464100849822,-0.1955581065460514,-0.06606576025421036,-0.03577401115145251,0.014914329141990418,0.0565375196690999,-0.122999305814617,-0.163681446372742,-0.07621549609287669,-0.01732077253584762,-0.007933025070213536,-0.03234473201410098,-0.04114201040974753,0.03401273234657816,-0.025887681276315713,0.06433314588608362,-0.0126382651421868,-0.008608521520486127,-0.0727847899779539,-0.022560785195684063,-0.0036485244100750267,-0.011435132234758155,-0.05049643819162251,-0.014004565771216832,-0.004255219006371018
6_2,0.002114073038939954,-0.04651258286928742,0.0052079376404394195,-0.002562443712357663,-0.02904748981263212,0.002870585220876823,-0.020090435147285524,-0.0018926738657092548,0.014276912569269475,0.01511177249639806,0.08792284754272288,0.1243872998196661,0.011096818415542338,0.006103247414159602,0.0654546642329533,0.12691188495707043,-0.014161463103618977,-0.03281601332689088,0.1786835847203716,0.170486439276992,-0.05008824812789107,-0.1966362461502656,-0.17315366148949038,-0.04941200747051337,-0.03332687214177002,-0.016135443219319635,0.03985615940409905,-0.1154775456441578,-0.16108868134213492,-0.022684316379614405,-0.03696943442395243,-0.008561920968643586,-0.020947581178534833,-0.07537150671145973,0.06401735826064055,-0.02496413751765917,0.09047706829047385,-0.006017860594794448,0.015462585734163502,-0.060905577777105875,-0.030819066153826517,-0.003939223089950886,-0.012599389895056594,-0.04537182479300305,-0.003551692888216755,0.013391823367119856
6_3,-0.012297023472981118,-0.0415184024433217,0.009176010147305062,0.0006928624520238322,-0.02543993992299293,-0.00047564018944372996,-0.008757646079878561,-0.006864929870138826,0.004409940669813718,0.0035156235666026995,0.04894541710051932,0.13280788641603183,0.005336051482760326,-0.0007998612679426716,0.03082237932847184,0.11987105665632442,0.011451748845525756,-0.0420045635140019,0.14894568308696576,0.15958020463387543,-0.04213074821549529,-0.1324344246430509,-0.1608200804807585,-0.0530181648403133,-0.02222990837542179,0.0951850667437778,0.04649381545563039,-0.09953117910569746,-0.10522531294963483,-0.06337732203656726,-0.03663041057710263,0.0028184669402315787,-0.025845313882308873,-0.05791033475162183,0.06345701998587548,-0.019606563994127125,0.08811307896856177,-0.007582840467208035,-0.010089670764832926,-0.06801688031793154,-0.01938068649335913,-0.004262140817413792,-0.013250860565106687,-0.0441868133635166,-0.017371508373091767,-0.00021685884190115158
6_4,-0.013203393421897894,-0.04173685022505958,-0.03000102634999111,0.002662608497835357,-0.03336762013597067,-0.0011259268537346721,-0.012044671725022152,-0.007309652629391964,0.007117467134555149,-0.00519109708729311,0.07792151222139714,0.12357730276226207,0.0028127933897732324,-4.9637724739328174e-05,0.032269455027514764,0.10218050057976763,0.0017528805889331376,-0.04085674341345089,0.1337698278554746,0.1377366979426063,-0.04483678428728977,0.01895499203324729,-0.18314409723783628,-0.06927294028771182,-0.03952426872431536,0.02608850885393397,0.055636595147386766,-0.11620419216241422,-0.1664931676075165,-0.08068003632036568,-0.006888585131341929,0.0033826482038416495,-0.028166203751242028,-0.03869880515962246,0.03446615171014371,-0.023615811471328504,0.06149298432267213,-0.008349454365537242,-0.013440786046431162,-0.0719354190092782,-0.019436194450389976,-0.006042203798204687,-0.013707979786381119,-0.04523499519591967,-0.024633181948071126,-0.005189165119444822
7_1,-0.009128142031694216,0.00890792317652865,-0.010104105031658032,-0.011353472115839605,0.04914072096612464,-0.0016479007102899418,-0.012283650498164921,-0.001013093951992606,0.0516426994099806,0.05843448360882074,0.1552792128560933,0.14890543217246324,0.008295581476851279,0.00956029121947614,0.06683439138047334,0.12017383492890633,0.0009559625775858656,-0.01986072926716858,0.14330295513810293,0.1772450558829955,-0.023630594455652434,0.07675987959495487,-0.15162558472728352,-0.010149128682698553,-0.02772517880552105,0.029163133255715852,0.10487615058788578,-0.06488364335865607,-0.09055385649183342,0.02798021932523433,-0.010019881592596007,0.0014021246022123352,-0.016425347908826597,0.01339412807587207,0.15181508058914425,0.018443150199792306,0.07035043880504377,0.012973282615130033,-0.012090644367431335,-0.042180391635815016,-0.009393240770571652,-0.006063710443597597,0.013152128599406286,-0.009942918196861297,0.005092345880892918,0.015140492942319866
7_2,-0.009293081657364269,-0.004950936720892178,-0.011377143584024101,0.003127641230098405,0.005767778262669082,-0.0025083930409177235,-0.004827699147736332,-0.011100441548715784,0.05306678830601992,0.02007292782271876,0.07999320476611405,0.11668216573470637,0.013359428159762108,0.02475844945223583,0.06820400239442034,0.1109030312717718,-0.0033722122856447733,-0.014567596077762939,0.07065465615266567,0.14981397592121729,-0.031788201899036216,0.09137333974971457,0.11702680541058083,-0.022362072061911903,-0.02318932286698787,0.043129614912038323,0.08342289089830422,-0.09571037139256472,0.02606239994097582,0.009338870302250968,0.008223108027570477,0.009373573407643982,-0.014734688329683807,0.013500783800565155,0.14995555659342297,0.026415652823182787,0.07080141561126536,0.01653358249248092,-0.011944613974695092,-0.03642075749823949,-0.007570470807577729,-0.009911684073305742,0.0007710287484664393,-0.013093867316146845,-0.012703440644454856,0.02070340286872156
7_3,-0.012980042493686221,-0.008062818254048129,-0.01174756723689214,0.004108651940170515,-0.01716296731283722,-0.004525607091427676,-0.0032424924087149183,-0.013541753505310887,0.05036182228782447,0.024866605862881655,0.075302310733638,0.11688558035257961,0.0032910556407305135,0.007357198997869355,0.05535106903585562,0.09554512988527954,0.004048730469997717,-0.006698670433302648,0.07123191374275857,0.11418804450687803,-0.002153363078107834,0.08639923339047992,0.10668171079441009,-0.01841637216551095,-0.006263127293286395,0.04926317457016336,0.08085436443534473,-0.07826457328671899,0.04618435199781256,-0.05174638834424217,-0.00304149628553851,0.008839816986536866,-0.017548664658005735,0.015203397217483504,0.14204182855842443,0.016442257730487752,0.07799136337917603,0.015919811908843926,-0.008221458129428682,-0.03699103851624275,-0.011444967387339113,-0.010953733820233428,-0.003629053969494126,-0.023944250186408098,-0.0031657175381655865,0.034813721040449046
7_4,-0.0136376011011445,0.007876276472206588,-0.010673731421948341,-0.01241006011545212,0.02313327045032106,-0.0031521534400466133,-0.0017602896920291776,-0.006422142810845241,0.05187520607939411,0.06214127282529223,0.1449277987012912,0.1405211416303503,0.010493235045927954,0.006325317591617705,0.0764863846418207,0.12683158356815058,0.00452638968020363,-0.00673237474196117,0.0936009185501524,0.1792469995095304,-0.02657259593818611,0.1006214876837477,-0.06267734966443679,-0.005385338364976681,-0.020198914375424138,0.04039513895937985,0.1308653967168523,-0.05568772623947528,-0.10699151722829783,0.027784593789425178,-0.0008076723540716461,0.003390320817801865,-0.015192160311300914,0.010734313743783131,0.15831025063296636,0.01771197566934672,0.06408916698806169,0.004216989636306166,-0.010489829601375575,-0.023565888414099127,-0.008375239845886102,-0.0060907322020571026,-0.0003225493412837259,-0.009648738596976401,-0.019914748814792507,0.03892392666521309
8_1,0.012849869538017014,-0.0015592602671714027,0.021342837436713048,0.010799105059387594,-0.024471397625115236,-0.00025248710827392327,-0.02115062631902767,0.011042651747663152,-0.027374236658988565,0.05062590324345266,0.06855332184296466,0.1481427184612178,0.006871649350564112,-0.00984616897889962,0.08250515034148867,0.1227896190582307,0.006437396378297113,0.015428535378912384,0.09731768048802122,0.16494428165496713,0.001868299590104303,0.07833160294343382,0.008495129619683822,-0.05901339993706853,0.0009376230487936897,0.013363012918094733,0.07346039656911545,0.04517409686319129,0.02204949289054739,-0.05873068394919978,-0.005910133051748727,0.0032479099290208943,-0.01499663394612411,0.013536333357613594,0.12408882277812937,0.004304934477002045,0.07483681304841218,5.435576865092716e-05,0.015309821451358067,0.04791150385675838,0.01886143346193655,0.004895175655165334,0.002170230844109714,0.005899995497747201,-0.0028019219102960505,0.03738520510666698
8_2,0.01268609387737926,0.0007910252609245502,0.018648708732714844,0.01164436185496814,-0.024953354269890864,-0.00024288200934804776,-0.021494625367614283,0.011044852987430303,0.023581035394961068,0.0469978318405312,0.07283225717798517,0.14794885774844826,0.006891213985388562,-0.00907392548151565,0.08195508862228962,0.12231393522737226,0.006277976861485649,0.017036252320627037,0.09775912316200108,0.12816666350474912,0.002532631645531652,0.07750765287746265,0.016940087317453244,-0.05647994806150619,0.005734406629557926,0.013383125253341406,0.05292836797272609,0.04780222759656236,0.020373057381432507,-0.05679121710223653,-0.007238203202859204,0.0034656214489400643,-0.014765839846076842,0.01356380895390698,0.1258130609508251,0.005375417917915001,0.07165036300419396,6.21468114574234e-05,0.015139019729922574,0.046644361044882954,0.008679693766565027,0.005172540845234709,0.00222347313816246,0.00526402574523971,-0.0031153750875625103,0.037488064362160116
8_3,0.012416085850109426,0.0006601354247694993,0.020608685057386177,0.0117258906050112,-0.02530357275813551,-0.0005833544395336485,-0.02235640053341957,0.010647737078277543,0.0310064810546273,0.046212589902101565,0.07188794336638156,0.14879785709099105,0.007956437320231796,0.004981355599453426,0.07589321199805851,0.12186850008634266,0.00644726907125123,0.018975466520962013,0.09710087092616251,0.1475581017211778,0.01780863710698105,0.05504263484697378,0.016655617537975762,-0.06276616590488436,-0.01310701999233385,0.009646760787418421,0.048714214770576074,0.04346997538973907,0.020044877672880396,-0.05876007330471088,-0.00596715388578273,0.0024029114576683145,-0.014301666365772315,0.02006570359297712,0.12621964543225828,0.003263489705090991,0.07167105348574726,3.454554522212014e-06,0.015230188872887879,0.05313041580944547,0.010663243722536174,-0.00919833795513805,0.0019427658759705708,0.002975225275870387,0.00047634718043216054,0.020462237420340333
8_4,0.012609471956106172,-0.0014704648143750649,0.021256012917906287,0.01094893164468162,-0.02428712284479311,-0.0003202988670871895,-0.021468586542465015,0.01106154706271017,-0.0023505636041263396,0.04694171623162901,0.0725576415120957,0.1482125148227749,0.006965088706566536,-0.008641477021344813,0.07850637274393667,0.12352038621708109,0.0063215952816667005,0.015440537475298072,0.09700241675337307,0.1645211376667657,0.01804994367804119,0.08131928275896483,0.008357057375403749,-0.05595219114403372,-0.00994523742658268,0.006527967177204019,0.051733379730992235,0.04216119083573838,0.020174499970174006,-0.05811844360426886,-0.0057886730353853035,0.003465719283012621,-0.014077776418110194,0.017264498682092063,0.12604200319644443,0.007293902538464092,0.07191767533021913,5.738585848411254e-05,0.015335514529746831,0.054996683153308086,0.013360026491809425,0.004897429889910436,0.002189061054351872,-0.0029222281934885687,0.0009184733747015754,0.03794214767888169
9_1,0.0035134703668583296,-0.00032180614690530856,0.02177271094476464,0.011158685609645613,-0.030366595923085816,-0.0017912235678417495,-0.022871227756323626,0.009010681042923427,0.0320514917834941,-0.00419965427951433,0.002442024888766608,0.12084743957612676,0.007033525254036373,0.008429457288278083,0.05385893854063455,0.08078414750953292,0.005018242909790911,0.0010491961246896035,0.07307024769354585,0.10719145361430545,0.001470423027523329,0.09078617162583708,0.12087107764120997,-0.05020004184520718,-0.013512679930248498,0.005753174529186659,0.02931373994190306,0.068839487727482,0.054948674357107666,-0.007475898684069215,-0.00014231764669897875,-0.0005596387099973343,-0.019213444628876922,0.01531989030406557,0.1830066411291899,0.0034957370887650327,0.08854941122142615,-0.0019380594242415306,0.019560763438508516,0.052398148816836174,0.022868213444008988,-0.00790673631167481,0.008732827713049156,0.0006903804544336793,0.0029113877473261034,0.018246329047820475
9_2,0.0035417054906317982,0.0012927798084645511,0.0193180045247788,0.011132231230341693,-0.030040697817342855,-0.001755835699568531,-0.02248743594441528,0.009110688096332266,0.03212928351110798,-0.0010563710904951242,0.0029749732635485308,0.1212157123193516,0.005767317780657472,0.006812301558720599,0.05344565891864305,0.07752340965102125,-3.8033615380466575e-05,0.005290812303206543,0.0723095497953867,0.116541538571908,0.0020613802055250625,0.0905446216854752,0.12130424176906675,-0.05046443473277679,0.00018377252328763584,0.0034334850188418287,0.02957884391604279,0.0764503629262521,0.054132404677165985,-0.009084119025004098,-0.0074235292896508084,-0.00030095100389797074,-0.018819556060268593,0.012655057642389828,0.17841956301782386,-0.06878811086116313,0.0945818294144922,-0.0018899472576631889,0.01979221636317406,0.12607205681892505,0.03247224028424965,-0.007901556147486404,0.014135753980904008,0.0021817608077826906,-0.0015215004733303682,0.01802246170688933
9_3,0.003731319083692772,-0.0008597786175607304,0.021003232879327413,0.010840414614723608,-0.030058993205940705,-0.0031285175159185517,-0.02293224099017265,0.004026635244060903,0.033784020294717804,-0.002997645589660036,0.0036712672191828474,0.12297705152587644,0.0025750648493111923,0.024011864416985707,0.05643840986837498,0.07566485020862426,-0.007687851781081987,-0.008627375339458575,0.07310711937794878,0.11419850216849675,0.0002608066428569431,0.08985525476702512,0.12128615456133081,-0.05304234679028413,-0.0064319483322648405,0.006804625473540272,0.027672707833721704,0.07803221627243004,0.05598449602227235,-0.013095501153611928,-0.006580677722254805,-0.002587042969826069,-0.0211449221142373,0.014552492539531307,0.1795311430851123,0.00973326133319455,0.09408819730287549,-0.0028535253469454992,0.020106377062524133,0.06168210364994691,0.02485388304584251,-0.007715919614501407,0.014246875319109297,0.006518161415029828,0.0030382775855508255,0.018601786569013054
9_4,0.0035848096779554223,-0.0002599230064271443,0.018586777209816132,0.011097369050856638,-0.029550371357547008,-0.0017634291848486615,-0.022482549141811827,0.009182379106820763,0.03225035131336453,-0.0009030192968997246,0.001678984197473254,0.12038366934891291,0.00575992944150326,0.006829460097836073,0.05409829453328749,0.08004874688312971,0.005939340859604286,-0.007388178359005432,0.07407122334122153,0.1148329616493193,0.005633142420238954,0.08848490326951618,0.12095485842518829,-0.0496789109095832,-0.006148151930529057,0.00662998025996396,0.02579040001179218,0.0787009791154677,0.052845109976219204,-0.01937999808186158,-0.007000426615122159,-0.0011207772272030488,-0.018977197868621887,0.014401897536763419,0.1765663904473881,0.0042679397727381635,0.09916742543960703,-0.0024048399016999436,0.020158212829880458,0.05259821630010725,0.033495302258230504,-0.007623465749388149,0.008758471315701396,0.008999266169854433,0.0032151383833642147,0.018970103728015778
