,0,1,2,3,4,5,6,7,8,9,10,11,12,13,14,15,16,17,18,19,20,21,22,23,24,25,26,27,28,29,30,31,32,33,34,35,36,37,38,39,40,41,42,43,44,45
10_1,0.03744233180797889,0.006690379624897299,-0.022925254220591443,-0.006341202561807093,0.03931371878742114,0.0011475077320625287,-0.012192568753026616,0.021016267631380887,0.002618893700773196,-0.33292967470746904,-1.0816524816440458,-0.9091527160369209,0.010621482061671303,-0.00803255915230911,-0.009262112481236826,-0.017598241060870705,0.01173256337586876,-0.029132058017600222,-0.013488480710471318,-0.029997503540825927,-0.013580528230231441,0.008963248071587979,-0.08727739436909202,-0.8732852255264427,0.05150019410399591,-0.7752819757850432,-0.6285601492288483,-0.09446870829037934,-0.34534929231821493,-0.02749066392596854,0.00406689636713259,0.013395707316825893,-0.03908178273182094,0.025371094013898723,-0.012396670666021146,0.08844161416831367,-0.06789569830416618,0.008474166182929321,-0.011825537809795079,-0.0009232695314447699,-0.018314388234800815,-0.021737053702149955,0.024261054603486612,-0.06363534137552596,-0.015351047433085602,0.056489869690283745
10_2,0.010015495690210678,0.005185103848573123,-0.01221421611383123,-0.006752158711572427,0.028694637254056233,0.009660043596792275,-0.011853259659431186,0.015194394474759168,0.0004519210484221967,-0.3857188157244733,-0.9957728927530208,-0.8832386643130586,0.011366646770098845,0.004324687273639189,0.003017763423166059,0.02455573623961997,-0.06264490274977906,-0.04327299116689871,-0.004047781784494405,-0.0028523286475907184,-0.02459103230551012,0.011831265784246724,-0.11018639538284956,-0.8308775963560894,0.029602563912664012,-0.7773819326335011,-0.6577701434088766,-0.05767373517427562,-0.36169310696041856,-0.023617712777417123,0.002996194983324041,0.004082900803900811,-0.07133113148706788,0.02136049254460788,-0.04816143041491639,0.08559440951711544,-0.06808145364026633,-0.0024588186177289502,-0.017161894928212986,-0.0066650330955521885,-0.02344217578936923,-0.0048723248324994296,0.02121898319434918,-0.06268423169847838,-0.016060543426774848,0.04922411598153546
10_3,0.005990217438654257,0.0056749261839667735,-0.020422866971246057,-0.006686518588804801,0.03696291923501614,0.00043321716334381136,-0.00981576102441445,0.005596460549711899,0.020307635853151977,-0.48336582119653,-0.8958303782199019,-0.8220037163211376,-0.1839617060109726,-0.06656498616543238,-0.011603968909763026,-0.02067348484314138,0.0082521059938228,-0.053935460822267044,-0.051452012554371804,-0.018763489331786946,-0.02286016265174951,0.012240778936468846,0.05917192718772128,-0.822967364077989,-0.06101544108052538,-0.788671303208437,-0.6872249007018153,0.05968690917447211,-0.24105545272580992,-0.02656975952328927,0.005070238315403843,0.004817779342005282,-0.02901705419599496,0.024322052172864497,0.09720637968684968,0.08029185631096195,-0.06477495492242322,0.008332023932904711,-0.018272075423564165,-0.0030321813830971466,-0.007549316838388524,-0.024276126766808466,0.02444828037959883,-0.053093130728661675,-0.0004156954358980683,0.03573285616443194
10_4,-0.044226279146165476,0.004883336088538358,-0.002971541777178509,-0.0067771499495694835,-0.03764286190724421,-0.002081132031874669,-0.01522566663223018,0.018933489514943815,-0.04233110463582736,-0.35506343064972296,-0.9373994628197272,-0.9030221597775147,0.00885947684067121,0.004813114505431826,-0.0025565093217751233,0.01698330517073423,-0.043706706825577146,-0.023135594415340847,-0.001283501343416277,0.00376156500027946,-0.025479348608590174,0.013724104170349046,-0.12575090256070234,-0.7944531015963952,0.011834060297713934,-0.6946304617919213,-0.6031412513321863,-0.10771573848191922,-0.5221498626160931,-0.015729103863170828,0.0025176610865053533,0.005955840402789458,-0.06602857454496676,0.03082409419595107,-0.04665627318524558,0.09480608297910494,-0.06639499938515751,-0.019938696741710973,-0.01963293587171483,-0.0008268896921734465,-0.01623471149586954,-0.011935948639684594,-0.010981180124408196,-0.06986551046712794,-0.017017468580414988,0.05213358707745811
11_1,0.041803507978974905,0.0053533353140285105,-0.01148638413131268,-0.006339343319912778,0.0307966000851096,0.012353488357595872,-0.012074180886567825,0.016174436113991882,0.011841947655652921,-0.38863699892517645,-0.9877276152562591,-0.8785130217329208,0.012838788465991775,0.004550305744448539,0.0005734580438801821,0.02520440568632744,-0.06268111749387832,-0.04170296179429803,0.010446944090103114,0.05726405628278724,-0.023660046038094115,0.012954083048307898,-0.09706891698087476,-0.7689292368662234,0.05113715269143735,-0.691200470912998,-0.7317235711740074,-0.08793405469985417,-0.3457732403361846,-0.158909801406254,-0.005875892251645964,-0.0005946781229836029,-0.06920029739459709,0.02144322841180555,-0.04662441996724701,0.08985753421614123,-0.07539115983294911,0.008578747681511324,-0.010909241854124018,-0.003776078251527311,-0.028489738496263337,-0.009708741288749599,0.023160333061615263,-0.06257289795759545,-0.015149637366102413,0.06051707844973249
11_2,0.03327341405357268,0.005819945800100579,-0.011388169543612247,-0.006907237227396966,0.04072664436990946,-0.0012138271220903424,-0.015029282520142904,0.01670836015591777,0.08532469358740977,-0.6094151247525212,-1.0927991848448095,-0.9276669485105395,0.00924033032889348,0.004072418136228105,-0.0037597800280047174,-0.008678320282602712,-0.01285033667417223,-0.0291776350149117,-0.0025559165449017957,-0.017705701047830806,-0.021034182988913998,0.010095271461052113,0.08116516857563408,-0.8704536904408627,0.05202562735715094,-0.79219137043685,-0.645552174420434,-0.05502734882836405,-0.24930618466768223,-0.028016345724818995,0.003840040756589489,-0.0029191139878709748,-0.02893423814053907,0.022587734355109416,0.10563208147448289,0.07585296878782664,-0.07341962060029748,0.006515299474168803,-0.012235302500719521,-0.005641537622008013,-0.01101904220164751,-0.007056486637083064,0.0218954057630745,-0.05520357801817701,-0.0033190105376866147,0.03075882598955164
11_3,0.03760989991806916,0.005580634994832753,-0.023471827665296766,-0.0054331506733703875,0.041152320917497855,0.0018565405443285174,-0.0057006740642979005,0.024074268650462312,0.15741285997637047,-0.41827844624944915,-0.9965858282097452,-0.9169971438115863,0.008447764717820595,-0.008140412342026403,-0.01566609284075264,-0.026604599898776917,0.012544025137748728,-0.09960446681891796,-0.017544114962856266,-0.02909055999847268,-0.024093656343992513,0.011630157948889773,-0.10241989390496523,-0.8236135676789526,0.04603145288695142,-0.703610143307361,-0.6409724956884305,-0.08808489115516842,-0.3408845427019839,-0.0194486366524018,-0.005451897552689809,0.0026300485839318615,-0.06367026356999461,0.009322839347321032,-0.0490338755089793,0.09080071312662436,-0.0696639369481064,0.009142412076188343,-0.010621226351692891,-0.00046996592768291543,-0.017683439774793985,-0.02122119555237957,-0.03102282940578197,-0.06126688681506864,-0.015797203854338707,0.05855523010815815
11_4,0.0015149083023981008,0.037978328447551134,-0.018703557596878417,-0.003781926689179214,0.03858612007064219,0.0008062157754763564,-0.01021717414103509,0.05028398404996802,0.12363474431661486,-0.5625753017895271,-1.0555016207890635,-0.9147620245548987,-0.0400759265626071,-0.0157181165583125,-0.013165783865860554,-0.01862465688418525,0.017245955535167133,-0.09901102352229445,-0.012832600570948705,-0.021800023025160785,-0.029987470771574248,0.007318581825159668,0.053177564092600174,-0.842350505172494,-0.02127558843263823,-0.7023146587468193,-0.7712001057085048,0.027809227124657124,0.19853854249475653,-0.02820670174352541,0.009494176416037057,-0.002376477872694104,0.01428417318503198,0.023525647992390094,0.11004931732296065,0.07946430464597624,-0.16127269260937177,0.009223027818448866,-0.016873119065206273,-0.001481466002115454,-0.008026717321105846,-0.010438069169130074,0.014546174618050092,0.09560684126470212,-0.003459331579926502,0.03641197326399536
12_1,-0.0017759933782697944,0.02084724321467256,-0.015501692580430394,-0.004032886672148688,0.003883259014554164,-0.04505732433484355,-0.02098615114623906,0.02150910215001326,-0.3854014227495706,-0.49953159138633657,-0.8746637373798577,-0.5973953946591161,-0.04551323993863168,-0.03568714831056279,-0.01777310783341213,-0.026524063285724105,0.008930623118042132,-0.013227896331567577,-0.025342558254149473,-0.033876378095817186,0.0396577931332627,0.0016706763514779239,0.04791927392800456,-0.5068854231453042,-0.052514951561813905,-0.5840571549942416,-0.5051895227118296,0.042240502401882166,-0.5529681822242387,-0.13826557796822567,-0.18291079575229147,-0.1849705222393826,0.002692751491586974,0.00314394523673322,0.002809938374316318,-0.09709195773025397,0.003106256288465289,-0.016215313715434467,-0.022635500084953433,-0.0034262342424086958,-0.008948674865723587,-0.009868511060774342,-0.014448350066431095,-0.0648587557199854,-0.0008350858078049282,0.02372612155465067
12_2,-0.014484167805308585,0.01407042787669545,-0.013003440340973449,-0.007161722441385839,-0.04600117187695053,-0.022862278967624793,-0.017909126059322038,0.02198036980015664,-0.041492680467626115,-0.5398712163316935,-0.9273273253510051,-0.8381581933521232,0.005930689466831808,0.0015148102882936538,0.0040009671714951855,-0.0120686933907378,-0.012458037237256013,-0.02426844052038379,-0.004538679459081622,-0.02396651491133176,-0.0015668203555511944,0.0035038803683017255,0.06268168248901723,-0.629100989483931,-0.005565110117658994,-0.6734001165190224,-0.6523972653495345,0.0015277534571380008,-0.5730816112848002,-0.14660511145947797,-0.011123364067384706,0.004113093993021115,-0.007214683898173414,0.02355256611966107,0.03162957365350943,-0.09931353589269853,0.13139569477759838,-0.01930367799659902,-0.028740455429866498,-0.00314600807936084,-0.007191087781843332,-0.017417940416819547,-0.016610935857753688,-0.0581462547733833,-0.0024830304239427253,0.026916967281987253
12_3,0.07440809733993127,-0.0330683221385752,0.035869697645008754,0.02928962240646263,-0.08473074612518729,0.030877701631726207,0.0014622715658675963,0.001955956182996501,-0.28505601423539767,-0.6391697781847856,-0.8260327987580569,-0.5870552794275814,0.006578443666655308,0.00382054181751133,0.11246096478113309,0.01407909362574171,-0.13567751751940077,-0.008587720882069333,-0.0007912799611404556,0.040642249704365495,-0.04684896707753548,0.007101614660052909,0.07141278935639961,-0.6824842463242631,-0.02144546816773001,-0.579832460687148,-0.5482247163949958,0.027610921803381594,-0.48104744703408375,-0.14543594968885795,-0.19916471175866673,-0.004783695066312425,-0.014663061343392701,0.01587511159933853,0.027586908518565163,0.026838095307884946,0.0020295541706770283,-0.01970322389096933,0.004403711890644425,0.018566640699153664,-0.022341234170105074,0.0016831068579708666,-0.11090150419824128,-0.014489903327018583,0.007568596744996225,0.0049673752410709085
12_4,-0.019743278601867347,0.016646691192918738,0.03404862919321544,0.02835392697581203,-0.008480545165350312,-0.007113653243702649,0.01986244241578033,0.004766972884070674,-0.29869820943641573,-0.6707904125383755,-1.1370331061862973,-0.7276378643490837,0.0048626681585873105,0.0023195974580846276,0.022411639597248595,0.030708787236586793,-0.07030746018009144,0.0050962788753599894,0.030381679198398945,0.040485321218163124,-0.06354190011269192,-7.525406026197081e-05,0.04769109952607421,-0.5726286916214451,-0.021202112323921756,-0.5011237706786178,-0.5299226653783218,0.03571039034395097,-0.4698790595508447,-0.1467887564615229,-0.21924288999551939,-0.2035721376057201,0.021637462025085014,0.02293753794523052,-0.0037385382384882175,-0.016851833743472922,0.004831460695658839,0.010520936017127204,0.019903912494728906,-0.0007954243410165989,-0.004375027157948536,-0.00923555353388514,-0.0034853014144944094,-0.026358873240183132,0.00810981373500746,0.004892697556960598
13_1,0.008185938646557762,-0.021677282712284276,0.004163778151955489,-0.030881706683903977,-0.09228071474345564,-0.07978519111975425,0.05271976838875217,-0.10034442332811704,-0.6834676882214862,-0.06840473381495027,0.09631122465645474,0.21023213098580762,0.009316785676296886,-0.0018077745804834918,-0.0021806839356042647,-0.03566977235270491,-0.12465243817536532,-0.07437940541641594,0.0034773399872744352,0.004240248738901829,-0.1285065557147312,-0.14658739263159334,-0.3686652152935394,0.04201589546808789,-0.04506109605223542,0.17162613379445074,0.17409030807054368,-0.36076460787895065,-0.9170708274037613,-0.06816314090070427,-0.2570168175632169,-0.08353752222438847,0.04992233214719498,-0.02734071264625034,0.01680174277081643,-0.21116033351722704,-0.01677806638290967,-0.007957255439362052,-0.03709345692200787,-0.006917131538048102,-0.06714893765562105,-0.02436668744632093,-0.02248165157390666,-0.11409698493515105,-0.015117458520337884,-0.35672244443840573
13_2,0.010225930774829506,0.01371923329559911,0.010397232647895556,-0.02311489631733996,-0.1319597915040674,-0.059854534387108124,-0.04601303950955684,-0.06196835575458293,-0.12852339661822684,-0.047939898157935694,0.20275516961053586,0.16683077852822684,0.015298623217497224,0.011509280511676946,-0.14496652724843623,0.03345985331494564,-0.20947672686173507,-0.2594986170981545,0.01914388870206504,0.027366861447604845,-0.10898703718140465,-0.06263467006716976,-0.3565717340238309,0.0462904198502778,-0.032753150157123906,0.17661685558174775,0.14834192216327444,-0.2360809220993819,-0.8099148766873078,-0.1444306263397533,-0.36309884306827234,-0.07647826590557383,-0.03209809775338183,-0.01078987390463219,-0.12597235245167065,-0.23774140146863185,-0.038893808908458456,-0.08134170841970503,-0.0416694598298263,-0.0076701666395378315,-0.05990433520496273,-0.07713159401582771,-0.050710126851166125,-0.12203224403852929,-0.005766488983026299,-0.47763412442955544
13_3,0.04274448282816852,0.013027915401991653,0.004915059575344186,-0.03200918195788356,-0.04914837064529719,-0.069423781406072,0.053150575777438314,-0.03802238181445208,-0.698514863639669,-0.03480990875862896,0.17476591013854448,0.19689752251280407,0.02184289322088324,-0.016277256558038244,-0.07564676817658815,-0.029648012572540856,0.08485417618250267,0.012599948039374764,0.004815993420405927,-0.018448726729563228,-0.13777631200138454,-0.1778555319425419,-0.7701111977435099,0.10702149736659679,-0.031586707662335414,0.1496537902631717,0.20019328493849414,-0.24817312307119493,-0.7778352529073004,-0.046770840648785214,-0.14751245071790794,-0.07619874572078954,-0.045795337764149555,-0.03615385208567789,-0.2429793937395463,-0.13587063411451758,-0.14476487058666718,-0.05800483541402757,-0.03962645942309542,-0.0066278588899653735,-0.010560424067460354,-0.02555249568860216,-0.009413443841147763,-0.07278432278993477,0.08097404885041427,-0.4833516932818326
13_4,-0.06456978235670965,-0.10493973007798947,0.01533312780327836,-0.0312920528331909,-0.28307055539621434,-0.01574306373251509,0.014388787840732028,-0.09905553077319612,-0.7090394681185114,-0.05097040453062178,-0.014134464762706831,0.1744354525650037,0.01205211547867259,0.005498290120823225,-0.08279266181377587,-0.04111213886918539,-0.02132243577784821,0.018640603838546568,-0.012295495242649253,-0.061036527846944195,-0.12730028899308019,-0.12384186158490225,-0.26877397547369125,0.026902376137897994,-0.047502946010432,0.14268849998150304,0.14388196808059164,-0.31965916643181247,-0.7371691870585174,-0.07176696792219187,-0.1230803703623252,-0.3299528865952148,-0.036043502357815026,-0.0356662844832338,-0.023522053722031665,-0.21084395354172195,0.03170901358912109,-0.19077546414210533,-0.0969920833140634,-0.003002059340159969,-0.004607311349223321,-0.02490139160931271,-0.18809658596324935,-0.05316996401220693,-0.0037941391768424432,-0.4731119653068233
14_1,-0.00747108787973759,0.032780837191836776,0.001974744109969377,-0.011233746833307058,-0.02765730463918814,-0.06750767426794431,-0.04757226969492436,-0.07639179753517114,-0.5763664526542145,0.03866839580379657,0.23201126603911285,0.2257473863181415,0.020337149292893604,0.0030213988539424174,-0.05331434819364949,-0.10700432762708738,-0.12267884348593741,-0.03734223832455613,-0.08333015277319293,-0.13352269049652407,-0.050705709653645493,0.020221248542415242,-0.38452590745558474,0.09634413580854122,-0.012780186159633382,0.2817965988207629,-0.0441111902284386,-0.3814094306806586,-0.9451378627196352,-0.3348104753462199,-0.2633490026406339,-0.07292054843914217,-0.035041197232600345,0.13348478033260935,-0.030851103298586383,-0.09655850829809615,0.055082448401979074,-0.006029627641137352,-0.018465783670754,-0.006867610033879474,-0.01823408422663106,-0.04394409401351441,-0.048998708877870986,-0.2127285631450022,-0.01724626950627651,0.08843462586930116
14_2,0.03394831973669223,-0.07365548497031542,-0.03850267786574261,0.026726592623001665,-0.15157612280657992,-0.04405720214049298,-0.07045856413029243,-0.08363630964813376,-0.04983426324406549,-0.12926777964354563,0.12786698753114836,0.20499089067883425,0.019024014246330115,-0.0012035385338197955,-0.0982016644253457,-0.08889907378506345,-0.034866259172102176,-0.01963431196270125,-0.14612696667622255,-0.13979093260428585,-0.09416299306369785,0.02006609266899094,-0.33018448193157135,0.06988397181783948,-0.15330189228142266,-0.06077522073778433,-0.04825183358751778,-0.2877504952469234,-0.8923685295742424,-0.45957921520136025,-0.25306862730349194,-0.048474217617427706,-0.024431104415916557,-0.16716906960469186,-0.024012060767355563,0.16712873376335902,0.0096433463188551,-0.015669517881419362,-0.04022524185458394,-0.007966992497798382,0.03870286550978178,-0.041546064796051184,-0.03696410439142416,-0.13987129905769852,0.07813780445803824,0.12964162276954566
14_3,-0.014534290312707827,0.00878789123051755,-0.004653707340768965,-0.012992410223441471,-0.1565304584420369,-0.04321432773127842,-0.014846323086977932,-0.05242224404799886,-0.8948760141036296,0.0010708228461033587,0.11837586205091666,0.19775300170438065,-0.38922982723838173,-0.1554692044927859,-0.05253522417143277,-0.052673698801351206,-0.011111467939303414,-0.40465921161915336,-0.08410623516980853,-0.09276379279458649,-0.07033088966540378,0.013786695794602675,0.15857746372529732,0.05304175085701088,-0.06317448281505189,0.10272853380776036,0.04906481182953316,0.015694538288027374,-0.37302949388686457,-0.024200982315326268,-0.4173801036960051,-0.5957236017250702,-0.1292868141446095,0.03527440480806741,0.05410282661728803,0.18275293416771732,0.0595107130247814,-0.012799235888279543,-0.037540572518179,-0.0100532512334659,0.0049401757018767605,-0.018177894419038502,-0.033105896772076066,-0.07291203497137244,-3.072076396576102e-05,0.002238164145250363
14_4,-0.01909104075674631,0.009821548179518469,0.001618768016630803,-0.0025985285922220866,-0.1274011597086301,-0.05354812357309152,-0.049128893132062916,-0.02436156605116279,-0.940312775329416,-0.11313936377031888,0.1434141782187611,0.1580721187909541,-0.5653556016267477,-0.08149682010043029,-0.060976582833890396,-0.029951310025932678,-0.010994656167464508,-0.3994415873750221,-0.06179648996142882,-0.0949829097929626,0.013597757461363165,0.00026504463237101783,0.17201046753275795,0.09932989631167195,0.005940330780091058,0.1596043770179473,0.049060001066872645,0.11083974920397989,-0.40501694293676554,-0.027870388523795437,-0.4289857339129552,-0.5484022865658803,0.038881315033204286,0.0023642537272120217,0.04575797898254931,-0.16909175546240507,0.16170167705026722,-0.041069131874377905,-0.04632223987136708,-0.007405629105171264,-0.002336043309051228,-0.03211526523320487,-0.039924952160284764,-0.0696791061470904,0.00015126753329408084,-0.01600488663575614
15_1,0.014466517001760323,0.004767007977457497,0.03486614946835789,0.08437091700226323,0.019134508418741456,0.08910077309919562,0.06425256023789472,-0.020712527313570848,0.007473265637695978,0.3142684755160067,0.3589203452952765,0.48945538234469516,0.03968213406789174,-0.02311198306253469,-0.01207659665761593,-0.00806200316112849,0.05078970299720235,0.1057090210434386,0.016258917433650377,0.036643346938378146,0.08907175868717787,0.01879911327024579,0.2211614788629125,0.31077596427637394,0.06801674199475619,0.4065407525320023,0.29133320261471757,0.09559512851937821,-0.2807936936912455,0.021556012425431856,0.14234924609315242,0.08049169101054687,0.02257926628562294,0.02062228949312016,0.13686368557913553,-0.09661753588760624,0.16019105644124546,-0.012591328704640255,0.09004661606658682,0.11826692852582005,0.02645484018512358,-0.0031575178863837267,-0.0013531330926878883,0.06094779134437622,0.008892220351862752,0.0923138748001982
15_2,-0.007621134851195405,0.00580030008930138,0.04353582318739633,0.025686810056966065,0.019174286398622755,-0.00450413831100637,0.05328588362447015,-0.01427771970976755,0.035770064243085105,0.2993703902566277,0.42382096704586164,0.3894888438715768,0.02736801179361691,-0.019948870885607543,0.07538323692360764,0.14463622450573296,0.09406682825102289,0.038504465826419934,0.06730337404366658,0.15162917321814626,-0.011975315663415502,0.032820956353575945,-0.2082168525609982,0.23421909399032326,0.0023668100141385684,0.37328952288197276,0.3349050215537527,-0.2045247674009235,0.5347392728621103,0.040609283731687394,0.07123046565737617,-0.04786918478445588,0.06628515266817535,0.09914375567227228,0.03438679686998833,-0.15695544222634575,0.09448313802137547,-0.008332999408537855,0.06946564103778048,0.007810807656461426,0.16048480757933214,-0.010433428166692413,-0.0022571073574012847,0.005381151343441793,0.016326535550944613,0.1379207952827609
15_3,-0.008247724398861778,0.035911556672292184,0.02907339537187407,0.025292354625548692,-0.01510045885399948,-0.0009320824472306881,0.018132320152476386,-0.014029823211791598,-0.02312589602259511,0.3311949405838581,0.355554808490161,0.3592467884694829,0.0341223063414467,0.007889326632839146,0.12328014907793007,0.18988425705900291,0.0165885656953022,0.05479815639695602,0.2342238478588993,0.09570070133777149,0.0006574661522571076,0.052961848836849984,0.1825002046922808,0.2592463888051647,-0.016016753434849998,0.26381006576117433,0.28146566936672646,0.1396627412678603,0.5417818179950296,0.02140283616636286,-0.019580161791863136,-0.2330625893733586,-0.12340718463942398,0.00021607653392360752,0.11242461032070827,-0.12510337176980635,0.20590978168105076,-0.14910354505514029,0.09184915183310936,0.01875963174686209,0.034935128953109254,-0.015212299072017097,-0.0285083301445944,0.009860308643836847,0.009875464192469551,0.1104691962814137
15_4,-0.00265308557296809,0.04597744916566488,0.043034577875522846,0.02380459669725375,-0.0008340703232387406,0.007951687083682197,0.06844059948435721,-0.07897340647433193,0.11643260041455607,0.3093726716742554,0.48430044134298794,0.42880195585004405,0.04495530483982826,-0.023616476196987098,-0.029293003853855158,-0.006021541651838161,0.05415639685596572,0.040356289382692034,0.016927819012704633,0.05940546581757667,0.028289226117714908,-0.0039411880817916125,0.17797838278656303,0.2075838376642495,0.027917276165277498,0.4073630205065755,0.2610464916547269,0.09743978051212938,0.49622089142967,0.023313283609868014,0.13776953891364077,-0.0001885603410988401,-0.12824727141511413,0.025548813786135847,0.14996381440498271,0.18765248199731635,0.1532892962023797,-0.005680820657101405,0.0739328518118074,0.02135527820740316,0.04906882672011164,-0.0012236438076020585,-0.004528904453170024,-0.012649645085819764,0.0064258268485484354,0.06770870713618624
16_1,0.007695766955555468,0.011871792640491057,-0.008831892074878014,-0.004246844024592824,0.08829783708799459,0.008013693149005784,-0.01969830894202939,0.028978596039550965,0.31572858526165803,0.2080861122656715,0.393742103920625,0.3449719196103008,0.024871931875507215,0.0006903407234560041,-0.01894442196000492,-0.013828403776793029,-0.00045257530723027907,0.03702007082995164,-0.010735747573439647,-0.035682470466858476,0.031947605252542685,0.019933762075299573,0.2693974405623836,0.27412292895183693,-0.011492730433722783,0.21443100274432045,0.252628621967061,0.11542290205339918,0.5626202312688102,0.0818052336753276,0.08423163712302377,0.06010435039728694,0.03124622772052848,-0.0003269126535739759,0.13213389649074841,0.06815417578722123,0.11911054690046088,0.026764909570182155,-0.009212547223234458,0.002244923856892607,-0.016117111223936494,-0.007364420152835758,0.057774214747863414,0.0237052730993965,-0.0018199242839365155,0.025720241469812548
16_2,0.0031358845403688927,0.011881380969889417,-0.011589430907487446,-0.005021398762200835,0.08176209223442989,0.0069988459375118365,-0.02185956837047697,0.02692607897176835,0.313150014229372,0.20669203917375945,0.3914023347204576,0.34178944573923714,0.025518601334051004,-0.0005191126410404457,-0.019802233948182528,-0.014301313494897903,0.0022645334030523953,0.03703678121210518,-0.010912204718305597,-0.036798971892038554,0.03226716185548609,0.01833567567668302,0.26506322756505607,0.2657834538744674,-0.016533214953572534,0.21465576048784685,0.25147874124356945,0.11372855576678545,0.5588705948237732,0.07841087040619923,0.08168062429107233,0.059297051136771375,0.027024022582878195,-0.0005027241983394479,0.12862138985394586,0.06524358787856079,0.11893049705259015,0.025833598093778005,-0.009378109601278222,0.00044374989891599276,-0.01680757997044733,-0.007570280350277445,0.05233117118512948,0.02296439662905806,-0.005650402788810372,0.024546582912073213
16_3,0.004609841515211431,0.013054789195724557,-0.009817047495105377,-0.004307511899109145,0.08440452597077995,0.007130788333579107,-0.02111681196459475,0.026467135229598645,0.3620263842649659,0.20523272479572804,0.38668588720838404,0.3236258054178292,0.02630059624521182,-0.0018665282079910546,-0.020106502718603893,-0.014182753192243564,-0.0004528573426766826,0.03734711500164348,-0.015282108233788044,-0.03678135573525508,0.03997643873122358,0.025312011869637475,0.30099564417708874,0.2653608428536246,-0.006729772011639787,0.21210389531362453,0.2605983345840143,0.11511741179091182,0.5583385482472258,0.0729433538510861,0.0815438158391162,0.09377727360474566,0.02780714686831706,-0.002281879056963849,0.13066427726817262,-0.07199593280300139,0.11643609911333629,0.02780600870668192,-0.008374849394220231,0.00180166649003667,-0.01633540401085629,-0.005771049204359904,0.05009999205092149,0.026412879711349323,-0.002307740093999192,0.03807033173720305
16_4,0.0032819795089605768,0.011858193843148358,-0.0069331458909032,-0.00426751309130542,0.08629134489507274,0.007285595224852248,-0.01946925142695143,0.027608484574342656,0.31419044511320043,0.20685420774240826,0.39336437421641973,0.3435157438497237,0.030610462875548056,0.002221239397747479,-0.018352401382148775,-0.013382671351676815,-0.000130146860192829,0.047215879786881215,-0.01090800128959617,-0.03575196118347253,0.03220980888618019,0.019011884713980517,0.26926804334182974,0.26932183117694586,-0.012734399170551865,0.2168106760684137,0.25243953575822115,0.11344143818262115,0.5633839390040991,0.07738030084484765,0.0837776795797906,0.0595538060616852,0.03166032405915031,-9.651292180067072e-05,0.1327990790661075,0.06723709382594883,0.11960718906905124,0.02694928375276812,-0.009373968723021544,0.0023283113908822034,-0.016109216958852122,-0.006761846664165679,0.05754268248874633,0.025470117062170398,-0.004089694771734006,0.02770403179941592
17_1,-0.016439332938460352,0.020111768200157292,0.005762804395758625,-0.0023087908264432,0.06749006947001197,0.009019379036172972,-0.005569179015774583,0.02871482257058966,0.371526843662141,0.15087360692592902,0.33177075279118573,0.3458181293771396,0.021735738421136824,-0.026314020464156453,-0.018567700170585035,0.01444445615655096,-0.013636272789279147,0.02939428447387538,-0.011017847112021542,-0.036443493381193064,0.02608716895591577,0.021910322647957774,0.1806534999038897,0.22018314576916242,-0.014949664276444877,0.24351688035109645,0.24741403430268635,0.06587245297365808,0.5700817556514725,-0.00731106881511207,0.08178368830996197,0.05864760376802875,-0.03434269609516272,0.020412046164186598,0.18023912902336917,0.10450689803494644,0.12171368330042023,-0.00544864567208419,-0.005147711598639363,0.00035956054642492064,-0.002598705149268242,-0.003660394357196541,0.03761637044443918,-0.03753120035135594,-0.004843900765369261,0.0459009578918154
17_2,-0.039839925842201064,0.010473612261683004,-0.00609968616981209,-0.014394924875672885,-0.13777416840515133,-0.0640059584421806,0.05240561668766653,-0.044078198465711343,0.3852196665491804,0.08515989665302297,0.291000099298581,0.3075732798105648,0.02386573326859866,-0.007612999324290972,-0.043705485500468995,-0.07473974540517989,-0.07439046029400324,0.004469950015654126,-0.06429837103025539,-0.11732848383368405,0.029620632340260012,0.008465114646880814,0.23266952763663867,0.2770912832336325,0.0115908436623923,0.19200265748659323,0.23795748084185034,0.15760660313132718,0.5808737188465188,-0.03163461490773487,0.06930361333741657,0.0930259880137194,-0.04684163588526034,0.0353238348771425,0.09539169629141972,-0.05815234808417675,0.0782150091667094,-0.03195087147650779,-0.04999086252261136,-0.008986591339878766,-0.009997015439405075,-0.021155830067705054,-0.024327927153805204,-0.04697531013423985,-0.0026532199438401675,0.008438225529255744
17_3,-0.03781498343105068,-0.057176896864197094,0.02110729736719182,0.0035940173800857594,-0.01973062425129623,-0.0037870557244904244,0.05763631367738691,-0.09379009478758907,0.43544533725364365,-0.006994513298601617,0.25573660910573515,0.315417560061964,-0.07403043828969896,-0.03231435541612992,-0.03165457269566497,-0.06880961029735706,0.06936772159216305,0.023295964000131068,-0.06240193258775448,-0.14130919919928567,0.040054743658829696,-0.0074960612484685435,0.21421569320006312,0.24971139568378833,-0.010470466211288835,0.0818713981786293,0.22811857271365224,0.1106133907897837,0.5720779334788026,-0.23593563875416396,0.04930856738976453,0.08936936113783887,-0.05193834942135089,0.008013089496608922,0.12816384472495748,-0.0677374083753283,0.10105963382535453,-0.03668111092722162,0.04803365466386437,-0.024769488154285528,0.00783387708955438,0.032511709169939645,-0.008771955658398549,-0.045296583276247915,0.00944023362576719,-0.009978804745357887
17_4,-0.01786057681245533,0.02312940120378216,-0.012253976160766981,0.0018029684674775867,0.06719485027405414,0.002744599711439473,-0.012681128079934715,0.026071385643427966,0.36512796779537526,0.2569493039920456,0.3782942496086727,0.35277521140447093,0.01896599230648679,-0.021798882289811364,-0.01759451022247637,-0.033292677210038674,0.06181622739391515,0.04583106455724847,-0.013524504218847135,-0.039793426622476466,0.02311987909650647,-0.0223387628222328,0.16900826555586845,0.22308334091676063,-0.0164844743495062,0.2620671154910831,0.2553119605111571,0.06602323660067684,0.506509449967878,-0.017862518609602872,0.08990094333661255,0.048328861366392015,-0.02830216400361063,0.027195988169906374,0.15758527777872064,0.09942202752565954,0.08772096692900389,-0.013659374283232623,-0.008229970235141961,-0.010997223937007236,-0.015505001948506167,0.011962442431857222,0.0359955503474716,-0.0024248021195702207,-0.010883253058032206,0.05540667379808157
18_1,-0.028955394455466583,0.014423960504170512,-0.0009976378071928785,-0.006588760005520832,0.06129127553919255,0.002071179781374186,-0.003542021279473963,0.03187703871815302,0.27847314611779045,0.2720397696798285,0.3778764988601498,0.35885783388216835,0.020705596696773604,-0.007399496324138985,0.0009596576812115918,0.033529822515546544,-0.013879233650074634,0.02848843003517126,0.015277956988514998,-0.02073031277774771,-0.017704892127137602,0.01649844334621411,0.16901538454671608,0.20760739382904633,-0.021030618836416007,0.20120292534709697,0.30279214531626397,0.11426944178222771,0.5382778443669524,0.014643404673045342,0.05967239598375296,0.04999335509792302,-0.03723946706762175,0.012766385771696032,0.10226089095982757,0.10346812021571478,0.11300496815594646,-0.011072732282804417,-0.026315309792186894,-0.010861262063072467,-0.009973588792172326,-0.014622880373772962,0.03398649944057409,-0.03819110325663083,-0.003233464904506482,0.03932100698411833
18_2,-0.015262307517563386,0.02386616369464057,0.00042707434228090316,-0.009402946553576352,0.06577425792137243,0.04316927222450948,-0.014594115074041045,0.011645945808262814,0.39607813960705535,0.2428722735663304,0.3684833134795043,0.3437865263321868,0.030966331915249674,-0.0038287014471329703,-0.027463597192167035,-0.009295001980985658,0.013915424794079633,-0.008908657763415533,-0.007181581189552945,-0.040246990425547594,0.023872028051272854,0.011710488361013488,0.23165553835820138,0.21819940975922902,0.0022842812601356656,0.2628218856413456,0.2596074851145423,0.14352887103868794,0.5740517417417957,-0.015266191888399188,0.06910847922835393,0.08336592879375537,-0.029499201758778376,0.0262250451837417,0.11163444972684489,-0.061015017390331085,0.08810064773030146,-0.01389752861661762,0.004124013863268749,-0.011281594622143966,-0.006975292726872837,0.006127063876952147,0.05800863158219814,-0.04877717981346964,-0.010972497595077589,0.0658743423439374
18_3,-0.028235870176870084,0.07394040478467419,0.013375241360152036,0.0171996180393376,-0.04762744912251947,0.0003200783312482207,0.04634112667052483,-0.025087674041066477,0.2265321648104541,0.2914487154603618,0.4083281970666251,0.3943778954361142,0.018300769368402144,-0.005005212597449229,0.041014373385262995,0.13703498227341573,-0.05408756209351224,0.05018592451359286,0.025792246677764277,0.10850615384810897,-0.004906034681835732,0.019632189053638803,0.1464552113653429,0.22634810962782512,-0.009920148190912428,0.34431229856427403,0.2902356627398991,0.11473618357231762,0.5929723639027975,-0.00610908198562295,0.03826001557975563,0.047155808134754555,-0.04324271495893124,0.02284844634003104,0.10666133441246524,0.07762120670212175,0.08217094193725752,-0.013520310440177973,0.06508188026188827,-0.00647027952183984,0.025303596590903574,-0.010589789163882219,-0.015720961934131483,-0.009721106680271771,0.0053805141477536915,0.048723779907708584
18_4,-0.01118089308967303,0.01945682645214666,-0.013889594231781491,-0.0033524339128226735,0.06518358638626526,0.007209698370382684,-0.012522556013136146,0.0269795804491415,0.26200238775559687,0.2642374605523587,0.41554986707957514,0.3986267109458763,0.028703771054930386,-0.020825318457561713,-0.018221048801951377,-0.002510245883723487,0.033277718070582545,0.02455496648118954,-0.0008176121528334895,-0.03793435088385352,0.0096769215904621,-0.014074981887988175,0.18173918759353092,0.2250598836274478,-0.019698035954646514,0.38057797958226297,0.2906360220593245,0.06793317693919303,0.5408967383772657,0.004841878367678423,0.07344559982086024,0.03993519509001378,-0.03267868521217104,0.01643141492474293,0.15050717502624683,0.0983852524467497,0.08088113134592675,-0.007618904415985279,-0.00629774852355264,-0.013359664547054778,-0.008720225360146477,0.010729130195861362,0.023452636911530267,0.004687761967304138,-0.008471543839607493,0.05946325981063693
19_1,0.00430902048897959,0.04473014497151887,-0.007657807727288505,-0.001255544308668059,0.09776626837715961,0.004511126413302348,-0.015684813041268626,0.02131658890581857,0.2650703426420449,0.23678922960201537,0.4132677060516557,0.35316822860179925,0.027481624019425294,-0.02415515974008698,-0.013783070099537173,-0.04419516464603398,0.06604041197256745,0.05190618997841749,-0.025930722038899973,-0.033452247873480834,0.01898510580028704,0.003953431147131834,0.28517460458792077,0.28066174570781294,-0.01714024473141595,0.24466687697987233,0.25277123739767443,0.1278199365206022,0.5609458753789903,0.04217389468286666,0.10129085977073302,0.11442792958803795,-0.008019891201278828,0.001676103751585758,0.16590304450632856,-0.07368643942705891,0.17090657917607172,0.0057518480073995865,-0.010406014542482533,-0.009930565442725985,-0.010871731926792992,0.021050447068128628,0.06818790588891126,-0.036673469390095345,-0.004218261823000247,0.046518924368887805
19_2,-0.01324051613953206,0.044522560380726946,-0.009096692928318802,-0.0013136335472534763,0.08874142332327588,0.002037754908166894,-0.015474075421216772,0.02111500442093606,0.1590669695504182,0.21528434733997237,0.3951675213726756,0.33659562273603116,0.03418605041660303,-0.023822854533821325,-0.014928974428687805,-0.042825282164702445,0.06599050257777278,0.05290086701124639,-0.022189904876988437,-0.04259561189528639,0.0036604861422656616,0.0037103117602113084,0.2855096102529824,0.28526774138865957,-0.0032670830545060573,0.27694251295364225,0.2680517999590746,0.13906279822628972,0.5195114284043801,0.03652431523283761,0.10856279030464358,0.11599134377227648,-0.007674812537356412,0.0018439990273716694,0.16389235369086935,-0.10060334602853713,0.16977459291427469,0.011481606896547748,-0.01801333915597465,-0.01089427777555499,-0.007896067450684887,0.0209289018812587,0.06678991489680057,-0.03843430405666063,-0.008919757041343224,0.06962091835973484
19_3,-0.015008001280443401,0.04303044929831746,-0.0060836096519253915,-0.0031884933158223237,0.08644753123307942,0.0015458013579589076,-0.016155327174469214,0.05552609698498862,0.2528243797401054,0.18775070021986232,0.4050790817644785,0.300373516965566,-0.3893913390722137,-0.06619312095415224,0.029488641544257017,-0.015751234180970977,0.034561993316489154,0.11989692867264629,-0.019600967770014043,-0.03131639825265472,0.005464009838815912,0.008173237382578141,0.28540219912155734,0.28092407821377635,-0.00978653175828844,0.2468405272345924,0.2802595648587319,0.18724112235705606,0.5605123182766808,-0.00019745960043221478,0.10565296839970019,0.12311922333964188,-0.0011037762101349276,0.0013739557604616657,0.15426295528677295,-0.02713149443018141,0.17413704826913376,-0.002410578062606362,-0.0228944327390827,-0.006927924976187809,0.0022913917781144377,0.022220562274520312,0.07113265784768091,-0.03317789225923882,-0.010340941811716315,0.03033712499758219
19_4,0.003125383838832414,0.04711317579059752,0.004833174761431654,-0.0011599565282979021,0.09603545949995927,0.003877099608593708,-0.016296362432211272,0.021115430446292487,0.15492223569728028,0.2174896028456397,0.39910062197167046,0.35623012732064396,0.028028048449461083,-0.023322546177934056,-0.011935025401802706,-0.041382121786667225,0.06608226412490034,0.05008438501122955,-0.021525432763498963,-0.041385793697789025,0.018734716133909302,0.018885114513799126,0.28174085924733056,0.30324347476570124,-0.0174374587266108,0.24657314255773427,0.26532713762904986,0.13430909644425199,0.5103754096676778,0.03962985371577846,0.09451796865860322,0.109271756358266,-0.004496425885446417,0.001692360378115683,0.16611141893973658,-0.09908570644375375,0.19735399611752388,0.014082752996414441,-0.010788715557126623,-0.008979210169610298,-0.008509335685387233,0.022118247040846303,0.06807498980584269,-0.03573933235589103,-0.004193456902646361,0.07135563433235972
1_1,-0.0037797119165873033,-0.034925549471127706,-0.008909850069940278,-0.028521514521946175,-0.12242772785119818,-0.02234206033818905,-0.046673382864939654,0.01297642815721321,-0.5977764836699978,-0.027894956246723033,0.07287805684793029,-0.22215686539189755,-0.044865149204799025,-0.08892627500560231,-0.03225090720878538,-0.09234226163098488,0.02215325190213134,0.038490825108966405,-0.0657462601524739,-0.035669637494019406,-0.046299506212882834,0.012919206706454406,-0.431175177931454,0.12723733708583929,-0.047944026446914305,-0.13262339160290706,0.062477529083253776,0.02193972936307518,-0.36402858045034,-0.03215383290007396,-0.26293501291672505,-0.4567077928335986,-0.10590956675246352,-0.005585678498946319,-0.3682539677011687,-0.3665271499441556,-0.5258151371785715,-0.019262419523656954,-0.03623880389351833,-0.006087816891864453,-0.04145915929956474,-0.03257429545828183,-0.010491996514916078,-0.07074239626683687,-0.006079942089768425,0.08174101102051229
1_2,-0.00010241683671925508,-0.016738621992202055,-0.008603356335864839,-0.01524285392022922,-0.09486003488138771,-0.03501896759846568,-0.04897383383553461,-0.04231181253073401,-0.7030673919924115,-0.0008029796429648722,0.06538385228134432,-0.013830274586415867,0.011309147978073548,0.0019060875538691314,-0.016670112941566704,-0.02449880357769636,-0.07572895701295893,-0.024832617610014585,-0.0022165990193065187,-0.03527463435299138,-0.09720042265838741,-0.06582772876488947,-0.5398677939403737,0.013699002904144204,-0.04935438989832394,0.04933187681634642,0.13595697479635815,-0.22827895661142364,-0.7393953427970594,-0.05033562480744001,-0.27901358816808863,-0.12790771415884022,-0.026154900858218314,-0.006603356219573484,-0.43666827209521825,-0.28410402170382026,-0.42176155059056447,-0.02195300992140695,-0.03755151338070596,-0.007832280810299139,-0.0457838435754959,-0.03752671816171874,-0.02657190296405066,-0.1406216518850142,-0.018177152788096045,-0.055917144056898634
1_3,-0.09650905420866628,-0.02218171398472335,0.014458884181344863,0.027714439903264027,-0.05365688774360692,-0.020486351648384554,0.016365262066430054,0.05906667776071564,-0.5731829911831509,-0.026367258260747106,-0.004995383285561158,-0.03753936414193251,-0.09971045907735474,-0.022055587180543932,-0.09844612266011954,-0.1089923879713647,0.05786315792341421,-0.05304890450084279,-0.01013862695279512,-0.07134895287220779,-0.04058700408153344,-0.0717293854921582,-0.5493421757946861,-0.01858163032302221,-0.028330599162102718,-0.10027720284867193,-0.005906972957296046,-0.11061223337635571,-0.7191765059015099,-0.030193421199820675,-0.20296606207401885,-0.18340230650789444,-0.08921873394898609,-0.01088533072833695,-0.4404929886465267,-0.24435010606050991,-0.3965095538885067,-0.048633688633218285,0.06279363501885638,-0.002653985375261643,0.0732622260316229,-0.033824589046323975,-0.007058724220993545,-0.048900640769497336,0.018615606921449163,-0.23251458483895723
1_4,-0.0010629296427962886,-0.01989640720719377,-0.011777669058522414,-0.015273524631820364,-0.06061786360834144,-0.020377353260002763,-0.049233804371371426,-0.0928752697017579,-0.13840890550723756,-0.03479193318254474,0.09702919217203716,-0.07871006131301947,0.014809154399712879,0.0020695393493146987,-0.028659390451427947,-0.05025979762795475,-0.05043879055763016,0.012292177252107952,-0.025894579676560094,-0.016447802554719396,-0.0693171828450158,-0.09846180680807141,-0.4831515659945155,0.029218020461361256,-0.028001694904757346,-0.053504159977971526,0.04952268977646537,-0.023854146531488558,-0.5037726075009967,-0.05107673536676097,-0.3683757830917976,-0.24616758680650122,-0.04491146684377983,-0.010397016784245332,-0.42847104594186475,-0.3096683081268916,-0.574400650411102,-0.021738758622884467,-0.03948807397714173,-0.009884277712245948,-0.04484625699456995,-0.03547519131519669,-0.026831443148868116,-0.10360267603064217,-0.018019545181442,-0.19877056597163845
20_1,-0.0014934451476382297,0.06900399332968309,-0.002162342563165195,0.017999070972551226,0.12126564399723805,-0.056005343152517796,0.01323692999363197,0.08219141048658905,-0.515089641858202,0.10886880941774667,0.35777981609205517,0.40986703494753934,0.024442233007042898,-0.04854028228572409,-0.013309840621829466,-0.03486280345651348,0.019024658052428572,0.07489879532388638,0.017523238277955735,-0.028562762501742296,0.11276588398718326,0.029524319066231357,0.03508265394448767,0.2626539451698849,0.03380468027944171,0.32089530646940984,0.449046306127749,0.1597961088776081,-0.20070543710519617,0.015580625061032286,-0.42442227254665077,-0.30463277128907484,0.05390972634673028,0.06067036972445535,0.0634518217985516,0.3226390235637477,0.10383609769189879,-0.005925881334058559,0.017150993974831885,-0.004152270925567963,-0.013866932993969242,-0.006381024038765974,-0.017218871148456504,-0.07750685185207715,-0.003877965747972573,0.21975530252896858
20_2,0.06547537818444187,-0.017313665983834544,0.005160835030755114,0.0852852125279804,-0.10248746809363624,0.009851319199605163,0.021364931736616622,-0.04555903860195066,-0.08274110065903012,0.16623643662964505,0.3241723527906326,0.5201526967523293,0.022074295963066454,-0.0031628067773835336,-0.04132695962507299,0.10053112114988656,0.035793234458075515,0.027362558704938346,0.0055744009263011835,0.10152973675127056,0.11666140390781704,0.006077638461462309,-0.1128221668800044,0.17961569387343146,0.07808109105213439,0.22776279261155036,0.4170805937903281,0.06325344579358663,-0.1219217103762546,0.07273454149101476,-0.1701822522107745,0.030645239457588958,0.1753093285554273,0.0270388755806816,0.10593809866801697,0.2981902183260517,-0.020744642241498513,-0.014271209695648981,-0.039132100927046914,-0.011493603972561696,0.13615172120001026,-0.01873937980561647,-0.003921874300936844,-0.008178401288980806,0.07623190174357711,0.2106922671640146
20_3,-0.004645792551241399,0.07015357616089353,0.040599341451039904,0.08666772432298983,0.041012593718061124,0.0016350470321220706,0.02074554569749031,0.06434540345687091,-0.34468675889581324,0.19654691411195227,0.3372557771105352,0.5846993437282731,0.021186854673848347,0.004618875344025385,0.11909071603976774,0.2189231793782804,0.08761821496781436,0.02286143978853309,0.24572653334427058,0.13524125799189873,0.07853504467324057,0.034341974025562085,-0.07348862981347554,0.26870024127595493,0.07715452344653387,-0.07378863110343796,0.5103944699578709,0.04835227847542154,-0.11201560949523716,0.062012017523065247,-0.20372161546424686,0.028667619647446133,0.1468297894178383,0.02699075079328143,0.08666555594915573,0.3529335276556301,-0.028543862103028145,-0.007355884242734571,0.08628196332750002,-0.004981759582994635,0.17868314852395797,-0.011157233927533898,-0.002844499836811552,-0.010236069011308628,0.01739699573829604,0.20750440284598262
20_4,0.061197793608275625,0.009029932513465094,0.04063530275904182,0.08609981067445377,0.04273048308641153,0.008010293661726536,0.02084409310698587,-0.020079379880925737,-0.06059741375957276,0.097402289865714,0.33127868526311166,0.5438971240215775,0.022300379714563747,0.0029454339396123414,0.12024899854237113,0.22523318863043595,0.10068463494325153,0.02765144667323035,0.15575202939895258,0.03243914445148606,0.11576720690344544,0.010051963305982467,-0.04907928015759289,0.2359798302276121,0.0771424893963364,0.31745032473477064,0.26820999827348635,-0.05486264498544998,0.045456346940463056,0.06642774690943966,-0.20013679832139067,0.037310667650638125,0.14839384305301553,0.027005682705140883,0.06433411337509358,0.28822646545150404,-0.05778691351090243,-0.011321263910479341,0.06768064606059349,-0.004301050366927193,0.14795022253146725,-0.007980919160984002,-0.002820887608442392,0.013478208810197225,0.07559768292449363,0.21441726629676272
21_1,0.0070145764608220374,0.01622446835208848,-0.004810534676895161,-0.0038986919796810426,0.09182432321873762,0.047360091158842973,-0.01903297327752054,0.02620819124542018,0.4170614631586755,0.1566741036902961,0.3424116996724749,0.2895448865585103,0.026918349291915233,0.006394218101488635,-0.010765527316101295,-0.017179405375412682,-0.032891582218017204,0.004682281400605534,-0.01768638894539449,-0.022826969431988496,0.04155747519662491,0.02982390723393941,0.30087088155168057,0.3645108316599918,-0.010480635340125565,0.23366836901664348,0.25096116050751743,0.1617315357631366,0.6034616507726244,0.09588744614135067,0.08480730187365415,0.09518720499921537,0.03290493557090159,0.011445755444237067,0.13087892236662219,-0.0597230566002152,0.11808950363532222,0.07453054901985726,-0.009964255689666862,0.0037773806266464234,-0.013560391616126844,-0.00394892764994215,0.06402549483260775,0.09405544219118972,-0.000153753082986245,-0.10295737233432828
21_2,0.007723864699692605,0.018165913966587396,-0.004338545533645541,-0.002995029808476869,0.09261943289465022,0.0471202698528006,-0.01852447091959166,0.00995627591154305,0.41375321734443676,0.16576864394781565,0.3486751320977697,0.3031533861339256,0.07942112137955,0.023542138295906522,-0.009292091601772011,-0.020412255197833865,0.016246604478063413,0.013338072957122742,-0.01731855535404972,-0.021778957160795608,0.04357769567175979,0.02212321678891919,0.3029620111365044,0.3721430773650932,-0.0029501663921180357,0.24103788530687434,0.2536850892935174,0.1635518161297238,0.5668124983319954,0.09660216289191517,0.08772311719737637,0.09502034994172048,0.016505101969730377,0.007501505824493583,0.1316480615080926,-0.036481692370416215,0.12413359032527588,0.07363051416730024,-0.009949745235999058,0.003225895040307679,-0.01069999962170326,-0.002816349929018802,0.061359868853928363,0.09525074193929492,-0.0004657025809647287,-0.10716192501324748
21_3,0.0187758861696008,0.016370318282681567,-0.006461435550681941,-0.0007836740852017548,0.08675778569999407,0.01074265657706395,-0.019484690290994956,0.02715913640575865,0.41571051324546127,0.16279653666525298,0.3445762614219649,0.28977085379474565,-0.06514765962547003,-0.023856340570919305,-0.014705351565708045,-0.026145938468141616,0.020791292216651627,0.06884839034750961,-0.014901949506854837,-0.02264255081720757,0.011883756119654225,-0.014020339784642608,0.26663063695894806,0.36172359444781926,-0.008289038688181032,0.2203736722957335,0.24852197360599584,0.1420542666453152,0.5912155392376661,0.10227823097634575,0.08674512767460224,0.06983813419818423,0.06171379452513702,-0.0013973820852922758,0.17198137800750266,0.08149188138959589,0.11683508181017208,0.06910674281240928,-0.013831877384533248,0.0027573399784800007,-0.010961123087520248,-0.0193632788021647,0.08625972841171978,0.0932421786936607,-0.002285437364152541,-0.11450727979295919
21_4,0.006412414749414911,0.013143897721073374,-0.006790859990239604,-0.003233825989837499,0.08786014204922796,0.013352280042581016,-0.013018496797358645,0.027223322460087598,0.3547134936263369,0.1181455439130885,0.3458036073982501,0.2951099218207532,0.023110894996130716,-0.0019861284704182787,-0.012969672726065256,-0.0199188185929298,-0.001618781840079397,0.03397898080536281,-0.012965614415170908,-0.02333334685658884,0.011303236306245986,0.020067757696655596,0.263316654362334,0.359443350977605,-0.016088235262089703,0.21896248895003578,0.2599904919627376,0.15390577419494325,0.5975461330438703,0.09017930462207391,0.08369369756610943,0.061008305664742093,0.031422625083868616,0.05071428886240281,0.13225444773966058,0.08604099701276467,0.11956793852952698,0.07160825368551073,-0.010880113395147346,0.0008955214896645182,-0.013567650966137134,-0.004634114810817562,0.02435312618589439,0.0899892691354722,-0.004405017027962102,-0.11135602239296606
22_1,0.005453663207566432,0.012707275533267995,-0.007798324149159328,-0.0008293647536569955,0.08871058558204901,0.013660214183670416,-0.013189435061529135,0.029915212597961375,0.32143327523046356,0.13610156527465278,0.35159086079500146,0.3271295154248616,0.013683036417397727,-0.0240511676025729,-0.012231867120235619,-0.020616114669301404,0.013839824696985921,-0.01477461050771724,-0.011126165860723165,-0.020698234126419766,0.02636123964713634,0.008713017728686465,0.26567743100938696,0.36958460779469465,-0.011766535082720575,0.2557768540030514,0.22945242897677715,0.14440221580809873,0.5626054076716919,0.11082451241516239,0.09071301005270489,0.06654786941903326,0.062092851793176536,0.07186735011925063,0.1727420002265183,0.09178030219947832,0.09720654940116587,0.07433789494203398,-0.010805529871029243,0.0014442614212133167,-0.0019137312095448013,-0.02064271862732906,-0.02658951670415671,0.09099981469694655,-0.0020103286064918832,-0.1045162600349471
22_2,0.009266531365870677,0.015474560204984415,-0.006777615343750329,-0.004260749495548367,0.08347709172912644,0.012089151573264189,-0.014458853146156069,0.02148231433781447,0.44148080556516545,0.12094524454910417,0.29595692170181415,0.3087088436096255,-0.3495538484165831,-0.1326079928975701,-0.009205423097244442,-0.0305664335960978,0.01891282859041989,-0.2990471929229561,-0.03314921228406295,-0.022537909213124437,0.031767523573167644,0.021144135049128706,0.2567111899692062,0.34895208092369756,-0.008928119827669521,0.24397821312203236,0.2809715969777665,0.12989410187270825,0.5134388815697758,0.09200631286560754,0.08369681396666044,0.06529876623404576,0.06474831247287283,0.037430527632240605,0.1356056807612995,0.03631889602814693,0.08743338709786726,0.07562720492323771,-0.016291735094822356,-0.0007027746275035805,0.003231749003479047,-0.020686842012494374,0.08742845730112292,0.037769667859381205,-0.0020003215948512587,-0.004354571257977582
22_3,0.02765722775159998,0.015482214379518472,-0.003954759108707917,-0.0015112838547897268,0.09875367909445593,0.012625398235133676,-0.01138551381716546,0.02850737542794727,0.35749212115998846,0.1832050026656172,0.38043223287884825,0.3447811959804511,0.021128002326366208,-0.0257040177281264,-0.0012258090473327835,-0.015944268776799882,0.025622394164534917,-0.01183180995714338,-0.035234104142436565,-0.01782397720668706,0.006474750442665023,0.023090536786666633,0.2963929821542834,0.38637181620781147,-0.01806559393236476,0.26853320876919523,0.24780911344765597,0.14469619029580003,0.6459414124865589,0.11067121262995741,0.0970644129725173,0.10898956922960067,0.08340473315570832,0.010916158494086245,0.17316541624845744,0.005243488510611222,0.13841123153102639,0.08515598640600906,-0.011341814655911452,0.0030656012091441576,0.013204163582592104,-0.017321956088739047,0.015665124515029875,0.10243233383215443,0.010652675462542813,-0.07388727519697776
22_4,0.01607912033099486,0.013185007136182923,-0.006318043825645514,-0.0027139051225098403,0.09823131789376256,0.013386234713677489,-0.01130437056548804,0.02680212482955666,0.4271817637767479,0.17977851387745591,0.3106098317756467,0.2647093705604511,0.028286013981596286,-0.004565412956034732,-0.013550562961021164,-0.018648057421191442,0.014683162540723327,0.03427713349638149,-0.02068172348172833,-0.018548999918911263,0.05600081887464148,0.006523486263858603,0.2983070884725208,0.36684083230347075,-0.007911317788205318,0.2660210184609682,0.2583447007175192,0.15362359089050903,0.6788857439372973,0.10674828549467727,0.09546078163107065,0.1015234862826639,0.0667311186911643,0.03675718006470973,0.13537791640206343,-0.0504921959056941,0.10094236203954736,0.07915312058158765,-0.009594426405885759,-0.0010139939125106436,0.0001278527725780404,-0.01846980535491659,0.06687243832829376,-0.035377666765933596,0.0017023267185653237,-0.09191062253155308
23_1,0.007951928238968585,0.011648819808502209,-0.002866977260360565,-0.0005118754482435735,0.09217074762676675,0.013675690001576968,-0.01923886185791764,0.032039818428342685,0.3663530790524463,0.16671455290191067,0.3485205731065779,0.3425968313433631,0.0284451685437598,0.005967566492167849,-0.0017958339228929733,-0.021970274332862014,-0.01024129971481235,0.08303308029409114,-0.0482058206914648,-0.03142885951179683,0.04852338038207443,-0.040036793160545425,0.2705411317611527,0.37448954460965417,-0.015505352285103167,0.22986007057663677,0.25302876386741585,0.15207285919677863,0.6311868096384822,0.08765256232812077,0.08989347540265215,0.06398727594923947,0.08945938746060436,9.532464035516411e-05,0.13330111539685952,0.07038785850969369,0.12168699539330322,0.03130196293460549,-0.010238911853332948,0.00391600213054841,-0.012151468969527646,-0.005862147370308778,0.060420120858428523,0.034781584861495095,-0.0030091256405166853,-0.04915481252145905
23_2,0.007775130675044861,0.011660924846742837,-0.0004851257731070739,-0.0008186981088785057,0.09347144127795327,0.013550678874385186,-0.019243041068082622,0.03192350294023387,0.3671617815802136,0.16667607016771785,0.3484260247397157,0.3436063564253985,0.028173726353433397,0.004602719457774092,-0.00044026753210291836,-0.021905585519766613,-0.009915300688598097,0.0757547359854944,-0.04849099466047935,-0.03152369527253185,0.04815497745110121,-0.04072607127093528,0.27019393182343826,0.3733101247652858,-0.015120529733654551,0.22748643525097906,0.2528627011333279,0.15086927707274592,0.6266480576870546,0.08794189037183409,0.08989296862892855,0.06433093892041461,0.09212897704634837,0.0002937463627067896,0.13369697196294755,0.07053742358065394,0.12271479405774377,0.030804179641814363,-0.010236429812549895,0.0037315506445128174,-0.012578913575991753,-0.006108285805251617,0.06006095836703314,0.037194083807727894,-0.0035693417068607637,-0.04932248716134349
23_3,0.007687440208821521,0.012525232503327524,-0.0012035468721563081,-0.001810753022287539,0.0897082767219513,0.014091844442157102,-0.01925170719955153,0.02590055079291137,0.4176878281133117,0.17153487183010688,0.3413902128675621,0.33817062738008585,0.029344958298955504,0.00407022463281986,-0.0010970398412555023,-0.022449542657446565,-0.016558883931733624,0.08105839540040363,-0.05277788772920049,-0.032330505361773856,0.058541876943864944,-0.03909867490832751,0.3045167512481979,0.37347963240857995,-0.014909045874829246,0.2299680391072091,0.2505842143923995,0.15687957776219344,0.6366742028938627,0.09798678831059462,0.09089471735872144,0.09784605386805473,0.08936557787663583,-0.001796426333023118,0.1333557940016489,-0.06220942578771564,0.12244663048047442,0.07711243755026519,-0.010245653302346306,0.003522140800085516,-0.01233591179104431,-0.004634381147908033,0.06428365822329818,0.040029482176225185,-0.0013302601938260349,-0.08550456181391132
23_4,0.007845629224778066,0.012789141927764062,-0.0028979114371051177,-0.0037606022371856145,0.08957806661419675,0.012955784534804273,-0.01932808386832136,0.0260975465472406,0.41619634410906287,0.1637547359132575,0.3407578309215928,0.3406789839782826,0.024783876102468273,0.0035117570560153255,0.00021506101778633773,-0.021972322808064666,-0.0098711592313487,0.07628429119909089,-0.053192691261467084,-0.03335135987658096,0.05729572877776981,-0.039107928944308076,0.30432692955657925,0.3732250518066787,-0.01495504068381007,0.22724932532878453,0.25078292848648276,0.15094317670244364,0.6405764931802871,0.08791011040988386,0.08993009231507863,0.09782204177786077,0.09136085514511953,-0.0022506521499091256,0.13257078293373706,-0.06447807965764364,0.12168536321007607,0.0324279141067287,-0.010467980824476754,0.0036699378584480373,-0.013657020622101413,-0.0048177327806391,0.060445406080371016,0.03713049236982018,-0.0019778042476899923,-0.04927276992602607
24_1,0.009942665342073113,0.03249407999990857,0.012226878181386708,-0.003286354871272902,0.09710667808198684,0.04755909436271996,-0.0115595733552368,-0.009576637109022648,0.41848421265213687,0.2466294138425646,0.39744093566515154,0.3727140034625117,0.04675726481273007,0.028615038024356304,0.06782767649630277,0.05871338591998727,-0.0936261577569293,0.016454475402923947,0.05721157868793325,0.0724514511952088,0.04419664206721954,-0.0011358776569715026,0.29899330604103125,0.34236010760632934,-0.005941505949436034,0.3214376566598099,0.29551202263720383,0.12694182278260643,0.6598189471865086,0.12896828235072527,0.124552643174755,0.09115340034337574,0.002169703210572605,0.0004741889619973284,0.21481311004360878,-0.02024675958642461,0.14498676262228716,0.011026027563418226,0.01283167402274654,-0.0017307528098015855,-0.012519490379010833,0.010021467727918563,0.07140249942849757,-0.032757000008723024,-0.000892683125909083,-0.05909688362272921
24_2,0.012856080478880401,0.030107458127826718,0.011075417842646623,-0.0033142324654176487,0.10648840401973178,0.046165636293048866,-0.010271640200088182,-0.008246400767528066,0.4237102657900215,0.22713477799868295,0.42808386522700165,0.37412271649524703,0.04971783783303427,0.03351274921894141,0.028163865883562237,0.05749023311137249,0.0482879978320281,0.015459211057464875,0.03310141034654346,0.07152406357642346,0.030928000151277703,-0.0011986336671170725,0.3012306370627862,0.3940641356545798,-0.006042433270059271,0.346357569435264,0.2942036847353124,0.18817537039657595,0.6438142450027388,0.1273259182692249,0.09794858292367159,0.09027702910737809,-0.0001893294303742718,0.0002893873856354014,0.17077826523283532,-0.0287129407329238,0.14427452852726175,-0.027554673157873043,0.012682361236851201,-0.0023590225872302927,-0.005873441879718808,0.010970982677884432,0.06875768222135284,-0.03788951267005202,-0.005231174968221298,-0.2098344176865558
24_3,0.010252995563735004,0.03142593572116422,0.008448110606998122,-0.00501831494704863,0.09885498995090593,-0.027252078012131437,-0.043726562603215696,-0.09700332824024271,0.42516382622914695,0.2523469806212038,0.4210300259956164,0.36259342300982694,0.03311904465235553,-0.005585225098788196,0.013655693965621277,-0.00844656978938798,-0.048174921783672255,0.03912932566954483,0.014801047176338346,0.0031828371152080462,0.035260112101421534,-0.020295368513821712,0.3061965004969989,0.3018756450370004,-0.006905001936528192,0.28723153220660447,0.25396821955204113,0.12174375508777426,0.6142047973716117,0.0889682743207504,0.1200309429875388,0.09538476124746288,-0.018899128724749505,-0.0005365474351867532,0.20745904955922298,-0.05864995883784071,0.14406896118314114,0.011099449214206322,0.007311090040378089,-0.004540797890040544,0.008940573667233484,0.00903936920711432,-0.04488590313679287,-0.054849051235453576,-0.0021967990608621852,0.0714328233549782
24_4,0.012487968715010669,0.028114002686432972,0.011899680709678426,-0.0032863548712729,0.10177331552616885,0.04651479523561371,-0.011738309517222259,-0.009809753336963222,0.44163351145755453,0.2510400639209153,0.3959685774744171,0.3764005008026934,0.05127835329764713,0.02518186880538148,0.025015851800006882,0.05740361942334097,0.0479005415052726,0.0168458504614103,0.057285452694102415,0.07032970318940142,0.04296187742278656,0.018097781845437765,0.2962636854740563,0.3576582256771344,-0.006684716827162361,0.3120564259837394,0.34322491237861147,0.12431990799302689,0.6560103483207664,0.1257702974290466,0.11351128660934166,0.09061546690338906,-0.0023800636248674594,0.00025467405767194066,0.21249760296172351,-0.0211654702061562,0.14682498825511217,0.010564675130223238,0.012558949117752828,-0.0017535005756144674,-0.011505046992770983,0.01076265909165566,0.07140276496983142,-0.032866917213466997,-0.0009815507477881915,-0.05969405840238602
2_1,-0.004123503334762868,-0.01093683254091994,-0.0024673752072140575,-0.0066380295682118605,0.02294873736858339,-0.010084565472386682,-0.009295862013558618,0.012038096938666655,0.0009410535723846083,-0.44712635687305435,-1.02019854486357,-0.7600214684477229,0.0114850827543038,0.005697295762828705,0.00369388023743803,0.024607324366025494,-0.048994847491755505,-0.0633981844008792,0.006640838021339723,0.029754452879212544,-0.029857573255851828,-0.04046912810458635,-0.11565447813428587,-0.6858757202169267,0.01857945218015141,-0.7579455922712789,-0.6178447292747634,1.2500248167817512e-05,-0.3175393528684318,-0.024383692827211194,0.014814559561393924,-0.019269781297150682,-0.07062702206258976,0.007947013803537248,-0.26927011108727106,0.10182331951338568,-0.11776111233275142,-0.010282812594083403,-0.01410099915835696,-0.0025476857188110945,-0.02901851183209579,-7.141357388883163e-05,-0.008511215668839481,-0.06997003771313977,-0.002553206028953795,-0.055642498911908075
2_2,0.008634281694379018,-0.011783077826306276,-0.02144096624725999,0.01226673546258926,0.04141653775413898,-0.010953231250159337,-0.014927559792916793,0.014361193645473192,0.004829382818901654,-0.5131683512653493,-1.0063259835968978,-0.8477933740678313,0.00998176172247678,0.003578167522088852,-0.0070358251708422925,-0.021803539122526097,-0.015434512845514706,-0.01769852982604855,-0.006705035009878069,-0.01430055774691225,0.027739376596780344,-0.08926931633022142,0.09648149996078488,-0.7956751224366152,0.013408710658939903,-0.8693507492180526,-0.6356687488005299,0.05777449047228611,-0.3287478013416846,-0.05902064326158004,0.0009588959671746864,0.002468834476474922,-0.05461414564581107,0.01894100906930662,-0.30123688403088533,0.06544508654748517,-0.06950952698478685,-0.00303166197088399,-0.014925486173705836,-0.00655710740873427,-0.017679576627952935,-0.008785611636400322,0.005873836205652007,0.07394379098874995,-0.003769209829462007,-0.05212092764001953
2_3,0.01661782763223986,0.01168280521269915,-0.004416453439238437,-0.006982151129737153,0.024539360013497533,-7.18255169285716e-05,-0.00939204332642714,0.004442422951590391,-0.003350725999033585,-0.3614818977472365,-0.949409315485529,-0.8240791789147545,0.010962648217398112,0.003665710392849421,0.00118965354097565,0.02344756277404226,-0.025764326661904882,-0.017772649076148745,0.010783964531020493,0.04479141114536809,-0.006715261761915061,-0.03237050373543751,-0.17197519348447945,-0.7975688739922014,0.008564350680573074,-0.7022622427205858,-0.5947578871601418,-0.05509863560154915,-0.36347552241963205,-0.12977626186233965,0.0004480525155938689,-0.009919168746233954,-0.04277588498293212,0.11868618476881714,-0.23095713000949328,0.09537100249937204,-0.07186767505024824,-0.006611537630051401,-0.009966714120034328,-0.0027801602902165867,-0.030199389263941234,0.005973352125037391,-0.005491825478020807,-0.0682055362912552,-0.014786869932228039,-0.041272106331564584
2_4,0.012441160187801642,0.010273552870854978,-0.01378361989012287,-0.007219926143860912,0.020671819694679572,-0.0004788365997852159,0.012914464380408025,0.016051910827404436,-0.02252714787267806,-0.36194293186678805,-0.8736940098770123,-0.8096694781257225,0.009344271666671976,0.0035663188518288793,0.0009901314665940986,-0.008536505358456726,-0.012333621867217297,-0.0280943889271202,-0.004591617396002519,0.002880460999428038,0.016649434021337634,-0.06920890058417759,-0.2517127068086787,-0.762209150560864,0.014345795322877684,-0.6441541773925495,-0.5463293200957183,-0.07633391060775455,-0.39386914185523436,-0.1330547234259013,0.00013774389246550684,3.129719689064312e-05,-0.038988873072508465,0.052524808060426725,-0.23741554779290425,0.11803899023856206,-0.07139761683287357,-0.001930201604051585,-0.010450285970239694,-0.0031803979334000493,-0.029431021959611458,-0.007274639381327738,0.011357625730233965,-0.06690137853685141,-0.015732978439342585,-0.03981958797886965
3_1,0.030618987999055425,0.01650691088419131,0.019103114823073575,0.025862964675324968,-0.013377505533192568,-0.001996141917161689,0.05378316153914283,-0.031855624926295005,0.06642183580812638,0.31010931679572507,0.4209857172699129,0.39669065459563685,0.030644081973843516,0.006282147435864979,0.1262670269124211,0.12618466639731185,-0.04742613680266516,0.08020547319521477,0.052194803155523,0.11699277385256691,0.017338855536493388,-0.06750819482000024,-0.1870623298468845,0.24963596015481554,0.0851457890501985,0.18457397335641734,0.2271232854078781,0.10010589572980118,0.6124866079190411,0.01625726412877271,0.13644844643240714,0.006966266207669192,0.07760852209142656,0.0073250942136253,0.05030141073238908,0.23543892095934485,0.07404689979359293,-0.012662055425103453,0.06920430345524653,0.005195401257485837,0.14344691232199297,-0.018061062555403937,-0.009425439181618016,0.05073770342355098,0.02847590658026486,0.11346754260877992
3_2,0.0021198140983599467,0.02141441646462463,0.014127277043037354,-0.00300906690940612,0.04107577733814092,0.046668408192732005,-0.00020462749761236682,0.0052062841452961825,0.04729245854799886,0.32668659949052337,0.40879708622503047,0.49642939379826534,0.03719425522015338,0.011648306003667903,0.04820850458910988,0.07734356514904113,-0.1465150492348753,-0.0234674239649869,0.058015736853419236,0.06229562820439676,0.07091974232366714,0.07241121945855249,0.06927829711593492,0.3245890566592387,0.04116783970565688,0.44962319293741,0.48279062987439686,0.2502737078875682,-0.26105716882356234,0.043098298935249454,0.15530906248600612,0.09862988745128348,-0.0033377875158496907,0.12353898499137117,0.0664187048862793,0.2014988055314848,0.11426707557879777,-0.0006842536375185256,0.004945841093523335,-0.0040367197204841465,-0.021726072868572643,-0.00390745031065056,0.035453513996971366,0.08569096911203934,-0.0004240109382164239,0.23708172765002714
3_3,-0.0009329783949842072,0.02203598783666401,0.047569181769203495,-0.005134559947521583,0.024696557762845645,0.03787066032967028,-0.0011294519930002338,0.024331018590355656,0.053006191593947295,0.29496964400208475,0.3810412414671887,0.495080925748581,0.029190340728419584,0.013538869433439137,0.02442168910572997,0.03669996387393442,-0.03566904735405887,-0.03873521817963197,0.054414165229688144,0.03644897659423792,0.13958052912118368,0.05736077023837221,-0.2029013994922096,0.2908835435114743,0.031038455455727514,0.4073626846820422,0.4636811143142338,0.28962538756803385,-0.5636901172392067,0.04450510680761565,0.1443469389776136,0.05878501653852762,-0.003939374237542702,-0.04875083297902672,0.05628652341514696,0.2307479429455406,0.04211640089404553,-0.007095356487843806,0.00030103581168051865,-0.020593852984285985,-0.02258196105324574,-0.008098133023475914,0.03713652799235568,0.04749047774780502,0.0015564894095574954,0.22619189400470713
3_4,0.06637489395526865,0.016657940908580676,0.0266554532021428,0.026675289415405545,0.03170459536450291,-0.0016572585557567666,0.05374684542595601,0.02744960532712319,0.09366993530221486,0.2993300490364297,0.44890301927103404,0.3225912781678942,0.03151346955992095,-0.013947608894195556,0.12004046379162586,0.11878617214745883,0.08991244123928861,0.046414734733039045,0.02251397002879377,0.2135257655201133,-0.006253325368265118,-0.07705167004665038,-0.3975243908144972,0.21868029975095415,-0.03706684632287259,0.3408035925382303,0.33798647373294155,-0.15356796874076595,0.35784629998756373,0.03321916984189973,0.09661677615277878,-0.0037525805545256937,0.09812800013882138,0.009570246558151887,-0.29705361446671036,0.3622952780342757,-0.09742710432749761,-0.01258113581834326,0.06904130623848477,0.002637794781616889,0.14058495517528785,-0.01769245731911015,0.023793665705344875,0.0006970841901427309,0.08155824780931369,0.20080081173560496
4_1,-0.00035107617131939966,0.012028675175611033,0.03458807499810254,-0.006540784261516027,-0.055487349264512355,-0.002461326918506518,0.022007123895198804,0.034066867514373565,0.11439896265568472,0.2762385568297962,0.4956593734218699,0.4475975066396538,0.03372646842303285,0.008911899290705058,0.02092241828534088,0.012104697624063195,0.054830200180088,0.03695015891664114,0.017579976434028362,-0.06834731961319788,0.037206071832866866,0.01624369185054643,0.23190101195925808,0.2831106917151102,0.02824108442890854,0.42430312846308943,0.3453394956996045,0.21939631832382264,0.5088594446354073,0.02677277975117017,0.12874416172280218,0.09681651037643199,0.016031458081706394,0.023523389175530113,0.004695589414670725,0.2152007426106959,0.1434195388464003,-0.007591928757621016,0.07524230212812434,0.004407593739405764,0.0066132967730096375,-0.0006626925675459651,0.002594144959686002,-0.0006102446566804197,-0.00033303919640316937,0.09943619516880442
4_2,5.861358050703956e-05,0.014550692290867638,-0.0013968109969570808,-0.00648505903853625,-0.05268437410643593,-0.0024678122905418447,0.028434468181510058,0.036231386191616456,0.1055703441966095,0.2717129674509798,0.403522926394354,0.4609739745133579,0.03146773130665035,0.002591341867674853,0.017940892534318027,0.012219016339464234,0.05240311030009956,0.02844055307995829,0.004810254544601602,-0.06502119762165258,0.09565503460353625,0.03668869905953156,0.2087877975697128,0.3050518748663936,0.026461132970792237,0.4190359328869078,0.4089143268467191,0.27004954636516054,0.2933803586944785,0.022351970337939384,0.14470734344972527,0.09556886417555521,0.012319154231254466,0.02379827148358673,-0.004701673689328171,0.2530873272258506,0.1702117779684651,-0.012142890559918754,0.07510767692760739,-0.006402636181208893,-0.00991496214220904,-0.0031996577100912443,0.001451879899111063,-0.007518050545485334,-3.90458211188046e-05,0.1877280770941501
4_3,-0.012184520185053529,0.02632351676306455,0.0012282476200699353,-0.0063175282545409875,0.05289206588240533,-0.014630448825550936,0.016581026152712508,0.010647110720826983,0.08602042499552524,0.3106569897200032,0.4133860706675978,0.48237861917419544,0.04257401717445701,0.006943927987683185,0.054981221616795646,0.08395246810319067,-0.023658285350880146,0.04342222539389647,0.055712832212713816,0.03522014436473592,0.05587693467411037,0.0679857741575437,0.04090122937777306,0.3184502365093698,-0.01844302959352414,0.4489730142476965,0.44825876836498085,0.30388976466306766,0.29438290086948177,0.05216598631491311,0.14906024342250782,0.06334758569165452,-0.02886398483593411,0.015491054333472764,-0.0011278698877498342,0.3090812110836966,0.11070587814183538,-0.004387591424908847,-0.005403415498832174,-0.0066518955265532035,-0.02654540849002572,-0.010558848399001916,-0.018454945870392737,-0.03925988119542966,-0.00018695333267925059,0.23916529341057918
4_4,-0.00873686085002882,0.012505992910282785,0.024949568869763756,-0.008373799995955084,-0.015527190059391098,-0.0021324404358540223,0.01964726544123065,0.03214413011648045,0.10976566807308079,0.36552619973422096,0.4919065284004859,0.4470006527443951,0.03181498293129721,0.0053958119794587514,0.01827353007463626,0.04486855161914352,-0.013359526911397385,0.051293943970696504,0.01414992998032363,0.05933368197112152,0.021231720176720936,0.05683248368845896,0.24431267938084936,0.25485430130823034,0.03856890456817261,0.3845391777599739,0.3618982417268551,0.23070606530031884,0.5029184554707086,-0.005211634220999318,0.14937574182131677,0.0873257434802818,0.012696159906643651,0.019154322451870376,0.01820725367341871,0.2072646413019282,0.13859504400454659,-0.013048337160344856,0.08099026597763831,0.002405564323641897,0.008203397712139175,-0.013233416044705381,0.00096913696746507,-5.395176212791439e-05,-0.0012451227413768418,0.13236743278097507
5_1,0.009097866563919003,0.029599465155177387,-0.003462805212804559,-0.004450332654832009,0.04141997536083548,0.0053120615224350725,-0.0150400381050392,0.0022690082479206557,-0.08171335391188835,-0.0014488753491146348,0.15218073343766844,-0.3435052666552083,-0.11353645035415874,-0.024167429317198976,-0.021577749125408295,-0.03797456430564527,0.023245827487668253,0.04327560362577223,-0.01728205145761169,-0.055435623432013574,-0.05321040863525727,-0.015531786646690344,-0.9372107418256027,0.020299496935489224,-0.04978031310969227,0.018392071932126188,0.10104733156809301,-0.21312724535242483,-0.6674054862647489,-0.041478290371149903,0.03058242096272255,0.030811453577966424,-0.07291518678370956,-0.013459692310222635,-0.6621228116855389,-0.182874617241218,-0.5921328359848413,-0.016925385901149056,-0.005341648756707542,-0.005582954484444239,-0.022557592620141988,-0.05024438941396254,0.03129285762161549,-0.036222456675974284,-0.00933368997818922,-0.253251682950033
5_2,0.015184933601385935,0.02691694163821339,-0.003044962392037541,0.012055003243555608,0.05058078553525419,0.01577147479140567,-0.020884269550622885,0.0022827692455989726,-0.1053402578938225,0.021148717573259063,0.12565814677641757,-0.3508151944179512,0.012489500835074541,0.0034661430906039355,-0.0016802334093451454,-0.013520173441139111,-0.051201821837421696,-0.046182521428745696,0.031503947745014665,-0.016061435895270846,-0.10137995610460711,-0.07589553682272002,-0.8620728881168781,0.016244396442786736,-0.05196860852219427,-0.005012466320206498,0.21951288697246232,-0.25091925087360417,-0.6743909584153165,-0.04018768206116123,-0.016981357394898564,0.02662354895360606,-0.114408161676496,-0.00967422100626596,-0.6591483748983775,-0.19180853087665137,-0.6062112922452354,-0.016808848755447976,-0.013056730447441274,-0.008675502893641432,-0.0503059681791122,0.008779127079902922,0.02945862834233447,0.08632117536180631,-0.008697723699626746,-0.23528714775779166
5_3,0.01220618639406167,0.026945337750743703,0.007304987637323855,0.011955801301258196,0.027977559722592017,0.005558235154067225,-0.020891564837573828,-0.0177538055793754,-0.10392846676289143,0.017272036330835187,0.10098997840620713,-0.3425508968612492,0.0075265529024479035,0.0035312393188906416,0.010294134368829005,0.07706170987610605,-0.023494857770759863,-0.006735874160561768,0.026864446873628336,-0.02294934598619026,-0.07228303240608329,-0.17175196949364224,-0.9418029078885323,0.04661583809176146,-0.051288405779605514,-0.014666959711384904,0.13550941457718632,-0.24174606464721587,-0.6759166676111666,-0.029092035343900976,0.031271390457670876,0.030143857329134154,-0.07819866400278286,-0.009649968029608203,-0.6708236735151899,-0.19175017098183075,-0.6285155500222248,-0.01697005574731634,-0.013076542914161604,-0.006141943253994199,-0.05803551064702098,0.02297392099043275,0.029593461347170804,0.09496481146409294,-0.007358266279544922,-0.266132399316172
5_4,0.015982708823421243,0.02969106475788657,-0.00485576303040607,-0.0040178208787537036,0.05816412127829447,0.004544057698106381,-0.02076360289769167,0.0023383286439508334,-0.11140225157181548,0.015716495193439296,0.13243394410312112,-0.3448588487927225,0.011196091269530618,0.0014830567174647926,-0.016062549785564716,-0.029231380710767498,0.022982442321960544,-0.021292260172345097,-0.006464986357289211,-0.053467554976421645,-0.10099484740195308,-0.015204368397725555,-0.9141250010970546,0.01789595067352046,-0.049003032241841785,0.035451349527027685,0.23798267224651326,-0.23835305087746816,-0.6685621021082866,-0.03532702542386466,0.05273181689147533,0.02946434180707035,-0.11226720401597412,-0.009638197428852673,-0.6589698627295759,-0.1913118410688044,-0.6165593200720306,-0.016805290371119472,-0.005172803434218194,-0.00874350627549084,-0.0238189428362281,-0.050401369762821065,0.029583367327699974,-0.03540268739530734,-0.00867290964184365,-0.2602747718648662
6_1,0.003809568925245046,0.001913093943312921,-0.015420153507174593,-0.0038765949337923747,0.03289827439905975,-0.0016714255218247159,0.022801002975319864,0.012349466040734008,-0.15259861220155294,-0.35682195227444824,-0.9056071664660007,-0.8039906175196281,-0.1801587617965075,-0.06316187641283295,-0.018293458612981834,-0.030862213834389605,0.019689581373596454,-0.0952050755625428,-0.05149570794899321,-0.022572655333156676,0.03906602146346051,0.013107064841678553,-0.05519042009316718,-0.6232956861782812,-0.052205864363084255,-0.5919531997434477,-0.568034519998582,-0.00035310955016985477,-0.5328601129808398,-0.023815353786688157,0.027651180038914,-0.07834779354023982,-0.032380524798828574,0.033265979448720916,0.019977550891536196,-0.06034724539140579,-0.006807768759913702,-0.004982013108172603,-0.01004195326058396,-0.002383770994491565,-0.03711592282083804,0.017775606536881084,-0.011139363879396494,-0.048695316878380766,-0.016219888694916557,0.028197531759926085
6_2,-0.04731570591004128,0.011858804330279,0.0948920276350344,0.011007917985130691,-0.019682787489702668,-0.015869987601004033,-0.04450651333075158,-0.017755460221993122,-0.24176148609696266,-0.5410690054659346,-0.6653011962187262,-0.778177940065891,-0.05720534055769509,-0.013231309678393052,0.12951827869734134,0.028746718339293334,0.03962476776515571,0.03441450805365532,0.1510707854575835,0.0624703994369052,-0.04244272842722495,0.0035643919224521477,-0.09406551691581778,-0.6014974783406044,-0.027373723561612065,-0.5821672337161742,-0.49019770475482843,-0.053687284535623755,-0.48597091052395763,-0.20846944288571218,-0.003805631202067866,-0.08256319554441348,-0.05621868031723677,0.03308094499660793,0.010174628597622238,-0.117848424465379,-0.005327828933959451,0.008355050255643136,0.056438029549272344,0.0002446250480732017,0.1372036034499102,-0.0011188483123624486,-0.011477144257962963,-0.02258599755446347,0.02061191621625926,0.06123032250248344
6_3,0.003501273833619221,0.0025541457883841417,-0.0012333077581066587,-0.006823841751206346,0.02911286923112437,-0.009578883660752234,-0.007890082300286492,0.023322349964887728,-0.08635035041269419,-0.35639228573348014,-0.8899899723191644,-0.8647770998294824,0.007171890995352048,0.004865075746648404,0.002789085266106915,-0.005657295251308947,-0.017610164022854032,-0.02524975824086277,-0.0069111909257133855,0.013112429459045368,-0.008126139603266845,0.009427002209868862,-0.14865643458547279,-0.6797161996115842,-0.006114675053002499,-0.7209342636903353,-0.511377265302535,-0.1337068706967774,-0.5546570330241831,-0.04782655941574299,-0.014153539075232063,-0.06920299680713489,-0.06341500935827328,0.029984631125278875,-0.03258028502301995,-0.06674100841087086,-0.006721240633485982,-0.013862917650778166,-0.01233120295538658,-0.003895344110609936,-0.06196805932806038,0.012339356518823074,0.0060322997062465505,-0.06524334429160686,-0.016322462538503148,0.023621068258907446
6_4,-0.004506031767269589,0.13309592115436086,0.09491986702296668,-0.013121010094057771,0.010661755361893727,0.004824265704244131,0.039514871873455884,-0.026153400405773335,-0.14384990142749463,-0.5158877970787201,-0.8916766774775001,-0.7609951531014368,0.002617833678607913,0.0017244907664167842,-0.0182773035158201,-0.009413023098445874,0.0009019847023985193,0.0065601616455241785,-0.0031002426882991443,0.07086610689561446,0.005098741281862114,-0.021352274627654065,-0.38650449697026684,-0.6527443853694869,-0.020592624578554104,-0.5481568289167965,-0.44945660583747954,-0.07769029938138292,-0.45718213513067196,-0.01272311752201586,-0.023326861362336554,-0.019076457962502125,-0.06518725289849017,0.02989566814968144,-0.005355253638226699,-0.07149092159486933,-0.06068401731850274,0.007873944985175168,0.016901146108687176,-0.00031225580179132544,-0.001919535210136561,-0.008289121884788905,0.013355983008286196,-0.04826269409168682,-0.01558037347887042,0.04871169749052604
7_1,0.005909253043423859,0.019118163876826855,-0.009407983448263556,0.0005426344542588291,0.07368652379439657,4.7503329224535094e-05,-0.018787850777295067,0.025983983504985524,0.23055783048486767,0.2647309177761958,0.44338194440272993,0.4558978510767379,0.027485548412145306,0.0023855779222290295,-0.001672079510746248,-0.05183468140163034,0.08056755597050448,0.1091334541041322,-0.01556957312304736,-0.035343765128588944,0.06556640101662148,0.03504680667169464,0.2912678548163225,0.20912239360558507,-0.05709690076337094,0.3231890761172638,0.43354404022669624,0.06180276463526939,-0.26300781842696375,0.005193389533787379,0.11930853831091118,0.11334193804213319,0.00414154424973872,0.029824242972064447,0.1841821929672606,0.13232177701580425,0.02356134295108723,-0.002976128326577259,-0.01039888784621349,-0.002165137876980754,-0.013122315812300299,-0.002759931366880951,0.06648135715996818,0.07878709352120447,-0.006966525766637824,0.19226159686305347
7_2,0.009812879884513757,0.00840050400406225,-3.0827828430657646e-05,-0.030050584062800662,0.048050064170736914,-0.03184550590017898,0.05263301801843859,-0.04022632539093601,0.42286104952122333,0.3093159819096419,0.38088249324510304,0.48790910010953387,0.01916174509250727,-0.005644248263289192,0.01610182922293994,0.13115979698374272,-0.007106491331951805,0.00538253285659075,0.01740245372437511,0.197779210175258,0.003788910898520783,-0.020855640972799787,-0.2673629918559169,0.18520420724146464,0.07135004511714092,0.37015671564151825,0.43800359399873495,-0.08862636460486413,-0.5796732657003651,0.02116866070777078,0.10820825398622942,0.0755585098923625,-0.0035529396177061976,0.012901440827124699,-0.012013751503160211,-0.004154270818685746,0.017335498755706072,-0.011376437044514817,-0.004256449635291416,-0.010901952831111459,0.042625339295747966,-0.006499684813605716,0.02600623568255662,-0.02030484533871555,-0.01692561674168573,0.1779876787785014
7_3,0.038351091664122296,0.0041808209022967105,-0.0004225418027683459,0.0859273623663987,0.0632321696631409,-0.031751240585548686,0.009430656119776669,0.018612125528677855,0.29050616612291297,0.3229020804396128,0.34638953012130996,0.47026862961949917,0.020932018235732586,-0.003503301807299962,0.07704712418891704,0.22830338268421851,-0.005767745698674131,0.011968456614465278,0.06471158730158197,0.1532915644306624,0.05236054407921199,0.04565670819111751,-0.16482134201145573,0.24047201607223148,0.05208431940917978,0.41931134271085113,0.46097886963023843,-0.1587409884192494,-0.2180471943147794,-0.28659792447342325,0.08943516710868142,0.04305128238757936,-0.039061505627510866,0.03736367664624936,-0.03123499722557973,0.18052371730867123,0.0014370645567769284,-0.006542170605176654,-0.005285831767568542,-0.01017053432223515,0.08310783136339853,-0.028083877595809333,-0.012922852806980729,-0.0010132235999702473,0.0791241278829701,0.17421656915211847
7_4,0.004572988163765938,0.04742096561498316,-0.02925179139815545,-0.007503253320370789,0.03856486208067263,0.03691894012311799,-0.04061302341670076,-0.014457272086632316,0.3485143130665157,0.27187357571186205,0.38096618686074135,0.4386030062289972,0.14021156975475552,0.006369535692868771,-0.024329378927999804,0.07974557956712264,-0.00369039202723631,-0.03666163998167703,0.08842328639341145,0.043280426895612706,-0.06272381055052005,0.05639242387949417,0.24534869665102288,0.1956479378353235,0.010311423737018061,0.30840928781009586,0.4579889232494623,0.035118004835403296,-0.3124853760192079,-0.0072559495714837035,0.05972595815045853,0.07313982653339848,-0.014724945223927888,-0.0024279923670246016,0.18112095087297606,-0.08645636954040327,0.01415217674796538,0.004078535921932784,-0.012387680174735953,-0.027733911706492195,-0.01599479393110032,0.06790520592557908,0.055459744168686535,0.07657531735523557,-0.002243189002983089,0.12184496065517578
8_1,-0.016604563478002453,0.1570219803070881,-0.0025471014624669957,-0.005583653812542973,0.025321809117324776,0.01797424228655845,0.01591330003992398,0.06806811579599055,-0.40550332348994883,0.004269878678334315,-0.3319924793659699,0.46134769025279854,0.02713102828246547,0.013059227492232308,0.007240977931140486,0.0221872595868148,0.03603298961685104,0.027046362759836316,0.013927727620844757,0.040253704924279196,0.07402850440620706,0.04422769241416933,0.15437286464714073,0.0989661685972932,-0.029022892129236814,-0.10880697467559763,0.4044023419609827,0.21094886370883953,0.32236186633645864,0.0943962674273727,-0.21197099952535667,-0.38843146962479774,0.2648752138419092,0.010755273758998672,0.12134099304785918,0.2771283734794385,0.052664655020204544,0.03194803407184978,0.0026577584742988446,-0.0027606697019286657,-0.006400014787257634,-0.00859728959131586,-0.028762291151725655,-0.042287402830898525,-0.0004970371060219487,0.10996453283784634
8_2,-0.05006304189271675,-0.015994445849631566,-0.0037607500746762793,-0.012508885634797455,-0.03862196996500593,-0.015041681103293248,-0.017180797837387473,0.027556933967941837,-0.310815622126407,-0.37131314998108733,-0.8282441889123041,-0.7273136275031712,0.007981904627068421,0.010486518168814104,0.0007819573172458754,0.028873600057048525,-0.022881923363077837,-0.026383167658798744,0.002112277554967711,0.016184451081614783,-0.026762569498177204,0.011327669109461478,-0.06514468174702567,-0.5925362490779307,0.018621351320688664,-0.4832351644742331,-0.48748397452012565,0.1146085487551728,-0.43136643659258944,0.005165757157775972,-0.22456740118493332,-0.1968819207825348,-0.06386695823051926,0.0299858702291066,0.03587471551129971,0.1598652099273416,-0.04731368276462165,-0.02050382830995361,-0.016026077080079512,-0.0018415895363082994,-0.05793576903245135,-0.015568813533112569,-0.016639594637329766,-0.07677602512073062,-0.0027867235172464792,0.030347662560752456
8_3,-0.011885995692556718,0.06737197484314966,0.03612212207790264,-0.010801503102212694,-0.06115090630333289,-0.0029698591951346377,0.018467752880061788,-0.0521191608371075,-0.32752767885154066,-0.4354265538466978,-0.9501447082105797,-0.8188919704488442,0.009463445348729095,0.01007290403687907,-0.02320084046516025,-0.07660084577293437,-0.07113221659649606,0.004736935779969894,0.0022854481070305045,0.0017215752804390578,-0.013495264915522663,0.0014507374542240754,-0.060917420852484756,-0.5827971863225347,-0.024081624685700263,-0.5421059726375063,-0.3893703968766183,0.10889066247726754,-0.3196496989739093,-0.04575910771850783,-0.18060607079932053,-0.24014962161146222,0.0025563319066468503,0.027137956724558175,0.04274574812972137,0.1286820689401889,-0.06477403585965016,-0.012660836784137444,0.02113831952446375,-0.0003085218825843051,-0.012745390051865906,-0.0072586138186795535,-0.040511116794996964,-0.04009641138053976,-0.003173373174763985,0.05496169931752908
8_4,0.07176261309219063,0.10171894622292617,0.09595193291789093,0.08946606346007516,0.012469663033511113,0.09043735088785862,0.027332917152921795,-0.005639155217696034,0.12172533980039649,0.10450696511563509,-0.31857505098195193,-0.47393652615115084,0.030200792170836314,0.010700449439713934,0.2107392032070686,0.10116053223966426,0.05163090612550733,0.038125595468203884,0.039234148425264646,0.0451498950862215,0.03793546793596501,0.004615551622914713,0.036934862278786715,0.246620034208974,-0.014603742270919193,-0.1999336862584148,0.12839310217396932,0.14274675735107417,-0.05286545896780104,0.02997185412984819,0.09927819855068203,-0.1095912217744424,-0.02714416096106428,0.03000078459453599,0.09413507171879064,0.23212641144219825,-0.0066779709285397434,0.0033357192803707423,0.11587555979824227,0.032491072437259585,0.31518061661117097,-0.011476117215327505,0.010368627642431485,-0.02587406278360636,0.012232092835497692,0.07421556690190155
9_1,-0.007765114657370741,0.06638537617330367,-0.004913861020728154,-0.0067985357697667205,-0.11144872626503247,-0.040994318008745194,-0.016390763181887064,0.06213036699182336,-0.6006892173060953,-0.613962425224227,-0.67031778767393,-0.733557218568108,0.014054243875457268,0.004168503227374632,-0.0028902306716117204,0.0034990514059131802,-0.0022142569367183534,0.011364951910735773,0.008451198350472523,0.012297757987760779,-0.07636184639457959,0.010467072962077459,0.02147841262165408,-0.02356339685975601,0.014085904406299875,-0.3963065621398052,-0.03474061360685115,0.06793790581182091,0.04342471313508057,-0.0813416492597291,-0.4987706161541537,-0.3666276689690551,0.0036257116763366896,0.007181575478004527,-0.03085415833483783,-0.22402105721089832,-0.03365654553683349,-0.046527544798848554,-0.06400684497619002,-0.00649687137801414,-0.010953013209135398,-0.024725331875803027,-0.051084262792804556,-0.04929438783175664,-4.732208749233481e-05,-0.01469488282065453
9_2,-0.009966436938771046,-0.06130944310989642,-0.016119297257856095,-0.008964901396731843,-0.15306300892268682,0.04756941043011363,-0.04778017860816094,-0.1338631617926065,-0.6428621455143799,-0.2701611513943265,-0.5473050956092942,-0.7341405201020843,-0.03599984482751963,-0.023489661371541553,-0.02179348777513124,-0.04751175420512136,-0.0030251848205029436,0.0068944515679588095,-0.08569224370573822,-0.08694712386050724,-0.03262943766610663,-0.04069513432143328,0.032890207257714105,-0.04632113036609785,-0.02083737228876313,-0.2883440555816645,0.05776621840707247,0.040426978293791174,0.02629256128407253,-0.07219556293933276,-0.4931704717071567,-0.5281833082910317,-0.15052018758247906,0.007701161663041802,0.045639525096375776,-0.2065777940026749,-0.038351563591568154,-0.04018977829867786,-0.050134990149005534,-0.005234509372749881,-0.002778866787134679,-0.024211378347284287,-0.04504133362887833,-0.05905528710198755,-0.00041810387250434554,-0.07152064465297213
9_3,0.018651652972354257,0.07129921714453828,-0.0035051474089356437,-0.02071990690585969,-0.06152296624984378,-0.04774871352958041,-0.016336743152222662,0.013303316077493386,-0.5968156680611786,-0.6127170561286882,-0.6652807192239081,-0.741654921069005,0.011223368666662441,0.007606631722364849,0.011883408375211596,-0.007234872646851752,-0.15281339764243096,-0.02597516852894363,0.006379838204554884,0.03851470099637945,0.07554860507375721,0.014619015036725667,0.027502250765708457,0.049124939936579924,0.05128791485546359,-0.4370506041338974,-0.024729725290898515,0.0708487284900756,-0.397061225474895,-0.07176350491013338,-0.15758345550924868,-0.09898066578943233,-0.0369544339307628,0.01489138339444183,0.01706447095819925,-0.19643139790488245,-0.04102126641667578,0.02445388941911205,-0.09509326844972373,-0.00823959153735369,-0.019287598962095955,-0.0251778608630213,-0.053507328919997134,-0.07089042824170529,0.0031405623001593526,-0.009168698996356573
9_4,-0.014479838272078197,0.013959849417238723,-0.00656505071290953,-0.02174713667589666,-0.14505197929829264,-0.04722139544415725,-0.017204595957418474,0.029170799964252342,-0.6133922812132304,-0.1108532874250751,-0.5696637933914427,-0.6926476584658234,0.03185042667228128,0.0072315825871526445,0.007958094964874492,-0.0026053309364348657,-0.12254554449723674,-0.03219895290699334,0.01157255648801619,0.038800032578640335,-0.07453354856037166,0.015578230025634,0.011343142941244774,-0.03421837666560539,-0.05750435786896846,-0.4934193936808962,0.026088686302136056,0.07920156583289872,-0.330962342458922,-0.08590509005272384,-0.3152057431541037,-0.44375713796272825,0.021292386551551922,0.004435348541990422,-0.041174247296098726,-0.2925683870273283,-0.03694721027337273,-0.06815413488724549,-0.04825530905995759,-0.008167274293846586,-0.027040715162067713,-0.024601939915733794,-0.052696224718672115,-0.0669268159825709,-0.0009682559480801763,-0.018949842345506604
