,0,1,2,3,4,5,6,7,8,9,10,11,12,13,14,15,16,17,18,19,20,21,22,23,24,25,26,27,28,29,30,31,32,33,34,35,36,37,38,39,40,41,42,43,44,45
10_2,0.05222589377608982,0.04970233798235448,0.0535387442761934,0.020948768627098824,0.04395700980569488,0.02027075844015339,0.03605949189316645,0.010284384740382128,0.12393216790329503,0.1812431677342132,0.16193462832854444,0.14259034647617877,0.012105140821108452,-0.0005438729939923938,0.0052316239359117694,0.002619461302527703,0.004954992717174269,0.054836984770220594,0.016831774626891532,0.009837956718230139,0.036079715635269106,0.016288781261491282,0.010461954010534838,0.07206564623460049,-0.008435522280856745,0.16225163221888825,0.43977908091867907,0.15191916353135793,-0.013894835957814577,0.12220584111353382,0.16410636438257295,0.0611722070751368,0.04106573679426056,0.02836780389950869,0.06720062428623871,0.07809097118510043,0.12125403014654428,0.07246733252734693,0.03801082992702248,0.10759910744043062,0.011828844386064012,0.04983630955234536,0.010185663450099924,0.033877471916066715,0.01627929735534684,0.011684595317482787
10_3,0.03016384923335785,0.04931126426866302,0.05343308806498431,0.01697598482220739,0.03924896043438393,0.01179967307140292,0.0277899940165597,0.009927073355610914,0.12191247912441396,0.16833090194581077,0.14834381853131734,0.13305426405585655,-0.0012780527389916823,-0.002614942126239456,0.004317515947184498,0.0038997707730131954,0.0018032481474818305,0.0543343763722115,0.01656503768435391,0.010331726461340986,0.04233218596661297,0.019634325411786006,0.015841173248145244,0.04701892086255592,-0.007440872065002249,0.15305074468378266,0.41215667194722916,0.09717734384600075,-0.012544905952945419,0.12799840912752758,0.15926528023143982,0.05867703339759354,0.0377434619106114,0.03381566271085139,0.05972395626328929,0.0736602125933907,0.1214229199720668,0.05308660744916668,0.03595624924006906,0.09941619935297422,0.011090549815480251,0.03792383639572416,0.01303641152880947,0.030277763358389137,0.014503799955850811,0.03148344752451899
10_4,0.051202229979658474,0.047391904241780386,0.050365114973583855,0.01435282865704947,0.04018327226221054,0.022098854048089433,0.03088276344273612,0.014831486284320438,0.12439225161259994,0.18221036421228942,0.16420326599083615,0.14294663708779318,0.003107996628395648,-0.0006259791830051709,0.05664125067215164,0.01707787163119055,0.0032165744708920743,0.055445818561105406,0.01809923952975303,0.01975408924515646,0.041839007874686106,0.014900845362285158,0.011713513879431,0.08007247801002534,-0.012941789765153712,0.16184402120217828,0.4429825122658247,0.15247887985959876,-0.015851014854071546,0.11309024986646474,0.16347191284377763,0.0609544186683178,0.04069411747324571,0.028178214931033247,0.06730083120704022,0.08003167884416643,0.12265971718308878,0.06502749703004912,0.03604826367397171,0.10123088758360504,0.008295492976159053,0.04800681662735387,0.0029708327183593022,0.027473843293197547,0.01662565582391782,0.00921363810319369
10_5,0.05125989315725595,0.049884176818285005,0.05740100124375233,0.021991703964932895,0.03340532332758674,0.012445379383946239,0.03556677335354587,0.010658089601285503,0.12508278870954015,0.1821411473027813,0.16577687564101354,0.13892180227837891,0.009123445767072193,0.011021373451136325,0.016947849668717846,0.0061528743883080645,0.00917194764037193,0.03444595194694538,0.019992900649108507,0.00895481676247274,0.04070399946177359,0.015922703111503782,-0.0046448479899993175,0.08798355826916826,-0.011197375133272599,0.172021733605314,0.42850478890414745,0.11047925401878257,-0.0033586598930106025,0.11383993984082671,0.16287539699098402,0.06362419582489254,0.04011059435483119,0.011929734115019165,0.05875738143556566,0.24900733446771928,0.12030482113340234,0.06889590182250813,0.03851070001318846,0.1034744096559738,0.010566425074519907,0.04008042959674776,0.01265557508584152,0.03467346340529755,0.018104437653878813,-0.0001303613974653395
11_2,0.04607332885158394,0.023043020354902993,0.030495681607778293,-0.00841452949705506,0.02880990108383379,0.01906844230709133,0.02226829981068687,-0.00125397099311212,0.1104056280577651,0.06060734901760649,0.04750102879454934,0.11120781168349862,0.0007817494874455478,0.006315212503584694,0.007369925587876604,0.004160392469366279,0.009281863978669229,0.026176810845093594,0.016595625707129667,0.0065166484825399836,-0.029609772521314037,-0.024561947779177976,-0.006447172122675944,0.03862986662782887,-0.012431098197913744,0.12271421795213236,0.2591392480454387,0.11497941736786699,-0.013540239233792611,0.08517890709994383,0.15458005648540396,0.012259821818150912,0.028181326585085143,-0.038837337328557216,0.06308909583645864,0.06273354110287255,0.09887667177909021,0.04333148085655302,0.03258479266474008,0.07255008572836343,-0.003403259347159021,0.0334444155560111,0.0054000507322210685,0.01955859861763005,-0.009241241415012272,-0.05322915976555325
11_3,0.04122558118133248,0.023042547155712852,0.031314126229434205,-0.010121207268215903,0.024101319855120294,0.01632750649777459,0.019645481122838194,-0.00211214679488536,0.10666878103299393,0.011074670333559297,6.49023028327799e-05,0.09715529956233745,0.007115505120039573,-0.0037225764439599504,0.011225277101766207,0.012902827481804872,0.006087166664220173,0.027214799683942643,0.014959754059430473,0.010435103882247146,-0.03406276928150056,-0.03670354044394498,0.00901669908656322,0.02574853000652282,-0.03820112341797957,0.11789371234707437,0.20394072991934376,0.06897279989306108,-0.016494483885348986,0.07686739125688895,0.14955408666792422,0.009488168932863715,0.025493741082314444,-0.0323959249652504,-0.00480520827823311,0.2701162046396292,0.09036737262483936,0.03771772343728999,0.029001209534452056,0.06808548068065055,-0.0034146798451833026,0.030332341591022827,0.006360707688896145,0.016309743485508975,-0.015602621870016747,-0.05370247990129801
11_4,0.041784827156517414,0.021827421832998326,0.029073526006087102,-0.009410075477399856,0.025714096796577764,0.016630724295745223,0.01980618906287741,-0.0018015406729205907,0.1074491657914181,0.013417389885686038,-0.0014404909269767829,0.08961165794459146,0.002515635713213516,-0.0045937689759667655,0.003419081935736697,0.0028826107240279538,0.005630675702537691,0.04544211264140754,0.010178836292348541,0.007484549939865646,-0.03414144462825423,-0.03107535409672805,0.01046816629721395,0.02615695581331926,-0.0053777769390979295,0.1165828097328568,0.19583755837192357,0.06400682328671053,0.005865905886108487,0.07845603552927263,0.1502445859107302,0.010350761792041242,0.02709624931981673,-0.030477136653025434,0.007327087205923368,0.2537158570780987,0.08406090686877067,0.04239964685528124,0.029333721797019003,0.06620554116294076,-0.0034235076642370895,0.030079891906907075,0.005530219598063602,0.015811483534200553,-0.013536543033826174,-0.05300776914939443
11_5,0.041493985556593053,0.020881472930878334,0.029357905635895156,-0.009366195423965955,0.02435879312505976,0.016387005324933833,0.01933152745829399,-0.0021988253413505127,0.10823016018527246,0.00842462756759314,-0.0024735285199067947,0.09592297076633086,-0.0019963923684070592,0.014420693011920416,0.007251513915743081,0.0018517472551444123,0.004203030526339974,0.028809439506300636,0.009694011510711607,0.0072313846352146,-0.032357588422573705,-0.03294896535739787,0.0021736206805428857,-0.009802097736817951,-0.016276411852179862,0.11486595303286412,0.19517964842111793,0.06374697647154096,0.022132186610584387,0.07748529891710855,0.1484787096227245,0.01171135676022678,0.024956478811302585,-0.029393749697912436,-0.0360907275492004,0.280644085533114,0.07301049127042555,0.039408125552083006,0.028823260318908254,0.06595193997961284,-0.0038039768185048795,0.029549756138876008,0.004855378166175225,0.01459169322551629,-0.014001711436311756,-0.05280436585236655
12_2,-0.010591668888461594,-0.022014108207078945,-0.03039783488804062,-0.008255018902861996,-0.014022240824996106,-0.005044258628364199,-0.01595033415345276,0.0014076453470156156,0.0803789718644469,0.033128535353103734,0.04121474568526343,0.04271948977354603,-0.001102587849949653,0.0025544299162284117,0.008111407274273893,0.0010488003875844878,-0.006386315295943462,0.025419174050908024,0.011403957243356714,0.005309944317444468,-0.08321885072042735,-0.034945214583701256,-0.008227420650331755,-0.040616542417141965,-0.011462478927841524,0.022498074949676962,0.20862394696859268,-0.013816402118239627,-0.04018629356654224,0.02828096805043405,0.09992563535837967,-0.013699644938180214,-0.030206097499319944,-0.07312941679134093,-0.08323756268296456,0.020821824849499643,-0.11909757077568936,-0.013597408831323602,-0.015423867194583317,-0.038005266363351664,-0.005667954503346196,-0.010223078229550781,-0.008576389868354024,-0.02024348938061478,-0.00018558883104344395,-0.06374717089448192
12_3,-0.022647716529254982,-0.021263426000027365,-0.03265020626435679,-0.007864433597455782,-0.018567155224401076,-0.006014010705835289,-0.018527909248441592,-0.003918515281128508,0.07825041361141274,0.02358403012475835,0.035091434300992846,0.03626164427574743,-0.010155897199551778,-0.010709554467971942,0.0010780514577442256,-0.000818472485906214,-0.013849579586859041,0.04711375817851974,-0.002006021268004229,-0.005903497460082073,-0.09505854073492648,-0.03664117092036587,-0.011561602432595307,-0.05521602190941898,-0.03384439412550036,-0.0017088457010727973,0.18504271191179178,-0.021398749262416417,-0.034170637928570044,0.013508669243729007,0.0973221590883524,-0.016904871184440007,-0.033722238621949605,-0.08428973163578406,-0.10113135793672902,0.009044664924501705,-0.1327255720516461,-0.02449449493359477,-0.017406428729366364,-0.0415536263983717,-0.009313951022316042,-0.019112077601149875,-0.011353189722569754,-0.02453473074220738,-0.00021358315889882012,-0.07616636962036301
12_4,-0.01926273196991002,-0.02018345329672938,-0.02849564344404402,-0.0067674605195871245,-0.01447605780604875,-0.004398175581511709,-0.013291399563750559,-0.003670829675177261,0.08283246543832364,0.025964479243603743,0.04096913191783314,0.03460738622613044,-7.87937763361461e-05,-0.009007607448662249,-0.0022685814673116715,0.0006421509521726516,-0.008087536966132711,0.048080932394139915,0.004033884389760118,0.006817429218466056,-0.08367559325909533,-0.03354720839280643,-0.01031606403721883,-0.03283516488370187,-0.008655318744779384,0.0036743069513258133,0.19987409677858095,-0.014071624213890807,-0.04082685153710386,0.02687281017717535,0.10336129252951913,-0.008632651043026723,-0.027792035326687146,-0.06755203457778136,-0.07948090478261824,0.1943856402200504,-0.12173928424073178,-0.02051575401458458,-0.016044062788554074,-0.03841367468520854,-0.001848621394801859,-0.015605254044251006,-0.006487495228042441,-0.020701598514607594,0.0016350245778323003,-0.06088568613309424
12_5,-0.020322064626258796,-0.022309114840007648,-0.029977632983147796,-0.00891534852930581,-0.010707972602011851,-0.006045714182145104,-0.013141818435994277,-0.004081392223642647,0.08284059285257922,0.025051426975135915,0.03746484865857928,0.0356570072987912,0.004502140851203033,-0.006482514740968047,0.0100514767116383,0.0003954539362010144,-0.008696654353567894,0.02336230208609084,0.0169060700513964,0.006023593610563464,-0.08936428011564812,-0.035961700019672076,-0.008454951767065623,-0.04321102537105681,-0.020388212740204293,0.01708417506888512,0.19933979261172868,-0.014477686721883739,-0.04327130024168948,0.020820499852258725,0.10012830372590807,-0.005568785105585625,-0.030246878385567368,-0.08041114915650018,-0.09419529592801706,0.009682714174877791,-0.11532684666952538,-0.020513660225420033,-0.015939637298442468,-0.04031505053537409,-0.0015557734469876607,-0.01606455614770335,-0.009207492908339531,-0.020824711400886174,0.0016948957869411894,-0.062452675119425885
13_2,-0.010608911588222475,-0.01492851223517519,-0.057181245861931844,-0.0030017988321991646,-0.01536169332624618,-0.004612892974374482,-0.005630918005469011,-0.0019379506077956486,0.07336767350371849,-0.06938340427066511,-0.06979197073539527,-0.01787945961671614,-0.004915751297827857,-0.004686658821602801,0.000998431452975068,-0.00616106755683433,-0.002623921112195465,0.036562460938879736,0.005318758275733526,-0.004137616835715409,-0.000511554036004042,-0.018995724359124416,-0.024045184817971216,-0.02155981375227958,-0.026561527874991976,-0.009808745248337273,0.15732382619544358,-0.1421783547902654,-0.03900680915063545,0.08866488687305908,0.1072095654046855,-0.011884131645245159,-0.016924043117265655,0.002276812587648496,0.014881925840895389,0.01068711870046811,-0.1037686800574461,-0.019223640652401126,-0.011526716657437678,-0.06623997573930705,0.0005213152075014188,-0.01114125442244396,-0.005650286477364692,-0.01179805973823305,0.0016450520767921414,0.0048472200499480676
13_3,-0.024659844682393958,-0.024680415039916567,-0.05029189140987807,-0.0038703039435804797,-0.014137884853240284,-0.005855331392306711,-0.006861133612256323,-0.0021904473622548423,0.0758453950997933,-0.07099330631061787,-0.0680395790097603,-0.019349087523679073,-0.003164586268205556,-0.005240503458602995,0.004526227672006638,-0.0019571075315893607,-0.0022853696740198163,0.022284761894815545,0.011750908384622945,0.0034156250051824684,0.0005735448534483817,-0.01781882340472207,-0.03078157903487227,-0.017940045818742815,-0.027202062460789964,0.009983161344525211,0.19332055081883265,-0.1367094910806308,-0.04176232233876058,0.08598439213283729,0.10114641153640687,-0.013629676182309026,-0.02073837660836551,0.003266813019317603,0.014553652457395337,0.019388844880622088,-0.11236701129520331,-0.02466254390988874,-0.018321676213130907,-0.05921778634233373,0.0005932158043342602,-0.010807318692926863,-0.007367223186752238,-0.013741215871090513,0.00021105744441444143,0.002886713893893603
13_4,-0.02514045840060867,-0.025617741472985962,-0.062362538132124216,-0.00614825094648701,-0.01347490180075296,-0.004807489312761521,-0.005849739941614429,-0.0014614649541131518,0.07349444008961875,-0.07471747424248776,-0.07063485448860354,-0.024815259505847776,-0.006606045203396604,-0.007204344603480206,0.0014673140747691001,-0.006661028792203396,-0.00202618933192794,0.02784122263698846,0.0035404129343205052,-0.008151375339325813,-0.0016550551220757806,-0.02074587619837356,0.0034348147416914006,-0.024016483074272187,-0.03508418568906225,-0.046081992552091146,0.14815941186675943,-0.1600940631085304,-0.05391411132117856,0.0882743995832876,0.09905834919652493,-0.014841165825094042,-0.019201007729340858,0.0032940898538446925,0.02424648928577301,0.009937744434901554,-0.07686701871539801,-0.025120165378488924,-0.017794920700715356,-0.0717284225447704,-0.0044982269788744755,-0.011561417295699504,-0.006971322879658549,-0.008453280014464151,-0.001978345692579289,0.010193858504501049
13_5,-0.007204919729483152,-0.014368159706117033,-0.016097777477402545,-0.0025277519364030215,-0.008870928578074984,-0.004363691868385008,-0.004313681898811689,0.001047737837307592,0.07933860461000808,-0.06922378697430615,-0.06653726721508428,-0.01144283571628697,0.0015725226164613492,0.001740494243389031,0.008435891704858187,-0.0003042903534834124,0.0009085797974168679,0.03906718157632475,0.011339032011363132,0.003187813454296341,0.008184552587432888,-0.016375400236527306,-0.01178308304427319,-0.017281519839680917,-0.019980090286097575,-0.023746939187627793,0.2295033418334147,-0.1151532152724999,-0.032699190701239646,0.09732502308989603,0.10394485326994941,-0.008070012103371611,-0.01518405324151524,0.005360297904685378,0.026782127664067148,0.03236415028093934,-0.05740598007317856,-0.014313832929915166,-0.009614893197946025,-0.01893576032179762,0.001981929323806149,-0.007028599709135397,-0.0065165743287659075,-0.009274919341500987,0.0028535618149130013,0.009766808053045473
14_2,-0.007627388738586568,-0.015189584770283844,-0.02351434320252688,-0.011071509071186677,-0.014315132099366098,-0.005632400545014625,-0.007102767369734305,-0.010282215073143103,0.04958442845904744,-0.186076626602897,-0.18726701339261945,-0.03529791596795948,-0.013957012779056576,-0.052658655308202545,-0.04259827891249763,-0.011126123904804159,-0.04675374928780191,-0.5176223418369477,-0.06890085998698178,-0.04653311491376762,-0.013511569538926146,-0.04973422014819081,-0.023965532814435156,-0.06407247257898649,-0.046927907760167545,-0.15586989430547568,-0.6246837690837215,-0.05097294878625471,-0.047664864794098045,-0.024804210645417026,0.0463333990542525,-0.028355542861427333,-0.027723742119126604,-0.03719197386820915,-0.0960562306347386,-0.009408442543126914,-0.18679110270268603,-0.006344657960080322,-0.01125257104491621,-0.021923152063980333,-0.003641960126754704,-0.012652775149800066,-0.01035152193649963,-0.010097641800011749,-0.004753235259411306,-0.12000708310360675
14_3,-0.0017640217467042466,-0.014874411817965892,-0.02994905155385792,-0.019814653831101,-0.014509696311398531,-0.0027759142377611528,-0.004881346431368852,-0.00562768078812066,0.051333273918829414,-0.18596046716464495,-0.17827518993969846,-0.027128451979235246,-0.0052900157526321444,-0.006626203526700259,-0.051126026481578046,-0.009689843527869836,-0.010806662228427777,0.0631137847127479,-0.0681768959967038,-0.045428520047095945,-0.016631382947678748,-0.04236242185507604,-0.014762717336122767,-0.059605098136659,-0.039913737000288475,-0.15293689972216795,-0.6746249544547289,-0.0402086129958443,-0.07374596413205808,-0.03101255536222541,0.04700952436680002,-0.022709686013403736,-0.029312623303208014,-0.03409425161711219,-0.09564372327076356,-0.004999651966725248,-0.1816641286648743,-0.007895004452662004,-0.006543607477474589,-0.02334951167608512,-0.006054094001039054,-0.010780271593285352,-0.003260220295338221,-0.006957497418342058,-0.004246201249452512,-0.12735921429139926
14_4,-0.0058184351455596636,-0.013842265629837435,-0.021658554539572234,-0.015954295513856177,-0.015116441672081572,-0.005500624908383395,-0.007881974315661499,-0.010381126087804279,0.05582415996715834,-0.19180246541104595,-0.1839485385850993,-0.029656368787608467,-0.007849322464957672,-0.017510737272707664,-0.04291920084085271,-0.012365263045386512,-0.014190217767008052,-0.47865213238889776,-0.06320068873352386,-0.045759661136631685,-0.024650339315417564,-0.0467363861345344,-0.016804038336684805,-0.056358113141352494,-0.010910087233350413,-0.14310045290087003,-0.6480757777634891,-0.024052755409382398,-0.0368435560618659,0.03135805567529287,0.052594482869866906,-0.022358266809365045,-0.023522622701425234,-0.003959516353351649,-0.08845411126911283,-0.013990031270365199,-0.0994048807131492,-0.0051195882995694365,-0.011658937009166434,-0.021823212647025397,-0.004382913904824993,-0.012095835836022908,-0.01028179397755142,-0.011597075322094688,-0.0037534399396204152,-0.12607839522042488
14_5,-0.002992577319321278,-0.014902287639037719,-0.020830239233733328,-0.007663762983718651,-0.006703291772207983,-0.0027780657388434063,-0.004759465981003214,-4.929168740101046e-05,0.05780607910762315,-0.1701152041641154,-0.16395330544653883,-0.03578820018096018,-0.003921005372092875,-0.002839899822761732,-0.028772960582545585,-0.001101194115745701,0.0007083925119060751,-0.41429371751075966,-0.05018625304132288,-0.01898904040752695,-0.008989029993820305,-0.023282101480212623,-0.0015548681432132985,-0.06560479980293353,-0.0848922623172313,-0.15798461777018066,-0.6430167952673225,-0.04211936137333714,-0.06179109409124734,0.037516574435142044,0.08689960325517712,-0.008367959616187613,-0.017222521643789224,-0.0013518778933105382,-0.007562641239130223,-0.00947618188462947,-0.09757666382820292,-0.00463044300652064,-0.006884740345697132,-0.017441207019602445,-0.008360079346519176,-0.004621344954648489,-0.002313697276399257,-0.006415684275774794,-0.0028232759751820186,-0.02864988194388195
15_2,-0.009756043191564654,-0.010803134539226926,-0.014522477139179637,-0.0007069354595513707,0.005548916580223248,0.0005746736437053704,0.00038979398344521663,0.0028035362112412733,0.08621771879369926,-0.01810119555356285,-0.01671007279279487,0.01254812152269701,0.0026377388274909995,0.018985559871513635,0.016231261044876863,0.0012867473779402977,0.005100223900494319,0.0703605301091468,0.017956799204302605,0.006557394902778969,0.0172796890467005,0.0376595924472586,0.015634829620224347,0.022768380550605927,-0.0007640175742321105,0.11767557001432086,0.3085071302696752,0.05107381979949275,-0.02074887089240068,0.10739248554607428,0.12569036807424228,0.004315035031574361,-0.007181163553260689,0.02313123584302358,0.005917335011119263,0.06397421759826799,-0.012142298496319535,-0.01249773745092568,-0.008603076971690445,-0.02303272159638367,-0.00043697617986149635,0.0025021534900543387,-0.001500247114600528,-0.0049442157780033155,0.0014576104650880573,-0.002128115634735558
15_3,-0.005465571034446446,-0.010344211050217217,-0.01841149384818184,0.0007509446296481188,-0.000504834740112736,0.0009710353556758517,0.0031664800421190775,0.0018093817415606099,0.0878987969999507,-0.02262729809140557,-0.01718244327808154,0.009217975033728662,0.013797030040151521,0.018304602997540702,0.013536707560955579,0.0027789368268031312,0.0052712904040124586,-0.02906355816382794,0.019039067227353643,0.009578909963273761,0.005624943390230334,0.010456999695178798,0.01784117999643937,0.024128667098340398,-0.013467688786695577,0.1354685845685015,0.3259334941827305,0.05023578331655758,-0.011192150779682662,0.09664376036292356,0.12472302353482882,0.007217154961089078,-0.005218894190652562,0.024799664780241003,0.04320171719584334,0.05761779346190086,0.004889835055573275,-0.009620630113840262,-0.008044067000006769,-0.022510951632261796,0.0007904420414499365,0.002320431262523209,-7.63976898484007e-05,-0.005940960749779128,0.0035149690197639498,-0.009871747404534184
15_4,-0.005217528065490642,-0.009117410464452191,-0.014955556502082159,0.0011764250996117171,-0.003911919683222565,0.002302430005534741,0.005817911464634467,0.004799082561508871,0.09109149837791274,-0.019772519019923204,-0.01822490741250667,0.013354336023595837,0.004526467767795275,-0.0008584092400750215,0.010399453836907525,0.005248813320938209,0.003784493993923031,0.08523867796705673,0.01630777155524768,0.011430478753168995,0.024236976298311286,0.040644161995478066,0.02274286358808831,0.030855277948166643,0.004904171802257756,0.12753303519122489,0.3288720579960796,0.04230628452302935,-0.007310454474849968,0.09795218084875597,0.12156051471787081,0.008643448500102891,-0.01473191805469088,0.0236591231426935,0.0611849003988411,0.07648878925255602,0.019947940921188637,-0.00988702104181334,-0.007232641291242921,-0.01816648606563712,0.003411895141988064,-0.0007248971903838627,0.00021091939291842764,0.0016948005315780166,0.004446162347280083,-0.004675750901639164
15_5,-0.0015385223476328204,-0.012343477439197783,-0.02405004218568824,0.0019221436418978678,-0.006096573471636072,-0.0023713272468839914,-0.005283936321809821,0.0014425666809722364,0.08896615457980821,-0.02520809739009714,-0.020175509810712984,0.010794699972290564,0.013090925048635871,0.0006932524427098478,0.012669022330163392,0.0013349571187442565,-0.0006042325694938273,0.07211059008995002,0.019429403974483943,0.006255180510373811,0.012846886454242064,0.020968128905238487,0.012452137218064145,0.02362735989372719,-0.004681065177385234,0.052826152435779164,0.23095018174196855,0.023662277096901847,-0.00315667768470722,0.08479751175881427,0.10682105523322132,0.004494038747768194,-0.01770074045389333,0.00151355019584825,-0.0008918817710328572,0.0550448311077175,-0.017938815011871664,-0.0018568423289803372,-0.008765451543437296,-0.030509001855061953,0.0017602865887154033,-0.006551333204069191,-0.0023269853525186867,-0.01003321104845127,-0.0008421671661305204,-0.009203653658616692
16_2,0.017427399421048193,0.006990712136459937,0.0009094406118685354,-0.0057345417692336795,0.015824785297275004,0.010108501612281814,0.020370084082264168,-0.0011106794997184598,0.10201642266483973,0.014790228085229248,0.012516573070260871,0.04429777265796144,0.01064681954671365,0.009244063158980149,-0.00020837323111663145,0.002950742566187926,0.004416359009170246,0.09315465479401251,-0.017644087302754977,-0.007584390375979105,0.012451858143325834,0.0008981318688182566,0.011219858149225074,0.004950642996126,-0.006958037480334286,-0.08522364867207588,-0.30124801069009677,0.009316740844204831,0.05630887033051786,0.13226102823888328,0.144525755002684,0.01636399004876189,0.018788054175854375,0.015612905169617573,-0.038411203548486816,0.07267987563778289,-0.023086909622696945,0.018216746991758844,0.011022482149464524,0.022588391757225094,-0.004842717059236689,0.014729247986314689,0.0030446324883204525,0.010301053470827055,-0.006641574501733938,0.05030241853028933
16_3,0.01691357479847319,0.015184155037123944,5.93214093686505e-05,-0.00650773551853422,0.0161338940036655,0.015303329845765986,0.017775899394949758,-0.0018836124263819586,0.1006795811101099,0.01642174310129861,0.01219805636981171,0.044620280322936405,0.010385107600107203,0.007803363060662915,0.0009999043627298705,0.003406096457085539,0.0038568981818205427,0.09324132442306976,-0.015341817462229127,-0.00087267179374304,0.011926326519331109,0.00047834085848512766,0.010830632966186096,0.0051771579499123276,-0.006064316017747982,-0.08459977484297272,-0.3260348518164532,0.011248571132869815,0.05727698585739534,0.1306756466246951,0.14409831465751335,0.016635912730451702,0.02893709313585716,0.016412948458545983,-0.03930752225647072,0.07058927584204677,-0.023227285601497342,0.018264403936707602,0.01897318671820077,0.024105757351679358,-0.005292656464340371,0.014810327932859317,0.0032478087334038216,0.010143407977817811,-0.005674673988943461,0.05611468346055667
16_4,0.017714776786820423,0.012845370829101468,0.000820134899074403,-0.00555256412207159,0.016780684724955957,0.010966780386040122,0.02034444106679037,-0.0007631287104819764,0.10238908805978157,0.017032142243029895,0.012441312271568647,0.05104226354172721,0.010903341457270831,0.00871380414958758,-0.0012272824367964292,0.0031939878558478524,0.005591557911487172,0.08546819230998541,-0.01592750781412298,-0.0008236672908194445,0.01287286410897345,0.0009554556021272323,0.010376727952075669,0.005678035201698092,-0.0014440258117630496,-0.08629490035253837,-0.28469723454072876,0.01019170488443698,0.05478647511837154,0.13072218305995845,0.14542792691297482,0.01137963971130055,0.011319873369383154,0.015688827221929286,-0.036592809241924436,0.07301510594988217,-0.02579047694065862,0.018242142035573162,0.015218776311374844,0.022276233030239338,-0.004863885954062073,0.013968737712386664,0.0031882915599710077,0.010863330974549532,-0.0074181881865337815,0.05649924969503809
16_5,0.014932717901415682,0.006220529748502006,-0.0005235268005919766,-0.007087723123242736,0.01337030910553514,0.010288120838773783,0.01856323206942852,-0.002781036662231885,0.09527696925241226,0.010509147701678191,0.006813844175544118,-0.05347531246088547,0.008235409312449534,0.0035439271787110994,-0.005802673879960431,0.0004735819321805115,0.0015705222699883461,0.08354168650900781,-0.019577739765218097,-0.011461747677398035,0.009601787043596053,-0.003956718904107947,0.008507987849605719,0.0008713678839371325,-0.009245294153729246,-0.09253806038600743,-0.3605166498691449,0.005358526529864601,0.04524277938176142,0.12078928944220875,0.1393149513024903,0.010781564123013114,0.010152544211308692,0.012364218627991808,-0.042025146035987684,0.06393244711090197,-0.03633598512100388,0.016920690999747263,0.009726953698883394,0.020627453020945114,-0.005942102560161626,0.01418738819468987,0.002634540596643591,0.00996938905627563,-0.008210243146862122,0.04707532314872026
17_2,-0.008693497147795038,-0.010120421217495361,-0.018194960642768376,-0.0028454274015682042,-0.014417443806433283,-0.007000375949759122,-0.009431984177683773,0.001514799585748376,0.09541253946331595,-0.006765222122441035,-0.007902835346589027,-0.01925379691776948,-0.010054065973812074,-0.020991721716976712,-0.02558123471411748,-0.003201335533669258,-0.015037485468155963,-0.29948531415782803,-0.03667629091859957,-0.025768759506349142,-0.0065995321365409495,0.014682696268286905,0.003902007357554451,-0.04341694505796368,-0.016364396992164593,-0.09856004161828168,-0.3910561808432037,-0.07515275729035072,-0.07461770053844918,0.036211527660934446,0.13090436595590585,0.021633589691317765,0.009087054280522516,-0.0051000522822461465,0.02600070038405244,0.04573050328209638,-0.04019789256256832,-0.007530965481496687,-0.009349547032865758,-0.016259794646638924,-0.0024264526904309463,-0.006622269764851212,-0.009914328698427103,-0.01137634322262739,-0.002716003169509449,-0.044620560300191535
17_3,-0.0006382022139651164,0.010216848200235615,0.0031579734835882425,-0.0005655295488463819,0.0044584616826679095,0.0029179363812061056,0.019058815009158233,0.003683621283276542,0.09619985756196042,-0.0028254579523152358,-0.014144600776394654,-0.01926700300180913,-0.008753020291381261,-0.015549728262538285,-0.031573528127103796,-0.0048805978890840655,-0.014499324674487092,-0.2946821015513436,-0.03456722959895858,-0.03278562949951272,0.006199382024393181,0.013012708409415678,0.005878841122070414,-0.0036900568472887406,-0.00963830050475082,-0.11700406082547957,-0.3985676310380198,-0.03297963345352071,-0.05861583161872341,0.051755458199230116,0.14069182759487642,0.03210016870806767,0.010500593627273232,-0.0005761859751753394,0.007513892281374558,0.049430611001291765,-0.05025521015776896,0.007187728942816751,0.010960343878185048,0.0296689757765501,0.0008404098607750851,0.002192018069431483,0.007043386564361602,0.01310414812679155,0.005846821238834399,-0.043914859257868734
17_4,-0.0038399211869831816,-0.011148198855381923,-0.022243439055440992,0.0007287036661792194,-0.018022197298339444,-0.004947462808355107,-0.008388689805712293,-0.00202815719117102,0.09416453097169145,-0.002445212573251729,-0.011532203351549766,-0.0425341622928517,-0.007713686158697726,-0.011546914776956496,-0.029401469746095137,-0.004938644037102817,-0.005235893097998259,0.03074918235097303,-0.03762194711239716,-0.02400365415384598,0.003916698710831637,-0.002481660008711522,0.000945781409117743,-0.0063408272299663405,-0.02999521858117836,-0.10263313980834209,-0.3897714774857904,0.008403015281447672,-0.037134778964085194,0.03371293633260016,0.13020407226919647,0.015160820820156167,-0.011130844787316806,-0.009895644930822118,-0.051242894686614325,0.038916414276022715,-0.06573931405963226,-0.0032394640492888274,-0.007646061495824865,-0.021181917507597594,0.002988783739633538,-0.00943526755260864,-0.005967981213213431,-0.014213735439291574,-0.0021828822653490996,-0.05785928493726161
17_5,-0.0018108699875396678,-0.0020802925262887193,-0.01575704674771108,-0.005458113936503729,-0.0017498552457584566,-0.0013944767273676184,-0.002281935987591194,0.0010736356533073243,0.0950634632083831,0.0033804574482847564,0.004944592054432098,-0.014782104134315856,-0.006378040672278526,-0.013756771937810807,-0.033617895926286896,-0.007880652486536691,-0.01122684273990431,-0.29819294842903943,-0.03508647503980707,-0.026036540055252588,-0.008353976837739033,0.01119290250789059,0.00022668337834318915,-0.01257796812030042,-0.009730876360914067,-0.11162922787367352,-0.38577854285338026,-0.030633651050397996,-0.05425609040956311,0.03082928610349114,0.13622407667947567,0.020755279440616867,0.006417559847837323,-0.001323011838827288,-0.04096126758961686,0.04844766447374223,-0.08474719655947031,-0.004826895627393328,-0.0010843471862180259,-0.017117427328822772,-0.004431527516051532,0.0017180479718288725,0.00024000070880128086,-0.006577384576508475,-0.0011852515620564635,-0.0474630896348444
18_2,-0.0068890552144621284,-0.011443374030571028,-0.022194962960984096,0.002798162567074105,-0.01402318587879282,-0.0050087153710387244,-0.004084636860889263,0.00373160852977487,0.10643852223569557,-0.07622954279495811,-0.06476929775088915,0.006277072821706063,0.002014737060717112,0.0015458938960599218,-0.035755502882049754,-0.007173222640699109,-5.1402773454306245e-05,0.03335360125336607,-0.03981023393364475,-0.03241814697824288,-0.013294922071180984,0.00649041263828251,0.018425560194923144,0.004062988650923619,-0.009985106359202058,-0.008355568725953338,-0.14542651772706358,-0.08578832631840684,-0.033071401524169576,0.050982371024269765,0.14648800839232384,0.024729494122731396,0.013766183401159591,-0.005638459277716796,0.0326708295451201,0.06105775630739272,-0.014325070694945135,-0.0100248509764234,-0.0073873627209413645,-0.02416797896954187,0.0037049989121785538,-0.0049963243409461575,-0.004884559079288804,-0.007603571845377835,0.001662745401803367,-0.04046849718029014
18_3,-0.003345627165835424,0.021310508716705315,0.015997616165736046,0.007112931116988107,4.699373290131323e-05,-0.0011625752949259336,0.01827196652776538,0.005351493421494832,0.1018517864128132,-0.07688149282319945,-0.07048057462349919,-0.0075863073989828585,0.00576847730834998,0.004712521111673093,-0.01828542649464308,-0.003406611091835916,0.0016954806591164566,0.03578708489530732,-0.031013802271125556,-0.009056916192957946,0.0011718450982650666,0.00435948837411438,0.015282849312997041,-0.018185552112750143,-0.006506731711640032,-0.060502028940809804,0.06816231212687354,-0.03445436466793287,-0.022032442810148156,0.06936658662358794,0.14513380648987376,0.018685978073906453,0.01456961083598329,-0.0064007801908852165,0.0035327738077616166,0.055044883399694274,-0.0820932991321544,0.005060386319540495,0.006008154175295173,0.040278135687096484,0.002226808347090867,0.002704683652868749,0.003918244142940745,0.016348168307668286,0.009252135693158517,-0.03095790230069503
18_4,-0.00039232374096795743,-0.005465731646895768,-0.018225570362906826,0.0026043597951773,-0.005846493677076438,-0.0019450988261908366,-0.003840507683975718,-0.004671795742325605,0.09811403464890987,0.010189046941796624,0.0031632615298402443,-0.01967713003113219,-0.0017668864974120465,-0.006449626036755459,-0.006740038228948009,0.00012711080513524953,-0.005523785485248299,-0.2669830368479576,-0.009541374468649309,-0.007237018539282906,0.010363168625434434,0.00977355057505472,0.0024223586818047315,0.000207308913746611,-0.025324863653089804,-0.09373090517518844,-0.36368229819204717,0.012377104143241386,0.034457011920792584,0.03933114903772288,0.13593217176380246,0.030323271666172474,0.004619162423125889,-0.0014724124441370088,-0.03563844198272796,0.04232252504231717,-0.061326998621945086,-0.005356525583089331,-0.003820617204176491,-0.0195119670299279,0.0012134987311805746,-0.005162443756413231,-0.0013868582546233718,-0.0073291556009241025,-0.0011966741970964782,-0.041819771230536915
18_5,-0.0013091763624721228,0.001963032882716261,-0.01964267177752369,-0.012091839957546058,0.0026127412326564293,-0.0024079042801469874,0.0016314677167538242,0.0018110972448544599,0.10602724368057356,-0.0872739884359144,-0.09433261555246789,-0.00548435302375295,-0.0007014884878698338,0.0010529486619088846,-0.019250920632670376,-0.0005570836745639503,0.0035951695868405215,0.030637458460963232,-0.028787027880221104,-0.019745298685452564,-0.004377037759807482,0.009271218357167823,0.002555168920209783,-0.003768253168437467,-0.005463930250769221,-0.03915837770476139,-0.4398122913857193,-0.011137943749178902,-0.019083443003086863,0.05091990533385263,0.1439846482367122,0.031197061724462034,0.00978021602443244,0.0010481100946566331,-0.04106217185682912,0.05808965652395325,-0.06272551739516798,-0.004152571406188704,0.0015567953501267457,-0.020471572452738833,-0.0051041349622156845,0.0008451000700020843,0.0016310049894583893,0.0021746461869755727,0.0006484106926738691,-0.043486534871028326
19_2,-0.005576610779595784,-0.002456808460182117,0.021415126778227357,0.0036362514120142067,-0.0024453110291765873,-0.00304796083801794,-0.004186400880700132,0.004119580077787943,0.08238666154498872,0.010978187474858634,0.018436684426375177,-0.0576711306116355,-0.0028691333326880094,-0.003198344049873122,-0.014415024096316207,-0.004208214283300952,-0.00265667976316604,0.06386928632370778,-0.031351179215730614,-0.01667102539501172,0.007806519226765257,-0.002079440277364872,0.00837977857484766,0.009097377515556306,-0.0012583180709414498,-0.08158464107975029,-0.3425436233350966,0.02067308035249149,0.05150704711204502,0.1275379793090936,0.11220622449767152,0.006277717915761008,-0.0074100689043051626,0.014225160708045035,0.021154499011214876,0.037897273838650256,-0.03278221958535615,-0.007868576930633735,-0.00011164532236605088,0.001965554687578541,0.0012189450210606664,-0.007034656886825486,-0.0006632120583095156,-0.0038991033945962495,0.0027040139019919585,0.02564136139425409
19_3,-0.0044636382985547935,-0.00235091434484746,0.01725988156036085,0.003790590146976528,-0.002760530415868082,-0.0049796707529196245,-0.02107403554307812,0.00737326831661916,0.08331277003532402,0.013495294832168329,0.01658201543858079,-0.05721482371705317,0.0007144072974773818,-0.00216563112180411,-0.024362488959692907,-0.010097378911000852,-0.000915266055586431,0.06616546856042121,-0.03701202415893717,-0.022068333965362313,0.007303288632107568,-0.0065563482590479906,0.008600470921035885,0.009071024815876324,-0.013350518030276388,-0.08305185722522664,-0.3793288144743321,0.02095385982280741,0.053067109162453184,0.1289304198824237,0.10824911937540863,0.006011552263566402,-0.0030895370521851974,0.010178651397599171,-0.0016471169507275177,0.030177578725036305,-0.02806875489764223,-0.008373168031525002,-0.0010625983885038626,0.0016137606436125139,0.0008516334050113718,-0.005290015455995579,0.0004892867134044451,-0.015223041928575577,0.002741693770387409,0.005129319149595498
19_4,-0.004693026330229769,-0.003434140245532481,0.01670254175470554,0.003947694390765352,-0.0031533569239219263,-0.006272339403979019,-0.019056398382545497,0.003967593902853702,0.08200289636550732,0.008664031020183028,0.01732318878414427,-0.05914641885701163,-0.007781675172837875,-0.0024110492361183694,-0.01806936467583003,-0.0024162305651533006,-0.003211346576834075,0.06147095605016509,-0.035520675936532776,-0.018317427639190927,0.008592912957686044,-0.00037029003278866665,0.008503196378112685,0.008463941904570551,-0.027066298550263507,-0.0813932869725768,-0.334020733935508,0.02036279623305391,0.05113812434249733,0.1284449071691173,0.10556642650958588,0.004311345962688068,-0.00762134765395123,0.011916141635581573,0.028565566736091046,0.03720825545576895,-0.034134047099218204,-0.008230272341960323,-0.00016322835071613356,-0.0010316536240404434,0.000930755671632662,-0.007294651759650438,-0.0011684511698281167,-0.01792236841279224,0.00472764728001821,0.025753642653538217
19_5,-0.0057678774711991355,-0.0032366764322477233,0.016558702555239033,0.003139137486191775,-0.0032065853746755563,-0.005991265509581806,-0.021379928253728364,0.0039311742820514394,0.08163966635304994,0.010475314950128822,0.019248473643157214,-0.05791394728886311,-0.003174706925269966,-0.0030950707494037653,-0.015035503457472734,-0.0045852491606281085,-0.0030291441736775755,0.06299883841582704,-0.031389726173451184,-0.017456251619936282,0.009074098171995006,-0.0009247913118995148,0.008382819630830535,0.00870976202024314,-0.005631913729841673,-0.08089140041746323,-0.30227985861596546,0.02055243385326833,0.050975421965774016,0.1269583352755968,0.10453855913132999,0.004046694426777908,-0.006513727327559171,0.012436269171229286,0.029364889920011218,0.03819910485367924,-0.03154576775454044,-0.008355175363975708,-0.0003772861637571562,-0.00035169427430780986,0.0011124335020325077,-0.006983293823093811,-0.0009983108454834951,-0.018137843020717963,0.0052372773849102775,0.02573510300427567
1_2,-0.0060520106314229105,-0.00360010187845719,-0.013395920134566565,-0.0003532381672808413,-0.00015696499093911776,-0.0008049475412261558,0.001541326256543142,0.0011419148389612208,-2.0831783773585695,-0.05949145703534605,-0.026496533772830306,-0.0025512551879150747,0.0017163768760982486,0.0007865953045753948,0.00532299993588591,0.0030619557676817544,0.0015129163945970764,0.01508372316965385,0.006215828556253308,0.004484838753568624,0.002545867430200118,-0.00940282390358313,-0.01674885751739944,-0.003085606250444165,-0.011423123278953444,-0.07542553997681437,0.09407062991776008,-0.06406061424622786,-0.020121562216744233,0.053661021702523494,-2.523920629830224,0.004951144064795137,-0.006283104876104642,0.002776678004645146,-0.0374585768581929,-2.252429812190352,-0.07467974725425193,-0.006039802991626076,-0.0074912729126779005,-0.018860584688480272,-0.003105767412433442,-0.00014967982328687054,-0.0007232052792438538,0.0036729992886501387,0.0008859370645507953,0.0054611941520545226
1_3,-0.004248057032688878,-0.003973809079115858,0.006364328553299923,0.0011531348355297059,0.0017328236025585901,-0.00033179691126534983,0.0020799368612330143,0.0015563208492897695,-2.048219821266026,-0.07893677794493939,-0.0354663921739352,0.003039496805659626,0.0030567065179108836,-0.0004484335922555131,0.007508666471740547,-0.002474948597987334,0.0025919804416924316,0.034161783106635424,0.0060466153169507495,-0.005248849647987447,0.00219740281636401,-0.0149399328139375,-0.02917795764166858,-0.0052777707824283315,-0.0034377043068306466,-0.07809769496211597,-0.28726982255014616,-0.05556685955118463,-0.039298078083443794,0.05790839830336193,-2.4439091194795357,-0.18868811556622817,0.012694010189622714,-0.0031739200556671443,-0.035643577519553174,-2.193700628434493,-0.06964072632173582,-0.003923268675360403,-0.005269298557553493,-0.0007438140041259056,-0.001987718954458293,0.0008997831656724814,0.0010630317346239987,0.0013557908542953686,0.003578282429261316,-0.012300209916757529
1_4,-0.004687457326306668,-0.0030735304772544964,0.006069218443911816,0.0013754000163596616,0.0012351910370049703,-0.00034407203418001793,0.002818032097190393,0.001436595720419815,-2.033586693035052,-0.08080914976170617,-0.04371368273987885,0.001851249861932403,0.0018492357480632852,0.0011097694527546268,0.006161037271659474,-0.0015782473438320699,0.001286952166371339,0.03371180372773829,0.005889086988804245,0.005189685491686564,0.0013457251000924524,-0.014924067883527768,-0.028134244401543388,-0.004737923200965428,-0.012127249236440315,-0.08121948268190933,-0.317886174898503,-0.05714473189216254,-0.03992347261423414,0.05727837962731334,-2.471623002062167,-0.062356784096155304,-0.010414162899008051,0.0016220292847630518,-0.0362542729383758,-2.1891260080855512,-0.06745421933873473,-0.0035463997104038273,-0.005848116938222225,-0.00038657417378552524,-0.003086198212433164,0.0007288400271537249,0.0006898641369845375,0.001628863471570332,0.001939015293406549,-0.011906922622124429
1_5,-0.005283728197819716,-0.0023828793365824716,0.007563149503706126,0.0007587915024413847,-0.0035380638939882135,-0.001733007449182497,0.0012662398620581748,-0.0007308852893030994,-2.086488532554465,-0.047265914571499736,-0.008951170500954104,0.003917220321776027,-0.00426177604994301,-0.0035887463340208586,-0.020066672373818997,-0.002444781384030882,-0.0036805803550537617,0.030189577087404808,-0.02226323430830017,-0.010191584356727854,0.0004167868439057161,-0.015266589447547638,-0.024091453088165925,-0.004154942503549625,-0.004870389858835855,-0.07671266443849316,-0.29327102295400037,0.002057650639125758,-0.04642863440254769,0.05737362861644119,-2.5440798293250793,-0.2274903214402501,-0.034108062804863074,0.002386680285431278,-0.036504520894646786,-2.22463279547035,-0.06717840303863959,-0.005277734600905805,0.00025315257358152416,0.0006434685042120366,-0.003871957890962965,-0.00494636019207432,-0.0013628770632277028,0.0029170982818635927,0.0015898088830317099,-0.014119861340293449
20_2,-0.02186794240678114,-0.021066324143954606,-0.05223625498911539,-0.004037661830601693,-0.012711510288311096,-0.0068996888301857285,-0.007150060739673852,-0.000893407949876571,0.07510610721153088,-0.06119639978134121,-0.055616076428243004,-0.014317397006069274,-0.002342853952653636,-0.0009779525179203288,0.023358181411847385,-0.004120312923441845,0.0012849148140089287,0.029402531000582134,0.012442617544059384,0.00764367313225515,-0.0016358473827001458,-0.008585395474941433,-0.019065596440477586,-0.08873967877625946,-0.04406832003251357,-0.0099944715379369,0.14162450329021845,-0.10944678797357887,-0.05230308482999497,0.08126074731734481,0.1063748482860631,-0.016522985284846622,-0.02089531726375298,0.003449559446405875,0.02325575331985171,0.020049793179173138,-0.09708719080364145,-0.022998087154824435,-0.0167267929428793,-0.06700440384495666,2.467182650260937e-05,-0.009749382639179547,-0.006437597778651154,-0.01180182194172985,0.002603173069055322,0.003618401403516739
20_3,-0.02349278250717477,-0.023247251847695938,-0.05365553659630253,-0.004415150698630672,-0.012712586562997305,-0.008071864985288328,-0.006508501957883246,-0.0015798846425078097,0.07321573963348209,-0.062206841321405616,-0.05630571903512025,-0.014450811321668366,0.0025924135129164454,-0.003075323855287235,0.004622011840507613,-0.003921074084309567,0.0011104264454408737,0.030345544638465314,0.009417005810502794,0.0011009039198312056,-0.002395628685921891,-0.009882895663678419,-0.022332391317375824,-0.08856104013797628,-0.04435685627815198,-0.013757441583519391,0.1350424376813192,-0.11371029540289845,-0.054953262697995414,0.08035915657286742,0.10620196554846484,-0.01421011819785481,-0.02397074642254966,0.0028239825889972143,0.021696107979933286,0.01329420435975611,-0.09515094375166336,-0.02483482673054903,-0.018025377609501344,-0.06725542517085012,-0.0007970228504386727,-0.012042082117595544,-0.00644043492053039,-0.014820031732950939,0.0016841963927521826,0.004062821012025511
20_4,-0.021365933545310294,-0.013339432568134562,-0.02849596963818098,-0.005044551062688457,-0.007937229410480485,-0.007176708308373439,-0.005486191429729539,-0.0010579175682127503,0.07542569031702999,-0.06001675323845385,-0.056905656755497566,-0.015055119923428093,-0.0025106400806729104,-0.005713968490324768,0.007537663058600541,0.0003825645792490143,-0.0014944488459855342,0.025456968910133368,0.014708293193181078,0.011112299645560462,-0.002287088810454369,-0.009807258755018446,-0.022816732914577673,-0.08840282169918995,-0.04659550670122472,-0.010991246397155218,0.1433900453628446,-0.11244636737651788,-0.05520006011241583,0.08350910272604765,0.10722127756704727,-0.01595078894963381,-0.024738564548971886,0.0031496582984275427,0.024141172790932863,0.021334014471531382,-0.09613827773620562,-0.021384515925225094,-0.013606303886528103,-0.04107817991872489,-0.002844045277734843,-0.0064433294952767175,-0.006694607823027366,-0.01008332776787784,0.002974725523834584,0.005332745899218325
20_5,-0.024154283762891894,-0.019759651201774156,-0.05237477511128192,-0.0034084717456844857,-0.008101556861827501,-0.007826532033218066,-0.005768256308991233,-0.0013162749661398106,0.07537658523710977,-0.06139941482220253,-0.05702937691112835,-0.014384794234448868,0.00507517453468761,-0.0029064869013028026,0.0033322489046761885,-0.0050672626700572175,-0.002480314850610051,0.062331307876645634,0.007467734224320933,-0.0009398607653762737,-0.002671068552726574,-0.01114647406756973,-0.021521797810059248,-0.08880090398387755,-0.04494421068459585,-0.014288304506614963,0.1424475248906071,-0.11390935930536315,-0.05221335551961284,0.08499022409623641,0.10533667066562188,-0.01717963058684455,-0.02419501983335749,0.0026262549864062837,0.025020392742775337,0.011077335420784262,-0.10290038228111456,-0.024596702018584275,-0.01680680711200651,-0.0640205150120124,-0.0014948469002014368,-0.009767434154975762,-0.006588597898681463,-0.013566709008711935,0.0020540099720682704,0.0029336950901595014
21_2,0.014865785689652895,0.012088337456653126,0.0013182594003853284,0.0028656447153026605,0.011369276373631207,0.003985362790249343,-0.0008114945776723573,0.004368214485560895,0.09213170634340437,-0.030416034269449627,-0.01585941638263733,-0.07942765420351544,-0.0020698629309829205,-0.0026045181421296866,0.00187969832677206,-0.004294117865929809,-0.002682038890027703,0.036263010336209656,0.0033545594225487503,-0.006877198008237126,0.009072715212720378,-0.003680460390188301,0.006855841538994178,-0.015435028099253694,-0.002757732530944387,-0.11938110628074654,-0.4906827503922272,-0.00019653400549299915,0.027317308541062717,-0.6580281692344414,0.12458277407289295,0.01887286094805508,0.0031884137857070274,-0.005775694919063614,-0.04382068127740558,0.0418690175161197,-0.04630177220184184,0.018949983110738505,0.009246134297940994,0.01726596829083774,0.0029826391391584227,0.013177388155538738,0.0016201212736312977,0.003237286809830743,0.002417945215589076,0.004559670572907648
21_3,-0.0016138732840303763,-0.009239698936503624,-0.017885416274704122,0.002159568158176055,0.0013387497645767478,-0.0004235335683527663,-0.003650637819776255,0.002903757958165952,0.09452862369437923,-0.016460630371778737,0.0023862412910462647,-0.05544761146533879,-1.5500494070661286e-05,-0.0015722019520345422,0.002169974172134029,0.0029069900334249385,0.0031791816840709927,0.06756090545326787,0.007071399737038441,0.0033205655781224225,0.006825495645100685,-0.003009858191874078,0.0021663168390718785,-0.009608009591281346,-0.008029119115084903,-0.08642877048384916,-0.28842803745618684,0.006496934481707111,0.03447423018289135,0.1200421380778202,0.13355916462078185,0.0003089317469131789,0.0016986904302854564,-0.009225076882195241,-0.047475872994647735,0.05091427934231763,-0.04796045242827512,-0.003435444710753597,-0.006541522949475549,-0.01867854265838491,0.0025897085160801686,-0.002651283940880301,0.0009117469453538567,-0.00618123332452595,0.001144141463167512,0.017547181361100523
21_4,0.004447332062497746,-0.004139587772933427,-0.01448587039750751,6.335633883192783e-05,0.002321649339059986,-0.0019001226423291122,-0.004505242734053767,0.00351791734884862,0.06590689324248501,-0.032974659732818185,-0.023655915671847452,-0.060692449193222774,-0.0004547901824330894,-0.0038915397653526175,0.0030689341299509156,0.0029109341019227714,0.002367063130616271,0.04628434272258368,0.008517291680212596,0.0011399868935871433,0.007010782931910012,-0.0027519627560235907,-0.005773507089691895,-0.01431037177199185,-0.005814763681480839,-0.10381708255789665,-0.4830200918627257,0.007093090883459164,0.015536079605445783,-4.791563703385294,0.0932383938247204,-0.0036967757411241254,-0.0077874280974537585,-0.008400717970501272,-0.032434133097858,-0.005047471775081478,-0.04545283158670663,0.002766782639706885,-0.005861871956588423,-0.013886857860435364,0.0014681079133173247,-0.0015359163529138538,-0.00015603588752576743,-0.006969186826519265,0.0018113793737590854,-0.012244300942044366
21_5,0.008366852918579642,0.012560175780405062,-0.02144260570744434,0.0009191791439566444,-0.003347509247749137,-0.0021016478688556783,-0.003326622345179267,0.0022725752737157334,0.09010687634447659,-0.021477236113777914,-0.0330092716259126,-0.07096765852852385,-0.0023085862835363655,-0.006878814150768726,-0.0004959216503687159,-0.004272872698247466,-0.004763458556659792,0.022688518578988504,0.0031197499804528424,-0.011439940854994538,0.006449579609574166,-0.00410400526280266,-0.00042984183933686567,-0.01871032792706988,-0.018054084451699343,-0.11232209389249605,-0.0721461344130722,-0.005675499518252205,0.013685025720169044,-0.61667570294291,0.12141401448927854,-0.0025869990861845733,-0.0018708299153703458,-0.006924954692737952,-0.047040889589025504,0.009423333134506374,-0.06464527109813102,0.016250170995729216,0.014844136190115119,-0.027741091216889596,0.00046184960046479216,-0.006784029339965111,-0.0016214027996795648,-0.00950636563751294,0.0024587686393488296,0.005546525118603179
22_2,-0.0037938110977883133,-0.008620627531233186,-0.025939532310967545,0.0022919921036019006,0.00106211948897949,0.0043691252568406665,0.012031608623523987,0.004747210454254129,0.09173043599430097,-0.028664602397955097,-0.020436502140645824,-0.04522780632472679,0.0022829302654048646,0.001427608315784129,0.005192158652247277,0.004636392673256095,0.0034284405432474414,0.07546706151692109,0.004671721419390257,0.006449216311378833,-0.009859863476627042,0.0036696897357742174,0.004116886832950052,0.00014339317880807836,-0.012146357759763433,-0.07542684676258742,0.17834215149701774,0.01390759365868376,0.029061229293680896,0.11592636240159919,0.13367926306050265,0.007003811891162152,-0.0123077541469423,-0.00043460929220896815,-0.04119039434725336,0.06853717237693095,-0.05479325940364542,-0.00583797566077538,-0.0029469009046208983,-0.02534971211728261,0.002554971790113952,-0.005401455277945448,-4.705755127539646e-05,-0.0003280926299274598,0.002104847601126222,0.023794333647908464
22_3,-0.0019067858273814856,-0.010013856120220866,-0.016082958917586283,0.00012387640781732226,-0.0015443856630035467,-0.00277349393149577,-0.004668181101408912,0.0028288825298401436,0.07891379320045362,-0.0034325735867704495,0.006910088238433363,-0.0706236871156167,-0.0016021828963093852,-0.0009595024167861825,0.005654780455564407,0.00285845229957153,0.0005291164251493954,0.06668550970230049,0.006045725992235195,0.0021125810322262383,-0.0112409059551319,-0.0031124733002589754,0.0026187508674906214,0.008139554083743047,-0.02283609519753883,-0.07271449754265433,-0.31822180621046586,0.009894051536123383,0.041265502289115616,0.12871255110908722,0.12433428721303222,0.0025392823933925394,-0.016718714178860217,-0.0037367288534891664,-0.047615593293819924,0.05504181786145238,-0.047573218611519585,-0.0034729295929120402,-0.008352319369121468,-0.017927291541954087,0.0018912969677820862,-0.002166803531546505,-0.001704590293538558,-0.007565450036126727,0.004597460342622191,0.024790666382046734
22_4,-0.002337288829480404,-0.01063854980960929,-0.015589619657563886,0.0030118527018895514,-0.009613930307191553,-0.0036182417426672293,-0.004804415918884255,0.002583336355017924,0.08292945269097388,-0.011253789255769838,0.006619932023012842,-0.05789140461821616,0.002934036534252928,-0.0003029476969655862,0.007993920540585009,0.0045282919697087415,0.0008043819051732144,0.044931379636178964,0.015414679769230874,0.0037837851271506112,-0.011313817484718894,-0.00033721278233813756,0.011624294051801612,-0.010769181291381965,-0.011014557274913222,-0.06918344672391778,-0.1889583125480254,0.01727715633787167,0.03557622856016677,0.12168845865672354,0.10774867073022597,0.005088193445928983,-0.01487464897806455,-0.002139364548917247,-0.04410879995088674,0.05593999015766761,-0.04749573857389748,-0.005055375883086524,-0.006231337712410546,-0.02031515622833839,0.003104315577179563,-0.007106467623241961,-0.006057402396024569,-0.010792732507294992,0.005022964214842659,0.020908016364353747
22_5,0.01014093514414278,0.011910341530273054,-0.016757967155946702,0.0016555097748353113,0.00010018373301856604,0.0020040665588249235,-0.0027200358842151295,0.005613709799797479,0.09746150482536081,-0.014710107477520645,0.006981051792556021,-0.0614816518373081,0.0010661108467902684,0.011268314578006035,0.0038068693113446094,-0.0038397362433635496,-0.0024349496209524974,0.03773107057135538,0.00907981631043686,-0.0014636928296932375,-0.010184709284431307,0.009372814216089811,1.09564257494056e-05,-0.011157804620038014,-0.015109093492342147,-0.08610463152221594,-0.37310402994326647,0.006751037709615812,0.03596813789833863,0.12041033333817909,0.1333717989776022,-0.0019932753596198466,-0.006229096672310718,-0.0065368791190046445,-0.04163155291958601,0.05275643446215569,-0.044602431452031785,0.007985470262867804,0.009905911382850761,-0.017578429230093912,0.0028492564905157353,-0.0010248494099365647,0.001490901285215124,-0.0064858407822295456,0.0062047861458720075,0.015530845651831273
23_2,0.013852362121596969,0.009783237435350565,-0.004396099853128929,-0.008314041538812825,0.009003920765232593,0.008026883125309183,0.016265745901966822,-0.0036108115131314885,0.09340537922552414,-0.017138633307033406,-0.017441304764677222,-0.0657858932528887,-0.0015490066500816477,-0.005501924802028686,-0.0017583557990752442,-0.0039689427163952145,-0.005352595403852606,0.05547054309865513,-0.00012619155272625571,-0.002741016710107362,0.008607558655367522,-0.006763569754583477,0.006866113164317925,-0.006557705567573661,-0.013831658389366572,-0.10489644286148109,-0.3955576042878999,-0.0031160271776186988,0.03408677804890714,0.11050168168628638,0.1298414767633814,0.009558172250928525,0.011872165662642653,0.005459008369638992,-0.047352225982804634,0.052607307859558916,-0.04825631081607296,0.014946481012308341,0.012928038022212556,0.02009537422287677,-0.006085621428963252,0.012475869294607323,0.0030793431068897943,0.005369292351203205,-0.009239225381414506,0.022885332976348517
23_3,0.014900491868448199,0.005938457914567515,-0.0036521249118537584,-0.0064200104582313,0.012386738770651414,0.006239272144563124,0.016620331610646272,-0.0023072149979425473,0.0928666967269512,-0.017720830286714707,-0.017652447213786438,-0.05970463964755696,-0.0033485433727197013,-0.004474461913901024,-0.0013568286081778725,-0.005049666657317318,-0.0051998746339491555,0.03881824132064264,0.0008181631525270409,-0.0037047600905561274,0.009460752270076544,-0.007278226169282421,0.009127063950716404,-0.005914478653985707,-0.011346821636178898,-0.10566699988487323,-0.4007251155759099,-0.0042720167607508365,0.03151861857271175,0.11150456891642342,0.1298774508728636,0.008872005100940352,0.0038198803388080475,0.005563483243850672,-0.046491974210581,0.048767707565996674,-0.048394309742199985,0.014757220465742764,0.009290711265160685,0.0212583093317802,-0.006193906882648558,0.011537611509924323,0.0011461886914962138,0.006672155640922781,-0.009359358453334824,0.023675302720659337
23_4,0.016530569976525362,0.0064466373210269046,-0.0024204447615352315,-0.006667620215345341,0.009822473104893972,0.0067260784196377125,0.016321408237966756,-0.002173078524934945,0.0929069352190439,-0.01874204944058282,-0.018152063943244843,-0.059261683176222525,-0.0026992565694133005,-0.002342358928630951,-0.0032285807006074366,-0.0048812598107185,-0.004845918489416396,0.0340889705038525,0.00045733472951064557,-0.005245290722986019,0.00978953026510702,-0.00574171384519531,0.00756409339368987,-0.007549957345136091,-0.017024037317630275,-0.10600250785384126,-0.3943264250382319,-0.0032276651715506554,0.02973080990291895,0.10867740758046143,0.13172440150239362,0.008342565315887916,0.009910839216105237,0.005627016559926467,-0.046976596865841956,0.047018087409629164,-0.0470426189388587,0.014944246064824218,0.008827330309328493,0.020628219325501157,-0.006080261979504543,0.011249905213588639,0.003050230024064667,0.005607438473736601,-0.01007991521035371,0.023041905097319442
23_5,0.01665252827264841,0.005451595916584255,-0.0027728010395684623,-0.006847571677485171,0.009997798844393306,0.006072253624077234,0.014964877341316487,-0.0029517983383130727,0.09261843269024266,-0.01777459417590189,-0.01691457962014808,-0.05798547131607367,-0.002085021619003827,-0.0004204736219731939,-0.001925745697334844,-0.004347131257154722,-0.004783332371510887,0.039989479112896915,0.0009820648621779683,-0.004930346917724224,0.008764114072887852,-0.0065890098497281835,0.008904232051680592,-0.0071675836351914254,-0.007020488446207677,-0.10645134173949686,-0.4003078605028236,-0.003284174681383848,0.03166169034799863,0.10780503154057648,0.13075521953686384,0.005753605626073934,0.0036630038416972177,0.006151211719146664,-0.04397403599240699,0.04931814066708007,-0.0492845747841378,0.015017076127888645,0.009488848635632359,0.01956214856156698,-0.006232564454101988,0.012385575830210197,0.0007950110660471918,0.0064367085871904275,-0.00970139619374737,0.027208539052462753
24_2,-0.005734784163019091,0.0009873405147954606,0.033589240420890204,0.003547361215294797,0.009454132439645272,0.0028504204449045986,0.014949086722862544,0.002928761556807923,0.0943281357605824,-0.04315833928430091,-0.05080411295576885,0.004480513528014597,0.008340627663714113,0.0036511173384528054,0.007160952848280789,0.0022410841749483583,0.00521197818530881,0.0762355243009819,0.01702221847195025,0.012177559471142917,0.02788051231444707,-0.0014740859384868353,0.017774704347620688,0.017924250883114154,0.04368897985340264,0.11201283652036931,0.2903000377613396,0.08871907822126499,0.050664975147109534,0.12296652825819954,0.1325383285105304,-0.07159590819837898,0.04542262011505134,0.01261408537530399,0.05893814701881621,0.10455032984748351,0.1061277552932747,-0.004890346265084926,-0.0029732881266634646,0.010760553797212063,0.0020568939373969666,0.007760292030173152,0.0030199822441841235,0.023248763400609468,0.00618247273276841,0.022318262728305917
24_3,-0.004241949891009985,0.0002881258278629083,0.03215229499865155,0.004551486940212115,0.010690638541598555,0.002579109428891255,0.015282642473999863,0.0029623439913458002,0.09136700394476036,-0.04353127628414345,-0.04910109267960257,0.006828349861706438,0.002961991689680193,0.0015080658167018147,0.01027408804097273,0.005407350680280759,0.003432406703777352,0.07478932079759015,0.017606938316269135,0.013533087804278778,0.027846771872478818,-0.0007497252868478104,0.01581734208735166,0.018680095390934605,0.03997246863500281,0.10748109854375813,0.2915941452952612,0.09013701528696348,0.05035464782807275,0.12192613824720738,0.13243869011459916,-0.0416048514325662,0.042186577608915796,0.013299672150693491,0.05673201093927157,0.10970157094865192,0.10456087355981093,-0.0048820262887019385,-0.00321379376574506,0.009242185109818972,0.002041910335425882,0.007605465698420739,0.002510833411265238,0.022480060068501773,0.0062827998112246165,0.022172713942916533
24_4,-0.004472532067057593,0.0009883260798718328,0.033990991699784465,0.004332866707969962,0.010159643276944658,0.002679118087631457,0.015721638185112442,0.005268852513020741,0.09612303839195405,-0.04516772614239065,-0.04951750056783694,0.0014562693611996544,0.006733888631126233,0.002183383314274064,0.009425379769670889,0.0024679512856895206,0.0009986650591955076,0.048317493800377406,0.017120772060356663,0.0013152381309968033,0.027329287563453222,-0.00022296268897294233,0.01917680325909696,0.015003226883758382,0.045883690650575897,0.11263234243011623,0.290830587210551,0.0886568588205309,0.0496920153246405,0.1208476674194046,0.1337979720944721,0.03032720294759883,0.04701152357560405,0.011883571915192353,0.055979337456449826,0.08801317462754364,0.10273154334485299,-0.004751751297927035,-0.0034850309018612385,0.009802517634189236,0.0003192533560895214,0.007644331939684625,0.002187362071097732,0.022863395298133814,0.0070908120404038705,0.020778269617740555
24_5,-0.0052786658505019225,0.00027832949151067066,0.03278206523061345,0.004283676377952334,0.010407083939502626,0.002709361332684203,0.015418665464393902,0.0026672685747398707,0.09199260193779868,-0.04482204673003192,-0.05155052203812849,0.0019245818255523035,0.0034538624359423888,0.0029415355458338793,0.006979152072098361,0.001783039174409205,0.002054092356632698,0.04818377572636019,0.016809903196268128,0.0005836177645451116,0.027317848531201203,4.5940589785431495e-06,0.01889955294879723,0.015049657264114202,0.04427028407826506,0.11013200989078857,0.2915901986705574,0.08037857292653812,0.0480990039310659,0.12111044121159481,0.13403949623800254,0.03026447145892565,0.0445901287356616,0.012432871019984273,0.056804490284879626,0.10435214451172393,0.10323358997790166,-0.00516640534512517,-0.0035606371445575866,0.009787920453558118,0.0004452974513273157,0.007271148255576514,0.0023193105872030637,0.023382119148302485,0.006930043673010116,0.020299850171169496
2_2,0.02696816330740812,0.043815577764054425,0.04698729553076708,0.0010140615538598032,0.008723876201916338,0.014414089665333849,0.027591715417791533,0.01036496779200012,0.11628450073413263,0.16813095230498948,0.14168239741702776,0.12222283939022978,0.003873029230432581,0.00520924572880589,0.013040946276212148,0.0024629280494280546,-0.001434634457273495,0.041009544639174424,0.012405083102923098,0.007298909731967111,0.04026434990162564,0.023093542474531537,-0.007134477494484785,0.08171439837234866,0.1516132167209558,0.14179476116453313,0.3959278119347153,-0.011065781373454962,-0.01968366222570303,0.11470860435610539,0.1548668805865279,0.05182399676955877,0.037386751045642604,0.026729468705532382,0.04852917639106175,0.5884515412757165,0.047181682085771136,0.03938252289449018,0.03164942843281658,0.07101476434483751,-0.0007772564157499584,0.004061935540746765,0.008611062121136562,0.027939298258489804,0.006400499638494304,0.03168353459832905
2_3,0.012886857037327408,0.03487636774496229,0.0509330737947083,0.015943092094122376,0.005958385647533524,0.009441853644633163,0.020477699223452234,0.010472113669997698,0.10339960287232025,0.1798085477020831,0.1510002238700095,0.1281355166053021,-0.0022801429337715347,0.020013386633241998,0.01347291323597101,0.0036262224814377383,0.00809049523231856,0.03382879145240656,0.018395456431316452,0.010049596226149426,0.035536278394381046,0.017669886531043868,-0.007089828091811062,0.08874032990291851,0.15743794979112774,0.15038919074711785,0.415387950812093,-0.042324375269454845,-0.002385875491842199,0.11776515517547387,0.12673237639900978,0.04567615260918652,0.024685887412714713,0.02575565171169395,0.04525844947934345,0.6033332118712178,0.05020747876735785,0.03565568980468971,0.025310111455081212,0.08165623762429085,0.006574104645471061,0.004883232435128954,0.011075274427563281,0.0255078155757443,0.006134372802800119,0.0279689746986948
2_4,0.00077548557164704,0.0257683158881208,0.049484279782604106,0.016721166094936953,0.002665460709131897,0.002737697954336557,0.030523656984021205,0.009213114780391394,0.10183870399751231,0.1776285570579042,0.1497765600122846,0.12649976313343572,0.004367238257417421,-0.00412085522854247,0.011785336800786195,0.0029187665845032394,0.010171390324594538,0.041249333288592066,0.015851131568713,0.007426460315251142,0.040733720941846435,0.03178181378694548,-0.007928551118219409,0.08718060639477561,0.151256737315964,0.15405587428618847,0.4122467874614325,-0.041504409454105294,-6.55568995306765e-05,0.12073843902479217,0.1309272789222272,0.04515585570644556,0.027104299667994516,0.0281154455747644,0.04782438935483288,0.5938355424087984,0.07647327783312732,0.021993463186879204,0.024404157669023048,0.08660870066791361,0.0062869369395163206,0.0025850090066284062,0.010732889414455217,0.02902458768319066,0.01024052390171134,0.02788045323253818
2_5,0.018039046304986497,0.04853931338255624,0.055085525602296966,0.02084677671636819,0.007686854904794895,0.013827874258481062,0.03278983412578296,0.011577611958738748,0.10365641049245354,0.18079164798413103,0.15099569116612066,0.12792445545407516,0.007697224045492012,0.0042766944689398316,0.01203737588915117,0.0031906081868499914,0.0004219249664857773,0.04584619086459378,0.012480568090283226,0.00868831698522473,0.036038141795746576,0.016661735358080736,-0.008059272898723904,0.08891443315840626,0.1535470913476906,0.1143501279517422,0.4232430047104419,-0.038024726152928755,-0.008468945812389824,0.10874917940366619,0.13553841994270346,0.05372824958927604,0.030282260210015764,0.025137701862033277,0.04505514286352637,0.6015859385677487,0.06040707141101347,0.03918452377368957,0.03636441046892333,0.09581617955967073,0.008815925087701708,0.0037728068048738426,0.009705010552164491,0.029217198068869264,0.011386656884985007,0.027763502819522293
3_2,-0.010480285340232843,-0.010916253580264646,-0.03253659722145152,-0.0007090144322947314,0.002995949137094123,-0.0009965430246719393,-0.0008909458123858606,-0.0010381016321069853,0.08682843311349615,-0.047495114407001916,-0.03406616942382469,0.009628810295423191,-0.0010994655627433142,0.001311549702182378,0.012056296911645531,0.004593328946390741,0.00331857045426895,0.07860467488107568,0.019694782974913328,0.012306690453052969,0.0051516601069617664,-0.0016387173134691274,-0.014518246781676661,0.008664833483692512,-0.00024052203876167728,-0.026281066698477594,0.2874232904146703,0.04716570412267854,-0.009358913924074156,0.10036073518454477,0.12025193388124533,0.002857153898423278,-0.013067387068743929,0.008846755512694206,0.044524246682080715,0.06330661010983149,0.0958447671975615,-0.009963235951531394,-0.009233329984148051,-0.035570332871911255,0.0003114098883685517,-0.00021699852943914198,-0.00273548121166616,-0.005309515592986347,0.0023469008496983827,0.019539778282334812
3_3,-0.009989481321004674,-0.005178155312044965,0.016124813793657225,-0.0013277681846914503,0.0003663357460858988,-0.00047277878293262247,0.0032243385285697567,-0.0015257622543196493,0.08963346578048147,-0.04804928622155691,-0.04248332336460119,0.005206621389499397,4.8193342599276406e-05,-0.006084279938841193,0.006200139667634185,0.0026098862959241026,0.0010940984288569195,0.06935157934620628,0.009443441595132874,0.007196062497844296,0.008947313360005841,-0.008481205129579877,-0.020328373312183037,0.007627021871315715,-0.001482708495711368,0.01646534869975749,0.25290867259250965,0.04923466440472337,-0.011808878322182949,0.12020307160620597,0.11761592390004447,0.0010608674158335716,-0.01120846311661943,0.0010137741853830607,0.03007404327207693,0.2766967386600147,0.09688517713225774,-0.011709086330863427,-0.007337855616076811,-0.003985628951542239,-0.002030312121798765,0.0018679312539937585,-0.003817986372894322,0.010825809010550174,0.0025798029536167515,0.020499084822312906
3_4,-0.0069061669904665465,-0.00575615341786442,-0.011798618699943439,-0.0006531185206286497,-0.003357678495822234,-0.0007684212989520794,0.0008637218187074545,-0.000754991182655508,0.08733008753639879,-0.04883128067746732,-0.03659710459603019,0.007802202499387959,0.00019163365100623243,-0.004222153317070958,0.004965116316445921,0.002651631236826477,0.0019802224458107163,0.06759156415200496,0.009567889184243002,0.007593240483532576,0.012816107888023294,-0.009528015846784636,-0.01772919603897874,0.009003038062230614,-0.002979563923367689,-0.014092200317260288,0.26842065549134453,0.04354161695189842,-0.011146839395120345,0.0816439837772398,0.11447676703911226,-0.003720993057290015,-0.011539857748064658,0.001370044128219663,0.032855420940672335,0.282488423359,0.09342555272135744,-0.009572116027499519,-0.007506063304242896,-0.019895433049261883,-0.0021384444917521197,9.040051215653901e-05,-0.0010582514145187766,-0.002587085814238522,0.0027181995199211306,0.01892942502788546
3_5,-0.012422745211527838,-0.001326517225682488,0.021523335682428722,0.0007754863247006319,0.003735340108560809,-0.0009707098190084876,0.007705351586216685,0.0003348676055649994,0.09293525125469865,-0.04821958321998367,-0.042794027834066904,0.005679045823534028,0.0015357560166117182,-0.0025762395878847467,0.0057827307329820065,0.0026112328456141887,0.002049854008137595,0.06808944191842665,0.00968519302710598,0.009205667283592822,0.01274883115631588,-0.007414517132196614,-0.019307869573820774,0.002896326876885021,0.00030558263830414727,-0.0072463923760191186,0.2200356075825151,0.012970064204154894,-0.02565891440839059,0.10436190161080452,0.11619171079531317,0.0021773372654828056,-0.011309761390058603,0.0010114267328911067,0.03242552604498744,0.2882893733229035,0.09475386902395946,-0.011001062804635024,-0.004362110741910807,0.0008985346065922031,0.0012529915024260074,0.003225909716456971,0.0014019680626987203,0.010522376395503715,0.003572657173728117,0.015855271177055524
4_2,-0.00326027983442195,-1.1120545321946301e-05,0.02147642156986366,0.0001970567046032842,-0.004940385567713609,-0.000676618281894522,0.008505448434526875,-0.0019001443931830385,0.09430690513828222,-0.043271584507800914,-0.041923908066029955,0.006913485826995071,-0.003192733615128762,-0.002830933547783447,0.004389569793246555,0.0002707967185033354,0.002255616471275322,0.06831863844224621,0.006773239602733504,0.004601253406010779,0.01893016679069622,-0.0026989257476680234,0.005532027530374437,0.015551141518683118,-0.002352285799782773,0.10000982331019356,0.22794102328708563,0.06290058109750123,0.03087448053054886,0.1205515173223625,0.13696239711970995,0.0021384500838399047,-0.013134332759557502,0.0023621912385782162,0.0340605703771566,0.3024000032013961,0.10645983877690623,-0.0029657402117774143,-0.0032044935192716193,0.0028995350663362416,-0.0006765595418651223,-0.002182405769034343,0.00021314978056956657,0.010795504928537852,0.0025917743020511218,0.019055712748645596
4_3,-0.0030676740089213054,-0.007229930017029408,0.013650622898652197,0.0031338849707767285,-0.006048390028623711,-3.3493139671839564e-05,0.002728245759995158,0.0003491047243203206,0.09732885793381828,-0.04154126866616994,-0.0412641008907956,0.008626807763270863,-0.003883415739304365,-0.0026623289101634206,0.003692763099378093,0.001178449083568384,0.0023344922889977564,0.06941715740211889,0.005833770643971829,0.004263633767502575,0.011064165542264057,-0.0033423468145527355,0.01185818560284902,0.016987979070013103,0.0015918971907534912,0.09996495352702624,0.21560915300831268,0.06698138388846743,0.03177440310886888,0.12169008753642975,0.14502751557156024,0.010453658823970834,-0.0016697075111303248,-0.007121747550623735,0.03598031435740899,0.3065185742570675,0.09946244435400635,-0.0033343458994508487,-0.006387725085628558,0.0038427772350973916,0.0019428109751030668,-0.001901705359118862,-0.0010061930746369625,0.00045819256802807397,0.004720669814724523,0.017589062493337457
4_4,-0.00961772532076403,-0.0002188382558949663,0.019851518914150865,0.0026084786499969,0.0005319278463828714,-0.004199887441477033,0.0067971001363288696,6.43873761968595e-05,0.0930382992551356,-0.04231065398125817,-0.040879882157869946,0.00453123297920423,-0.003495399389421235,-0.0035812294865149893,0.0048680040644606395,0.0010061620165737696,0.00265145722997244,0.06656429121759776,0.006541052413483218,0.0056581014782580985,0.012691750734445575,-0.00482577343367532,0.0018117741675247113,0.01241480249519197,-0.0012767558797161294,0.09508048005954561,0.23568366748762098,0.060217216863611964,0.006426163449368817,0.12005826875242531,0.13819658094152132,0.0026951067059154173,-0.0033883347023599933,0.00408418159965386,0.036646276869913084,0.30141373411849015,0.09016850496670202,-0.01101266937064058,-0.003388418966058616,0.005226616762425515,0.0016769427454407313,-0.004699607369241717,-2.2347881070902626e-05,0.011117695577342799,0.003584470142157005,0.01730088654487539
4_5,-0.009078398797060598,0.0001404034194924494,0.02394644351028435,0.0018783699991810623,0.0015364868341654324,-0.0037315534033062884,0.008509340021744383,-0.0005134931462750944,0.09415690353943729,-0.044859172068872494,-0.0418832207775212,0.007155898684849613,-0.0037605191854994,-0.003794783095728876,0.004089157575499592,0.0009408183177095822,0.0017390944509158841,0.06797956815213825,0.004679311204819881,0.004495702780258459,0.02122288048000046,-0.0031454819015935566,0.010424370892420105,0.015067542940101295,-0.0028604869071262398,0.09953030532023482,0.2187310310393039,0.07152970876332215,0.03285811586818832,0.11842413756816722,0.14401117223666215,0.002110702661494079,-0.005184102613214924,0.0006934744521859167,0.03495705605051385,0.2990601427259353,0.10185850809775836,-0.010562574710216622,-0.0034653415760288455,0.005456820311763761,0.000469036801818099,0.0028943700878531846,0.00023447076234493918,0.013038509449501337,0.0034816882217140427,0.018225462805602333
5_2,0.0009646728153097858,-0.010237348040812493,-0.014061333588168466,-0.0047211437406929286,1.3896076996518269e-05,-0.0026293694028287854,-0.0022630711647088704,0.002534117507869579,0.1108198605566401,-0.04150371200276548,-0.039896026672941017,-0.00792700355747318,0.002225737221189433,0.0006401027156194807,0.0093418185659577,0.001901300044905308,0.004890209260061425,0.06038478182873617,0.005475499785320376,0.005075806875653144,0.0021697679298824345,-0.013301578052507866,-0.020413489242070496,-0.005626748457712597,-0.017957775962613744,-0.013067632303858762,0.1717885218767652,0.012786687725579027,-0.028175112392562065,0.09669873822468322,0.11957775604380613,0.012627853667301344,0.012249601835690814,0.008943852636697643,-0.010789975325594016,0.06187840896681915,-0.06197855237254074,-0.003755496653984462,-0.0065605363278483314,-0.014092962503119809,0.00031952339811330344,-0.002373049181872795,-0.0009258420444148426,-0.0031865322814724597,0.0034893522909324403,0.011533298475178066
5_3,0.009951168888475281,-0.004583634728995246,-0.013506968503179348,0.008951182412822053,0.006711059765795599,0.0059116293953433,0.01768560737823057,0.007517023130478113,0.10237557073109264,-0.05649667025112882,-0.043215278155601104,-0.000813978461424942,0.00422637515808334,0.001378670332208325,0.008099360245487205,0.0033585907463709068,0.005669061640420569,0.0650205115104087,0.00857625289288685,0.0028337494288509595,0.0016560950149918261,-0.0065684147363606,-0.01873672243431579,-0.0035534837086838604,-0.016924575351750147,-0.011987949432419607,0.0990179478629579,0.024694978476315774,-0.031810935773326665,0.1089293265388682,0.12695007543594702,0.010737962623113054,0.013357437265885317,0.004268002808104939,-0.013434574468765463,0.0642295608398838,-0.05028659130859204,0.013636809676814802,-0.0022801333118819835,-0.008486566150716978,0.0009559266683064425,-0.0023453881650073102,0.002193319848517949,0.008513766460756987,-0.00014054815833546605,0.01655319293706896
5_4,0.004975167095141708,0.02635524761907416,0.028057188528447262,-0.01394379559511514,0.005043430174513466,0.004546303800758384,0.01380565857281961,-0.0041239115154465475,0.09143418217298331,-0.06357558586408388,-0.057471780811380914,-0.010093499728249038,0.003128233739316942,0.005164317797365635,0.007358951572313339,0.0006236957828697344,-0.003431008053861589,0.02814364915753837,0.007119644574794736,0.0057282154754525316,0.00034184676010456016,-0.013331495366954396,-0.01851665188417713,-0.010630473481951327,-0.016650602918885694,-0.016236191824952485,0.1831546793282796,0.02140977147013056,-0.029353271665569218,0.10194034342023943,0.12149198917577003,-0.006642620638952746,0.008027965242890624,0.0079169089974214,-0.015183452645205152,0.058216425624470665,-0.05509103113438389,0.018378855843065808,0.02256261532163436,0.05807358067210888,-0.013065361312934277,-0.0022515517946803476,0.0007523579254763117,0.005721006956274423,-0.013917588056027046,0.010477084486019979
5_5,0.011741752520661319,0.014400526920058,0.010717921266642873,-0.011066809275062293,0.003797081834133219,0.010954798285345308,0.013044125437166602,-0.0014925949765340776,0.10250574866780444,-0.05628713948109758,-0.04545987563136967,0.00443324820106544,0.0009508486130889661,0.0013190372522653706,0.005241760812709319,0.0011313898203607203,-0.004452989620573567,0.06241555949490007,0.007374137213601406,0.0028922753311204246,0.0003022926009350005,-0.011815162136436127,-0.018504965858403655,-0.011216879460060286,-0.01459953111860833,-0.015225292687390602,-0.06567739634433377,0.03208050721623808,-0.03983208999828941,0.09796385976810276,0.1403138557233571,-0.0044165679312296886,0.011886873386955257,0.003429066222592882,-0.014512606590141355,0.0617091321484542,-0.05270488207953239,0.022284243246788134,0.016543942396782762,0.03575905451533152,-0.01023992682698284,0.0008681058562808338,-0.006116049337910016,0.007008118142496984,-0.00792496146687429,0.016189029892207978
6_2,-0.01771256755150098,-0.013562041298800707,-0.026710926273565392,-0.002400583305172894,-0.010168564102530616,-0.005131782629483999,-0.005700320512339389,0.00018674030689350046,0.0799632188577566,-0.06713778465324395,-0.05964979552868301,-0.017905823931466374,0.0020493965035228187,-0.0009554150726119341,0.00904471493596732,0.002793192673573365,0.0007304443912423957,0.03129741345982417,0.015708342171585475,0.008265821849950497,-0.007627437644562319,-0.012442190935717195,-0.033515608831751934,-0.08603836498386981,-0.022238517484460506,-0.008986586482736718,0.15256942805226517,-0.0957033203926012,-0.04908954012936978,0.08989949336370022,0.10625114928817352,-0.0015762128410930683,-0.01714637578546705,-0.028493940803915034,0.023605079011324276,0.03518078739658524,0.0485871359827554,-0.020626280025275112,-0.012082828422780321,-0.03244069449826772,0.0003981942890153336,-0.012435764106100481,-0.004779716209024932,-0.012275588428465361,0.00045212367277639196,0.018282236231036537
6_3,0.0017360110715872795,-0.01165854984468908,-0.02239780136214623,0.0021763617397585803,-0.008479672185641735,-0.004485021984554786,-0.004994835854888747,0.0018771335864722,0.0868945567887831,-0.06262384892270119,-0.05123530586894888,-0.011719492729283512,0.002259859100142667,-0.00018227510335059124,0.011090878371811485,-0.0002182594911805659,0.003355978489967377,0.03553167104618463,0.015159727450000587,0.0041441194438853945,-0.0022467598906105286,-0.0028027481174773116,-0.026776968002969526,-0.07422346288032619,-0.011978091406546173,0.010689516695063076,0.17398117287289944,-0.07601552926220084,-0.035453185423919245,0.08573953903628206,0.11430493147644968,0.0021056199588724363,-0.016761727219702628,-0.011670269628313815,0.026330767044704703,0.04355721805841826,0.05762787444332006,-0.004760372275543039,-0.008752914863603592,-0.024498984626339523,0.0010106039326349423,-0.004155598240642666,-0.004856510498103706,-0.012563184034451832,0.0008006833335103196,0.020712412596004717
6_4,0.0029117846449007944,-0.01229181795761164,-0.024314202319688887,0.0033586236857708813,-0.00895399833514543,-0.004820729646118093,-0.005366027526045744,-0.0005211727519786926,0.08120780751120048,-0.0678164903798742,-0.05792272897552874,-0.019399925600275467,0.0028905490861489123,0.004472711952325837,0.008934077774456968,0.0006193095170012778,0.004372884244275067,0.03470380013816097,0.013709794633081402,0.0028844168152423904,-0.0006558193409120812,-0.006745629038779452,-0.029992249536205863,-0.07817570785651269,-0.021779049862399664,0.0172128810699268,0.17144561712248324,-0.07012396294388246,-0.03334237139612958,0.08558727969279403,0.10620878321028872,-0.0013948758448246122,-0.018069280590421094,-0.008329037141904439,0.02470031158748295,0.027550645064522452,0.05839538975767617,-0.005739666200155812,-0.009258655105735219,-0.027243518852256666,0.0013337167975008594,-0.002935593436775253,-0.004712870583409137,-0.011701236093834593,-0.00156172301337062,0.020713317231553428
6_5,-0.002498507725679078,-0.013928382186806254,-0.026959396079001677,-0.0010991849902455598,-0.010419333260831503,-0.005405623683324135,-0.005793365259952562,0.0007624604926985878,0.07672629624235852,-0.062102801839879845,-0.05428157300260161,-0.010517359598481858,0.0036412668194016323,-0.002829822221658101,0.008198082995299744,0.0032035055019182398,0.002718023020561954,0.030665200409186123,0.015004546831603004,0.0074496742808400586,-0.0018137831741110698,-0.007198217384086939,-0.02388185314098446,-0.08303384922887702,-0.026896618509975285,-0.008173391019962268,0.16010074545169883,-0.09223697334806069,-0.043920615350914904,0.08743772359032576,0.1087475500625189,-0.001789629756627047,-0.018422844910053922,-0.0319767007231941,0.026752688513219408,0.03707110927987041,0.05059525767159332,-0.006275244049744617,-0.010569611161553708,-0.029469873540778856,-0.0002066603327628458,-0.009558292820234198,-0.00532953143344686,-0.012516412608158953,0.0009130185515756182,0.014122292386408603
7_2,0.002059086320994333,-0.01085950726181031,-0.021107646672827825,0.002636642106265241,-0.011297554006541895,-0.0035145886583698056,-0.002912424559714145,0.00041039290195210695,0.09033657486338414,-0.0486665192182074,-0.04051052675302279,-0.0018149648790444695,0.0036324246737863405,0.015115907542002332,0.007557870176361383,-0.0018631061841879212,0.0019163400347452402,0.03543215816762573,0.017548888333860663,0.016573487419197105,-0.0009612592194034205,-0.004254281815123335,0.010378367381180711,0.0031518272246789654,-0.02363615988764946,0.059710573145009556,0.2629465808309339,-0.08647369839914322,-0.036147013171020835,0.09252853025119137,0.11113698137582846,0.0051945590358353205,-0.01537092020746905,0.011193293556288246,0.028582749464265735,0.056780656532819246,0.06543731077310824,-0.005854990433555287,-0.005671647303974604,-0.020788768950807283,0.0006017722099645652,-0.008802347373614313,-0.0024726249115653277,-0.010437715697818541,-0.0009015515893195879,0.018517630503123512
7_3,-5.159274108270765e-07,-0.01018149428560512,-0.021822132966515147,0.0017257710459750379,-0.013104157310185686,-0.006157249122137172,-0.005039594912456285,0.0011505967431260145,0.08960859296620916,-0.04348404997926307,-0.038787257487646234,0.002896602547642489,0.0055316885208768155,-0.002008426492665473,0.011800406673593769,0.002807274492413378,0.004848442984153092,0.035000327709089334,0.018778707020077903,0.011651667133171485,0.001300814226807941,-0.001562170268218325,0.008965886943133827,0.00012905837120457883,-0.02126278174145388,0.06978916279072238,0.2668596103248607,-0.09925090169536759,-0.020369532798090683,0.09125632003599891,0.11112649897355324,0.003591334492625405,-0.015445661978599513,0.009155846794217382,0.001463070675274142,0.062344157651604025,0.08065127525768906,-0.006781356538320675,-0.005885384881134564,-0.021465888203979936,0.000373407773319991,-0.009211015429099018,-0.0032151035993956316,-0.01349614454868708,-0.00022006281884497146,0.01973373923918267
7_4,0.0064661640117343435,-0.010175535395253208,-0.01952410081886134,-0.01340213199034665,-0.007365141251675447,-0.0032138348848188805,-0.004285002172294692,-0.0009033351786548994,0.09037021920756796,-0.053739624389410864,-0.04736639354952245,-0.002754819839323372,0.009677747106589375,-0.0009891598342902173,0.010020075675180632,0.0013784717357558894,0.0005821383779072542,0.060296626814911505,0.01853425483651819,0.010795771766260023,-0.001995413759253883,-0.003024073199520705,-0.023655215993626362,0.003272988915342298,-0.018410249367824368,0.026372343942322907,0.24406625213947009,0.009002152472583017,-0.033273128386353545,0.10223615356463485,0.11226382701371469,0.0032138120001292876,-0.01374635038676173,0.011467254632525887,0.03615920848492272,0.06582481389089903,0.0617438297530758,-0.0024642983577429743,-0.005606865580732168,-0.023233341166998815,0.00015320596242748168,-0.004112617884650817,-0.002932100598966648,-0.008763898148899385,-0.0002756305949116177,0.014661155233821816
7_5,0.0028438776148594818,-0.00883146879814776,-0.02116631813815621,0.003323992224516333,-0.01273741805841727,-0.0031760017484273365,-0.0029653909203574986,0.0004162094253815237,0.09221359822105284,-0.051848994353745737,-0.042484774737181895,-0.0020905243871524133,0.0022404545754543923,-0.0008822647934494508,0.010286829088424099,0.0024535423822579856,0.0011815625573344376,0.04113535679719918,0.019126770169049383,0.012851091685596224,0.0005027850171387999,5.555611092563484e-05,-0.0071561575972285746,0.006381183563345089,-0.024795284145448536,0.06612362994744707,0.26749432966029163,-0.07379111488225315,-0.02863077610506026,0.09271348185908908,0.11249424905919705,0.0037086901620869295,-0.014457214336987696,0.009637221498096826,0.04494083659989238,0.05865081661789687,0.06106089428490115,-0.005365235528406003,-0.005108575004027818,-0.02070904886512361,0.001052399680883502,-0.01007748669125296,-0.001947750886912537,-0.008626626066605478,-0.0004719982484642356,0.016553689212934954
8_2,-0.009136095564178123,-0.0038110550862468324,0.01649449130833367,0.002965241588744866,-0.00028562635208570736,-0.004270945826274393,-0.007804859767484533,0.0006746972752133849,0.08911518513315526,-0.06408819556694756,-0.05335627622459644,-0.004921237360052193,0.00030946370668837226,6.251798564117999e-05,0.008771985257356956,0.0038929117810502286,0.005374501455153272,0.06908741087926437,0.017371602715134025,0.014587172278846018,0.004145181397505832,0.0019343941641768755,-0.01716111168418311,-0.06330491483862948,-0.03791012228474419,-0.005254348711506624,0.1978792311342075,0.03113983614563451,0.009814456619087189,0.09484895047711722,0.11349249275913711,0.001378263106989034,-0.00958236643090338,0.007201682904325459,0.03737712551608093,0.06950810105073074,0.06287893873353434,-0.012231748689911864,-0.003797212395778414,-0.004801840519062127,-0.000716630498565815,-0.0029669107269301815,0.0008405370703071784,-0.007642612799710448,0.0023394581198350594,0.022033133582936456
8_3,-0.010109858915952234,-0.0012955163433240905,0.013996408877408115,0.0019150356044773176,-0.00030098020428149424,-0.004576450075490891,-0.007459339270899323,0.0006344168153910416,0.08818718127521219,-0.06499969492053022,-0.053083000982009076,-0.005681541944252669,0.004689290947700528,-0.00044661642774106267,0.0068960294154799835,0.0034348847965519577,0.004906987262055914,0.06846708117175071,0.014287671631151385,0.012572230283700024,0.005904433113566128,-0.00035373631198285096,-0.010893064721310098,-0.06578170490531274,-0.011811499271353401,-0.005307832841407429,0.196773548821862,0.03566257508909281,-0.00018987454535774614,0.09368296693896112,0.1125583283123655,0.0011116584172087781,-0.011511162286251053,0.007826509060031126,0.030880174853843208,0.051227631306907745,0.052590686276767926,-0.01200783937787132,-0.004323829089976183,-0.0052015287235383624,-0.0005217622686331504,-0.002884832436839995,0.000328618025941339,-0.007625604140725892,0.0014100454715008214,0.02175275570618266
8_4,-0.01023173115180326,-0.003480239887961302,0.015601180045086701,0.002523681113958555,-0.0003904287651874084,-0.004341282851327796,-0.007800974493659777,0.00036260626249908976,0.0877508755069027,-0.0652334266945908,-0.05297955443186738,-0.0036323973896810204,0.004610996000857053,0.0002471049571455457,0.007231672626534231,0.0037363277635111157,0.0051815597228797175,0.0663415388322744,0.015483503299373964,0.013683693305601832,0.00557565000114677,-0.000735911520755256,-0.010855158859569742,-0.06541348577555212,-0.011643408765206295,-0.004892729257900967,0.19340441066709038,0.035462737235424445,0.007956762846629224,0.09278087263461757,0.11368734085576204,0.00024406214359189293,-0.011649432609796652,0.008936392785358096,0.02922850025394933,0.07002895310950555,0.053328241456482746,-0.011983229267318745,-0.0037280479754752374,-0.005750375236822962,-0.0005681876824861636,-0.0031612298799515897,0.00023801469897744273,-0.007552242805361205,0.001817337918780938,0.01906359792836316
8_5,-0.010130868408406227,-0.00809501381984867,0.011594470805648504,0.001882990532707468,0.004443535550914298,-0.002086231146454074,0.008598353956783055,0.0002266532918145671,0.08677942046925506,-0.06641651735426526,-0.050362016479902724,-0.00694499721720593,0.0038896525569769415,-0.001327678645812575,0.007178805817979725,0.0008257178946188659,-0.0006360533398689976,0.02717805097863891,0.015509663447435137,0.012662797329002209,0.008911188016404012,0.0035626113244226877,0.010097993291732157,-0.07639191340929496,-0.020134572081759727,-0.004319197899323748,0.18635085811500476,0.048871464997880996,0.007739316425893038,0.09023415520190076,0.11873487969371382,-0.0018107798823744038,-0.009594422151133873,0.007741401517316883,0.02764365242004219,0.06317421946093026,0.07167748336861629,-0.012898102620732753,-0.006312895287453097,-0.0017204777656505091,-0.001192575140355933,0.0007972795224442242,0.001179142318985251,0.008787565468794702,0.003248450175484437,0.01351037649400272
9_2,-0.008715916574626144,-0.0040888374364708435,0.01225617194539608,0.002327712658821843,2.5869613121869795e-05,-0.0043339874306611795,-0.010661368778224895,0.0057163047606646495,0.08706504390336607,-0.058940967472611995,-0.047374744779868506,0.001673120393160501,0.003589568981101847,-0.0016384596840572847,0.008583597351072345,0.003973729059842746,0.0017123541209544992,0.062049653645769094,0.016476418834219197,0.01238571131152329,0.0026312773010493617,0.001153231178895011,0.0075170224415025055,-0.009319208009698458,-0.025103817053542626,-0.00043661524115511417,0.18332531959037018,0.03897972250429411,0.02791943567185891,0.09306934207599565,0.11906913918740712,0.0063116152726870045,-0.008393665575353568,0.01094694742053754,0.03232369009210027,0.05994100837486392,-0.026555076540986277,-0.011349460427158101,-0.003911234009695856,-0.005145303003386126,0.0004605732899707954,-0.005504058493113128,3.811054089946467e-05,-0.01238410660907787,0.004423176176243959,0.01457410191756487
9_3,-0.009658749914671236,-0.004396054665215571,0.010677515645941243,0.001825563796870385,0.0007241227508314318,-0.0042639816453521225,-0.008212156961248994,0.005308279615841949,0.088716195138709,-0.05963849157130119,-0.04595734310463296,-0.0009110837313122206,0.005451365644886526,0.016718181998184145,0.00853172340318044,0.0033720469286144792,0.0030341202183000655,0.04599588953543691,0.015337806214258136,0.0047962035150526505,0.001906217163732951,0.0020190541917174737,0.008701746802207814,-0.010885578457687006,-0.007696024794271609,0.004092787944812886,0.1851017947437868,0.038964249068890414,0.026721433929846206,0.08980966010200757,0.12126446566583798,0.008259787872869101,-0.006609051933978135,0.011178347956997774,0.03374325295403636,0.057914975038774144,-0.021664649010847956,-0.010912363636777767,-0.0032827289931384976,-0.005685747965792129,0.0002819784763758578,-0.006102697061895954,0.00020783352048222098,-0.012128310799050534,0.003992654171374146,0.01795730202829373
9_4,-0.009642435026794486,-0.003405429514533134,0.014234215496371237,0.0025163812501491196,0.00034000730038198233,-0.005390298665184605,-0.00788032226870802,0.005536289181464245,0.0879794218496286,-0.059269745821725985,-0.045526404110768415,-0.00020947814412691998,0.003593570997748179,-4.6447261093736886e-05,0.006693187723565619,0.002052862984812309,0.003533876658031524,0.04347976129313409,0.015892253571887654,0.011673197917243989,0.003211452313231666,0.0021457998989347564,0.008691030940647094,-0.008971891758967962,-0.008451475755312217,0.0011566879498234926,0.18352528579442964,0.03683775374097665,0.028922301819935714,0.09169099051530653,0.12077240787929622,0.0066581330921421465,-0.006222663914742277,0.01149563333590805,0.03218527287714416,0.06068603862354289,-0.026480389621342432,-0.011176624833124097,-0.0033684276078483014,-0.0035289226523472993,0.0006223905297168752,-0.005444001133592958,0.0009390384887726233,-0.013972573169210313,0.004031096779947992,0.015348446129744226
9_5,-0.010474292921251132,-0.003609969468499555,0.0131390063113191,0.0022601509433360385,0.0012491486941010731,-0.0038131586496059308,-0.011242161355037781,0.004367928780708475,0.08744652313991529,-0.05852119003707845,-0.04383592980732239,0.0014307938650327328,0.0027142954938172733,-0.00297980433464793,0.008030408502144221,0.0019363028547376674,0.005517207095356498,0.06926913552349329,0.014584736130721669,0.00805514521532352,0.0013838984915199972,-0.00012543940243248824,0.008330177321974469,-0.008395018856365509,-0.012609077484416639,0.003691532711367717,0.18492655780969486,0.03787301611204377,0.026798873317124258,0.09314069441619656,0.1251402968033403,0.006409119890856938,-0.006370585239864618,0.01263207683191075,0.03059889879271058,0.054192975464645396,-0.026949672776361355,-0.011372175106186794,-0.00334840360573845,-0.004946254598955643,-0.0010960260399833456,-0.0055521490294115254,-0.00025961161490401836,-0.012630136643560079,0.0008484358091683062,0.013006287569142874
