,0,1,2,3,4,5,6,7,8,9,10,11,12,13,14,15,16,17,18,19,20,21,22,23,24,25,26,27,28,29,30,31,32,33,34,35,36,37,38,39,40,41,42,43,44,45
10_1,0.0354398217923167,0.07017301961533694,0.08669418757241223,0.027515024583399234,0.06219005122555368,0.02519728863700562,-0.01933590503753722,0.013630488144535857,0.0901610078928468,0.09313815987786057,0.0727781779106857,0.1925477295942603,-0.0016787281534343212,-0.0011107604050418765,0.05982265112948786,0.13415562914067009,0.0068969523370752284,0.006938428936991429,0.058080135506220494,0.13824559522251623,0.02642181732520925,0.05608151079447683,0.04623182802122917,0.04278536901856328,0.025818195120274695,0.0981610610629801,0.20901415122125958,0.039504198193306424,0.006409222439697616,0.08208735153426983,0.08504521834006855,0.08781006294858185,0.08725194067026606,0.02615673295708913,0.10797534739940404,0.04566001381571465,0.1149839341953819,0.12188486332716843,-0.003648065839408677,0.08566315591044374,0.020474463989196202,0.017464663402456056,0.029374980120851806,0.04235469398116782,-0.0027407076749967254,0.09484006928510193
10_3,0.035091927741389965,0.055367030132040314,0.08391441921204817,0.012721568414188188,0.05636732195371603,0.02053753152119277,-0.018867407264292722,0.010971711117013092,0.07269474432343852,0.06854286481889006,0.06915674000833719,0.18579933500238038,-0.0011903563902458452,0.017308418051830206,0.06327116294718348,0.10830723459343505,-0.013176390508611678,0.004955959096861013,0.0038196143670387542,0.10284463064061607,0.02499619124928283,0.04385745405633845,0.06419826207176169,0.03317856766628584,0.00473208027483447,0.07120676837503703,0.17125915726679503,0.05313072020629226,0.0016657119152142749,0.07425320373494196,0.0890557832256221,0.0910239592406879,0.09153729296525055,0.03532526139938159,0.12230064602258969,0.02188882762618274,0.10705821601345977,0.11862076580163095,0.004406865145629886,0.09776357412606927,-0.003544549674635133,0.01757277945122054,0.0233889458682823,0.03855261323410372,-0.0034955820577836035,0.07863354421443294
10_4,0.035695106381055344,0.06716305915020368,0.07682353913666579,0.0252658651138942,0.06467801694938854,0.030069948060668487,-0.01826982001018597,0.012312820917803544,0.07588481882496802,0.09084057421000864,0.09472523980137046,0.2205340828326551,-0.0016618273478564462,0.011886537645110907,0.06704149241091349,0.13527964839128317,0.01209865771175093,0.006014544514736141,0.05713784877715364,0.1507080630975348,0.014538415089784908,0.056956583979273515,0.060720693144976225,0.05927591670517445,0.030555332502140625,0.07746580914172915,0.18684893110168485,0.05240103000618596,-0.02190433507008526,0.0800678608102502,0.08443049720976685,0.09493927660093969,0.08695291420426375,0.026237406750858356,0.1169479217709491,0.01470582591304764,0.11884124374242497,0.1253394266786384,-0.0008930016084177607,0.10083394431517537,0.012557706292921906,0.01665216092035942,0.03292939714855229,0.04377871013301124,-0.0021011822609178854,0.050398241696460566
10_5,0.038042649972733295,0.0740996104380548,0.06954546322538914,0.022595925120008912,0.06258205673224479,0.02198392279269575,-0.0201322376084283,0.010989194844176875,0.07544272270486904,0.07772829434350068,0.07801524009211902,0.2086554018487983,-0.005280830400341954,-0.010124736716641177,0.06282240387585504,0.12946167333658884,0.01773332556790026,-0.050267106797210456,0.05607858157227591,0.10942238794388827,0.048082911819110875,0.05590274980265322,0.02283226016899394,0.06028281051530294,-0.061468856817692104,0.05527535042980242,0.1901393882161328,0.02502864606592781,-0.020693911459846254,0.07063126855889654,0.07642704656222231,0.08999175667864619,0.08393617022200629,0.022308643995798964,0.10629898976585969,0.1300873756698954,0.11005638207379886,0.12393286598228292,0.0027176685483464953,0.09012151599150926,0.009809780209908803,0.030497224776903732,0.037228594546347964,0.033090469486344185,-0.003785372641693365,0.07503631283050241
11_1,0.0240176204444908,0.04092826994614149,0.052508359059436134,0.01346097707596503,0.02690682282052159,-0.0015323230741168606,-0.017735119948403065,-0.0006392091854696377,0.05985598613425081,-0.03886775880755773,-0.017826813277233865,0.11828916499238411,-0.0004369130345794753,0.008807765870912839,0.04577763327249492,0.10972643025691639,0.007164215452617947,-0.04849101626696267,0.04269248906339261,0.07362199468649645,-0.0016517737663152491,0.04241974947373625,-0.0068000892435466625,-0.0574155869042718,0.028094125048603858,0.04006561636648471,0.039325515158854185,0.03273451489770868,0.016837937503881486,0.06011249534918398,0.070814316305918,0.05421459717253993,0.054185674266501595,-0.04038599480268061,0.0643466498301577,0.03224740364103565,0.08396511498074191,0.07278765581760038,-0.029508512221787075,0.06095376027499804,-0.004131768430021922,0.012071296071546158,0.010159194959886672,0.006579309652248178,-0.019030352021083927,0.06038354834009664
11_3,0.025869710548300145,0.04235840896651999,0.05263921241022962,0.005406394647551804,0.026961993334748188,0.0003596687728790269,-0.019598939713811877,0.0016904951769161735,0.06544511235400924,-0.03673907849050829,-0.011355732793212989,0.1570094871515182,-0.006360159937802446,-0.0034707296890143626,0.05264985272117203,0.1030769799466477,0.006700952713885033,0.007359823170118346,0.03987578070736823,0.11686175594935191,-0.01592837923543126,0.03899667917159265,-0.02692785098752737,-0.014766122390745927,0.009530977057171451,0.05848849504418239,0.04597721948068734,0.009532850609185396,-0.02044847126180338,0.06840503835980481,0.061983874013462496,0.0549789751891747,0.0518286855215413,-0.05483438491228882,0.08955003577085763,0.15424458290749438,0.09067014336347255,0.06926989420811076,-0.02890049910646225,0.06151783925541813,-0.0047530206253965784,0.012405081324159661,0.009180195263091115,0.003935402293226174,-0.018358905860902875,0.06609699879010378
11_4,0.02610631093847681,0.04168453788646616,0.053899794954540746,0.015511139025261755,0.026838900945895593,0.00041943609943944455,-0.019938957901438514,0.0020110430801846377,0.06182400332694545,-0.04100717892326066,-0.015528937067106001,0.11797666069905045,-0.006213944369958469,-0.004115477856812785,0.05053033834106582,0.09536033167873864,0.0037137629196828314,0.005508090557879488,0.01103332513166088,0.0701460376914277,-0.0149365758607447,0.03814789330662553,-0.028823738207331938,-0.0038635440792362113,0.001850310654300285,0.05239116262468393,0.048260744256619706,0.006218143668420246,0.017676362538200447,0.05711702459889877,0.0652481813428111,0.054135929327015685,0.06040165224000819,-0.06712215380917695,0.09008032941350126,0.1560250332732738,0.08524025029335548,0.06826300574243273,-0.028947627945877515,0.05812690700915582,-0.00833008499590785,0.011381739086696608,0.009010050154940136,0.0033749648140024248,-0.018318717968168707,0.06468421199808125
11_5,0.025976785958320883,0.04166031196073498,0.053557239465088516,0.015023228454974736,0.026584854228985346,-0.0002515896412697415,-0.019153440717890383,-0.00043322357382018554,0.060437558705120104,-0.04068529125939831,-0.015524720775272925,0.10304906518143937,-0.0020526871791405918,0.008308543882067887,0.04470437978138701,0.096375314861235,0.0059838684594632945,0.0061325089632112495,0.019263520374239954,0.06841091988427285,-0.00455450975368408,0.03784145294927717,-0.023774554027312426,-0.041270204883593155,0.03804014477312534,0.04586869851107548,0.034209298228803316,0.012911041519739142,0.023203221778887635,0.06698058345361667,0.06202459201595818,0.05244033475555726,0.05377432688851117,-0.040073749398368635,0.0610571106025934,0.14681680921662704,0.07913065499233803,0.06657087206259363,-0.029481386249323702,0.059744804533749314,-0.0045574369122616705,0.011381739086696608,0.01017372264029909,0.002898090175289081,-0.018655723174084187,0.05988189776898037
12_1,-0.015045770828876152,-0.006193908550072803,-0.04233107117393665,-0.012269322897047059,-0.02173266879164146,-0.0231129820738813,-0.006193122436078841,0.002739639373855927,0.03652821246293827,-0.03504550882442929,-0.049042676621627625,0.04648861251378164,-0.0013899566184616772,0.017471632360160107,0.04670844238438449,0.09657814422670405,-0.00920685572308195,0.002189813848790758,-0.008417321065171682,0.0779669714597403,-0.050309816970611584,-0.012309864832950653,0.008928634423355392,-0.08960381436455998,-0.0021492456761164824,-0.054005252095446744,0.0470350115609132,0.008865197409959948,-0.0014268359161691802,0.005480112167642355,0.002368648693283625,0.017678069819573792,-0.02595855799338287,-0.05834437284991638,0.055253695614446874,-0.024018259456546894,0.001873498040554085,-0.03477760637296148,0.009001313093262348,-0.04037007071276929,0.00937830685428336,-0.006985171053432398,-0.010699949292827,-0.008843342872664271,0.009451547929230957,0.008335652128648634
12_3,-0.007181951373106688,-0.027775015250315283,-0.03595683078950142,-0.03464768103403814,-0.02830083968958695,-0.027536125255384958,-0.007813633896532873,0.0038612825540473186,0.055888139138674124,-0.002536195551670721,-0.030867944588767,0.03958858067894612,-0.0020525336863674686,0.0247029856120296,0.04135041321847976,0.0945965604671891,-0.005016487041782343,0.002758068270301838,-0.0078770695848104,0.07413070228784314,-0.045600539156004594,0.011129068335452704,0.007459072791179794,-0.09300600455037093,-0.06586333351578363,-0.025235667164291344,0.050861444971108026,0.007548247633110785,-0.023299692575049248,0.0316634800684253,0.022605733435419814,0.03470330843280212,-0.02723206006331189,-0.06598992152116841,0.06686505235330602,-0.024712186377393013,0.009546410859545308,-0.034921960630127064,-0.013617903251705251,-0.03813588773008477,-0.012117713144716082,-0.0059370169387380186,-0.0190081251726501,-0.021011096089289992,-0.026924638202462745,0.005967497205719943
12_4,-0.00331410051920025,-0.015591070550069681,-0.03835706376653452,-0.008456276054476505,-0.022722624385134182,-0.022550509183488412,-0.0049399624151816954,0.0027769638829638946,0.0374719844346732,-0.022446751135688333,-0.04488574535601799,0.03551107795623164,-0.0027224438076317073,0.004285935740325167,0.031193054117443702,0.10988610142864023,-0.011853509824412651,0.0021266204209181025,-0.01541819189037287,0.07680621055093856,-0.04750820987586203,-0.0025433854308786197,-0.001083239450873711,-0.08682373284186141,-0.03544521134064618,-0.05039907229191487,0.057617441719228134,0.007444643566922499,-0.007769460565989403,0.015139771403768588,0.006584488652034019,0.028014041330047052,-0.020997713199969188,-0.05736371138490665,0.04657422852606717,0.10833375172150733,0.0022694769543308456,-0.03027591216010109,-0.002269419808239307,-0.0400445096523259,0.008980395252802907,-0.007110320581299605,-0.01194271423766024,-0.009064833215293458,0.010586176580287187,0.013400215811465836
12_5,-0.014575199134082785,-0.01746653095227466,-0.039967460926843446,-0.017484888880039486,-0.024544461360710302,-0.02388201858270845,-0.009441456214867333,0.00011198327511514742,0.03865360129106262,-0.009945685238543405,-0.03530116804487471,0.05315946957979087,-0.0010226020203920653,-0.002041410620159718,0.03675956671828724,0.12329204294892823,-0.014457063607055743,0.010025635453930632,0.03662979430452193,0.08368281636094396,-0.051499962585073215,-0.0007028961301628785,0.0098052482895356,-0.09568946124012144,-0.005313113728915135,-0.04309456066171098,0.05400890798210109,0.008005231604378191,-0.009604506438717405,0.01779774150783441,-0.014543963221498386,0.01773047122608077,-0.0194594555991147,-0.05872463734112931,0.05551069439096529,0.011733356849419828,0.0030780318240771556,-0.032134271247198316,0.00018478466824270174,-0.044789715832250915,4.1329724323586295e-05,-0.00370870502072371,-0.004462917297263903,-0.008991150733122148,-0.010344107468971499,0.01953827079769388
13_1,-0.002516410791114739,-0.005441318700991673,-0.04475245076728106,-0.005960223414216007,-0.0239819307693019,-0.010309156814066895,-0.01475044672896181,-0.007126678364993271,0.019760917122942284,0.016587308016384417,0.01972938146700891,0.14964282660026995,-0.004377366505565522,-0.005570773014064505,0.10092351737833212,0.11684499663493993,0.004631596436329787,-0.04692118333911169,0.030403689362932286,0.095661709827307,-0.00982940267295128,-0.014758914021093104,-0.11346972230378834,-0.009503022345190262,-0.0005820265551424008,0.05535079738031266,0.08599782310248813,-0.054284478209766035,-0.06409923635898171,-0.056764656151848676,-0.006842685240937688,0.033950100162878395,-0.026713424411583194,0.026781653252235093,0.07283667081688817,-0.04093126075537897,-0.014465976972811902,-0.03489623524235599,0.0008834291957049961,-0.04041431585666964,0.0012239670858683197,-0.008838116556286383,-0.016890041974931488,-0.012261699181092288,0.016931805567556277,-0.05586483983897708
13_3,-0.001429160744342825,0.0016083265752294957,-0.05864223554188898,-0.010638626717795183,-0.023918959534928882,-0.00859710206089308,-0.013959306936659838,-0.008624593773107743,0.023940241611958808,0.020346177043959763,0.018458299534512914,0.15591221752157566,-0.006345880823939052,-0.00010857546172766475,0.10409709740208899,0.11998591054383163,0.004524871901548843,0.006960589176497834,0.02344849659944224,0.08775706649091096,-0.011252028226082102,-0.008941723785883178,-0.1164299010973766,-0.01963799001321621,-0.03856962154175081,0.07507375571914904,0.0839666504633392,-0.055666092388053603,-0.07289549893446579,-0.05588331568029173,-0.0006450789320231569,0.04179467357118008,-0.017107400069854856,0.03618819649640572,0.0654837159819466,-0.041852031367929365,-0.009320068522410225,-0.029279942199679436,-0.00224815387668629,-0.03636961605512767,0.006946219025841912,-0.010942359115455522,-0.017024684894100934,-0.015618532168464653,0.015726972919289674,-0.0592225153030827
13_4,0.003505889990471207,0.0037804345416152007,-0.056746114030393355,-0.008933616681751457,-0.02892415973995756,-0.007200418364602983,-0.01344155050364149,-0.019305561876558096,0.016078035703767698,0.017977176936137932,0.03495910817987995,0.15062314357105022,-0.006476482397993418,0.0022846792300924112,0.09278679454885587,0.11837671349209293,-0.0002845395584673073,0.002692380974501138,0.0377197200267374,0.09076554504974131,-0.00693870098765384,-0.00555295374950379,0.011695893207500762,-0.031010935463994884,-0.021198297730758077,0.038004031230068486,0.09502907477013492,-0.0424426547916237,-0.04791661277410571,-0.04597404351040423,0.004588339350188955,0.05982827240390469,-0.02613886004176631,0.028252208015638557,0.06505042532574139,-0.027732483745093083,0.023012391243589253,-0.04108237869566214,0.002531593427314966,-0.033387676040692094,-0.0003163277753914748,-0.010430344906176113,-0.018373158123490583,0.0005689793213660109,0.02225448656181622,-0.05496030831541493
13_5,-0.0019054654225546237,-0.0002951599271934892,-0.055563351845500264,-0.009509131188689976,-0.02792577517575264,-0.010775019081529657,-0.015331308952937148,-0.011543663798885854,0.014780643366564048,0.01629878321577186,0.026394326193843687,0.14554335488498055,-0.006507233224310764,-0.0033475743119360246,0.0892826970643691,0.13068066809026602,0.0005201001140774744,0.0034864817620039595,0.04059678277908966,0.09333532973225611,-0.005622248536331318,-0.005212884700821953,0.003642533630623405,-0.02327968070004299,-0.007497507442793192,0.00950597453486569,0.08518494156732084,-0.03731546308312913,-0.04935917380151431,-0.04760444959781905,-0.0023321832224755387,0.03923867283487852,-0.025595082086335114,0.021316383879789153,0.04493858253233561,-0.03297114849910524,0.023350766086040236,-0.035927594155948435,-0.002015980231279849,-0.036816323022723516,-0.0033590335433669643,-0.013193775988899651,-0.01512726601492701,-0.018348402722498793,0.02023738717898044,-0.05120181126323809
14_1,-0.04035677141230337,-0.05727453977900551,-0.014701825237508917,-0.0459445157721109,-0.02199485784921068,-0.013483756603900086,0.0030657536936106195,-0.004128963913211669,0.013047261313098132,-0.2607359972317164,-0.22449776907896307,-0.23997310008091338,-0.02176341852148593,0.0021407559039307886,-0.1609246186193515,-0.21237431233249435,-0.005423877173322045,-0.016853965690195247,-0.06947528391745568,-0.17789085496353352,-0.022497492463729393,0.06135746060575666,-0.022688300641998366,-0.20709173863787095,-0.012763120618651962,-0.179500741077958,-0.27119739212861854,-0.01684366728503085,-0.040263040483581126,0.012014899471575089,-0.027359991706575677,0.001918446535084299,-0.04548868509699388,0.009613747383490013,0.098654186002395,0.0027248697823425306,-0.000657368728217882,-0.0587788808226401,-0.003932348915113337,-0.010739034527265304,-0.028352734223109202,-0.007810832578601576,-0.024473875103440804,-0.07742909191968711,-0.04808331893826267,0.04701315930335423
14_3,-0.03979125313437127,-0.07072468022516851,-0.014796079969709691,-0.04598085298863673,-0.04126148410133724,-0.013018815299782525,-0.021281334375948823,-0.0055085913953911055,-0.005873485530530474,-0.2701078575221473,-0.2522167399683035,-0.20638219138431682,-0.021757244491137466,0.005626490085979544,-0.1726824747442127,-0.20010763961582978,-0.021967821443199823,-0.032874926708969666,-0.0817705744167927,-0.18815929249329105,0.006330883127109604,0.06127656142051746,-0.024359857325168092,-0.1912219781964923,-0.005321156156551348,-0.17906947039035778,-0.30397781052198686,-0.013267829879770624,-0.03269578358782021,0.013121642388988016,-0.024624645908794863,0.004241954514218852,-0.04829264569420505,0.008716912709646795,0.09928520094224613,0.007224819934608778,-0.004515417520771699,-0.037527324008541384,-0.030481737156803333,-0.03921579856249873,-0.01884729386033265,-0.010593166030186656,-0.026906314775809292,-0.052981115424209094,-0.05766143577638699,0.055678834662584595
14_4,-0.039417991212642535,-0.06769171206152122,-0.012179786907535305,-0.03580798989050293,-0.053492614703883425,-0.02052407663521856,-0.0008646440742869166,0.0027221819976261065,-0.010506237769425358,-0.26079268113561666,-0.2328864400150563,-0.23743422801204717,-0.02145380280966888,-0.008138771709117204,-0.16453625650005513,-0.19548835212253604,-0.0208757126534699,-0.0012239227854901767,-0.07928123896891913,-0.15805996841048758,-0.02822418943774755,0.06382642918598201,-0.019789810942377813,-0.1423846113010726,-0.03145990311679016,-0.14267923188155704,-0.29294263862115544,-0.010755350790583804,-0.0009271627786800595,0.020483176196632872,-0.02649042396107548,0.015478683163381248,-0.04736123563503266,0.002003815053270355,0.07099975159809846,0.011737796621604893,0.026990231229398205,-0.03595208398155107,-0.036307794451177766,-0.04615532123268735,-0.018152870659146367,-0.02943991886232243,-0.0043418447236585125,-0.020126698244613387,-0.05435010080583913,0.01872635948852905
14_5,-0.029720080048068524,-0.06785917880571746,-0.014387554285874153,-0.03725516987753232,-0.0431812524159025,-0.029740810475320796,-0.021548952316011352,-0.011221752609968706,-0.004765725280099667,-0.2615433373308872,-0.20709061283968688,-0.20270120547121476,-0.031010816144499135,-0.002471886641552937,-0.19208421789977453,-0.22584868548303308,0.007828001752559767,-0.2149114607833262,-0.15826233623488561,-0.22900984179384976,-0.005321545175850183,0.0626520439648457,-0.04567986303192567,-0.19014401838092382,-0.07535139169567485,-0.1954384404939384,-0.32278287608480954,-0.03329916268938418,-0.06046303505619048,0.016135556915457653,-0.02356799657294301,0.021958550090313146,-0.022529012194087674,0.014315045101319819,0.10649682077370164,0.0025349094638420135,-0.0908095731516081,-0.03831750950286238,-0.02627012805319921,-0.027662629201890616,-0.029216839425967877,-0.0061668358507670756,-0.00607007648513095,-0.057535381330057686,-0.053059428459326215,0.08515680120197901
15_1,-0.0022606101703019875,0.020143973961623145,-0.028189979381432445,0.005740448683292227,-0.0160615731245077,-0.0033254280855867253,-0.003636526359584456,0.02000932571123234,0.02962817913470824,0.046695882849892394,0.030108839813684934,0.14772118426671885,-0.0011083000726990746,0.01377328706452763,0.057495033046587235,0.12036543007453573,-0.0028116246533838605,0.003766352081442605,0.006382014658127061,0.08967015200217363,0.002309632244896402,0.044691470188317525,0.03320359948099932,0.013958574921480268,0.009999578350841629,0.09018128036723824,0.13158425161606183,0.03969794483218707,-0.031441742263648396,0.06339201679467775,-0.000685861050621959,0.02846795539327563,-0.0028556233462807305,0.0365966826414796,0.12758952885742303,0.01276167123620082,0.054375607631586526,-0.011822805558049168,0.00456589025246497,-0.02649030255716585,0.02088989451237224,-0.0006940931650975829,-0.005928814179333719,-0.018666728265846894,0.03258030961456039,0.006497533731399767
15_3,0.004757843669871339,0.011484722960094645,-0.028268165747347147,0.004478807554391066,-0.016354765779414256,-0.00012895718813051092,-0.004151631587916677,0.0008124843221530666,0.026420110770404803,0.03724453544502284,0.02453366605650077,0.11821158835714504,0.0003943764302186642,0.006990806982768854,0.043070325674506374,0.1293813939394747,0.00415430669602359,-0.0739823282311827,0.025543182006997147,0.09465866713585538,0.002195278266147931,0.04848049154495809,0.01318976756696534,-0.011216462956974151,0.005245931314200147,0.09110353607918202,0.13106628186149416,0.03963852248099743,0.0009837859024343753,0.05333750929054798,-0.0073388218499342885,0.040703945968378036,-0.012528571438434563,0.03701277431210597,0.1116128486116885,0.004978931231251556,0.05878626812007731,-0.017361267402113936,0.006809583007828943,-0.02472590885146154,0.01232816163771473,0.0017443553244690336,-0.0033926646745983603,-0.02267288573551364,0.024561428211768654,-0.0034020161723703297
15_4,-0.0031075206904515127,0.019924097040885436,-0.023836702401771943,-0.011709477211869665,-0.011329053538139946,-0.005774436950859887,-0.004310683567487286,0.018731312591091672,0.03577941697432742,0.047117539266838836,0.02984724793430703,0.1413546035068727,-0.0016137957861135505,0.014950704970156957,0.057067440030236255,0.11608020652146912,0.006483230294193879,0.00522817238180972,-0.0013329607481194971,0.09164948187140529,0.033950405315196074,0.04755864267197393,0.04858634532234549,0.019726740454178784,0.0033530538543463124,0.09155595619682581,0.12187046825324803,0.02270918130406848,-0.03870645242352829,0.072787509930606,0.009306636469139457,0.028541096718474553,-0.00565294309392953,0.04262940085477908,0.1262221272329277,0.016813569589910097,0.048395073519229746,-0.006733388358190498,0.002003555870793301,-0.022240921900716436,0.005136893417189189,0.0010024914527509037,-0.006890968722252415,-0.01732453187074806,0.024331188820977158,0.024813225970345132
15_5,-0.00393656140892359,-0.0009309866736071355,-0.021400944895115116,-0.014103147730331519,-0.01790344880272982,-0.01578256709345864,-0.0032935220930492178,-0.0006542530533135156,0.034634858842723354,0.044563272514871057,0.019947841520925037,0.14970219329568457,-4.450917867518259e-05,0.015698756199948854,0.056392133115931845,0.12783651021670597,0.014051883415732679,0.009110614673126594,0.027126104887090555,0.10580286956897629,0.021423402171077438,0.05113157826717696,0.023713387617677984,0.03206937115078448,-0.021263771625003834,0.09577368538409385,0.12508655301992405,0.02421592539655839,-0.02907399119767689,0.08290038658882244,0.021015752555140422,0.026353905644935546,-0.010987896146303716,0.04038326540214287,0.12443691419573692,0.014272115387465806,0.04644771648463606,-0.01691139224018266,-0.018399811924793667,-0.02558834045019284,0.016515809803750246,-0.009426991768135197,-0.007889554543119705,-0.031072445232104076,-0.005015150273017788,0.026531968960204228
16_1,0.03171827889761095,0.017279720937846074,0.018691240502927916,0.0008088171261742053,0.018463761419325597,-0.001754893790596528,-0.025599987272753293,0.0010305941508302317,0.06834768553813261,-0.0067613251091296804,-0.01022083383314967,-0.10312532816388387,0.001423631824490595,-0.007114637762919737,-0.07328526746163201,-0.1200969058686275,0.002392092640293912,0.027070197245855927,-0.024952471554012996,-0.08236248217082921,-0.004701351222499518,0.030312659334532435,0.00735767396004923,0.04469085502451433,-0.03154247777579269,-0.02906552127279805,-0.08664515463090612,0.017313239246829534,0.05523041441779738,0.0039602032572069795,0.05380663203397486,0.06727767706458081,0.06350260884103283,0.014886328139869629,0.04152258882920676,0.11627765238371637,0.08161720682881696,0.054629492706909706,-0.02845309770143507,0.023269616760198154,-0.003400744558395355,0.0047231931461155195,-0.0024343676321377664,-0.001076127932785618,-0.012346876489401405,0.020956436856018147
16_3,0.030200051733016254,0.02703744113668192,0.019058232873902826,0.00317641506628726,0.021890427966067685,0.01343953204172677,-0.025397498340747584,0.0010240234894261938,0.07002105935329743,0.0009213503419209818,0.0053656553218280065,-0.09436412675551042,0.0028525594662452054,0.0013887768389908759,-0.07213785867448458,-0.11576552016920255,0.0027784722484022325,0.02850619622884405,-0.019176445244209275,-0.06954851894560918,0.0005853784189365767,0.037630736271547637,0.040908507156139175,0.04718196763557656,0.010213510049422139,-0.02735539702642294,-0.07199172378119298,0.02038309449042782,0.05957274494193543,0.010002623026085388,0.055101644026674015,0.062216221409327345,0.06499934519204759,0.01789156649883898,0.06470064938124001,0.041687335009956104,0.08578349652019493,0.06059388925641462,-0.009337657131871346,0.02317166140823267,0.0037741856378965197,0.006027098728695564,0.016982343292187563,0.005579465759026998,-0.01162671201812595,0.023576530348609726
16_4,0.024691470587254113,0.01602901428811646,0.014898100362856404,-0.00038888668781867904,0.019077735268589694,-0.0008174123551052181,-0.02531560219859753,0.0006668851564319629,0.06157515278856644,-0.010559331077096102,-0.007183450317695549,-0.10831236370911712,0.002129365190261722,-0.007706198157806378,-0.07902049672169038,-0.12261036033394966,0.0027334016218494633,0.023807709835385098,-0.02824492498517441,-0.08106917528824728,-0.007227763628115958,0.030158534311160695,0.02019793563060514,0.0448021340890765,-0.013980941895245076,-0.03858145374592878,-0.09194367420542376,0.011751870005606586,0.05418236286126865,0.0036324397594456313,0.05225763888639909,0.05433678899900365,0.06250070130387482,0.0161630636093364,0.04829915169909286,0.05269841655398549,0.0776925658764833,0.05950791813534559,-0.029763735195751668,0.022561751687681812,-0.004297602380071632,0.0017566345099351854,-0.004593979990744242,-0.0029042764489500134,-0.01313108858040141,0.0207597632546711
16_5,0.028238364451385427,0.01603770524531155,0.015109213147372114,-0.0002786229040495575,0.01756755756931118,-0.0004626829654187878,-0.025425709831312402,0.0008932986831281621,0.06157528070613495,-0.010433887538796722,-0.0027151672726977074,-0.10498683145263782,0.0011998899231302719,0.0012329226971446526,-0.07902049672169038,-0.12236325802844071,0.0024024109507308333,0.026517633334867754,-0.027175726664048317,-0.07661075924297098,-0.0077202167746719865,0.027690951313148672,0.020311666930900567,0.04300034896828272,0.006312857239834368,-0.03924755661856785,-0.09100948432923665,0.018251423662076015,0.05439696183763883,0.007015146762336547,0.05194740203554998,0.05463479708881173,0.06296059371915977,0.016732453843282508,0.04847149029740143,0.05379659661289018,0.07840146901841175,0.05950791813534559,-0.030025819829559045,0.022607899997260452,-0.0034247394912434743,0.0017009546773947882,-0.003989426091346474,-0.0015368222568810863,-0.012908950644539903,0.0199908078791268
17_1,-0.030896692556219445,-0.04063929821420093,-0.029732227413134617,-0.024833011498406166,-0.02625845893230247,-0.009565608908636019,-5.8194170764200596e-05,-0.0005511799983059597,0.09132380367160967,-0.023865084464667178,-0.02367404874318891,-0.15361158787848886,0.0012629588621988225,0.007297575504900507,-0.10381856459276187,-0.12987213905768225,-0.013621335733169057,0.018642926753535478,-0.044546393428746806,-0.11356609546889751,0.015692479879532144,0.052075747652291865,0.004307267251416853,0.020390050773086865,-0.027768259777137233,-0.10011608837950302,-0.08540197983723953,-0.02967193597522627,-0.03470074809279675,0.04218717852679112,0.06209383753001339,0.06273130912055275,0.08295774172876821,0.002822531420402471,0.10749798247242583,0.04168968934269745,0.025916798240475554,-0.04157164258496756,-0.027849756401612066,-0.006248632896918428,-0.03420900482853732,-0.012254936988119884,-0.02625882458355221,-0.07539916457259876,-0.026621597230459884,0.08868139229297478
17_3,0.00910600797878811,-0.0032933715751029165,0.00955028179930817,-0.016935992749541922,0.015379518155690445,0.00546180122306692,0.008050177219314699,-0.003648269497563112,0.11172400240019242,-0.015994359410763027,-0.032638031931094484,-0.17251455918207542,0.006797073236167904,-0.009388974482418237,-0.12544105819139603,-0.1326503576352924,-0.008189018621684956,0.0011168218623842567,-0.04768754398273501,-0.12849576471368335,0.012347931606355703,0.053370139463123904,0.02205421404008673,0.008401923227320137,-0.03406181595204361,-0.08465439429857806,-0.16877321928677613,-0.020915348300888446,-0.04562046670294833,0.0349338474856064,0.0575626951037416,0.06597734884737982,0.08943346538843343,0.0032692422129070023,0.11627434436447222,0.03692686806046463,0.021568845735936197,0.022325741497378898,-0.003048370454677886,0.019602362155001576,-0.026514201295071302,-0.010931297556784686,-0.0018868848328256434,-0.028196873801390212,-0.015096871824225625,0.08756474760656616
17_4,-0.01818025810466022,-0.04295492707282745,-0.017447707552930687,0.0017858108333638997,-0.039288789688537204,-0.02058618524196571,0.0008723412160645124,0.004605710916573373,0.07810635693914544,0.009464531359018044,-0.005113414501256402,-0.11633495992604603,-0.013773617924617988,0.008336390457403616,-0.10227279130964548,-0.13371592367298807,0.0048667337667360755,-0.011345268389018321,-0.04014072118945891,-0.1203323155442797,0.020279607857989903,0.055005010830161793,0.0036260642590235253,0.01396453477054142,-0.02000636004010887,-0.09230300008936597,-0.07854042978432463,0.026080047700984942,0.0508670677447593,0.04757907282535026,0.06034746685076814,0.06597209379847847,0.003905746803639775,0.0032622532523770625,0.10680866627535264,0.045082840974640076,0.08738320273021316,-0.01989798895444755,-0.04016861665900655,-0.01964911524022778,0.01536354463335515,-0.028872127374166896,-0.004887827487764471,-0.01956907942044756,-0.004958611731992147,0.059605311818649906
17_5,-0.01977929043254994,-0.05364236752082811,-0.017756527023503606,-0.007157658405892733,0.007366496153474415,-0.010362409571572733,-0.005660027935756821,-0.006791259883181239,0.09691760183739484,-0.0035260093841968194,-0.02668125427399258,-0.15385364295252196,0.0015783509906069268,0.001316592391078891,-0.11009526596530061,-0.12656667719172326,-0.015114276493284846,-0.0018700252108882142,-0.036615949780691034,-0.10236919417477648,0.02243472910425039,0.046843495591005084,0.01018490306831162,-0.10617724126497846,-0.0034002845011879114,-0.09574335909186014,-0.06666612213274377,-0.0030337833550101462,0.021965010720140482,0.056510183043377876,0.05922500365157469,0.06277579593356346,0.08179060598124385,-0.001961107948458913,0.10733294062647702,0.044867527539284933,0.0517732720136066,-0.013510150697728736,-0.024264234318681323,-0.03086935112148779,0.01357748181220123,-0.012422980237593566,-0.02534117055575216,0.0023873668540703875,-0.030474339930184006,0.08447127873271067
18_1,0.005128847358859683,-0.018880288296531295,0.015041245783317168,-0.01198890112828147,0.013958975940801753,-0.006546993236864195,0.009196629047309474,0.003596647567239395,0.08522239272576033,-0.08759288820297208,-0.1352055210753232,0.0778553876600462,0.002819383787173868,-0.006932281473387864,-0.12405220342785178,-0.14551074407763123,-0.005511026020956245,-0.001938625127299624,-0.058868586189408496,-0.1068858914350566,0.010600318469497274,0.06638747709129275,0.0022371791081481625,-0.110122909977626,-0.03380826814224916,0.005836933297380949,-0.1365006105662699,-0.011858135493402951,0.001728650149052513,0.06036603371786099,0.06913474101651727,0.0638445959127201,0.10991941519837099,0.0010956507395021256,0.10634290133124996,0.019808553652788313,0.04743376018647681,0.02040119167733112,0.01107601592535593,0.008856741207490476,-0.013621748521796123,-0.013407875059597516,-0.006946779633873244,-0.04062512945202174,-0.014619137347382601,0.09033946450823438
18_3,0.007476916307619974,0.011917212548862985,0.020731178988933098,-0.006204616132300057,0.00012138523106344963,-0.001882924588468531,0.00860425406112297,0.002645315731607267,0.10402318903556887,-0.09488267204207118,-0.027975666521330402,0.10846442415246928,-0.009497648959774688,-0.0007993987486130686,-0.14168899800919663,-0.15623706884526142,0.0038752010942275364,0.0008418772469101041,-0.06694756401638738,-0.13742348450706296,-0.0008797296961954419,0.0597662865346055,-0.0008692518019265895,-0.05005005661499768,-0.03689937251246462,0.02003216675591521,-0.12638952931647382,-0.027788679869500746,0.0023989826397745645,0.0548102153341888,0.07041200710382921,0.05393209078077294,0.12039004066136909,0.00960020700194716,0.1078676069091742,0.021725732176378576,0.03883243792468478,0.025424328724557427,0.0060398834237147345,0.008343594037215697,-0.011272946064578775,-0.00621895352186267,0.0016955146329355392,-0.018614711988800596,-0.014773704966879025,0.07453472708126563
18_4,-0.01713873387087972,-0.043746087286056626,-0.012414136193466128,0.003224857550068152,-0.03535005403323029,-0.01731927290111685,0.000350564642746201,0.005671564656693326,0.08881711509954811,0.008502928813991503,-0.04928095259267695,-0.12932960501109714,0.0009442618468413033,-0.004631387131038984,-0.09243367419024619,-0.14559182262091339,-0.00482588149922536,0.0007937610950727027,-0.12288285846089392,-0.11169448403889887,0.03416236230513297,0.07250700176556382,0.016571853376180674,-0.04981813637063527,-0.029448799413753425,-0.06864122392488255,-0.09565134124001909,0.01897241672448782,0.04125151535721822,0.061283817081766966,0.06254547055652329,0.07082306424944902,0.07071719900766137,0.006295897364877763,0.10316540110142576,0.05133407896170634,0.09885923126572403,-0.012841771991900312,-0.025385336249827237,-0.015568861768841471,0.015659668419017923,-0.012685514150015153,-0.006004150214124494,-0.020263908884714365,-0.02889447187392943,0.07104098780484443
18_5,0.0022237419573279673,-0.044501574412516905,-0.009705526617839081,-0.017369820813063614,0.011264313118220372,-0.009235766853694843,-0.015474594952853846,0.00026657341670163856,0.0909285441888077,-0.12153399759658996,-0.08434814866201104,0.08226720160819263,0.0042772214126883135,-0.006153992850781485,-0.10827503753416107,-0.1397105371479283,0.009632376476993118,-0.0014233483166018203,-0.044290746674086945,-0.0986836613849201,0.009305560725096718,0.058213160325081365,-0.010547992324770081,-0.06383743949400064,-0.010199237958064858,0.03172547942121412,-0.22776546677605602,0.011665006254607644,0.015076391702847877,0.03931899850894506,0.061171441435025765,0.05901064960500089,0.10921333644216497,-0.023674549806417894,0.08773523573351473,0.06477297144088145,0.04807844115694543,0.0013067350706937645,0.00292183647690851,-0.024046919400536472,-0.011301969403970527,-0.007989422736275635,-0.01208785939915764,-0.03789475503694861,-0.01715927850488162,0.08048091153702744
19_1,-0.009907867775376994,0.01798362077642769,-0.02910812811186214,0.01692199153116292,-0.017990147536452332,0.03782509342177228,0.0025211124278923048,0.007990731207512416,0.04269943058235295,0.028677739752683968,0.00858274540234185,-0.09016322962543083,-0.009059210242980285,-0.013337979918149893,-0.09573757210927557,-0.15226367920676523,-0.007717745262232191,0.020571775876579688,-0.03629973734004956,-0.0955526290219459,-0.00760479497090165,0.05528274670143777,0.08822422051153248,0.04607336657269508,-0.028410027824333873,-0.025422579285840612,-0.06502261146842749,0.026959386390504846,0.06941413778203101,-0.01625443119571919,0.0028563146915963735,0.07828673401548664,0.021142680056011134,0.013844270504754124,0.11797117096766323,0.011666359483121442,0.10238127626576433,-0.011272595959480259,0.03482904965430152,0.01354391338930279,0.008302533227110597,-0.010277540588828458,0.0050928145080888386,-0.0009679434282103429,0.04286127965671451,0.09456960758407451
19_3,-0.009729958545211206,0.022483123716760058,-0.026597747424501612,0.017714327424821524,-0.019427681497600723,0.03751522930164929,0.002976848216606758,0.00806987728853011,0.04179539784725337,0.03679329361081905,0.02964104343947055,-0.09367889808600424,0.008989377101951105,-0.0017226927560965244,-0.11938582965764423,-0.1341620869864973,0.011907719355958331,0.02179644626250739,-0.031202337942262487,-0.09505674672130711,-0.006980348415303509,0.053998763102264175,0.08785560052439653,0.04255124906578167,0.006173456317709883,-0.04401740391149208,-0.15325803755656153,0.027681898201167468,0.0682416732299006,-0.023722961618733114,0.002181585137782156,0.07351391581614579,0.026134899853155445,0.009704678764082363,0.11464959027365751,0.01714325844021794,0.10003101764620533,-0.011627577692726645,0.0343303470393569,0.01241198320585487,0.009323717875844732,-0.0037876268304195197,0.0054701218937989494,-0.001622196891073048,0.03347225368308147,0.11947176380232086
19_4,-0.009881828086792593,0.01798362077642769,-0.03024915570184752,0.0173456901350203,-0.01931437821802752,0.03751538203940743,0.002995342221864262,0.007990731207512416,0.03984241456910421,0.029133618580520052,0.00950844984915551,-0.08905950155579107,-0.009059210242980285,-0.0017143548515645623,-0.09491214420437753,-0.14329766907444988,0.013426296839205433,0.021287776841460708,-0.03595748937516259,-0.09050167800557318,-0.006854260005107241,0.05286294761014051,0.08813246896085628,0.04399005599437814,0.008931669497175347,-0.029989400370254958,-0.06639513536419425,0.02682933698477156,0.06801416091131567,-0.01950818649962363,0.0030515323463094664,0.07098200261787062,0.019306904519995997,0.01239717356626944,0.11618641007937039,0.017453550007285906,0.10317457986956365,-0.011445488033932904,0.03474677479390381,0.016469111002441347,0.009598945344314339,-0.010277540588828458,0.005079847733283472,-0.0009569448098219762,0.0323350900422358,0.09445611171463675
19_5,-0.010862591140684406,0.01795024222740972,-0.031018705324898675,0.0173456901350203,-0.020447793505800487,0.03751538203940743,0.002995342221864262,0.007814041571257804,0.03961203250781913,0.027736837204935003,0.008674758972077812,-0.08938831581731832,0.008989377101951105,-0.0010443376666367877,-0.0963583351555541,-0.13365299600602099,0.013426296839205433,0.021188871364852403,-0.031971434679312856,-0.09253182128024583,-0.0071279424569620714,0.052776970864620694,0.08761679875063258,0.045704229020325685,0.0007224514979513345,-0.03095395448544329,-0.06725193629007298,0.02697661213890342,0.06805260083730304,-0.013678042401623779,0.005688626307574047,0.073210941922352,0.0249548465137305,0.013448217216261918,0.11664542698503041,0.01763345981695185,0.1031474516170073,-0.010424193201821478,0.03532855367981731,0.013300913031120914,0.009574940287339392,-0.010997487565782713,0.0050928145080888386,-0.0011213765199054523,0.04286127965671451,0.0959130140431558
1_1,-0.042565164081211075,0.008328443350000134,-0.04246406476448512,0.0044802328328176835,-0.004718500745260316,-0.02134479380379386,-0.0006313002888551806,-0.041593041986893314,-0.8771807868189871,-0.08735239755389328,-0.178598842239721,-0.22594165489554455,-0.010503528326848137,0.0006634856522111275,-0.35855737163917234,-0.2848330506356243,-2.2683661063191396e-05,-0.05613228799445264,-0.34818754845355676,-0.2416754203484967,-0.0030980904026873214,-0.20351476521616751,-0.18478718730930893,-0.06835369128171699,-0.050301649688180745,-0.2285164585057581,-0.07490896500245539,-0.028800830270700812,-0.09652796581114384,-0.02835837368675409,-0.7094361688698833,-0.8911443788291492,-0.23466147479206645,0.00961796259065785,-0.9762152196678088,-1.1568937696863288,-0.9764535645285876,-0.0057738770322330385,0.0128586378395113,0.0005034217860543568,-0.013177323158597327,-0.014096521909232775,0.002384340916738483,-0.013955801861259928,0.016410136702781908,-0.20930182965133393
1_3,-0.036746716936751696,0.0058429701566696775,-0.006023938201922474,0.0038841781318148818,-0.001572770687591468,-0.019377086098437902,-0.0028341683988788147,-0.041460616025062666,-0.9053035241178362,-0.09243833935854666,-0.17414560568520027,-0.22545658102196361,-0.008945904163192447,-0.0011933470127240262,-0.3162579060599288,-0.28677837466546335,0.0006531354866674638,-0.0001659279424370929,-0.3458540630306138,-0.15923574109130967,-0.0031416542335808073,-0.3215059289630059,-0.18026770211655266,-0.06666322178789429,-0.0591181334599577,-0.1845945036716939,-0.09655060313920413,-0.029099114341969285,-0.08947359897536579,-0.03908255775122455,-0.4742288618352729,-0.9054455310419803,-0.2767369099011736,0.010781969255125175,-0.989199914877034,-1.1567589587501232,-0.9885321012989722,-0.005239798300117489,0.014237428813295464,0.0009320081823188358,-0.013339538914976138,-0.014022329148854042,-0.006207052292588502,-0.014162493392146612,0.01343844698366257,-0.21113746745253933
1_4,-0.043446625261477974,0.00750033728536179,-0.0027361807200248444,0.004110067348259625,-0.0039958272813981925,-0.01932205616465971,0.0020625239018728474,-0.04385004778749807,-0.9270294227145124,-0.09224323069985924,-0.18204342795845974,-0.22624990254833774,-0.004877575494489406,0.009767396061952092,-0.28573470582979676,-0.22325366891375686,0.002320288782166901,0.003396315246742946,-0.30692797822664303,-0.08190868271032961,-0.00396247489454151,-0.23552392003325354,-0.17779602396185795,-0.04248705125843711,-0.05102261517599085,-0.16282831316763746,-0.1660420010806813,-0.02564948334600193,-0.09337667097854144,-0.02793056715312911,-0.7151275972642048,-0.4758102824049855,-0.23773927722023272,0.015862621345873115,-0.9859815286090382,-1.2404166323682462,-0.9200801690642405,-0.005899618840539826,0.01568157466004846,0.0012217417186447819,-0.01297287164676051,-0.013940969252548828,-0.001819842890451233,-0.01281469603440739,0.02131205782365684,-0.14197640928727426
1_5,-0.04149819826173792,0.007414646025017133,-0.07321175953488027,0.004521251782750884,-0.006975064581063218,-0.02809138428933092,0.004074416503307676,-0.035740537900288305,-0.87510940172106,-0.09009590356761489,-0.16267887489845143,-0.2003433886974884,-0.002756587350287122,0.0005050028330969818,-0.26527162705764296,-0.27369917184100934,-0.005934722953471659,-0.022064370718543145,-0.2650500585734266,-0.18979093227596272,-0.003580032829246638,-0.016171639679184814,-0.03650788955395114,-0.015710046079444127,0.010989294040775694,-0.13408952497838544,-0.17041298096387505,-0.00016521521409931106,-0.09842456872743789,-0.01819336650184587,-0.7496269924204968,-1.0564843448849457,-0.25745325858877177,0.010892562524780483,-0.9722451152230523,-1.1587101603304528,-1.0373066363377315,-0.005476437347752111,0.0126152121121491,0.004727347362458915,0.0019965031558518338,-0.017302014986128003,-0.0008612322429919119,-0.0120255097394891,0.017342983494757165,-0.19669752543322297
20_1,-0.019256686723762063,-0.004571106514242095,-0.05811277761843601,-0.010043761571965648,-0.035030362784077194,-0.011048341841045948,-0.009092794274835458,-0.0063487183843822905,0.017473156025877897,0.002223825142462356,0.005393993196459035,0.11761263131945765,-0.0010164554605793467,0.008432629408752978,0.05321625555657947,0.11496997884830085,-0.002525154492884579,0.00548434035937946,0.010931860837501712,0.0930189076722203,-0.022260212150302692,0.01735968436327908,-0.026496789593089085,-0.040196073532699036,0.012558049068618923,0.05062507856171659,0.07035367223704446,-0.03595643767735424,-0.04799924404754357,-0.060459628889642264,-0.0037204636905881043,0.015696854892191237,-0.030612249554213083,0.00880207131789624,0.04586129937488062,-0.039396188388835005,-0.005915424793466316,-0.03552032469271131,-0.013336073214445358,-0.038321969276435504,-0.007398409651868661,-0.013369103723562658,-0.019119634886126946,-0.016931452708816366,0.00916457914157706,0.03602350245314312
20_3,-0.019421150068819764,-0.005145425350478819,-0.05849459592205097,-0.012303048104157211,-0.035039932505350625,-0.011380894698238971,-0.010879482744611537,-0.0170179062202203,0.015582960446480264,0.00596209730966143,0.001727991996470231,0.11884487316762014,-0.001923373453445511,-0.010743660207930645,0.06400839333794535,0.12797206124544472,0.009381562014262377,0.0015782967306826618,0.024106763257382976,0.10497386049704752,-0.021837309679390158,0.017802184120799876,-0.05938745765994163,-0.040871973338208356,-0.04286433074905583,0.05245762310911914,0.06741172044960937,-0.03846476340453015,-0.04955460371966987,-0.066137947169321,-0.007342643388930976,0.013322027560359379,-0.030416023239380998,0.010384144488136881,0.042118045156670725,-0.024558625079766628,0.003874509137882873,-0.03710800550691538,-0.005954850839275442,-0.04557001990319217,-0.006583283128158034,-0.012329663684416629,-0.015484757761528713,-0.017229585588012616,0.008972686887223634,0.031909895337570646
20_4,-0.019377848675601484,0.013834194873593969,-0.025818874572639032,-0.007980802920825166,-0.030822174668292956,-0.011223495963617838,-0.00717933927446419,-0.014524207115707387,0.016036285161413106,-0.0021912145766738865,0.0020959937613137247,0.11115116911063108,-0.006376993915377369,-0.012722329358617671,0.06658900243256811,0.11127248332370886,-0.0024469184422204744,-0.0014503135532042298,-0.017519309765796614,0.0847831656661056,-0.022231324483926812,0.02081891416392422,-0.06215976100622337,-0.037715636429650375,-0.04078108043507924,0.05306432054392716,0.07691987476124836,-0.05095323373107486,-0.06439161071939968,-0.07008193543275304,-0.0011944905466284787,0.011141391289253807,-0.030284702256884444,0.005647335565443032,0.04359948886254454,-0.021495520159723974,0.001125531223858706,-0.03338795112098887,0.01907976860526189,-0.028410257448530277,0.005202055938677377,-0.009339568945505548,-0.015552308220138625,-0.0017282991365147077,0.009668854242806635,0.03278401837480263
20_5,-0.018863297933141215,-0.009244589910639549,-0.06078933142188028,-0.012273994434075616,-0.03446649544063145,-0.011604379670364078,-0.009761995535985014,-0.0170179062202203,0.015876732235447714,0.0037677885067936815,0.007578474700581411,0.11325238510503233,-0.003275817161829534,-0.009666800358926706,0.07257545621185597,0.11084355544215439,0.003950903272635381,0.005820050417847253,0.013301566322526857,0.09195202096646354,-0.02086498647062964,0.017262564723465282,-0.05361630769270976,-0.03952335912399339,-0.048129722329620185,0.04963925301409047,0.07573578929544973,-0.0423045605223906,-0.06319575641130866,-0.07027205704482588,-0.009618953295690569,0.01094541256920137,-0.031165050605676318,0.008766651753668052,0.04212602400729715,-0.02982505705828973,-0.006635839812865418,-0.03551878153895767,-0.004733209268147022,-0.04518477429634077,-0.006171644879503529,-0.015583099799987146,-0.015498143082033873,-0.017148626368055107,0.009411092842025496,0.03103445565165845
21_1,0.005048354681932367,-0.028225769665025595,-0.02782166308820895,-0.004437973039549867,0.016204388128613308,-0.0070923292101087694,-0.00422720043340434,-0.0003779804067958951,0.04176227170801289,-0.0233566572458374,-0.02090092277712354,-0.08813563692248681,0.0007378946498630074,-0.0020282331510677425,0.04110283541633021,0.09996188527386225,-0.00264448947684225,0.002287707260031497,-0.0007208042230457013,0.06152906407887525,0.006247732973209231,0.04827055837971341,0.04170616641223711,0.026958884636102607,0.003976288964550428,-0.050463397493090166,-0.071134602268979,0.008184476426070925,0.05114555564736554,-0.030216535456138695,0.045246677981706895,0.020121234236611763,0.024526191853391742,0.011373774016012334,0.07178807047084024,-0.012968084759553312,0.06721759204212689,0.04199249211135218,-0.007702110661270418,-0.020865621531328916,-0.00018768988171867843,0.00018190839328529538,-0.005999967750285771,-0.009969128865843127,0.006742307021356017,-0.06795030088084933
21_3,-0.015733693361599747,-0.010990927080612766,-0.033140083191339785,0.006099382457229214,0.009055465539896739,-0.010406850240879263,-0.005640875360327541,-0.004110134865998835,0.03351387671274394,-0.023613362495394537,-0.0277065234280192,-0.08902764178000383,-0.0009096447290708864,0.003560540376210913,0.04092892138254804,0.09201750843844886,-0.0005648271391984327,-0.0035681404948551586,-0.0005100825605713279,0.06006412221613076,0.005874498258084063,0.04544364003668475,0.034673066997388396,0.03262488803335498,0.0004867256184758966,-0.061345287893382054,-0.08133438387693948,0.004370254776223816,0.0430790931352681,-0.02943954990890049,0.04528665422761245,0.03704895651646353,0.016481299984085714,-0.03268591298492563,0.0808840624058712,-0.021073274805061923,0.06403031039815855,-0.023498504807891646,-0.00881639245203209,-0.022876218881691786,0.0034154011383096886,0.00028639819784415517,-0.009585684950806767,-0.00827956278168554,0.00602895994509899,-0.06672893933260314
21_4,0.0038976273461176466,-0.027677194678534443,-0.02997656962072816,-0.0030159580241620764,0.01421268850210875,-0.009970620063189245,-0.006313045133213205,-0.0033137806921058545,0.03877216915842542,-0.02541147138044491,-0.029524856671490074,-0.08653688394618937,-0.0041989843140788335,-0.0020495358265717497,0.03180533527762652,0.09573714959664081,-0.0062340470906322295,-0.004432097312304172,-0.0004896610955157715,0.05644273153713234,-0.0009824578533237371,0.04477745777287555,0.03962562327997496,0.026471450927092095,-0.0007268027457201945,-0.0763303705766172,-0.08275552617843965,0.0060375554337218215,0.043765695222825404,-0.04165703780214896,0.04900776350144673,0.027242290366280387,0.006034761942746241,-0.03364912583996514,0.06679973429121694,-0.018395916097921922,0.06508028476605666,0.029545575311137835,-0.009580972143841416,-0.033543541571752995,0.00373488036240558,-0.007167756550852984,-0.00929366324925029,-0.01567760518076929,0.0057143719927640994,-0.07145140570243497
21_5,0.006993086269914167,-0.014956410081536779,-0.022194962310436765,0.0026228163723871502,0.018151551337652408,0.005764980765164061,-0.007033353688330473,-0.00308585942659563,0.04266397330094509,-0.026847983860745373,-0.021579282258452497,-0.07485871256638413,0.0008058148364005874,0.011579183652085183,0.04348022980927545,0.10062539026919531,0.008986370279980825,0.006752939958641496,0.02121974783111519,0.06657867486168731,-0.0021326907492763285,0.0585672035938169,0.03924636642440602,0.008452864472912876,-0.023445067963650174,-0.061407479533182076,-0.01552547084442141,0.008036233522687217,0.04250855254773153,-0.03541694694975287,0.048831048717913175,0.04129701805032905,0.018315040876449945,0.014925547223703001,0.07617081190792949,-0.008791174256763755,0.07098676156115798,0.03802419452586883,-0.00636769397259808,-0.031175158487800118,0.0013025780093849125,0.00041133051658285154,-0.003231060693556851,-0.0062288488832863914,0.006471303271862902,-0.054963052977447774
22_1,-0.0023192303257413577,-0.02557963553073448,-0.02756817614152315,-0.002742019630466536,0.007221099358035112,-0.012893646661674904,-0.0012209661611671525,0.002640500423124711,0.0562148903715172,-0.012152671661863566,-0.005699309009502836,-0.05561532408647131,-0.0006674300034509697,0.0029309038791554276,0.049879681126034615,0.10119561023230077,0.00313466233512078,0.008027216512063097,0.0067687195864932935,0.06965017162123531,0.012952246878717396,0.0575553143113896,0.054418479357631507,0.04922645699476532,-0.04434885961319528,-0.04086884190666276,-0.0553735783681586,0.008697762151338205,0.06073274606212203,-0.013727507781753365,0.05183884867880012,0.036528078077473,0.00815561612449731,-0.018553253070991035,0.08717089492500268,0.013003740047204324,0.07942778326142885,0.03786496630849717,-0.008476740990676974,-0.0202819881569587,0.005351037793505489,-0.0021705477788404822,-0.006722085865257618,-0.009006540034009894,0.009764967672276062,-0.04229165099148473
22_3,-0.01350807518916106,0.004656152364721533,-0.02931106246941582,0.005052610256778531,0.003794466136976922,-0.013390429087928866,-0.004890319469697397,0.006790701037850786,0.04025764780324495,-0.014715347487601114,-0.0050125481532659714,-0.057239599903082986,0.0007065592470621353,-0.001927638859313257,0.03887371944768487,0.08748348434854009,-0.008338690566885304,0.0063445131544281825,-0.00436516768725878,0.07157889823256253,0.006716459641148434,0.06593804819168064,0.06036876887078134,0.022680001608687217,0.012673775799973488,-0.0209834437172038,-0.03966823351767621,0.010896536935401126,0.056852953966424376,-0.0005345590979991637,0.029844587048780732,0.03005535771943681,-0.002928991759849353,-0.013669151276701576,0.09835938313495256,0.019193726880662024,0.08564159606635884,-0.027687135775741747,0.0076584007885263684,-0.01626530980847057,0.019007832083076295,-0.010227511266373631,-0.006667474455924381,-0.009673974023689564,0.003677251307726398,-0.041011776219961354
22_4,-0.011747892531623318,-0.007209857863857602,-0.02947308753714223,0.005875726622329803,-0.040834627149467076,-0.01526265398876036,-0.005433957053791452,0.003061221585082728,0.03372168699996071,-0.021489954950737133,0.008519413104875613,-0.04332053092517014,-0.002579518213086509,0.002372832347091524,0.0615573060209808,0.10391706189633382,0.004883503014505382,0.002494580254327408,0.011538762461772309,0.06995050282206315,0.005856997331836867,0.06104265607709804,0.04694734892252728,0.02577527704257975,0.012011521959618493,-0.033196380931782364,-0.03606775596345746,0.026321488055407263,0.05649196733383549,0.0008159623985509889,0.039556410764088085,0.03480307523780857,-0.0070364413981223,-0.016460243059752442,0.10041682183746398,0.013455548468975849,0.07994717210023788,-0.024357679027180473,-0.018120987796826037,-0.015582125625491982,0.007959498356159077,-0.0237696783079846,-0.008503455368660769,-0.006181058975546712,0.028689605180043928,-0.04196186569569387
22_5,0.009133813014459351,-0.011610050985174864,-0.026338055351229624,-0.008602700938868264,0.022605018503786975,0.002897076569505576,-0.01710164031181611,-0.0018482377249291672,0.03634693118931041,-0.020036339747911382,-0.006553555743489623,-0.06437703218878084,-0.0021362886877454874,0.009561451570494327,0.03900394914204976,0.09815113749280263,0.006791765663990283,0.002637394010212054,0.01414747201235801,0.05901996258191628,0.004163941278496054,0.06125467163468759,0.039600338242089764,0.024994607881915088,0.011577373964578575,-0.0630895612077883,-0.06749448275258231,0.005402129157930362,0.05532805415932567,-0.017177911156723853,0.0503198604877264,0.03356625727820803,0.005644605781933716,-0.01949439238645274,0.08225785748288807,0.020295020035017677,0.07639484955931389,0.045250836566020664,-0.0030675461332821817,-0.022181690816633938,0.0025915508657932415,0.001021621684607358,-0.003850614298248297,-0.035857096278192356,-0.004458477733617756,-0.03529133573205649
23_1,0.024369205115073296,0.02091155045047138,0.012017016440892932,0.00027593091285223344,0.007365765102654177,0.0024372478923457624,-0.026124956275027162,-0.0036692229615393097,0.03789427989023551,-0.0359061910533695,-0.02898774217241808,-0.11333210001095673,-0.00237061854534926,-0.0018681354633470074,0.0206906365687887,0.0941008509852439,0.0014107367934122887,0.0027264144313388847,-0.004343486187519338,0.050856662904223124,-0.001482141810284612,0.016184617396699488,0.015355106870263197,0.02615616872632224,0.00031481890808369203,-0.05183144516124856,-0.10671143945840654,0.0040164877165911606,0.04096663897395504,-0.029124181562770288,0.04969714349929916,0.04732254488950063,0.04836744062813701,0.015288482819757546,0.04582840704560902,0.016746365219803914,0.045579089135500454,0.05063020420565696,-0.02045150885542554,0.018991317376034107,0.00019633631630360128,0.004469372902954134,-0.005120519956215073,-0.0013073727305572857,-0.014641974324226606,0.00836406272680565
23_3,0.01894903762107763,0.012955211110148423,0.009782151912736858,-0.002467968131935437,0.007035368509903165,-0.0015067999005912215,-0.026233315698003985,-0.003623423902661998,0.032174418992307295,-0.0408563015111452,-0.03307435234774647,-0.12118798225183032,-0.007457542420247628,-0.0019164222690226784,0.019888603335291407,0.09453015286777625,0.0012882744811266932,0.005066955695266067,0.000783494344721415,0.05057658909552808,-0.005402021547851166,0.015233822917266335,0.013992026516182608,0.025961428571150767,-0.0013966391428466213,-0.05338439947591979,-0.11161542455290625,0.0035807288363639807,0.041387151051210144,-0.030400047880814622,0.048459847346993074,0.04605763701353286,0.04777396914122829,0.015077605646705218,0.04599286593024827,0.012357265253981299,0.04304272606999169,0.0506149327105412,-0.028381823605104523,0.029753207226314752,-0.002193223108378158,0.0015743598902089814,-0.006028975645867875,-0.005084778232483538,-0.014929787578250517,0.007952810441653505
23_4,0.019113424409344663,0.012987544835816534,0.00956567407721302,-0.0023883258192858746,0.007035368509903165,-0.003281143245076215,-0.02438665096970986,-0.004024811359454773,0.038243552958422695,-0.039743893896475875,-0.0320378094315327,-0.11958980547062419,-0.007505684572761427,-0.0032788719668759543,0.017025405527062835,0.09021483358372495,0.0016457341811583932,0.005649558183025646,-0.0020214681522925464,0.052596694311647804,-0.004003937878692303,0.01824693409226353,0.014175508465470384,0.024780679349034284,-0.034266636014952154,-0.043671094659529376,-0.1065213326786735,0.0014334541235033085,0.04263760104288417,-0.034704378891878794,0.04846305666722198,0.05091291229871887,0.0472474804703417,0.018363641001299877,0.03833776893197084,0.012293239837116757,0.045926130367272056,0.05092361132400832,-0.028329078354988546,0.030840350201387076,-0.0023630916460992213,0.0019418007904291785,-0.006028975645867875,-0.0046650928865115526,-0.014770564859179543,0.008831487502598002
23_5,0.01906110910183511,0.010979359521776425,0.011314432304579191,-0.0030942808911453815,0.007098343504323298,-0.003143274881639301,-0.024485239031775827,-0.004106268116477888,0.032264574516743985,-0.040558722383741024,-0.03264104960768825,-0.120499667752032,-0.0029535791492260005,0.0019472322217743156,0.017474210807463503,0.09399217704620515,0.0006564757631148501,0.0029211291881533086,0.007171419352916285,0.0530288914887935,-0.004538852049339609,0.018873903986565535,0.024572092759817744,0.02532676300505763,-0.02052863932833176,-0.045301858183056154,-0.10862665169706917,0.0006865318898470419,0.042862615946748235,-0.03264233991806076,0.04844059708981147,0.05070556440782919,0.046746797535736205,0.01829113203718247,0.04618489689222842,-0.009699869020650119,0.04730344010408739,0.05050621027963387,-0.028324626807529382,0.029997306087277867,-0.0017569646961428558,0.002364307556137345,-0.006028975645867875,-0.0032342436143574828,-0.015183259836551628,0.008703558230611854
24_1,0.007466043593229197,0.04343083592078956,-0.03412363891034714,0.01481315011518745,0.016003486672973057,-0.010642698289345371,0.014698932665222444,0.011561053978309402,0.03480604161766407,0.03947709357467131,0.03399316971873499,0.11446478117951428,-0.00414916749666136,0.002642877409294082,0.13373570050305394,0.14707851301842345,0.004575795885933348,0.003718435634430978,0.10590502507596843,0.11785469058275466,0.010028650850257052,0.016708748500329648,0.044962062897813834,0.0325478176900323,-0.014319442905486902,0.08377187511443487,0.10527170693240974,0.042074301897651115,0.04474387495706095,0.01943430076552879,0.025315188795953274,0.05058890755136405,-0.10011422623533268,0.041571521535059455,0.13179787265594137,-0.027968627232382984,0.04619261911992922,0.004530863663224072,0.040256156896606665,0.011854351887431726,0.004469170743641534,0.007864187316530036,0.01827311261413411,0.022856171392065555,0.06551095288562034,-0.02707724272222569
24_3,0.008048396048628361,0.03938823340496867,0.012135590827437853,0.013029782337471065,0.0221578736977248,0.05020621480486425,0.016759033159912312,0.009908174790637528,0.034531242229220785,0.03683890578147848,0.015596036550237145,0.11385048353830916,-0.001844069039291617,0.016412025843451805,0.1097929911386802,0.1373970655406796,0.003586060158138499,0.009069665933185747,0.08171621050826965,0.10913579456796581,0.004692599458555066,0.010585851934286851,0.045830637995950434,-0.0014526314256021818,-0.03517587151207496,0.06583149904044695,0.09620321168528707,0.04504535689383821,0.045891041977883296,0.022218580203590473,0.024279244178462323,-0.488924123008321,-0.10589944952367575,0.03708600088143996,0.128729691559069,0.0072344909791097365,0.044883420436246386,0.0038811237880410797,0.038064410716019584,0.012049589919587402,0.00927356868463702,0.0074160671196767764,0.01955780599219292,0.024708715447572006,0.06546381176316649,-0.01602979551200058
24_4,0.007466043593229197,0.03679556457932147,0.012396791250829795,0.014723424675302053,0.020549968240671446,0.04995627632336431,0.01921516310409359,0.011225494609529865,0.03613565758862596,0.039637883281370974,0.033401688499511986,0.11552620709289997,-0.00032920482821504433,0.016817520488405138,0.1361806395879949,0.15234568012660396,0.0030538616009715826,0.005862189277970722,0.1060235359306143,0.11699574787309838,0.007549020467252137,0.021645517511377152,0.046069323132868684,0.032917019396477246,-0.030816565712925185,0.0805746798129894,0.10556480915338558,0.04250398694116758,0.0438869441629146,0.022163342727469622,0.026145555676038042,-0.003907762468910755,-0.09823913594805082,0.04165592658849675,0.1307626539207697,-0.027010602299117503,0.042277974147446544,0.004530863663224072,0.04074512597733973,0.012332180573410671,0.007137712284935056,0.008668218813890712,0.018302069159415905,0.027079931109439098,0.06561888843831676,-0.025425894559703524
24_5,0.0072439126317850495,0.04143732098876675,0.008810455551872372,0.013378943937974484,0.007198140677476933,0.04417142342175511,0.01949647933984093,0.011455077333665813,0.03433042291902105,0.03443972397760933,0.014037136783813377,0.11414473170227542,-0.0026693361510299234,0.01677706416115013,0.11589582720225101,0.1401031550022863,0.004994882989673518,0.0045476085818854095,0.1055424137408875,0.11850766002847433,0.005568140837624003,0.02051092475738099,0.04524853681393918,0.02745849065670849,-0.03454920014700627,0.07245865025789491,0.10324174280764443,0.03991687664450254,0.041013834072997746,0.022223762959316946,0.024327953716586307,-0.004081450516113599,-0.09636830624013183,0.04160285447021952,0.12146402358243125,0.008243768181727526,0.041250578548765675,0.0037978518514374853,0.03781886621854351,0.01107602686429285,0.005141965317021286,0.007533906367753067,0.018302069159415905,0.02405271587095261,0.06492320238031865,-0.027160165759837415
2_1,0.02952965965022776,0.05635985009232601,0.07916800108274782,0.02020942148620369,0.05253444818994379,0.019217116122818706,-0.02033509175361962,0.007162553770525877,0.057828773370399815,0.060081390595786106,0.09279207035811671,0.21573619896378726,-0.0017986143342712847,0.001656997880296608,0.07817207488737145,0.1281491161635413,0.0034242833395580325,0.005589827238886749,0.06285627827801422,0.13397512625434926,0.03172173319396162,-0.25755513655549245,-0.011879710607988085,0.07403351856186682,0.12275679885585751,0.12041118436073808,0.18653211180108226,-0.005751484139681276,-0.08047233165154556,0.06953777502267668,0.05416447615492585,0.07747834892274334,0.07807984171582448,0.03544553173664337,0.11137843110626174,0.35207183570964223,0.10289348873247117,0.08744389646365625,0.006927665716742582,0.08508489350908482,0.03280668204525569,0.016153351067895366,0.04447337906817694,0.03304802992668625,-0.004291282055376166,0.0560657498278144
2_3,0.030106209245144105,0.027288822705933087,0.08049632428932271,0.01673816773299978,0.0538474725790516,0.01508959038481612,0.005540309816101736,0.00973919718183864,0.0577511765041058,0.05944508777107031,0.06916289854997941,0.18009309435335305,-0.0025066384798924746,0.008602631825840734,0.05960867428963718,0.13065230638906547,0.007308197085094746,0.0010555918102209028,0.07789810085406977,0.12335764784381684,0.01643950473112353,-0.09677733643428028,0.008781800134912544,0.06071364629166784,0.10567913533951206,0.11321120683349993,0.19213471315442107,-0.0025203041173588875,-0.03288282339232962,0.06843425052337411,0.057106717814317046,0.07660936874172328,0.04456750859567453,0.031438815261700864,0.11707434568185093,0.3654083119356487,0.07906690252942548,0.07208234700125599,0.004465963344481879,0.07972887853373282,-0.0010407224748206208,0.01895393868597557,0.03963713834395321,0.015103395720331038,-0.004760054770322295,0.05880694251020843
2_4,0.0015325096905091315,0.02921987578845984,0.07160214902616603,0.020392110841780674,0.0046207058358898444,0.017125838998882696,0.002201430441342677,0.007321421262550742,0.0377155879335291,0.0391155002063097,0.08032356494325354,0.21255774244445866,-0.0062787166319068465,0.001718192819029705,0.07780182749956617,0.1297203444589756,0.00643728484974,0.013206901291307633,0.08886041318745377,0.133413973885368,0.031468515837104305,-0.256440718613091,0.002996982236662723,0.061310791939099316,0.12223569490683538,0.09209581968720791,0.19922392282624912,-0.01077880741400338,-0.04355251189758821,0.06955598183359868,0.05478049421559132,0.08650131677257822,0.0411234843465916,0.032120711292251414,0.1160306507399777,0.3789931300679809,0.11272641082530344,0.07711606198906239,0.00033419941979802217,0.07829953923717739,0.03716976707242659,0.012558906524721794,0.038660547343324116,0.017675668777001823,-0.0057434620789110855,0.0577801866042823
2_5,0.029287227947893287,0.029823838919208895,0.09644627637951,0.01624448425573363,0.04698623662328949,0.012937387206693367,0.007884287518407898,0.012677985660047993,0.06899250524188953,0.07708299822239109,0.08685785364146112,0.180925429776923,-0.0021337324057026674,0.014647893561795773,0.07429310771977764,0.13529932090276062,0.004220820567920553,0.005805467061316464,0.027440736200134923,0.11990564570244476,-0.0013157480977756466,0.0023495960531912732,0.004744970211712716,0.06061299660664475,0.08654974219078758,0.07261451383250339,0.15176546288649598,-0.005984430132824078,-0.022007831166559244,-0.05822082699391013,0.06896094545266009,0.08821988439106519,0.08033943804003348,0.03333951525320424,0.0807312234828489,0.3604075736746689,0.10606792083931237,0.09435085643438497,0.007890621487935252,0.0900569782473521,0.021749286499884755,0.01741176447687466,0.04497389588169371,0.012511760591986098,-0.004385298429053577,0.0509144028734976
3_1,-0.009996323554373526,0.020958816158872413,0.020815466504569904,0.0009675392857118949,-0.012829350462545373,-0.007923382369153268,-0.001490569035595998,-0.00026021295062380483,0.03478771105295817,0.026884486496395264,0.04569321025307498,0.15757196785390618,-0.0020118113528306957,0.01772727605411992,0.07732585859683776,0.10023869450174518,0.001713633929288018,0.005668447562315915,0.019902044536437735,0.09530335145196649,0.019957271861616097,0.02921597309989122,0.01765902578556713,0.022467200954434406,0.06707870743112317,0.06672672421915772,0.10346498677984618,0.028257538683477086,0.0028932378070259763,0.054705674547012285,0.010653874634014179,0.028662622526441583,-0.007633813760755206,0.021513681537724223,0.06668844754891719,0.24094463050299553,0.0824767957363451,-0.019569584376182066,0.031939651894480135,0.013916565011632381,0.0018514900769113305,-0.004370271891598412,-0.0027795768267416445,0.0036761277727857863,0.018911822152814405,0.06648680661408897
3_3,-0.009995064208818795,0.015557067301126996,-0.06652611236858276,-0.00121507043832018,-0.01251790273189592,-0.01673628936612541,0.007849949823220093,-0.0001257317021522459,0.03199705201696789,0.031130291139492297,0.04495947598504251,0.15357000202832582,-0.0009527765440176719,0.013992830790304065,0.08369606964116742,0.09876373596652488,0.0012567309259821767,0.005373621229240533,0.022573787025657148,0.09273411305390798,0.023053073437467674,0.015402529063507536,-0.01335213922303237,0.02245595959062669,0.08203029740266465,0.07820052011483164,0.09917965392262804,0.020859572254420974,0.0020939660935322658,0.054576299583616907,0.011933499964827267,0.03038988891872253,-0.006704859261593646,0.021343217005863592,0.0663630533390261,0.22513899765836415,0.0874227358865671,-0.008663147260951746,0.03466723286619667,0.01622986690801001,0.0014530116429310866,-0.00506049534816581,-0.003411584045025074,0.005775909504377059,0.02349700524681331,0.056919579131019034
3_4,-0.012058250689613548,0.014081384574641946,-0.004007243762528678,0.00042460245321530366,-0.014326164845869202,-0.009625341049109847,-0.01375581141843055,-0.00012948266896123771,0.04212906725970587,0.02603561054224447,0.043400980849553975,0.15828649149018822,-0.0010436541412234927,0.008915229418890539,0.07759378689083447,0.10069242762467157,0.0016291400009095741,0.004995922922679433,0.01872320140215654,0.10527690678710623,0.02241388091707596,0.03162054527622664,-0.010652096157387846,0.02142070404180494,0.08180324823768331,0.07201202239790203,0.10058937925786615,0.016681477376862194,-0.0017802846386333131,0.0647412619727886,0.02997648566269321,0.030314005433063142,-0.008459543238686706,0.019129066139567493,0.06426282291398894,0.2532662477292016,0.09531307238763798,-0.015289330989340157,0.03158966374773124,-0.00458063985024446,0.005386322840710239,-0.004861211597170057,-0.00793474388411021,0.0021834793147803566,0.01685679431341304,0.06681802438545609
3_5,-0.004552865997880174,0.02027436529799597,-0.06171113029489777,0.0005274728319859432,-0.004865565250043839,-0.015573969175835558,0.010650435776733306,-0.0005708724322294868,0.038047684602675526,0.0332036005768171,0.04131926255158238,0.15067794292427616,-0.00022499582817692414,0.011708254541106316,0.08690218839999185,0.11210806356310195,0.002407270027476128,0.0055798760142358635,0.02277967857193264,0.08761682511932287,0.023426812112841214,0.007070130997287609,-0.01733278426500068,0.022345770720626656,0.09148221336696871,0.08783745259235712,0.10182212138691804,0.0035815231952751186,-0.0136354123297668,0.041156289285298624,0.01175134420311386,0.030284246560697104,-0.0074640960616541826,0.018366109649124867,0.06887513845276745,0.24748381588365853,0.08995212805170533,-0.010360486856618908,0.03441381257385498,0.016120592222866353,0.0002098224978159012,-0.0026969599788784957,0.0044012747282874505,0.004540149039644528,0.025584992762503922,0.04780803243660889
4_1,-0.005505024837612975,0.02775816787726703,-0.009895954202397264,-0.0014405849317833818,-0.009150092722880398,0.047339965176640575,0.014128472163818998,0.0008876024511577866,0.04754662955322793,0.03522217359460613,0.04318811518767048,0.16073750264239717,0.0013021847204845827,0.013026025076996694,0.07657660895541506,0.10522566135155705,0.009704403393916495,0.0145924135114169,0.03187023946861441,0.1018213033684394,0.026027984072292346,0.03579048681097052,0.04415953552050745,0.018557948741076885,0.07023836260517266,0.08885502296101744,0.10733153201148321,0.024016349834716698,0.026235664882473253,0.056018637467580366,0.04071052870247358,0.037986556401956376,0.007332590074510569,-0.009625216907752948,0.07112043836383695,0.25506077521308523,0.08644036473783841,-0.008979916433262668,0.035489697952660534,0.015038452813158578,0.0024780056911430474,-0.0011051383834955473,0.004792291797471981,0.012377080022550304,0.014223646697142774,0.06388803457206221
4_3,-0.008826149514356433,0.02112815257819667,0.02452554662520779,-0.001727125430981294,-0.016719731635993128,-0.0036917281143273133,-0.008651256042913698,0.0057743463331097426,0.050333809116580974,0.032137673974018226,0.03720722544619322,0.149306246928296,0.0025393469068135843,0.023464787441008276,0.075453132529041,0.10290324802702777,0.009265833325756529,0.011029953875800878,0.0272161633385937,0.10081046765488375,0.020899576629787826,0.03846792195538233,0.05404235032102715,0.01993913416420711,0.06945394372520199,0.07833661466215962,0.09656537627922854,0.023724621951036005,0.02720483308427333,0.06639779347027899,0.05466804037269103,0.05399277140320095,0.007420610425690229,-0.0057507677906246096,0.04281179673580827,0.2659860124966995,0.08508144663120701,-0.022622271078727385,0.0309118076819116,0.011173994105118153,0.0007578370484587019,0.0003383495561200489,-0.008972623176785512,-0.008632181373693756,0.010720300200773402,0.06250541227101071
4_4,-0.0021270682978110343,0.02311942149261418,-0.016241901300107855,-0.0011583761763497799,-0.014123390902462455,0.045121475656176954,0.011546661263511084,0.0018847697233476172,0.04542648757443169,0.03699106336497466,0.040504901255920156,0.1538706835184269,0.0023498877524755373,0.012896890763846555,0.07732914010294546,0.10683805613333025,0.011296467198921703,0.014446097417901194,0.03171389132568378,0.10257110933124494,0.03567999008982288,0.035032801500295904,0.04388639812074994,0.02288104067090481,0.058844064463996065,0.08948753926571419,0.11542790813825006,0.01405794584126647,0.017172474993992593,0.04701165029312978,0.03803577807963122,0.04034805388953051,0.013709776521370507,0.020617437493940984,0.0713816851847026,0.25219443790407126,0.08178058069570214,-0.013169946336204646,0.02716453936112841,0.014158496771361835,0.003531068115977606,-0.009389686639468013,0.005387308615269936,0.011030601992471203,0.015435664242954361,0.060681138597931165
4_5,-0.004564690231180686,0.02775816787726703,-0.008467232340060074,-0.0017018047956233622,-0.009021641696463347,0.047893105935145786,0.01363746116976407,0.0008766804372724458,0.047546737853719434,0.03479912050222211,0.04173423875804472,0.16071419058649966,0.0013021847204845827,0.013281582424316995,0.07698346348749914,0.10520518430745608,0.00592960510720193,0.014779624270938582,0.031901917713248455,0.102418052719472,0.03387949195371536,0.03574156973481568,0.04415953552050745,0.018242296113746462,0.07023836260517266,0.08904222258779779,0.10352044194039924,0.02114353381055411,0.026585658688149567,0.05644242018615173,0.03895071046420153,0.04114402205655626,0.01478341345356657,-0.009625216907752948,0.07135039805868529,0.25864542390189704,0.08729774108011847,-0.004446229863971502,0.03641542977238458,0.014052930689562142,0.0025122322618786174,-0.0011051383834955473,0.004828459802077691,0.010707341797834766,0.014211389980902347,0.06434976002725294
5_1,0.041191732841061764,0.04924486977896432,0.012743810172563303,0.06165583736128143,0.0532168379075471,0.04051103182401013,0.006676437720738204,0.08809059187367252,0.03158454608445939,-0.03933666023320163,-0.07245593917706412,-0.13067748891917835,0.005248684995173499,-0.006564045903549339,-0.17709640217079128,-0.23393071322565498,0.0007627538158342888,0.011990497217504283,-0.2525903816932136,-0.17072029704954061,-0.015018342768143648,-0.14671431062374832,-0.13928634582602198,-0.05144824088358521,-0.04612653677605622,0.024121589123003814,0.011240305091210654,-0.2078336237191439,-0.30843329201238523,-0.02536163941831609,0.014324193166036033,0.09326823538527416,0.06429180631631035,0.024872106283499167,-0.8058002282682712,0.14561338362008222,-0.8937085913083748,0.046777148319069456,-0.0324452773618292,0.03969867414030183,0.023576347778475767,0.04009008408778259,0.019666965692410204,0.016272228111160494,-0.013644342189757519,-0.16413869556944014
5_3,-0.014460472507871008,-0.02857434689760942,-0.00752403721542647,-0.024173432828234306,0.010126461212611864,-0.010077993075210285,-0.06480442211272411,-0.045444886121421724,-0.0012345640776349179,-0.0412185070810475,-0.11791963553266553,-0.23366228370753808,0.00035189205402778173,-0.009479533328288471,-0.3065408658619666,-0.23442112583382166,-0.003329098023737425,-0.007822918674564725,-0.2796393542762317,-0.26705741850777476,-0.015386016218690115,-0.5101247079357752,-0.21024630016628115,-0.07567584249497085,-0.1239108457492289,-0.02001674178540065,-0.11825967824622469,-0.2086518558776047,-0.583256019863012,0.024830451082736384,0.011910075525825946,0.04219649023262518,0.06102412108527626,0.024526172409378016,-1.043475485862329,-0.024631414005014854,-0.9591785046659562,0.02899509970434484,0.0066810548387573575,-0.011225503645309467,-0.03316975325778429,-0.008267464156261764,0.003820861784256951,-0.019032151071152657,-0.009091032849885194,-0.2519632555730886
5_4,0.04024622511132586,0.07158642494942224,0.011100027148461885,0.01219043131396168,0.04785217730857411,0.03848333556740822,-0.02438343329851166,0.04605265012928678,0.023120002007713726,-0.028442759081005273,-0.10939802618268053,-0.15497745028037294,-0.004059433814893192,0.04352616811265548,-0.21698259059420874,-0.19933500867728476,0.002182494011620884,0.010887219857182842,-0.23369812678937174,-0.06565199282033596,-0.002300867479489023,-0.17995023294455434,-0.18427308444444282,-0.06465807553160118,-0.10414105774526658,0.06044489883493322,0.06984116351704289,-0.20548129557247757,-0.30004730379655387,0.019093079471036924,0.014004656422395742,0.093283127772735,0.06407037564950277,0.025536518058633866,-0.8234794820818271,0.1342487738701368,-0.8878964469450813,0.03311228202419085,0.011865132248658523,0.021828391527911335,0.020363860096551667,-0.008347528159275051,0.028737118353215668,0.01671141512498658,-0.017648197276200542,-0.12826280025960418
5_5,0.030040968486112277,0.008762728482998628,0.013426111371941574,-0.0040337571820368125,0.031023809385245408,0.0023474016183340904,-0.03286199593572615,0.04399649474780997,0.005438587806495583,-0.055657750152554225,-0.13903570688780945,-0.20492956458405476,0.003947170887762197,-0.01021150101772648,-0.2427312554945555,-0.28000159693143295,0.0017135408184010999,-0.03254903507537717,-0.3264011936817858,-0.32009229146237866,-0.014341508324075243,-0.5007589037407579,-0.17171857752658634,-0.11073982791194659,-0.09882410569312772,0.0034325059200296377,-0.09396011302464637,-0.20984258253311655,-0.39134906284119586,-0.0595002579886625,0.03852848075901765,0.02957104274799674,0.02633009090057805,0.015325621327603628,-0.9028839088965748,-0.01052972769965758,-0.996519323605548,0.05077463780329402,-0.080945082620367,-0.01029049926721205,0.01663581769408691,-0.008631149403380107,0.021173017842324327,0.018360710295533298,-0.011513653786722224,-0.18806659374329723
6_1,-0.03910082155021613,-0.05770407955627988,-0.05191300883358211,-0.02646374966736616,-0.04959280788420334,-0.022131257935420177,-0.020518589012344053,-0.008020648178840795,0.015497516032156081,-0.06619410901014963,-0.08773345104972152,0.041487976692913375,-0.010494349081595553,-0.0019908052242914886,0.07807807641616772,0.0950379441998155,0.008740001491523859,-0.002143469358506981,-0.01332430849981617,0.06257751371632608,-0.024098388895660912,-0.033373860923878854,-0.12964757530579782,-0.20263189437821913,-0.09066605666045888,-0.06225845810931187,-0.04878356821296267,-0.05627131638405205,-0.07081866532175189,-0.08827642434906612,-0.05165380520134756,0.021544247597858595,-0.036005351501239895,-0.06528280688309043,0.017631335394305045,-0.08969378321205947,-0.05018747991755318,-0.05642902953588334,-0.024190287783367865,-0.046184842000406706,0.0028126559180104054,-0.02726661366334107,-0.032868704131144774,-0.02172832919880866,-0.01930854473929419,-0.09472649180961977
6_3,-0.03020214540502747,-0.05178794043893253,-0.052868378600639955,-0.01906798331648919,-0.03121750672277286,-0.017984793124763872,-0.01885479897355492,-0.01143300129457602,0.028577394707364808,-0.046827961067061906,-0.058551869487309574,0.054864636271471326,-0.010611274374913753,-0.00940545635287713,0.0805211065435232,0.10815458956192224,-0.014800876656064724,-0.002885144550197612,0.07910777638497493,0.09179186322725234,-0.024345446362392647,-0.361057251780662,-0.11313171773162076,-0.18170209270546933,-0.06378794281961915,-0.07116705764572252,-0.0026502118409712223,-0.05276589362322855,-0.05422697786570523,-0.0779827592968717,-0.0480208607423192,0.018809100873395088,-0.03242925741573152,-0.05951102533152374,-0.009049277466692603,-0.08192075228548636,-0.051877532696497836,-0.04028359446277663,-0.018249074185680492,-0.03953005066038857,-0.004477055864315084,-0.03128737402307059,-0.03534125019813174,-0.013471899797129521,-0.018966805362929235,-0.09483520202533872
6_4,-0.04098342638450472,-0.04543305709459235,-0.055517703605949556,-0.018855792972362884,-0.03279647118019368,-0.017127563359087085,-0.015430142886423682,-0.010624146862477127,0.012497339898009144,-0.055725255803928904,-0.076088551766918,0.03859848157954271,0.0017397481477433776,-0.00014930502119011864,0.06832890495688874,0.11770042233892002,-0.025253064004479096,-0.002232658174472555,0.04187557492460904,0.07672423784826686,-0.016902813987441544,-0.01757476897235549,-0.11939619704605307,-0.19900792165317005,-0.09413840434390194,-0.10645530798255205,-0.03184380648486751,-0.04659760741948304,-0.12196406611902781,-0.08286678058238316,-0.01284472586670438,0.021747583037372772,-0.04162146017786885,-0.0629688570614498,0.017731048810545335,-0.09640898998953094,-0.05171606980974208,-0.0396472602885396,-0.02866485471352575,-0.04874279753600391,-0.006346449711719927,-0.02909259907371976,-0.03580872376269703,-0.016142256332611498,-0.02191395931688129,-0.09549919832231946
6_5,-0.022589728522506423,-0.021204390630938087,-0.052220119388032116,-0.026612771105733558,-0.03771307281700574,-0.020035075956355515,-0.014383174057566936,-0.007184092668362986,0.015858146167576328,-0.055000402239659664,-0.05771178260582775,0.07897089378988288,-0.005901434277913356,-0.004124283497103138,0.05195910932213613,0.09510109237579233,-0.0178481268060892,-0.0011976410977914095,-0.02512971358812252,0.06484731294143412,-0.013250225414235204,-0.038719487928915955,-0.12011018938648112,-0.21627692025017153,-0.07843627030323734,-0.08754760098272409,-0.031293545159228775,-0.07037577374174338,-0.08384244424040105,-0.0487358152930625,-0.03626035598787822,0.026756404983944236,-0.01765045510437285,-0.06921393800754358,0.005563605303751463,-0.09179492995496402,-0.051078748482553726,-0.0547338032318733,-0.020167745957014007,-0.04552821721389335,0.0006913073303333425,-0.00818724606605017,-0.036785443014061586,-0.01929546764120741,-0.019195152887792388,0.019799312855118496
7_1,-0.015565466938596447,-0.03363722351373516,-0.016553203344240715,-0.013110439513801683,-0.021289451188755727,-0.006843541403653348,-0.008369468764959627,0.0025752517900137634,0.03715045539500365,0.040145276437646406,0.03649052148802908,0.1599968185398244,0.0053580875507226585,0.008073325450568202,0.050668935453942986,0.12138574149803484,0.013525483322348895,0.006734751035740092,0.033434919848407144,0.09829749137287354,-0.010983580096830856,0.027958409588942294,-0.09758375840887397,0.03902539055488789,-0.02855356955969287,0.0878329176976804,0.11266024855268067,-0.008156663316678279,-0.03172436112759724,0.0445379662894223,0.03142848160295295,0.030410910483900017,-0.012000057806882505,0.03781396431146144,0.08030571012123458,-0.0036785492782949415,0.09648157190599063,-0.027820799765675287,-0.0130968435643574,-0.04033452432881566,-0.008638375602770901,-0.004309505140366148,-0.01698102060329689,-0.00851855149323235,-0.01619795101934543,0.03856103939394716
7_3,-0.023196909213712986,-0.03264421988638282,-0.03452134280366929,-0.009326099059897426,-0.022369901079548445,-0.022808226299652797,-0.005294137237777647,-0.0036641768430763612,0.04059687212271366,0.03993300178099767,0.03352806920499432,0.12046426132051392,0.0038642042718231356,0.0050482412977493575,0.06733793653470384,0.12386030783023108,0.011752946349103422,0.010649550948832371,0.02714432579301148,0.09475204857364836,-0.007949279538872976,0.04847713205073097,0.023460939380666422,-0.022614889513830318,-0.016740092810288286,0.07689556974145534,0.11774680689117939,-0.0200392603772863,-0.013823553976966583,-0.06159285749363512,0.032349427726191815,0.035296769232558076,-0.01378197209505479,0.03033590045377902,0.1159251287941887,0.003365118016142093,0.09415822874780821,-0.005093067347922045,-0.01795862754544911,-0.02923329380876292,0.01385675053512242,-0.01017023307472785,-0.009873218843218142,-0.014657283125727474,-0.004858798446489421,0.052399034225417224
7_4,-0.019017218538704857,-0.03758940179435535,-0.026646192570744482,-0.014645528445856218,-0.017368988426427007,-0.014738363235633213,-0.009710928426241888,-0.0035917643184138343,0.0419886912380624,0.03873299894127183,0.035634355838327955,0.15250524291367806,0.00858912461990693,0.003295642055787519,0.05837604233617586,0.11350522184815869,0.012536771078055757,0.002493357612768295,0.03807831957561044,0.10358605882346217,-0.002416856167514634,0.045157680232135206,-0.04225346628094043,0.034551518455960856,-0.043109431761203715,0.09340865227108847,0.11233048306606565,-0.00923513461341336,-0.04089111609023948,0.049343904085132416,0.01294442750779094,0.031663485128922676,-0.011024045730121506,0.04495588470142411,0.07795588452886534,0.015290222559086332,0.10765818384309687,-0.02310304494543793,-0.01926597731208906,-0.03851944388271557,-0.0070122629379091505,-0.004674464991571587,-0.015039963792645846,-0.010841500614392862,-0.01815773353094373,0.05535592064559017
7_5,-0.021314477937784848,-0.043869254386778404,-0.024394244164609107,-0.007556916035125504,-0.013619222379293763,-0.01972425718062861,-0.0051639378912982925,-0.0011022038311169719,0.043981861909231396,0.04198307170794988,0.028745450039983814,0.1456743941525871,-0.011782593551981529,0.007060115526904052,0.06814316146545567,0.10947731646404789,0.008065374405388293,0.006811571657386414,0.03131832106103712,0.08820959619137744,-0.021782822767290166,0.03268937187630133,0.02565615926579124,0.028414019074597223,0.008091002059344413,0.07447513413562899,0.12223774646117583,-0.018934705520062257,-0.049217159798156246,0.0071744223366772605,0.015177869221096405,0.03199091484727113,-0.014198197127814068,0.021460614747564496,0.1125762584574066,0.0010361394105629894,0.08637885749535877,-0.018953050624607025,-0.016503552100032588,-0.04425048962132382,0.01650838109509007,-0.004514805318550068,-0.01645738346601347,-0.012009950432823754,-0.007576517803155372,0.04450231937037293
8_1,-0.0024744674272018556,0.030181557781941627,-0.008708443849606685,0.015205460765511682,-0.006040338478826363,0.04199922372193163,0.000737900596741746,0.015289648291311835,0.020627615498031052,-0.013090963116505868,0.011395626606130006,0.11679896427754631,-0.0011293781295645807,0.009988125151065876,0.1021269088750784,0.12185297984271566,0.008973766658971741,0.0054359999909313565,0.01382787684111061,0.09451354056972594,-0.012626504489017937,0.015566629502551008,0.03198741007078868,-0.0322706898434252,-0.0024417659674673253,0.041614544607755925,0.07060739047959047,0.020695928128257157,0.0261966980387519,-0.04633055425257506,-0.08222633313459955,0.0454379344576244,-0.011296634220928284,0.01421808253738679,0.06313247339523964,0.0011140985832525524,0.06555502483745426,-0.012861546615542643,0.03253604698662155,0.0005545680029916774,0.008697434256815868,0.0021156723978436208,0.012073547949002337,0.006839049315352756,0.039135371725750205,0.0112039522663514
8_3,0.0035205850450609737,0.029452079783733633,-0.01039006589041109,0.015543627752986297,-0.0009705783140716683,0.04305727802645739,0.005637882713631084,0.02007721490089635,0.02861743922800008,-0.052121611637638385,-0.00029900935633958727,0.09120443163351624,-0.0013381692366621033,0.014501272663846506,0.1021153665332722,0.12122264045776784,0.008996934451792568,0.006277706870023373,0.00816899575826175,0.08862762760449718,-0.012069433280118148,0.020629756493205573,0.03677918541033793,-0.045616863572712045,-0.019667530252436904,0.022999544898322795,0.06757048720509602,0.020397008776157625,0.014069838376575867,-0.05193283403915171,0.014772527571940659,0.04365085072412832,-0.010025646865751539,0.015504862024116824,0.06415740203348654,-0.001206985544245805,0.06841283056184283,-0.013055690371963209,0.03777212815049738,-0.0025168073763668004,0.012452822212922368,0.0020093386688010122,0.019848681204520376,0.006685021195044628,0.03936985913773943,0.012974908137042971
8_4,-0.0011866771226277514,0.02998108809553344,-0.0070066805862543605,0.013031287170931546,-0.0063863391964472105,0.04181018632190265,0.0068917290313209815,0.015262793946518832,0.020641989397122074,-0.01595756909272269,0.01378412503694149,0.12150181819168192,-0.0013381692366621033,0.013455111840388044,0.07847670448254455,0.1280673053205731,0.0029025230539401815,0.0054199142768822026,0.012459384631280549,0.09372603254613394,-0.012806563864076166,0.027689022443280652,0.030953243409528392,-0.03683411361262533,-0.014874907137887215,0.04548016503677763,0.07631624194196418,0.019072369105325317,0.027650353153582247,-0.051167142991051615,0.014651798183564458,0.043803342753112824,-0.010033403582092348,0.016496029653690614,0.06492189646144941,0.008879013696903469,0.06492935456440725,-0.01302109640484908,0.026815009215092247,-0.0028035444773147917,0.012750810452588995,0.0018885337670809712,0.022986871588927375,0.0025756637981112925,0.028739700187381843,0.03024791449692016
8_5,0.005193328566774843,0.026298331803627874,0.03427770397267587,0.0065837745525443355,0.010870232499461766,-0.006775462646239288,0.01420430273395896,0.0070180515068311595,0.025222232254858156,-0.01888952423253185,0.006818982547326019,0.11821850365259584,-0.0029599289865919645,-0.0027427174407903877,0.057509622920123474,0.12360287753363328,0.002693386571100948,0.0044693746816371425,0.027731731327465627,0.09413204509340095,-0.017533852653462405,0.018087228713372865,0.028702197371935863,-0.043605626735349894,0.0003316508694608324,0.03853248026340667,0.06601341748601944,0.028225094482418688,0.028547585286732687,-0.028168090705836275,-8.52575675593732e-05,0.042045325368772125,-0.010450388175433369,0.01755095978882142,0.05393987043778381,0.010880968033699432,0.06904654731403684,-0.006969320616550187,0.034241994991231046,0.0057803336471178085,0.007978495428813355,0.012593200462675834,0.0032544542407899487,0.010220311205470206,0.02729839299387971,0.03435732369730537
9_1,-0.004869412064573686,0.03306379810181117,-0.008818714832673567,0.01987106326155265,-0.011796151247655776,0.04371903512378727,0.0035524545110638744,0.00020500763679125696,0.03417961393639042,-0.017609847464899707,-0.027598405663107707,0.08588775060420338,-0.002966250684362138,0.000448158773809689,0.04134157363034824,0.12793206472356863,0.003425272011269428,0.005008763423832836,0.006267591800045856,0.08600961897755245,-0.007678880922374578,0.039722092989775026,0.04853942795611513,-0.01730437214917703,-0.003359449270734236,0.040112125186261054,0.07857577592940085,0.02233967966945167,0.03556399207675955,-0.03318926304514748,0.01827417375279113,0.04124442064316738,-0.00818256450242881,0.025729866428923824,0.10566996296234016,-0.009725176881941664,0.056726087407798866,-0.005793605193100354,0.027475704432142988,0.00175957552938193,0.010836989923494812,0.0025590047689321477,0.011040016862556025,-0.0012427486388633942,0.03267725464259836,0.046724280740190284
9_3,-0.00723676386672909,0.029373063258340982,-0.014893124300580221,0.019691014770359387,-0.011859289474410164,0.04160317491212952,-0.0016030425694493224,0.006169484553729752,0.033762637439000535,-0.013413659237317948,-0.02479622414952036,0.08669905085295636,-0.0009107172223541088,-0.0001784214366114948,0.03532830687518738,0.13105295913604803,0.0035778036696263926,-0.043039295108960755,0.01920669652881709,0.09697783018565512,-0.006044605751097877,0.03860723858204987,0.04760980791690749,-0.024363122017273694,0.0024752322808521032,0.04019464681552485,0.07550220413020967,0.018900238350050124,0.02775576667973645,-0.03594775375909855,0.018591406848130827,0.055133034534339063,-0.008805435832385125,0.02511782892848176,0.10279091811589401,-0.008643026426663786,0.05627411763536524,-0.0026853284569299113,0.027226013993729987,0.000253344233605574,0.0004814994487099992,0.0022296668162078586,0.011050583518989687,-0.0035446326553842163,0.036034849662610724,0.0445767770302432
9_4,-0.006608991398628342,0.032980835974498954,-0.010380574838905698,0.019663919272373737,-0.011798204830431017,0.041035853467425505,0.0012633552292823061,0.004681234596117041,0.03425477905025471,-0.016847970582052337,-0.02478070034134741,0.0848780230116365,-0.003463949510949004,0.005535733531937723,0.05537744391747934,0.12387335659914225,-0.0007539353851218874,0.008482042360895009,0.00902403804138568,0.08502178209346767,-0.008580496342043898,0.04295142434977771,0.04902600945285387,-0.021263015129924016,-0.006384021490744301,0.04155962692970649,0.08175445160567943,0.018514353386880646,0.027734982156927462,-0.03803852212990104,0.008744403489408976,0.055662183024220054,-0.018906659926712036,0.030579212750809333,0.10222784154687231,-0.010928290674468615,0.058918794615033805,-0.0063551212648043105,0.028482443164621105,0.00047744417338166107,-0.0012128988261850336,0.001248052859755077,0.011069467084452576,-0.0027733047950949793,0.03638670574020079,0.04750364932559221
9_5,-0.007255119148299587,0.03296481509869792,-0.01193436969637979,0.01957866822555255,-0.01283677619153129,0.0417082348979734,0.003137607396819995,0.003744259357142613,0.034196382065323036,-0.012864166298288035,-0.0269475198935894,0.08554468442490037,-0.0013307892191573405,0.0019251941099536342,0.04707818422259935,0.12616807416579254,0.004838244103480431,0.0033624867318010117,0.02613518867814133,0.08565434542049602,-0.006165387172085556,0.039705537741943464,0.047501238195880154,-0.021187191764537993,-0.0023100044040630634,0.03985201272922829,0.07770919551808315,0.01926482721917992,0.028180813277475528,-0.035819475306185684,0.01854848676076243,0.039756741425659735,-0.007862002569799223,0.025761276377883936,0.10367773581742293,-0.011295838974857862,0.05752421211861194,-0.0036804009585746254,0.0288504589590601,-0.0001423333690723453,0.0022648399108776275,0.0024587797739554934,0.011075001864874024,0.0018889959708780447,0.03274911174772518,0.04731533485316632
