,0,1,2,3,4,5,6,7,8,9,10,11,12,13,14,15,16,17,18,19,20,21,22,23,24,25,26,27,28,29,30,31,32,33,34,35,36,37,38,39,40,41,42,43,44,45
10_1,0.02104722492140772,-0.000735956591248384,-0.0007534552705535254,8.340326001649258e-05,0.013540271517220578,-0.00018891629947816538,0.006316123627690444,0.000419676194083826,0.05269518704403912,0.3528349114249889,0.5199838154594306,0.4410120800287769,0.016610274025767924,-0.0001287230100147007,0.0026068451648642516,-0.0011894238860669668,0.007107787065650524,0.002620228931604696,0.0014468155001725604,0.002887416504104763,-0.015685850286044502,0.014842243887875447,0.05109067981158692,0.31395109176950453,0.07833063191026986,0.31649470160687915,0.28923866458080993,0.05937581197918781,-0.017096109150425164,0.027284834500761926,0.010513841397381686,0.016384121566853472,0.04271118879224473,0.008168977358644573,0.20905731718699627,-0.002820990117341595,0.13858172316491604,0.012232579480288547,-0.001445420576684602,-0.0016710404627447231,0.003870630890647302,0.012204866067828744,-0.004101233328000017,0.0003312648037992351,0.005258124214816579,0.006578838249389687
10_2,0.01580873467003417,0.0004020727829279752,-0.004728847254470532,-0.001396906858832904,0.013397169545639064,-0.00039541252080755554,-0.004221345607430818,-0.0043961123485534714,0.04371165177275027,0.326358032919697,0.5003511656046099,0.42595413546626104,0.01774592758460256,-0.0026530203845323095,0.0022443333025371627,0.003498501741112819,-0.002950157715595549,0.005381636834765809,0.006051741994441322,0.006002013028777518,-0.015245977719361481,0.01030987822335188,0.043898305197934744,0.27997467937228604,-0.04444745178175413,0.2853884758377952,0.27154949869786893,0.011818553655915215,-0.02116979450972649,-0.010975542920891162,0.008624916787404182,0.01354389828140902,0.016775446196217698,0.002758854408271991,0.20171949290773217,-0.000630587188054258,0.13679629943592161,0.01052216522262188,-0.0018422967147279392,-0.0025006592453409577,-0.0027313627067349967,0.011085688723957788,-0.004269971507146831,-0.0014957411691557197,-0.0017647555586732119,0.005024119599559038
10_3,0.01801634798028732,-0.003559667529235156,-0.004263338940681112,-0.0007230790083967899,0.008032309036200194,-0.004199510579414449,-0.00403939444058467,-0.0034103289234964237,0.015120966367695469,0.3053945821762039,0.3081652981950825,0.42484479498763617,-0.07381026750010104,-0.0216148853459668,-0.010211536517253877,-0.004356739797479217,0.004906896304346156,-0.06499902039936742,-0.013977242541200051,-0.02353319040180945,-0.01509583239520798,0.015216581402586398,0.024921465037808413,0.263739666893125,-0.03267817861482947,0.2182298667465087,0.26746024373390037,0.04937936400874626,-0.0026739422760296977,0.016251813957908357,0.00369505812170417,0.011987847037987399,0.016277404269238512,0.005457775187682372,0.16121438825764078,-0.005088428435810595,0.12951537851942224,0.011892397806065214,-0.0010521520419650876,-0.0028540123643005133,-0.0003659249061019201,0.011834564380755374,-0.004055764272968422,-0.0020435863307454263,0.0005613385398860265,0.006849358284553657
10_4,0.017061736108448924,0.003681708700894143,0.0026628742918043116,0.0006211969128861283,0.017024273903743784,0.0011343060707708946,0.0025094655233732417,0.003913016211269849,0.01856368106632147,0.35688966307551684,0.5526430002530857,0.43487469131871753,0.018084576604929934,0.021633859164530624,0.003358658834976178,0.003656221077564936,-0.0009957534626751478,0.006936295694690377,0.010712395170528174,0.006336546645362701,-0.01587826195617408,0.010992087461466491,0.06282315890620836,0.3191514516630218,-0.002013954711355561,0.3068848575379731,0.29063736894665815,0.03257179836595301,-0.057648869422883914,0.01875561145494404,0.0062104871985523965,0.014111301134130253,0.018346494443425735,0.005671414922147672,0.20133938946536947,-0.0004298199365748561,0.1163993021285694,0.013415648637809587,0.0052219968549727875,0.004269446146150663,0.0008735875207674695,0.01242782035506226,0.006547621521322345,0.003098530283868183,0.000657267341508226,0.0075771037478309985
11_1,-0.0494587161607511,-0.014738282696585114,-0.00585377131278773,-0.002609413734456683,-0.039390188220886024,-0.005022032657379269,-0.004108173374202088,-0.004575492203256283,-0.02289324857021726,0.25879559759483645,0.4590921858056346,0.3699793427063558,0.014678062573573599,0.014338236891880404,0.002723482883404965,0.003368923973512695,-0.003849661816478773,0.005090466071745018,0.0057458605169264,0.00965151974509994,-0.01550895715114467,0.010041744857992014,0.03607299338233867,0.24309039160181972,-0.01628963348659032,0.2388067063564004,0.22703452727122275,0.03568433766338331,-0.02178967974181758,-0.08944725254345859,0.0026169720596269292,-0.08867745352372347,-0.07293792155784608,0.0022649159255520137,0.19895552863077953,0.0013047224730433633,0.129908203332133,-0.035374186203348236,-0.01244017051158824,-0.00513226632578928,-0.003166124600378821,-0.03696097198375739,-0.006080524389454251,-0.0040862755105839765,-0.003394434038799143,0.0048454096552152815
11_2,-0.04206681332495,-0.0018059783835290251,-0.004430243695787138,-0.0014835572785849426,-0.035434833782661095,-0.0018318563669198337,-0.004287231356004661,-0.003768369619259846,-0.0301883984517223,0.24975569606922707,0.2426389249571614,0.3673280334447999,0.020778802157835983,0.0010362752249476785,0.004509197956854976,0.0022988518610754386,-0.0017682641269762148,0.003594307387637738,0.005095044410928345,0.010909536473785716,-0.0161202523140163,0.014046834978479125,0.026411797725324895,0.2344307050358216,-0.007850293078896446,0.22992901695124304,0.21030856209145202,0.031008710625252053,0.000527790316104777,0.00973551133908578,-0.020034786543795507,-0.0802000659228822,-0.06518604417917102,0.008839863085904377,0.1587923069368228,-0.008295025838057139,0.12789709507436575,-0.031699740633865645,-0.0024969541087427076,-0.002293657428046297,-0.0026593993546843602,-0.029043515025382965,-0.003410970552552421,0.0015376662041044072,-0.0016568384935829591,0.0016860943344725978
11_3,-0.0526202994500866,-0.014469564723144198,-0.0010140823847524967,-0.0032057244391754613,-0.04380983184013916,-0.008652922450155904,0.0020531539480522797,-0.004970348695055503,-0.03877315567514257,0.2595090284419325,0.2446762325424598,0.3671009527771581,0.0065408255898415655,0.0016757620779683134,-0.002243439667556783,-0.004583494154759649,0.00908423618124722,0.0009339801631473774,-0.012201725673491527,0.0035530832595301234,-0.016370067431433797,0.014606108879465285,0.037305965073284326,0.23649630806266445,0.047479927384225254,0.23767763940939762,0.21940978836239744,0.039957934322392245,-0.01898275666367231,-0.006613825710943096,-0.024166071400837385,-0.09409617502068277,-0.07301056596482698,0.007687631144681262,0.19279108268002698,0.00021565764489175828,0.1280253627762778,-0.0367795139806533,-0.012349178831400442,-0.006468694431848076,-0.0024082316721819514,-0.03673382899559571,-0.006346936621843591,-0.005812586909825377,0.00011064036983402751,0.006168460228243984
11_4,-0.040385828118521885,-0.012476801539382874,-0.002868401485736439,-0.004277892637849695,-0.032990690104765324,-0.00897774125466782,-0.001499912257061357,-0.003788615210592317,-0.029376328495266925,0.25942952389141066,0.25293505063786836,0.37948353132494855,-0.060327690730418194,-0.023944728483913272,-0.00752619282343417,-0.004891184501514698,0.007150441711062427,-0.05617090869830413,-0.01675054391632557,-0.02275611405709248,-0.016601030341253722,0.015371861205723354,0.030642776341024445,0.21891830651809485,-0.034114738679594164,0.2386862805143438,0.2276642805025036,0.04332461178604519,0.011047123225484972,0.009147801082355784,-0.018338167724218816,-0.07600478453006583,-0.06742927550791306,0.007191027635709489,0.1523023897112183,-0.010652603310728353,0.12807235438386172,-0.02973654220389354,-0.014461033517623099,-0.008250503844121229,-0.0018473857869650977,-0.030232326062549424,-0.006638330935026226,-0.005775521735750175,-0.0007253351756193038,0.002091248780499525
12_1,0.013742681265492837,0.0053304689087666475,-0.0017592071240358493,0.00043591821884190335,0.01340888289721892,0.003945658793417252,0.0008995845427644117,-0.0023649665663844177,-0.014834920228576323,0.3894724597718403,0.5736812346854859,0.42846082985946055,-0.0410643503241494,-0.020369761853691253,-0.005174582896740742,-0.009080915624830033,0.006501522861653693,-0.012100791726837559,-0.0061885454892284504,-0.016303380528572397,-0.005185055555423606,-0.038725946541815756,0.019383413208573987,0.3156587476253181,-0.04355267936891902,0.34696897291941253,0.29000452789703607,0.04565687628252557,-0.052035706856525824,-0.17264122083021397,-0.012503063659061482,0.024661536984734254,0.026654464644582064,-0.021981071930729037,0.13077472882397975,-0.019733899957881457,0.11624559206901318,0.013381230065424535,0.005024005993496509,0.0008774549313799431,-0.0004784984187936789,0.009550259451506154,0.0011758563192134208,0.0013423479934128314,-3.36353425229512e-05,-0.020627556698829385
12_2,0.012652318517588825,0.0034814680378999494,-0.0020819454997407587,-0.0014486084571362597,0.012707305633900552,0.001467023440803135,-0.0008238442440635957,-0.0039952719999546684,0.007954708909686449,0.34931311716475394,0.5180091749932811,0.4028516826140433,0.01372158090369604,-0.004131165635165966,0.0033721582036621792,0.0014490398469654883,-0.0015888392972490271,0.00302364308125963,0.002364772047054059,0.007425680833191241,-0.04441350375969296,-0.03291008830248151,0.012841511759237168,0.296563244618548,-0.04344046736767984,0.30301224738045096,0.26438984486292827,0.0288962965526941,-0.059497520059460435,-0.0991064739066118,0.003720043326465943,0.011490462875295765,0.023098329934417614,0.00476768340868058,0.13678660729922723,-0.023181131809510917,0.11810203559463657,0.010614300090148689,0.004486206439965846,-1.4102522170846213e-05,-0.0028984963353291173,0.008314312464762351,0.0001211832799970419,-0.0028972154249199745,-0.002114807934523033,-0.013216300979321608
12_3,0.015989484594410554,0.004026926906428981,0.006586144030755886,0.003453052860396525,0.01575145478331865,0.003923655522965337,0.0017283174486382223,0.003013827365388769,-0.008749036072719275,0.3786403898477102,0.5818118381970235,0.4224408384514878,0.014946498855390011,0.024974074197305973,0.005639009187039075,0.0036131386593503054,-0.0015757277775626211,0.005575259150640017,0.007689951563920075,0.013250762120921007,-0.04526326975281984,-0.035978283464925605,0.021318179230859782,0.3297813939292846,-0.03572937671078748,0.32880446592632595,0.27546048911815835,0.04535894965292036,-0.11808288850306,-0.18333092970041132,-0.03340985834028954,0.03371874440760083,0.03140428618963675,0.0021311331216443356,0.12923170608147733,0.007551192601165567,0.11592046564232306,0.012151273805201366,0.005398275951027346,0.004680335872261808,0.0036948036550908205,0.011007359068276283,0.004853184383844941,0.0054269936944946464,0.0031689754110727597,-0.017737866135460873
12_4,0.011891616825831489,0.0030368908973752197,0.00574518023265073,0.0003328741214463559,0.013397760374310194,0.002664991170067066,0.0016077879418493035,0.0010721173364266966,-0.015451389643042443,0.35003273926140205,0.514699625710201,0.3868945581733958,0.014936405957423607,-0.005680107561437151,0.0061663715704729834,0.0037058663612100098,-0.002675533833353583,0.006917526082201834,0.005886872357362087,0.012465249888538548,-0.04593312280308903,-0.04250231349814819,0.017994273539834203,0.2913283817380484,-0.04771799437827014,0.30164975803163047,0.2494510799556332,0.044236355276861594,-0.027239611804622164,-0.11549040952839362,-0.03657261417730872,0.017998306675898725,0.012186313687926791,0.003121733339836657,0.12185841751476122,-0.028441766273091442,0.11127193550019115,0.009558010768849974,0.004435186145262549,0.003632300586859133,0.0009286556865951241,0.010050516894923617,0.005490615472503491,0.005090456928343765,-0.0018969534805831144,-0.02129527092500938
13_1,0.00212936678351784,0.001495378934602758,0.003270504259540373,0.0011223238727231205,0.004396205417663325,0.001312103538374989,0.0011330000727458893,0.0004243093027542797,-0.01624721087944216,0.04732102540901638,-0.082241976054347,0.11116444285348293,0.048820841311949394,0.00803859706663121,0.01401924557675119,0.01222924619710471,-0.0013782738635050621,0.013598849885267604,0.018270226686011075,0.027168021544366674,0.011539501376291937,0.03403418174299568,0.01983320329180747,-0.04955807615672611,-0.018463609856562133,-0.036674020996399485,0.011072372594575199,0.03573107507855009,-0.058491408475096436,0.02064832529369917,0.004331228125288815,0.055315297810685726,0.0270769573682522,0.01529061149648287,0.17734092987805813,-0.007309832317200366,0.08946178658557291,0.004004914494780591,0.0037405783654592983,0.002227808958405935,0.003189040735944963,0.0016640182864738476,0.0014659776678235931,0.0013505467672007088,0.0006914161828541366,0.027843515673706874
13_2,0.0024543658725179117,0.0016365463508398734,-0.0006196139283840866,-0.00167306435297498,0.0032990173886683796,0.0014426185311946548,0.0007920920522776832,-0.0029312833265072286,-0.0008333312138670747,0.04792975855150592,-0.08532330078992056,0.11380787012643123,0.043720136263381885,0.01368059751613848,0.010808545494366927,0.015118193497464042,-0.0026511394113543025,0.010678805275187771,0.011734373534809439,0.028139851586914483,0.008134201633611955,0.03294939263316345,0.021823743725693366,-0.052732211888641446,0.0005650461612001349,-0.0706394931087962,0.006212531824522044,0.02254954956514824,-0.05712758614718823,0.03237783041220549,-0.0014295209486871452,0.04957907818421005,0.025748071129798062,0.014102369684569219,0.18828100382383972,-0.008560152916838253,0.0945614379370173,0.003210512687621617,0.0034349776179688042,0.00028243222629329025,-0.004309025021365332,0.00099130870192076,0.0009825934075411537,-0.0025037472888930377,-0.0031232862653472722,0.012808341150432149
13_3,0.0036449218022777965,0.0004768924277181604,0.002461671146101705,0.0011050881222862,0.004608242787683838,0.0022225549337828673,0.0004743772788262107,-0.0014287493516242377,-0.005305928526097192,0.04316972325588914,-0.08649839772075392,0.11274301845147924,0.045219043959488184,0.010207601271152448,0.012623457497624462,0.013578349399116415,0.016301994050737886,0.009999136421609787,0.023040557015793644,0.02654324152455061,0.007503528099321076,0.03209041902741949,-0.1996712554263719,-0.05466862986811485,-0.004117919183517069,-0.028626041823889788,0.0016685564469509436,-0.3456744505323048,-0.15885508930225054,0.012411577176755543,-0.007241525620770997,0.05651802760417355,0.003573723181669351,0.01897520529921297,0.16771351967573303,0.002215843343800926,0.08616011796392024,0.003776659516485244,0.0031845045622526506,0.002239556035548683,0.002830591550804598,0.001766324705877915,0.0014951939175289303,0.0019293355079283796,0.0017165092196267948,0.022445482532203666
13_4,0.0023374469170801913,0.0031855713204397744,0.0034924886193155908,0.0016634242688176055,0.003143689265811176,0.0028319299225257203,0.0005177576258250872,0.00014977839389505442,-0.010843632532861476,0.044741992889704686,-0.08215986423887225,0.1119408844939658,0.04790114402574342,0.011264659333408578,0.009182970815347836,0.011927119448837087,-0.0006229282515917516,0.01529120552592055,0.010200113017413942,0.02706051715415738,0.01180858261824973,0.03329226879868889,0.031188463521940674,-0.05052289930033759,-0.017696481663401105,-0.03818965985797381,-0.0365862819597872,0.032545017454868035,-0.04626989206621524,0.03256741541136673,0.004215427515355608,0.035337167837581895,0.029638317885583864,0.012553897566140506,0.16337780859580853,-0.00477724543181021,0.09200098388152977,0.0017188291757394413,0.003934065032517256,0.0024189426705000503,0.0030603474961079513,-0.00122992824187161,-0.0010540426415910585,0.0016605248277282664,0.0004761244979565474,0.023233937669450692
14_1,0.001363529456729193,0.0005937175421936176,0.0007559398760216295,-0.001033235093623305,-0.001026410321956384,0.00035011047450192283,-0.00159973017749938,-0.0038388551880853463,-0.07265547812273843,-0.22228770134434536,-0.11222909603177392,0.06514583426448511,0.03383757212417834,0.006284090767384087,-0.02648596549816945,-0.023247053012016728,-0.005502332411693082,0.007229673111152354,-0.04467127802281398,-0.0575206341227492,-0.1417757497266989,-0.11661028231184654,0.015145285233876402,-0.08185601430524432,0.0470468125987505,-0.08000075078286424,-0.11837560517701898,-0.09032606039488932,-0.19181223967197372,-0.2225518391832845,-0.06283306910652324,0.013037480114292144,-0.00888405898828012,-0.006073608311213817,0.13916825293876622,-0.008069297689081791,0.0482726969882108,0.0031809820944171327,0.004382438219327824,0.0016532163862405282,0.0007795946274976655,-0.004321077238087116,0.001338106981307838,-0.0037710299709853823,0.00019646159106549734,-0.04162624817061606
14_2,0.0012084626289395881,-0.002756606858984279,-0.002332238119759532,-0.00041019259999907276,0.0012847680541720507,0.0017733501170365748,-0.0017201587767891663,-0.002770363836518283,-0.023171882180027185,-0.4534231255413152,-0.13420717533763782,0.05060568568484161,0.02737782370939729,0.0010928953084571537,-0.025463387776698685,-0.017715405889739713,-0.004620196641703226,-0.004507807293212705,-0.03736709201848128,-0.06523557655459078,-0.13675947775510813,0.027238338489612053,0.015818546414654765,-0.08440993577922694,-0.022784737561002723,-0.09332625644386149,-0.13058933227414124,-0.09603916205884405,-0.13851840159116746,-0.4610606892519234,-0.0461156629640347,0.011963263566489754,0.004832090876998772,-0.050455866962331765,0.13374346267230972,-0.009965090937338503,0.05468203671872621,-0.0016224181072533688,0.002769171063991244,-0.000605377846832139,0.0008723452078453415,-0.004518252170961005,0.0010583199068554317,-0.0028876883029544938,0.001093100633050595,0.005404350687268623
14_3,-0.003699339442745783,-0.0021547967848580905,-0.0013769600324598935,-0.001529961584609013,-0.004304088864661423,0.0009578386538833162,-0.00042419118064998995,-0.003381973044516138,-0.08609924816230616,-0.44681791896199263,-0.14624528485454102,0.04536322098478543,-0.32086114795516885,-0.047687591374783594,-0.028853566371171542,-0.014951105925643022,0.0017852583696681597,-0.15867607596130678,-0.036010479485309825,-0.061317077546350414,-0.08535419365138047,-0.12054156059611537,0.025769165562109283,-0.08560173536811143,-0.039209394467006456,-0.10167295075947973,-0.12472824015425843,0.04186453133170469,-0.12219400063050237,-0.0038574582120772267,-0.1273645459753647,-0.0025855267476168767,-0.0091880808464913,-0.006259585656925347,0.07628104460006349,-0.029228305832429066,0.03752378817186861,-0.0026765048262668055,-0.0004534135807602435,5.377231167447315e-05,-0.00020615087864466895,-0.0054072472288699295,0.0003608140287202438,0.0012348922755680255,0.00034367656320743436,-0.05290581927440595
14_4,-0.0021381714372674344,0.0016210795243761847,-0.0025231181310457814,-0.0018217185632737613,-0.001017038472144065,0.0020231117702785404,0.0010713949797270387,-0.002620591135455768,-0.0811353956170912,-0.37151071724180024,-0.1368926446726789,0.05696740002336253,-0.3169771527920498,-0.10751634238832936,-0.015018128399873184,-0.020823377775578314,-0.052972725259823265,-0.16662938895052695,-0.013458095712545236,-0.04655587250792742,-0.03848148106638247,-0.11268661292374736,0.02899822825120199,-0.07098361777347653,-0.006865419310117675,-0.09000643415280246,-0.11772384087033812,0.046350836003580684,-0.1116642953263614,0.0018006994877713218,-0.07112270278105934,0.0003476691041390246,0.0007388835710490514,0.00024196541044603053,0.08525105239628682,0.0029483215211533833,0.09138543741077325,-0.002076287746723221,0.0021942553952215248,-0.0020950424980717944,-0.0027272187393185057,-0.00554138983472057,0.003244550808405115,-0.002681144567830278,-0.00472965154989526,-0.05039670206239772
15_1,0.001962882977336446,0.0041137654455267346,0.006383144586988475,0.0026842707680960003,0.0053667207437399994,0.0055796551520289495,0.001070902260119702,0.0007061959960485603,0.002740599450323283,0.09568936344944455,-0.0780595478802722,0.10760433393884485,0.05029843740236087,-0.0024950986391040213,0.014200010839066699,0.010884192565874046,0.019799169163033946,0.008145469627938363,0.012930636785635817,0.0314894951810946,-0.001136994044144894,-0.08669754630787901,0.02708282204958698,-0.045938856773157656,-0.007617826267988053,-0.04172260257925466,0.01554153027513406,0.06301648861947935,-0.05580551549894662,0.006516443066469947,0.014448841659047475,0.0614983869625643,0.039291910949600765,-0.004508708109644518,0.11113111306744046,-0.004958002263154161,0.09380870163517466,0.004995467031840385,0.005105653399116256,0.0035354506413235215,0.004038914262288591,0.0013999295118820206,0.0010365967135458893,0.0010882973566049853,0.0034296415184009313,-0.01466077503193782
15_2,0.002240901956950192,0.005673042613137345,0.005755994171434118,0.0025194452668147365,0.004817336797201042,0.0036986887721017782,0.00024499359125213844,0.0005188054245102069,0.01986955645932898,0.09842655877248964,-0.07614444979774464,0.11739524855259922,0.03600291595550097,0.010784582670065991,0.01870442884230747,0.012030950849704352,0.014077143091429304,0.010038437918953485,0.010543702438039785,0.03481436205398953,0.003553362559198485,0.024313915335597413,0.02198689631528888,-0.04683836096903543,-0.001373162979639654,-0.01357786917467962,0.017691538857794235,0.02532867292349289,0.04159993613286717,0.008045899313951391,0.012994355419740571,0.0627956752115768,0.03354563975094909,-0.0031772768649929828,0.17987640607405478,0.011524758036016713,0.09192385882417084,0.004351686432646529,0.0043862114325115605,0.00017843955214498123,0.0029565957304739858,0.004953916814795568,0.0035971146691724616,0.000693565030892093,0.0015961883079311015,0.008389246895194599
15_3,0.0017307612675517682,0.004694958624495466,0.008271388096389238,0.0014665542232711907,0.004524341654281917,0.004167055305180479,7.996117251587865e-05,0.0005105072657044125,-0.009726244568648507,0.10191690110855314,-0.07623755935460258,0.117442396360951,0.05499921627765205,0.012568591816578191,0.020255161557532462,0.010778433858519358,-0.0006991945134300973,0.01153886958920731,0.009617234217591994,0.04092188159408655,0.009539061791448207,0.03181019501283091,0.03357903990369678,-0.046064921290300036,-0.001502843947514901,-0.010854373810739198,0.02415815259795465,0.061600125648265135,0.04366986224156844,0.017927743354862836,-0.0014920328110607007,0.04171623421148265,0.02248972065509822,0.000618365296357695,0.18605540826616773,0.02374393267459759,0.09989274462064503,0.003988090718035195,0.006257063933151266,0.0010387152628771302,0.002214419773677088,0.0015349384788600983,0.0006263842365954206,0.0010083412324992961,0.001911318817238113,0.01180717249189036
15_4,0.004486249528617586,0.004540038544435483,0.007510231772271997,0.005541395774197366,0.006487468195324677,0.005299820025850774,0.0016354680693175842,0.0019560432938582352,0.029151256687671455,0.09383868899429726,-0.07561526855488061,0.11186370262441499,0.055792214962523456,0.008249283903699637,0.019479062698975418,0.012579120633280108,0.022569353277949466,0.014231512030186275,0.021291424567478047,0.036076907711897296,0.0011970461257387178,-0.07989421582937174,0.029385238896311873,-0.042646678013675686,-0.000990322219696465,-0.021148622899755727,0.025297919828499913,0.06266965636587464,0.031105219801586197,0.009323316986246697,0.02217903743629381,0.06825721756302763,0.030802379022403962,-0.00451871709946844,0.08871110473998066,-0.0020142171224968018,0.1142301760352442,0.0056807883636871125,0.006052148720649528,0.004043410187064174,0.004168984530173717,0.005935146404719483,0.004748373643607075,0.0024139735268753153,0.004961387422124356,-0.03163607593022574
16_1,-0.004812171685419289,-0.004946213002759597,-0.0037587046638814445,-0.0021694160383110947,-0.005773529058391463,-0.0034596606190242874,-0.0016171637592771045,0.001319507407564948,-0.026883063817527263,0.02051048287732135,-0.07059518014112176,0.12220318787346116,0.04855968019311606,0.01499379390620023,-0.01008625920579857,-0.008173644067688108,0.0019197131067836839,0.014528503909335478,-0.0010629619650799164,-0.005935578517027759,0.01783980563649436,0.027093602478532177,0.04602981030199996,-0.03423857437740974,-0.02042770312572867,-0.03010430059359798,-0.018236145648414314,0.06814852760490761,0.03907796709502673,0.045557114237970826,-0.0012921085838933034,-0.044599755299675546,-0.021136396873024505,0.014760427526888413,0.11178458385180909,-0.00808053405566718,0.1384213553382159,-0.00576534949391978,-0.005124495180627879,-0.003107219958394123,-0.005118726131564607,-0.0013782044250955816,-0.0039066400899392005,-0.0014232338683890344,0.0003570915188213363,0.0078945459382481
16_2,-0.004472305052836746,-0.005003691325563209,-0.0036762128653752644,-0.0023042420755345376,-0.00491273110764966,-0.003257040726721276,-0.0013128073340048431,-0.00025183991552236957,-0.020601648891386416,0.022130990684123237,-0.07109270564927775,0.12479153967151162,0.04709825414459785,0.014970610466931215,-0.010244721608019263,-0.012623259952845496,0.0018220278152731601,0.012841958693061647,-0.0015434150889063968,-0.006300660115744467,0.034842114671860214,0.027608322948207715,0.04663791840484927,-0.0345910307731671,-0.015013936720375832,-0.030294826844073218,-0.06429219191596838,0.06814740491844301,0.04217412112547567,0.04528936370541565,-0.002129090484111447,-0.041083155786413146,-0.021939815828849515,0.0152051065442162,0.11224932155067543,-0.0066069869749868886,0.13933815479132663,-0.005016207749485588,-0.0058687151757057425,-0.00286908410975308,-0.004812401127288785,-0.002402629598667488,-0.0037598400278025666,-0.0009198313866951346,-0.00043506778569690877,0.007731702168308072
16_3,-0.0034630626582313902,-0.001355977708113047,-0.0032200665633548876,-0.0013716972601065715,-0.003976373948690083,2.256066628474836e-05,0.0012187498846984073,0.001803184339345549,-0.024790125006728246,0.031733318333598735,-0.06774836843910571,0.12859469163460951,0.051828407035240255,0.014639465113250557,-0.007563961437422857,-0.007396126602567394,0.004433250914197472,0.018224787015349152,0.00030372296581597773,-0.003287461786431948,0.0355564326015691,0.028296314192827528,0.045361828954766995,-0.031408279569102034,-0.003147807669334573,-0.025091376178699495,0.0020912158583543386,0.07473632576817082,0.04243451743177041,0.04822749601184147,-0.002281067706939701,-0.04005227623517483,-0.01873581233600048,0.017305418693321875,0.11880610370780131,-0.004165918000692719,0.14292934107430885,-0.002893529075066357,-0.0023213741236240144,-0.0019492556819383912,-0.004757515484734613,-0.0014970723581249246,0.0002720613527449478,0.0002440495478014976,0.00023440563729635656,0.009831963187666461
16_4,-0.00534385980015884,-0.005111095660574323,-0.004183574855773978,-0.0024017116599678486,-0.007179800698680039,-0.005208816681173453,-0.0019913513401725387,-0.004975273374703352,-0.02428370417735036,0.017645798454101438,-0.07331404312140333,0.11944322029309737,0.037335619702120904,0.005705142190411389,-0.011998071364362341,-0.009663469381022057,-0.0050797427224356165,0.01031373830810497,-0.0028892082605272832,-0.008665517250756772,0.023131134826509428,0.025281939477333964,0.040316039171278954,-0.03725905833717169,-0.020170457304546186,-0.03543353306832163,-0.06882788127544273,0.06487865558205196,0.03559588922217976,0.03679474365705826,-0.00695900999044129,-0.04800264246640313,-0.025422589982299508,0.0129729227947438,0.10373606377838207,-0.006746210792473978,0.13586717661231984,-0.00592308677064879,-0.00696667396524939,-0.0032224690649698077,-0.00541046669575366,-0.0024544682872777233,-0.004434240376446878,-0.002169075659112466,-0.005501939557312868,0.0056898616671091995
17_1,-0.002215088097574185,0.001356796561409175,0.001568018076907389,-0.003479440066499466,0.0006487636595236058,0.001933007384405099,-0.00036503912726503635,-0.004196879935276733,0.013721324568133275,-0.2530681647730187,-0.10219087249970896,0.0943861124882976,0.03977903094516442,0.010127837748882545,-0.014996260048696265,-0.009412501767123745,-0.003917019083646506,0.005246240375659881,-0.00024148551254832084,-0.008390244389114052,-0.03399104065047784,-0.07887427049411479,0.016665635546245956,-0.06363707241317801,-0.020031848053330973,-0.08133611319669024,-0.08860867948154598,0.04813984281199047,0.08940933785319045,-0.020828473284041856,0.011615018769830497,-0.04167690977395387,-0.009672505376591835,-0.0016327143644164143,0.13451282487671914,-0.009939632370922841,0.10617736076419579,-0.0017550658116481312,0.0020281913753689533,-0.0023301078062304883,-0.0043490645834158145,0.004414028813948281,0.0014434565989637528,-0.003871302836283251,-0.004803509369747924,-0.03389796331475797
17_2,-0.00238507420906768,-0.0023236786100494806,0.00145227483826173,0.001197928724926011,-0.0007147252220257655,0.0015241462999713972,-0.00040168831781492524,-0.004105797566752316,-0.006995300400285013,-0.22012164894674408,-0.11047634592359774,0.09169597208661012,0.029955952697671893,0.009345546076798446,-0.018816298856273655,-0.011851829400602582,-0.004763620804504061,0.01197428060265038,-0.020087665668998497,-0.0420061961424839,0.01515831302947627,-0.07573780199885595,0.018730454173328012,-0.05973187309230207,-0.0063921732950518164,-0.08153121497964226,-0.06818339400345645,0.047922841659699254,0.08919192397773049,-0.0010031973458947626,0.011422466313954075,-0.04271254631574926,-0.006525395704337715,-0.008261960765069964,0.07843770762012738,0.006612604051568892,0.10914327395815683,0.0008464305258362477,0.001647532345571241,-0.0006626257052881149,0.0015832285748351802,-0.005229664343218932,0.0018436702072202485,0.000756010005761472,0.00036660166374280403,-0.023377572136881224
17_3,-0.004954205994450523,-0.000489315680725269,0.004254836714969221,-0.002018409237356597,-0.0024507630833970895,0.0015830655038366376,0.0006309018716245601,-0.003841846383393265,-0.0027300075722574233,-0.2367339745583133,-0.11389997135304186,0.08971033657339432,-0.08836175325892566,-0.011590247186419572,-0.01916799272387063,-0.012946936848741417,0.010054295671951942,0.004668523383770902,-0.026349269070562835,-0.043328627932263414,0.009470327734381046,-0.07142493309023021,0.030695521737736705,-0.06581192834359753,-0.016711149596476436,-0.09119037421397226,-0.02539271604042112,0.04701151685354826,0.07662541357482905,-0.1344002248896139,0.011390052484616392,-0.03769916364885403,-0.006880299946502569,-0.00750062170180422,0.0875480419922037,-0.004173360998357507,0.10971092210407392,-0.004523500815339461,0.0029869422843961883,-0.002222307623344871,0.000610743714316875,-0.004457587045985665,0.0029333613835690418,0.005106731370103972,0.00015879098743754754,-0.03276725442618295
17_4,-0.009616314377204355,-0.008042572352635577,-0.0036678449100139435,-0.0028391366880509486,-0.0029326852671037805,-0.006743621797650996,-0.002249148318818366,-0.005278697767589499,0.01300627895418194,-0.06639466106771248,-0.10595378612135702,0.09703615268059904,-0.10660947956289882,-0.021409961618425535,-0.023585685431303377,-0.01966625651897768,0.008270385499943,-0.008643772180986312,-0.027862077261804775,-0.04109518393514394,-0.0007780191019748648,-0.06501161025919666,0.013798637575805402,-0.07450972742018762,-0.016756970491866797,-0.08730522673758735,-0.08028650287002564,0.02952587831295512,0.04211192382298523,-0.00859696961877149,0.007249488461122836,-0.04902258953092246,-0.014745421805710675,-0.011084553173519014,0.10466143140358253,-0.03750801576332905,0.12923945299670528,-0.007511748168995285,-0.007166742437957188,-0.006553036568754595,-0.004198117633466261,0.0005262526736339706,-0.005816448504871404,-0.005012654437878451,-0.0050029955912987475,-0.029916302587314005
18_1,-0.0006355300053765947,0.002610089889191299,-0.0006011430404784394,-0.005018904464919493,-0.00039522884707136007,0.001093770546573256,-0.0002330676473275998,-0.004330808725306875,-0.032588549893396886,0.0023764628837993256,-0.098326410831309,0.09804260669615342,0.035718921551941264,0.008490891558282495,0.010210500010770552,0.007142795517200461,-0.004929013343036348,0.00661619191947249,0.006500435522892912,0.007292407564954876,-0.00908278189342217,-0.07415335827243405,0.014522060110458326,-0.061883021961248244,-0.020502740978848792,-0.07657539642969209,-0.0313837456761771,0.05503806478220478,0.03648108378112931,-0.005228786636861883,-0.009936408807581449,-0.06150346561207265,-0.02062433948970896,-0.010766703564174482,0.0870663220238891,-0.009349651892592192,0.11409819801052176,-0.0020082218858959986,0.0023358349754604353,-0.003151411696319653,-0.0070302951623141,0.0013292452620112252,0.0011260150128907058,-0.00629898361119246,-0.00636982744162254,-0.04236511656862927
18_2,-0.007742347977640479,-0.003688132669886706,-0.002650875464502146,-0.0029698179695280325,-0.0017417462016550056,-0.002551679122596863,-0.0007278691048320371,0.00030415576940227986,-0.030235743071171894,-0.010087742054486818,-0.10098130859154555,0.09200508484249711,0.0254542735635637,0.005273786702776917,-0.01909901833049591,-0.0156700222544995,-0.0119811500347832,0.001559114132968501,-0.004309060941355855,-0.01681753944442222,0.0001099492084857309,-0.0830042132641962,0.012015180110906387,-0.07093533371762374,-0.02255794933884895,-0.07943032300633562,-0.06899238959464161,0.04512636883795381,0.030337171155401615,-0.00928923744608518,-0.007646096304467135,-0.06570693339008038,-0.022414171121951296,-0.014062301081821946,0.06249778539036726,-0.004952123342054098,0.11203274125448881,-0.005348588708686699,-0.006093497267036502,-0.0038422028666595027,0.0001673157665240855,0.0006419619670525824,-0.0019247337388257366,-0.006387186567924636,-0.0013151529482730018,-0.03274525206820583
18_3,-0.0003773514645680063,0.0035964175625702766,0.004767062943959277,0.002288222876129807,0.0049389723471337955,0.004493819272949644,3.252730551023978e-05,-0.0012627295855303752,-0.02412440193355642,0.014483351378935269,-0.08901907631179566,0.10162343603705289,0.04013296928244285,0.005558791676616521,0.01404041027388907,0.009542400430557978,-0.005928777003120568,0.012273374067363306,0.011801465300157752,0.02719002961682807,-0.006057817249116805,-0.06956883187401201,0.039258329471203196,-0.053283672022146164,-0.017339423749226417,-0.04135506070880859,-0.011815483592019461,0.06086969666325489,0.04356612787878794,-0.06464228449437466,-0.004172683243643912,-0.05334971519537826,-0.01454299692053979,-0.007804904575151912,0.07815069010888001,-0.006700910723796444,0.11350057533501992,0.004235918828274463,0.00567220252261145,0.004378395458471353,0.004057599769587197,-0.0010427588667382961,0.0024473079222532535,0.002826255842000756,5.051487720141105e-05,-0.033613947055872666
18_4,0.0026601338210766805,-0.00532373382259861,-0.003667203213430518,-0.0028670160267756173,-0.0018098724754933974,-0.005321553696455744,-0.000333868341678566,-0.004037047415400864,-0.02014307106214572,0.013295174849242197,-0.09263544018730797,0.10792265375442987,-0.03993128458367457,0.008984351958983517,-0.009593632435286966,-0.006110264470940227,0.01721174551221283,0.007656101667942331,0.0012464781068803725,0.001960405230334693,-0.01001884700127132,-0.062066771818154454,0.0244889810643081,-0.05868398507665493,-0.01969838100851804,-0.052637937103510384,-0.012780875959085692,0.055412376000346215,0.03714880326259219,0.004107699786106219,-0.004003089994547616,-0.055302674394963114,-0.017398581388410942,-0.009712317684630503,0.09953752464403309,-0.014040712791703104,0.13264432683511487,-0.004106036968190507,-0.007964471038099205,-0.006313424325251645,-0.004585914195089392,3.2494333938089064e-06,-0.003824112649013416,-0.0015674230582319987,-0.005586122124424054,-0.02908679885696096
19_1,0.005937620721904461,-0.0022622445376939897,3.96325017629643e-05,-0.0016535462275759274,-0.0009942009616974476,0.0033898431927851646,0.0010826471780874829,-0.0023762363346842893,0.034799264085705106,-0.035869345285796016,-0.10141657264419227,0.09607362060130248,-0.08122295280423775,-0.01594258883049327,-0.021166765946455213,-0.014443656675542146,0.010532054423053657,-0.002428359034677667,-0.021378847134248938,-0.034565177143610765,0.009336387068880972,-0.06821747854867308,0.0389030392062959,-0.05369679156605022,-0.017762612609387152,-0.07650441832606146,-0.07438740053434703,0.06969855686256873,0.02284496768889459,0.029416204475913144,0.013492167241134166,-0.023119044275936123,-0.0020094528351895717,-0.0015219940562654192,0.09773899036808738,0.027231041755481366,0.1178452388059427,-0.00020329456421044236,-0.00038724029000060427,-0.0009321733984236855,-0.0007154120886520039,0.002691687747480134,0.0015255702731468148,0.0015241591185934085,-0.0007132314833745527,-0.01902233645994473
19_2,0.0034342185835416587,-0.0024673189492848565,-0.000959404984857865,-0.0014284864803812084,-0.0007746786746838837,0.0024360547518224944,0.0009454661724544674,-0.002613670618302399,0.019191632970981906,-0.001334358796768027,-0.09907114961014883,0.09665357876442383,-0.09199512407427814,-0.01770031168966597,-0.021762010001762134,-0.009984462643773742,0.010655788800287608,-0.005193678763629738,-0.024161931726239715,-0.03524326337797427,0.002239536938171542,0.01815983118235498,0.035903902001251715,-0.052391734760000835,-0.006750412599348779,-0.06383024909027243,-0.06951160744929757,0.06976073287231196,0.024662460477510268,0.03444447323038906,0.0029795645176092533,-0.02483493015150282,-0.005665063251902365,-0.00206795517510521,0.09592526446499275,0.024044328480623756,0.1129277581802468,-0.002872834933540458,0.00017857512077374058,0.00036979137384070195,-0.000875675956470762,0.0026834576768326873,0.0004671750231424747,0.0015939728686981552,-0.001840106906018252,0.0030834973551846427
19_3,0.004840507240614574,-0.0018498836727483964,-0.0004604708659739647,-0.0005906490810133791,-0.0006560956112092449,0.0026840951032741896,0.0012694674903487243,0.002484939294625888,0.021058412707054105,-0.12045301377253756,-0.09935090640593904,0.09338510727254641,-0.2614093274483087,-0.03170210596246437,-0.017858176439733118,-0.015206910528672311,0.007588396224505305,-0.005709074366396939,-0.01835721758967485,0.00032471706560496685,0.0007658497318228917,0.015832720753784994,0.035932485200381704,-0.05535174208591335,-0.009874781771664742,-0.07984376063625624,-0.018721861783498002,0.06997301647561745,0.019725485394475606,0.02966176963918298,0.008905213848441685,-0.012875470804562077,-0.0011237346886480328,-0.002267290938765889,0.090001599792012,0.011406863198438004,0.12025325044567116,-0.003840558569715925,0.0007392924001549596,0.0012531751287817607,0.00046525824652163614,0.007550516584037687,0.0031465567001870733,0.0025785795123089077,-4.665165278436692e-06,0.00441786588870283
19_4,0.005840430135284693,-0.003050175274595819,-0.003995337251456751,-0.0014604869064432585,-0.0012679052382550782,0.0032345729628185313,0.0009873490071966504,-0.00207119355145189,0.020530675845163413,-0.028362122160471424,-0.0984290956502998,0.10076481100569241,-0.08822390803758867,-0.018748235950157427,-0.020011065896598363,-0.010040109088501961,0.010503754141523209,-0.005502643272033165,-0.02192344661099808,-0.03380768120854337,-0.013858522213943326,0.020516803125292485,0.038268633504893436,-0.04947161760260373,-0.014045101190101657,-0.07240557367189326,-0.0757751661531086,0.07364620220715254,0.026509519079036602,0.02988917946452745,0.008179233182130952,-0.025886015289232657,-0.0031107518414134707,-0.001717438974923012,0.09944446646902673,0.030412822292567122,0.11701462639475842,-0.0005330646957621844,-0.0029998513068428784,-0.0023566323668724586,-0.0009049888567570059,0.0030565674203200245,-0.0003342355741097417,-0.0014103462360508584,-0.0012414073752348694,0.006074593971324483
1_1,0.02037907499804406,0.013177013146172081,0.019454935327786672,0.015552370568085965,0.0229300506983849,0.01658378028715956,0.008067190518921017,0.01874573915793681,-0.014563245022735503,-0.20865321608193504,-0.07920522975468551,-1.0921734068459856,-0.05160666037139349,-0.010306445917331042,-0.005040777420205748,-0.0002668709964864232,0.012945280502381057,-0.0007475033458326462,-0.006103823541498587,-0.007525645602699259,0.01157479780813368,0.016984494262616223,0.025627583941711662,-0.030165610691187915,-0.0071556909027910955,-0.03175427660824193,-0.05357057369826428,0.05781271994748207,-0.025856896496508946,0.01119322631599462,-0.055309883041401095,0.024895628229471015,0.0029190226975042066,0.0010862826959794456,-1.3830351088398876,-0.018211067741251974,-1.0121924694711908,0.02103522962237683,0.02387615697851722,0.014578806976861584,0.02177138158098893,0.01063719068515991,0.009897527975419842,0.019548835625597002,0.01270372141108996,0.03354908104000602
1_2,0.022164666675420986,0.01568803997832229,0.016684417600077637,0.014917791201983126,0.016388833529617505,0.014479455082762792,0.008217980920541934,0.021446258336973945,-0.004620249755895487,-0.18392721191948083,-0.048889684512797786,-0.484459346928075,0.024659572801253138,0.0036191766469261637,0.003364291814088649,0.006684154887237532,-0.0025047358022929123,0.002642751877063582,-0.001830799355570961,0.018639994758364937,0.006778530408196197,0.014271678634903539,0.025342480590415543,-0.026740527770656726,-0.01025687073554068,-0.054414341996064035,-0.0017757816798129038,0.046425039809145634,-0.09966552038247069,0.01069065408234256,-0.05751827592930024,0.03433508255004864,0.03215041253723835,0.00152809292870004,-1.390010301282526,-0.02944546382261925,-1.0641159104447613,0.025373051514811742,0.024013078955247125,0.015886964142370716,0.021257069583377548,0.012078234520848264,0.010565901853904422,0.016109118278409423,0.014860893684237006,0.03305411177692171
1_3,0.022446330467040115,0.0177554857187559,0.024711048672496388,0.014144693363034583,0.01701810670089936,0.01824363847512069,0.00999823998015961,0.021797788569806284,-0.013507952294998144,-0.20411280848286745,-0.046463948340702034,-0.6944263315011222,-0.0671473303910781,-0.029305676221269398,0.0011731619084100287,-0.00605404265283605,0.0059966506066452575,-0.025549078537182766,0.007952529474768624,0.00158563849756731,0.007814196473891822,0.008410725816125763,0.02168944928583982,-0.025381941459630807,0.006774479362081078,-0.03643118964758806,-0.06494940533433123,0.04251915701879077,-0.0451427273110095,0.0038428584892475546,-0.05784265624510371,0.03070878592875242,-0.0023960423752985753,-0.0011119204681448794,-1.3131147338279874,-0.01965322361587145,-0.9805738536278803,0.024557452177708994,0.02647990213710777,0.01697920793301779,0.02592322155638221,0.01340577113028903,0.012144396294820827,0.019118402156358495,0.01886609248496764,0.04250155176277303
1_4,0.023212599192947884,0.015997816340137666,0.022759533239607468,0.018597362539228262,0.019069195486082102,0.01928921229596959,0.008598192821514946,0.020934501182808894,-0.0035047194144253854,-0.20385934456238286,-0.03320727554586572,-0.8219867896579761,0.02339303607674539,0.006137360295246229,0.00037597873268549215,0.006558971777412201,-0.0012197642671732277,0.0024483690020730997,0.010235660575005169,0.014771924768885265,0.012354219705808292,0.011031681372441905,0.029084407909041564,-0.021803801905661217,-0.0016978455038121414,-0.027907572662085992,-0.06087563109206142,0.053238532770106275,-0.04327181819637363,0.018424453412626392,0.0021905432099594245,0.03146371265256273,0.010710653451625323,0.0048900777762885496,-1.3716651147430963,-0.0316424072805128,-1.0408169558430875,0.025117523876756843,0.0269542339949627,0.016139795027529873,0.025522245451522298,0.012527140841789589,0.011422634693349708,0.018203892679779465,0.015766886296352034,0.04069630449615875
20_1,0.0014115822567477502,0.0006406228555483712,0.004377014281565517,-0.0017439662320452123,0.00015979510037871208,0.0015402772277051517,0.0004130137304835188,0.0028072294230537228,-0.013900657750509263,0.029488050618606133,-0.10971833603787168,0.07675456360226394,0.04638919764214098,0.00946022737667778,-0.0062501099928119735,-0.009234971825589558,0.010233137589994626,-0.013678219969191,0.006943211991191008,-0.031757795092588484,-0.0027352794276773386,0.030266185216630114,0.026620363917833068,-0.08057355197745703,-0.022282530254958192,-0.1056914331276228,-0.048764761649809654,0.05015973385014354,-0.030490002069550496,0.00963669226587685,-0.029044381759395763,0.019924929490630693,0.02104044268471691,-0.0062916857582419675,0.15290205933746032,-0.009946301755133762,0.07811007513782192,0.003607084870152675,0.00306081911408763,0.0020961890596113285,0.0007675439177344423,0.0028850055724923217,0.0006093432494537078,0.0006446739620959566,0.0015647959081166107,0.010011120274498669
20_2,0.0022861544374087263,0.00020319658637300565,0.001701031368493783,0.0008960734888935168,0.003755378974839556,0.0015987881475379956,0.0010635927062999124,-0.0026018942359726663,-0.02985802766607208,0.008721814692551275,-0.11979385165244581,0.07772123518960423,0.041035121205241575,0.009912566527082129,0.009199533564596941,0.008059824916382519,-0.005189843735294868,0.005190149911594685,0.00843169733093466,0.017973794337039276,-0.009681875356665526,0.02664734259467978,0.01510246638911181,-0.08709840517666453,-0.00229468374976373,-0.1284232880994854,-0.06324329049150461,0.017622049854211855,-0.02777268817970022,-0.004238772289013888,-0.005110296299865911,0.01586706664120458,0.019665641134101724,-0.006484822985608526,0.14481533254451015,-0.008942203758191066,0.07235840546277265,0.002029306990457848,0.002637077400562743,0.0022420920914385705,0.0026068488011400763,-0.0003060892645508419,0.001653603764986725,0.001897042659094285,0.00023223090779339134,0.007980797675579621
20_3,0.0018979603774673716,0.0013689189945093523,0.0028698419087244964,0.001556085029998003,0.0026234810153416364,0.00218137179334413,0.0004251273058961422,-0.0021275098329823837,-0.028300544545907847,0.007760127750816587,-0.11798870583733062,0.07760040145002634,0.041079341925508564,0.009525235384172041,0.0077582377363342135,0.00287143762315831,-0.006263463917663867,0.005200523183615985,0.0032420605023167595,0.023183302323688263,-0.009619385313321193,0.026713524287812943,0.015357117574355731,-0.09015742597349806,0.00042709404910560965,-0.12680496629588128,-0.062417823114163426,0.019431837980634057,-0.03316630983245289,-0.0022632773340578094,-0.01953518731606391,0.0179339494212143,0.021103156269872924,-0.007193098773916587,0.14135125486524058,-0.006787946678200116,0.07338125622528686,0.002087469757924131,0.0030259586329896174,0.000785631273136949,0.0013417001830950672,0.0008577513033712562,0.0018552829420885636,0.001644021035962617,0.0010224005490325147,0.007871738722768282
20_4,0.0017742599858041402,0.001185916743078495,0.004914265579263722,0.0018987974649472953,0.003253351337451636,0.0015537901845520264,0.0008344412855958867,-0.0016193772039887226,-0.020922770542136586,0.019088015665953875,-0.11312480615308887,0.07731853429438891,0.0445872352493245,0.010109644817709628,0.010130278108988512,0.004495441898262653,-0.00498708603860314,0.007021593774099612,0.006002044486376442,0.026027891139599486,-0.006850201841404251,0.029633875960600575,0.01622555832702609,-0.08429006822782732,0.00032427589923639857,-0.12244779321158787,-0.05918216441704519,0.02307176932384182,-0.0071460412198393695,-0.0013190278889215565,-0.06174664428746881,0.022562519017535847,0.02342462896884837,-0.006511281296656239,0.14927928974396604,-0.00663490081116786,0.07405359938279613,0.0023455231931337364,0.0031453112648564528,0.0013410357284177662,0.00192252249541102,-0.00016806408477405314,0.0021294933921936036,0.0015310326417074605,0.0013398146466200823,0.010181772419689558
21_1,-0.005961820682347763,-0.0049260960482414755,-0.005251624478091395,-0.0032440315757477946,-0.005844044673586015,-0.005508313766246463,-0.0020621551437727294,-0.005727652241490632,-0.0185579520303713,-0.20540671694149118,-0.09411283431146043,0.11995957005844729,0.034019332209930406,0.007540011612815812,-0.011266360265696272,-0.00871835685252442,-0.006524198565007991,0.011128848989983755,-0.0014628826697201812,-0.009547034346291536,0.012159990831925427,0.0246352375043631,0.03772899675516694,-0.042290379649954066,-0.026788724714583153,-0.040094741558051476,-0.06157234795283617,0.059375903082107634,0.08156936709188896,0.030375831799933257,0.002953529515366303,-0.03993145955191891,-0.01935964482718036,-0.002897831375266701,0.1031917102987747,-0.0025259748519607926,0.13952537958761788,-0.004909480765393567,-0.006868767566151775,-0.0035718241852789787,-0.004518638411584594,-0.001936761790179051,-0.0046085991312333425,-0.004093017451997478,-0.005990997131321635,0.006847645864057894
21_2,-0.00549803702470314,-0.00481909416775688,-0.0035670064112083167,-0.002386680156124969,-0.006168690961935468,-0.005383678977482498,-0.00062447231186724,-0.0053088967041830136,-0.016776534395228797,-0.19318586698100748,-0.0830307286866479,0.1110834753248392,0.030602268637819795,0.007875792369069356,-0.010788594477042529,-0.008197388712485527,-0.00850062267081349,0.008670234715879382,-0.0009613013086438295,-0.008601938787448951,0.01317467249328036,0.024529268844863047,0.0383734607288596,-0.040511407161642914,-0.012885380926663576,-0.03807560185649125,-0.05873675701839204,0.06184522125396522,0.08382193863252001,0.0327877246612974,0.003790438376969796,-0.038826876799876675,-0.01791276478093751,-0.0027707039420003933,0.11159475774649937,0.0025567936567535703,0.13818963888534033,-0.00485347871520632,-0.006404223196390714,-0.0031622693138227006,-0.003373278648358015,-0.002325965455926753,-0.0034891299320385792,2.2465707724097302e-06,-0.005269810542773424,0.008723063834538096
21_3,0.0033244841969991322,-0.006113906821779997,-0.0038978633284957893,-0.003603979864349994,-0.006684020697957879,-0.0066826631184635785,-0.0033745277016285734,-0.004607265337071538,-0.006530388580033598,-0.2294869194198926,-0.09976654487294837,0.10504506754284902,-0.10611881514283726,-0.01092320701349109,-0.020072007248675736,-0.018188442054508126,0.006089960994839317,-0.02661897475813389,-0.0213410452717414,-0.036071251251957315,0.009536975269570617,0.016136470541154527,0.03042300915924382,-0.045797954393618154,-0.02254116995541758,-0.076017648159344,-0.07687184049786197,0.05836393996965205,0.0733286359235331,0.03219792555144592,0.009625443957254442,-0.039295352362856646,-0.01889312081733906,-0.011187756689533254,0.10264980885228461,-0.021124978997906448,0.1325779512257902,-0.0042923057279220635,-0.005900244552501335,-0.006561760938832422,-0.003444125495566719,-0.0015487701167416403,-0.004898002333119517,-0.004264832931544192,-0.0051124000936451424,0.0069439418289509985
21_4,-0.005197415180874224,-0.0046755201069980075,-0.005755446014056251,-0.0028500926804611152,-0.005128884024956118,-0.005578827480934021,-0.000699293336492098,-0.003824658825479636,-0.016750443584914856,-0.20224514418317177,-0.08968088135996526,0.12089191353387406,0.045470474353348195,0.011239107976913005,-0.00995270135367038,-0.0070327369233188835,-0.0036732746745110874,0.01422414711655837,-0.0010125447245023515,-0.00820018556867496,0.011168415019565385,0.023939599008591772,0.039194280983649105,-0.039075356566627605,-0.011978581137371004,-0.03727322215017978,-0.06034261346774112,0.062162013618411956,0.0840284651240028,0.03352206633597641,0.00381149836002737,-0.03864347729099935,-0.01852042115767266,-0.002080943001040707,0.11668903684414893,-0.022711451326924367,0.14109121313179815,-0.005131653349492916,-0.006382882785756881,-0.0025590009587661633,-0.0035401771265737027,-0.0022876112041094383,-0.002882575969854442,-0.0034461499168572684,-0.005135248104011449,0.008155051811614434
22_1,-0.007351366001517608,-0.002000247584239132,-0.005873770945131593,-0.002898367448053117,-0.006118747682876628,-0.009449133347820677,-0.008260032400847531,-0.0061881473096856085,-0.009805490189317917,-0.3133034120453413,-0.12279485381809953,-0.0859019634213517,-0.12335497405962975,-0.03556337435053827,-0.012394718769220516,-0.015685244540731353,0.010344929923044827,-0.013980458309774846,-0.00470061034353368,-0.014207774644665038,-0.045466244388789115,-0.09925021076142382,0.03503824541454359,-0.05036188599431833,-0.008938352251160863,-0.06652539667546696,-0.29666052685808025,0.05688781611560843,-0.016155455670796903,0.03048251469277399,0.0002550561707465687,-0.042517672945575985,-0.027339498544087903,-0.007546372156575666,0.11021889055454119,-0.03610381685959371,0.13083827505095855,-0.0073764794397463635,-0.006206786239053932,-0.006080519108886466,-0.005787749277884969,-0.004436417501899128,-0.0067312426086092725,-0.003070701031339687,-0.006006319313541633,-0.013168132992115585
22_2,0.002429596423149216,-0.0027127516854060746,-0.0012512775085440947,-0.0018645909164132224,-0.0007088873204894236,-0.005008303305464988,0.00026582616448624053,-0.0030572470362819747,0.010823072510976015,-0.1959713079456581,-0.0953332057856879,0.11036139345242163,-0.12316991979681094,-0.025056801533137642,-0.0147702057974155,-0.00624545933700424,-0.000916810891693531,-0.11907832229018847,-0.015852969620267728,-0.027701191397346392,-0.0010783370144519804,0.026819724700480135,0.03479430058538389,-0.03899032430223614,-0.005469927397802484,-0.042090336515955944,-0.0015445622464952463,0.06534852303283527,0.08558035912218202,0.039803885322625986,0.010491016101620423,-0.029490431006083822,-0.010251208285729478,-0.005790369791182808,0.12408969669969604,0.0033126736807869003,0.13921139095047255,0.00022435174720111838,-0.002344667569981652,-0.0010146727419000636,-0.001937245312944499,0.0026032667823190003,-0.004169759174084558,-0.003136373290672245,-0.0035577086093198816,0.01135957307028836
22_3,-0.007071241901787979,-0.0024929624837706182,-0.010641018553843895,-0.002417021835445592,-0.011060583059988343,-0.006863489827679118,0.0014347100858402271,-0.010735025456661582,0.011542870572120596,-0.20693007860607582,-0.11885802978725775,-0.5930038464428986,-0.07267984998046571,-0.01786443358530863,-0.010047301155515359,-0.0047845200018945275,0.009232564738732494,-0.004836219007321886,-0.014517609653722868,-0.022976461940752205,0.012699887484929274,-0.06176278160665377,0.035677176049510935,-0.03797775628317367,-0.0025602178697092244,-0.04308278262052812,-0.05286329912884573,0.06538016707006476,0.08355089609206168,0.034632613220876116,0.009165853375390137,-0.037947209174016984,-0.027011942772004655,0.0018761222349946152,0.123424866461084,0.0005946929215569412,0.1374289529154498,-0.0048221989162005935,-0.004418192632741544,-0.006191599102387292,-0.005275459352940492,-0.006566324778029659,-0.002011452598024185,-0.004439248314039897,-0.0034830716380240584,-0.016313897876372992
22_4,-0.0016437641607368238,-0.0032270034008320234,0.00037291632679191226,-0.0025161406505164203,-0.003645663519548057,-0.0024866432124392344,0.001929429728022796,-0.006387026485648745,-0.001347459711928124,-0.23346413646647526,-0.088219705317899,0.07105488488261252,0.042920894934364504,0.014856007108026826,-0.007303407057742429,-0.005055665633471631,0.023540752669804956,0.015499605824468878,0.0017340126455535237,-0.003517555186762676,0.0017529907841228728,0.02665773084316038,0.04454319458282407,-0.033834896835884996,-0.01068983247245278,-0.029912875105759705,0.024581638668290943,0.0689338139852564,0.0020994832231700194,0.04380657748085936,0.008496713522027265,-0.03305796566447641,-0.014270212904532752,0.013163427857129257,0.12340882576591336,0.005274736319915354,0.14124365717935808,-0.0038955465112193465,-0.0030325296641126203,0.00044492808011509385,-0.0029749288224891284,-0.001075690888206193,-0.0033954132303608262,-0.00033229362484801296,-0.002947395941464235,0.008236712593486897
23_1,-0.0041402291559616096,-0.002927146747437015,-0.0033510932867299574,-0.002072915769282696,-0.003965496199807108,-0.005534996825674297,-0.0014233850717140632,0.0004950116802791493,-0.011414124409198489,-0.1020727761179946,-0.07674242928379005,0.12151204069595088,0.04020620412187032,0.009202782934965889,-0.015968377448284894,-0.008789391999882738,-0.00442149889579213,0.013829197064783532,-0.01737269617841625,-0.02866458751422408,0.045559493484489136,0.029739721175010794,0.04303741130695936,-0.03660342990142349,-0.013618355014376521,-0.027983713313722257,-0.049717160905731334,0.06391065932430068,0.06267570518865556,0.04116533390812516,0.014074343128601164,-0.03346116074716953,-0.01569132163080112,0.0175451361693863,0.11799538385305809,-0.007731231996570734,0.1417066334226033,-0.0032370873822454974,-0.004929008374017579,-0.003102378076170726,-0.0035191525934867717,0.0010332230997582646,-0.0029880005966893912,-0.0013697748897279118,0.0007224809590207653,0.0162333277229334
23_2,-0.004603507181423426,-0.004473463675964913,-0.0034073123976307387,-0.0028004746503926853,-0.005180776808405469,-0.005381911509732507,-0.001677599572391058,0.00011699356131029781,-0.012711918062443768,-0.10339043649959898,-0.08027167149807893,0.12212452224486502,0.037622087569993704,0.009227163106426153,-0.015703166529470527,-0.009016011053451211,-0.0050254473599263974,0.01315664926489375,-0.018159201481922953,-0.029806465650292487,0.04493512224367538,0.02916321426243712,0.039845036263158815,-0.03824274665830764,-0.014555868188290888,-0.02933079201025072,-0.05065370480665234,0.06312014684522743,0.06188458034541812,0.03951536704175987,0.011933433710061059,-0.03399047879778886,-0.01627839743748454,0.016772982914419532,0.11682067170281137,-0.005376494340026816,0.14169548730972778,-0.0035532524625098735,-0.005840869558656061,-0.003600354729695218,-0.003450267592308488,8.279404719989285e-05,-0.0033171172634298145,-0.0015638514348913935,0.0005201928884962963,0.014934604733423224
23_3,-0.004483827816615356,-0.004428733253313926,-0.003357396401931885,-0.0027004809882093133,-0.004694340009330617,-0.005963888686886996,-0.0017022028053912779,0.00017435101428019007,-0.012543101572014574,-0.10203123804712962,-0.07671754959713255,0.12178362942880123,0.03825998246834442,0.007338184782061565,-0.01573719836801921,-0.009007098496953239,-0.00541767929147131,0.013368050220668143,-0.017483808163585603,-0.028293874096701265,0.045159423453413214,0.028559347041038033,0.03854198171329451,-0.03739139545436157,-0.014773643663157138,-0.02844781429850325,-0.050135226731218445,0.06361105672556022,0.06229706113002055,0.040033509987130116,0.011931957639348982,-0.03375832444496827,-0.016009553876844114,0.017187175388141514,0.11714504128767211,-0.0020077982384332964,0.14122742694480744,-0.0031254225311211667,-0.0055691381856968125,-0.0033296578264062127,-0.003406915069520447,0.0009029149965564523,-0.0035103093568380123,-0.0018583660683873366,0.0005557005301971505,0.016190361070275754
23_4,-0.004315627903753048,-0.003057540259538203,-0.003012266471984171,-0.0024156927445339272,-0.004053494514246823,-0.005588345958046752,-0.0014868745859215765,0.0007282676834319292,-0.011648263388029313,-0.10169846444853214,-0.0757481714032847,0.12283016523891195,0.0433308374725503,0.008661842150427979,-0.015471787130700567,-0.008817258514883351,-0.0034959433119371554,0.014827014279908473,-0.01643589504596616,-0.028285345861709065,0.045882333266644225,0.030307354030513562,0.04425244739195223,-0.036462295038885005,-0.01370690315274482,-0.027581584776027252,-0.049235611590818136,0.0648496141036809,0.06289007464252427,0.04155878192337842,0.010525435655694996,-0.0327629005964569,-0.015485171884556127,0.018110439377057107,0.11911221311534054,-0.0018373621982828987,0.14235948021515657,-0.0028804324666877623,-0.004832166735534056,-0.0031079354608567083,-0.0033256125333133257,0.0016423111338403416,-0.003048695561352737,-0.0017047800621126737,0.0006560934040525721,0.016127905119715513
24_1,0.003636306603643921,-0.0017685576052075865,0.00038038829451096786,-0.0011706728758721521,0.0007931856438092129,0.0015633085467728696,0.0014252659769727546,-0.0019262889795103703,0.016643691520314453,0.057742166784509795,-0.06658501085934597,0.14227721830436357,0.04971290642432582,0.016409990003351436,0.021749763469829462,0.01281101240084581,-0.0015903654732103496,0.013677607910410058,0.018464826551517034,0.03865239571079621,0.05219377146180256,0.03253727374360709,0.0488163627966285,-0.036589723518645055,0.10739500876340968,-0.01004457489012208,0.006752394509761322,0.07894276485827492,0.0647406190427608,0.04364898453447841,0.007841101087521866,-0.006089594604682812,-0.004612090300485639,0.022205200930918424,0.23321995771402057,0.034834973807777926,0.14062245874321155,0.0005087126595025036,-0.00039986821653758317,0.0006848407333678206,0.0003722955612529695,0.003172683921638529,0.0014419916074572563,-0.0017244005357072755,-0.0017744029976511126,0.028972295091618402
24_2,0.004156593186348458,-0.0017766737914471894,0.0023457718552043344,-0.0003558428565653725,0.0011506471201509895,-0.00010294294713131696,0.0016550951462098382,-0.0013184599897206424,0.016699232318849136,0.056645881365181186,-0.0665489599456914,0.14367330646492688,0.04942586898228507,0.01659692504096455,0.01951606430489504,0.015842807852828353,-0.0016048304455274134,0.013524950321959214,0.018632184391338322,0.03859062293384084,0.05122161688351594,0.0320595866717753,0.04877928265010367,-0.03525513233079371,0.10891353195672715,-0.007451516138691916,0.007306094051369417,0.07908737710132603,0.06343116802741341,0.04360418845014199,0.007458633934076156,-0.006176591408320479,-0.003965184744936035,0.021915755987023593,0.2359566654614808,0.03417288426177317,0.14160205497910291,0.0010696959531343194,-0.004412556487019544,0.001160808008794442,0.0013420110300765673,0.002878860064144072,-0.00023901960694162452,-0.001639793221159106,-0.0006756872065870421,0.02812820053173221
24_3,0.002918487727691859,0.0020785937627227943,0.0047783566941566645,0.001740856397706723,0.0008252939118268742,0.0028781402726769136,0.002080076459397831,0.00039614962125242634,0.01662025316416099,0.056078682369345954,-0.06557198691299006,0.1337431653816503,0.04906862782671666,0.010498064560809853,0.01593283168081766,0.01140595903545491,0.00044797718758980037,0.014824591710865268,0.00920723673273292,0.02242324180374576,0.0488350442545165,0.024462694290932247,0.04581130519574699,-0.03616031471055191,0.10246210742565795,-0.014378098899602744,-0.024156631787854266,0.07773740554962805,0.06028311789793883,0.0447404829267742,0.00780056590446093,-0.010762440279372586,-0.005560262680694292,0.02091460528462009,0.21307289484653583,0.025730475840506833,0.1303262481574401,-0.00021984492665491376,0.005027999775922965,0.0032290679475966374,0.00480955112943209,0.002460508527184206,0.002041653593578773,0.0033008793382710115,0.0008261453452258369,0.02882562218933334
24_4,0.0041334037947253245,0.0006753360861727258,0.0010887331255864836,-0.0008991923836738147,0.0008332814115477504,0.001732942661268144,0.0015411031442843666,-0.0016697701873732596,0.016771971851475297,0.057462461071806865,-0.06604655307488355,0.1434745325712541,0.05069280560107339,0.01580702322256026,0.021256971246142873,0.012481982365417822,-0.0013982326143345625,0.013806511044412008,0.01837595112966875,0.03817442615952681,0.05186451332594717,0.031939429671894365,0.04888542696725454,-0.03662106548158035,0.10943537204592141,-0.00930788136929862,0.009098808735898675,0.0796181697379861,0.06617392153352415,0.04451009951942366,0.008142065468511157,-0.006520758562298764,-0.003011191790045563,0.022055601285599184,0.23376223813511904,0.03482717043311098,0.14246730287709594,0.0005327484659064031,0.0025537487593602273,0.0006687158159607164,0.0004433339510829871,0.0031763132340963153,0.001512347508834091,-0.001559454168365918,-0.001458741449309113,0.02900563453897231
2_1,0.016733587247673366,0.006278961410784775,0.0003710235582329865,0.0005686437445872416,0.0195101841326927,0.0039596369609285415,0.0041075553421875055,-0.0027606669134026644,0.05127001649344697,0.3579654071104005,0.5720072472691659,0.4334861745703715,0.021092254185946537,0.02163424644407677,0.005643405815422339,0.004583245372342348,-0.0006731306620523978,0.008531137759356768,0.006444639209991029,0.007812191954231944,-0.004213361419017946,0.014057509798371847,0.05231094858566004,0.30215411239123424,0.06983912394945854,0.3061265706709982,0.2750832111240975,0.04865475738021681,-0.004134077144864603,0.026502280153328485,0.010090413296508142,0.0140210128855187,0.019370843558365207,0.005339892385026728,0.18183661591708644,0.016793423595780718,0.15467810190525114,0.009729461362879662,0.0067195577531437,0.0033995309215212573,-0.0001609912986328346,0.01589454440409866,0.0077572222061143776,0.004446188384553568,-0.0010016606484574832,0.010082507817442063
2_2,0.013002121064358114,-0.0020845731343730857,-0.0038463150047552555,-0.0007067211759382246,0.011153489587207431,-0.0009822843517162385,-0.0038582356234409905,-0.006663219128346856,0.02391092405621815,0.31554081349398,0.4948008282722323,0.4071519951396956,0.016833655824177833,-0.002749389870334918,0.0025822477274382335,-0.0020160561483078677,-0.0012115217816559857,0.0024657981091265914,0.0017498635358853749,-0.0004258910317695151,-0.0028219846182252453,0.007081174852203695,0.023288022288899732,0.24727573303316458,-0.009832054082866864,0.24463201993039482,0.24482542151107306,0.05019289525453493,-0.011526424172779994,0.032662641136695966,0.007344312155704654,0.0014335323773649843,0.010031221492109959,0.0034215158449431805,0.017393177513291433,0.014817882216192289,0.13613923214318488,0.009330972017121276,-0.0014568059170637613,-0.002501742686687191,-0.006856401431324088,0.00876620225640183,-0.001717387504129006,-0.0011967682881915329,-0.0022918839097728918,0.003023570629076385
2_3,0.015848981574681665,0.006365698874324937,5.143371975516983e-05,-0.0005054469306994708,0.013420702187643357,0.0038940985278413417,0.001754616335078595,-0.003395360846630781,0.015431882466877978,0.3220807130671815,0.5377569565469343,0.42927141055029977,0.017839400893338336,-0.0022258283859325945,0.00824233128055103,0.004279237987861362,-0.0016171886740873687,0.005022777740167473,0.009973535140334841,0.009010058791616418,-0.03910522965266447,0.0101650824781058,0.04844001221396446,0.2954704976689312,0.04524799926198192,0.3024302779307708,0.27883211612213216,0.034149773384362855,-0.016525930301252163,-0.08429667486793822,0.006360360129919608,0.01091183407811348,0.01793026704462215,-0.004281483970711117,0.16599336903191325,0.013789114989049221,0.12763179016842932,0.009635595623545086,0.005715250074776556,0.002955835874272606,-0.0009258262289587239,0.010918066456244185,0.0016315955394954334,0.0021789272663617636,-0.0008570802451284064,0.004406132135043193
2_4,0.016267087567473814,0.0038183845157859385,-0.0006924112152119828,-0.0012019554852397368,0.0134634968185648,0.003544289305289952,-0.0005293544208801959,-0.003391453975336549,0.015531526299205923,0.3234935743491157,0.5318901909741621,0.42911515438554626,0.017772730215517177,-0.002311047553261277,0.008047222275037985,0.0031720249031069484,-0.0014881949034058308,0.0029439375912695925,0.009156608477434592,0.00983453473887249,-0.043167727246585325,0.006190861389164547,0.04670867194431348,0.2994715333972078,0.044131134539990055,0.3043293700842492,0.27953689974558077,0.039375900187544555,-0.020345185378220863,-0.08384459674860513,0.006928726905808491,0.01055253649385824,0.016496791355124735,-0.004555634734333048,0.1722032462723119,0.011717216339758502,0.1297889489108962,0.009615934004196611,0.002757538592004826,0.000777084756456726,-0.0009783055445034018,0.010678071282069188,0.0015098331916205056,-0.0026005242671982135,-0.0016497303154568458,0.0026346798960158843
3_1,0.0017711338479327744,-0.0006261294994033139,0.0036261093011891714,-0.0015089709808508624,0.004271978233842687,0.0028488708073470246,0.00018358182604030527,-0.0006690493384966782,0.023661119104594196,0.09666505181179941,-0.07861289263737252,0.11526580056350717,0.05052738557220897,0.009695067854078617,0.017801407811967658,0.015437369751791295,-0.0004208372603854628,0.013858798237545693,0.015465389243073953,0.037856046739866984,0.018540015576991056,0.03083530544555786,0.024641099827466994,-0.04920630244532504,0.008079564182028025,-0.04546702144842889,-0.05543810567823416,0.056603610446106234,0.03863346387059544,0.029564548931101914,0.01383829691869572,0.05824606191836172,0.030493300863897607,0.012730959035324195,0.20250839396759077,-0.004913272118083725,0.09568071031280644,0.002364437363200169,0.004422082294218738,0.0016952814093427876,0.0037580862341378887,0.0016642394974723108,0.00192620434644324,0.002070817948086232,0.0007699567726881059,0.021522515937028745
3_2,0.0018321273218351308,0.0025981439376784425,0.0004252026334916508,-0.002526694458533241,0.002684483852285962,0.0012036252328957303,-0.0004370693585459254,-0.0022616563435099916,0.025168860445687502,0.09348207895239777,-0.08209904508152302,0.11282163553051544,0.05614859751187292,0.01930261980441552,0.015630055017656262,0.011637243136300239,-0.0014199586676073345,0.01572968759285404,0.018857594679442855,0.02434586918571643,-0.025855515861922935,0.02983334136250259,0.024812866557492017,-0.05403123114925141,0.002658730675564939,-0.027818253077607703,0.005385527820167083,0.07087029393573621,-0.026284834129252272,0.011579545136479252,0.018190242375391283,-0.010259013873204735,0.006431493809379798,-0.00036274323785471206,0.21330015097321225,0.011255131348659676,0.10235365481266073,-0.0008095520646988339,0.004368666843654566,-0.0014958058421062866,-0.0006541545471869576,0.0038578764131339434,0.001400645579743,-0.002526857396766796,-0.00030669934933027257,0.007082426029579238
3_3,0.0037326614142629486,-0.0004753558124744173,6.74346743053781e-05,-0.0012294666360311382,0.0031276951728851166,0.0009661614199508215,-0.00017643347901698966,-0.002603636470771073,0.013476648110694737,0.0888428493269194,-0.08278838061316064,0.10932905356684165,0.05489628870193921,0.01705954572430789,0.018666193919394485,0.011366700266213033,-8.07113863106391e-05,0.01476023854821719,0.02170558430904788,0.03304808948660256,-0.0795457203139838,0.027319715408114717,0.023064940246522937,-0.055413601063999854,0.008103480276407754,-0.030667960875459352,0.00471822645643006,0.05620133431886508,-0.07890694039321298,0.002121062762125524,0.010218483653325545,-0.007111814638244597,0.009417525077041139,-0.029755372990963515,0.20426495691195387,0.013339570464697168,0.09871651988762817,0.006332768328451442,0.0016507825507422133,0.0006573155800911952,-0.0005350779476419265,0.001886929112826675,0.0007742764292445627,-0.0006284173670947395,-0.0007262457380964032,0.010518210876181244
3_4,0.00195572719593086,0.0019261132328189873,0.0038166737964799055,0.0009767267671358848,0.006443157444648916,0.002694167967291919,0.0002826784275258119,-0.0008700935228973229,0.019563008867141737,0.11126097465364952,-0.07771253225250162,0.12358713034815706,0.05012843988096648,0.011018760581207713,0.018722396281168795,0.013918281503178245,0.014700344594237722,0.011926727626771516,0.017539861618089535,0.031240736437189255,0.01097010915749695,0.029492032802826394,0.01600928368352563,-0.04728566886327377,-0.01018317621125985,-0.007927613004917995,0.021906174202653346,0.027439616808093696,0.03130856610343944,0.0077481193520061485,0.01479450790588918,0.06943340478234067,0.035930121936716505,-0.0024086961180643184,0.18438956338549892,-0.0036758034885115273,0.08796890554149724,0.004043047702938255,0.004383551333404457,0.0020436762412430294,0.003526898579153445,0.0008577255261966759,0.0026979575884706645,0.0015172390764075728,0.0006756936945342331,0.025752235911333146
4_1,0.0032518912857535994,0.005987585191715583,0.0036864032264814174,-0.0007142472500446114,0.0025907038419580035,0.0040036319628672405,0.00010078036556859895,-0.0027346623202225873,0.025902482201794735,0.10384278768817369,-0.07013968782292249,0.1188935030506177,0.05975795954360609,0.012207069697949085,0.015003582048216717,0.008475029945776428,0.020340090596503355,0.01296641462920132,0.01308745947828655,0.015638945813306437,0.0005062789928738355,0.025048929610925856,0.0430714727073868,-0.04327219037220494,0.001020650128246327,-0.034699766150864585,0.030906458198669655,0.07930545239537677,0.03836189409779197,0.012729408380886126,0.019742938349948495,0.06414121412264019,0.03283015792303917,0.01825387873274467,0.1917218574041461,-0.0016739957196914507,0.11363571651219,0.004331818874544675,0.005655251549919041,0.003186841823469686,0.0010818097052326685,0.0013924021649860644,0.004170400276975936,0.0015984799991375245,-0.0011111909168419873,0.005845213568776779
4_2,0.0032204266886578445,0.005323895841103511,0.0026918959771935107,-0.001303051644345151,0.0028838899272124016,0.004455320082510145,0.0017479425900242642,-0.00209783522781542,0.023598338367795915,0.11691963710564547,-0.07263107307449662,0.11670256446360124,0.06002942533094975,0.013177797638219288,0.003489225722246886,0.008757583295076069,0.02136117932169874,0.012604645079127811,0.012028706048247965,0.019224360759821965,-0.002920115890784716,0.029082638742064175,0.03913426143001616,-0.0442785874651798,0.00045901807069286796,-0.02504667005826164,0.028400517745937513,0.07933550389240905,0.029208637733281004,0.018711850375778265,0.02124877944000449,0.05997606846913433,0.026772266049368734,0.018702356392511107,0.2024806776006063,-0.0030439823187900753,0.11438255429138464,0.002369881616901785,0.006426001327593341,0.003588530287455555,-0.0003942379032524092,0.004054256066444805,0.005172816264736731,0.0028495782943293974,-0.0011577020331739228,0.010118756331898626
4_3,0.0037505658175896878,0.0018078665863270854,0.0026656635881337504,-0.0018444918402040892,0.0032807865022640137,0.0012795862196395378,0.00036921633254828834,-0.002482024263157141,0.022585903811179434,0.0759466223147281,-0.08900282394664251,0.11394661293758612,0.05785523284071275,0.0113187581921613,0.015747116569277093,0.008034428055987175,0.0009679479325655277,0.01692951787667345,0.020864772758775928,0.02909175512725322,-0.006317026341832179,0.02812462300643249,0.028375897349627522,-0.04857356652118266,-0.009060961147877604,-0.02024244872218902,0.018880850350299412,0.06784079519110968,0.010846676142655758,0.015903683342039933,0.018729043808573927,0.055846353261665704,0.02248926629631344,0.01174926897469492,0.20784988444899785,0.006049213256104472,0.10506101354778773,0.005271340251830775,0.0037973847738638853,0.0016170481760117096,-0.0023515433222884084,0.001611168118526982,0.0015826489439707628,-0.0025652960535121733,-0.0018846246849330563,0.010398123053231791
4_4,0.0022648294642524693,0.0009694682158356402,0.003864732247199808,0.00016487232993733694,0.005019293491516937,0.002905081424667102,0.000566416557855884,0.002162766147904543,0.030992317410657916,0.09634780645927564,-0.07352665193612964,0.1148510239937213,0.05627367920632159,0.009695578618885802,0.015196925127723906,0.00931297814184003,-0.0005575936609880105,0.016588940777223147,0.01736926416887465,0.028877009210057328,-0.007919994071943026,0.022801311065932625,0.044349104347249556,-0.04581748652955426,0.011640727048608827,-0.014825331511687438,0.015819733624398733,0.08039821471311646,0.04072567318251319,0.03046698770164002,0.02065360129439301,0.02786514225951839,0.028384935832041838,0.000661724413696648,0.20442808038483964,-0.006895937150563662,0.11561000268490909,0.003721661761873196,0.004736653636179753,0.004001526046469018,0.0030774760438070183,0.0009305475862218472,0.002403468214379297,0.002489129262117256,0.0005169474536996718,0.009665210324478656
5_1,-0.02555831173060643,-0.023646714796403935,-0.030377729317930785,-0.022811040391259536,-0.027792146430212297,-0.024163132058102846,-0.010797357732134276,-0.03563827051764494,-0.016911191601658562,-0.11716736617971348,-0.13551859592015097,-2.0318455631158074,-0.04621226921652542,-0.010474804249515857,0.002012191928007746,-0.008007087000071467,0.002230576188577179,-0.0045064571219424225,0.006620307713704827,0.004128116926942719,-0.014989505260685786,0.009175752003802775,-0.5065421955574408,-0.05884986972128889,-0.010234989363066287,-0.06372950309147274,-0.030112507601797,-0.7096241096699382,-0.1676429298471247,0.007689502434097553,-0.04505475976734698,-0.05370089207072713,-0.06743150386098631,0.005115692389341591,-1.8792120222100068,-0.030789924797286455,-1.3930445290132312,-0.03680599940047152,-0.036033392252224676,-0.026726653184898266,-0.03131779180921169,-0.015511434572455645,-0.020301026731474933,-0.024349283703336392,-0.02237982994991278,-0.0251854531353985
5_2,-0.025519489041728814,-0.025208380181010768,-0.03037105789205572,-0.02194930664488993,-0.027309488539659203,-0.023989095231411562,-0.011397654953245382,-0.03610987551755257,-0.018103185959677637,-0.11718841681899447,-0.13197668149633848,-2.137393915839471,0.013322615273195611,-0.0034290140367879973,-0.0047172280534315885,0.004286926868882979,-0.0030186163596554413,0.001423402548487337,-0.005640551099833548,-0.010373395565533098,-0.017426856332918066,0.005035159726461235,-0.5125390727335937,-0.05650051827743742,-0.011285779149690504,-0.05760714838342769,-0.01964620833412617,-0.7264969952805406,-0.17596196030267452,0.004246325188569316,-0.04630200897820639,-0.05658022736888389,-0.06725221935461152,0.0064942167179087166,-1.9490059336505408,-0.032401024805971713,-1.4445543657956548,-0.03664760940105866,-0.03612359959047387,-0.026786734643870515,-0.03167940567253396,-0.014573301560368419,-0.020488420268345752,-0.024924131241785493,-0.02318535141205261,-0.025022589455481328
5_3,-0.025996498091824267,-0.026101889420993982,-0.008772449066839837,-0.02171893425194887,-0.02750917877205544,-0.02106028084469927,-0.00617772746843795,-0.0361597655782355,-0.017997330204666043,-0.11404239987489197,-0.13197196544470982,-2.124008322932773,0.013556006871435117,-0.002870611719125494,-0.008324870103578021,0.0018865914556092048,-0.002388661422267222,0.0031694462459683106,-0.004145166227086026,-0.010288239233905065,-0.01699659930085784,0.0054076680644063,-0.5109056669813891,-0.055417205844491106,-0.011393244047528173,-0.05783473183157227,-0.018203349638633765,-0.7263752470781065,-0.16651354116780906,0.004336316872874008,-0.035887655048795875,-0.05610307532591334,-0.06707567890415582,0.006735618169753433,-1.9314898669451697,-0.03270491815630514,-1.4212440642760817,-0.03688151306908085,-0.03729165012392733,0.009143181692175976,-0.010261025926113224,-0.01514759641006367,-0.020456567710702766,-0.025643778328628176,-0.021846906112644584,-0.024920845523505843
5_4,-0.026084642039263695,-0.024824117525857704,-0.030583007487288094,-0.021951755141625676,-0.028480552669890424,-0.02466806168275192,-0.010874041811154117,-0.03569185077591235,-0.018163127079480222,-0.11705747953388224,-0.13164313024410748,-2.123054025267845,0.017933714021349263,0.004361564311270665,-0.003745389970705669,0.00415481706641365,0.005368879351797838,0.00112977959574875,-0.007173198736440831,0.008773159031063796,0.005709415214703667,0.010486764683142922,-0.5126192874058145,-0.0566966704362657,-0.011012612481498379,-0.05905394747023228,-0.019979647995086225,-0.7231401276083853,-0.17452914857203677,0.0064805766404695325,-0.046472725539703066,-0.05435835368604972,-0.06690623024836911,0.005588797164283737,-1.9266746161929555,-0.03144686610773975,-1.4263543872356133,-0.03705112352840718,-0.03633632230923307,-0.026803741370126394,-0.031843642186763776,-0.015077741588926476,-0.020266886739527572,-0.024215589118285835,-0.023020255348929073,-0.02511141968907868
6_1,0.0014406625824192898,-0.0002582719732764769,0.002428088360317134,-0.0025843767513893546,-0.0014022303081665489,0.0015530677987117506,0.001621821792315408,-0.0021982164502287417,-0.02311919132927241,-0.0009376289737812978,-0.11591870628880797,0.0723908950750698,-0.0939922830655727,-0.028890440593325628,-0.010385559995498197,-0.0070600720014402495,0.0037770651722834458,-0.10911309152096355,-0.02285320073928062,-0.02754911613574024,-0.007269778923288323,0.023043373401090483,0.028459110861950833,-0.09286608503603488,-0.014554872876646068,-0.10267449934943622,-0.06192233079441358,0.011777062220066475,-0.09478676847197555,0.010970819892635418,0.0023371054378538,0.025104954596497288,-0.004116322981962266,-0.0067708754416208276,0.14782901961732905,0.005805863690737412,0.0975933602985206,-0.0004200582975664216,0.003444079751016102,0.002653989992998565,-0.0008918956390662876,0.005205964099737508,0.002392782956841134,0.001724215283781338,-0.0023979734773687013,0.008876165964812478
6_2,0.0017624630412090537,0.004150133769422411,0.006843503106246631,0.0030780789343915764,0.0015950316401600246,0.003983959645748627,0.00245108780665477,0.0003735738927032822,-0.007867019314682675,0.00341928670362419,-0.11646200860316501,0.07067056864975081,-0.07564856244331124,-0.013656266257464474,0.007275937318675444,-0.00024845514631036494,0.0073230268145521886,-0.013331459305757494,0.008557245450649094,0.02308317440003096,-0.07562715078305152,0.02341214172448315,0.016438461054248153,-0.09674674693083105,-0.009240438510859391,-0.09480105409638184,-0.058965809059190716,-0.06206877934788951,-0.0486791227257863,-0.15869844803311536,-0.014376795386389215,-0.010180240945245531,-0.004242430344755219,-0.0008955505538488501,0.14016298587410378,-0.006951483727722783,0.07817650701401323,0.0010803083938812526,0.0018208537215599313,0.002065386464863845,0.0018383868511643994,0.00042324281963573867,0.002145556728614615,0.004894552307180844,0.002855619198296427,0.005409761591167821
6_3,-0.0029148460713388884,-0.0016910408376266904,-0.004211899812806994,-0.001977610883493951,0.0010922229825088407,0.0011024203194288415,0.0003814185117393169,0.0025234387230277083,-0.008470963659834982,-0.007983307785940804,-0.11777506049127626,0.08162224124382496,0.03311330451053519,0.006144616601873531,0.00867139408979815,0.006939144846835329,-0.0018534309585858406,0.009334532217759607,0.010455516556369579,0.014176584506994199,-0.010905150501883546,0.014280998667428539,0.007929925352120457,-0.09211522582462368,-0.013403989876633743,-0.13838842623976916,-0.06985898434642436,0.009433671477032272,-0.12290467190165173,0.003822424159754298,-0.008042257875814965,-0.022868575608723386,-0.012037910351803913,-0.008896348596911149,0.15755089922469143,-0.0015594797243777866,0.09537881167361038,-0.0020481371622819685,-0.0022634093397334533,-0.0019664783308660267,-0.00014690499770891448,0.003166908734205238,0.0004829414302499047,-0.003347496213629808,0.0006938027516062897,0.0036235645112645478
6_4,0.003399985160634284,0.0038132467383725013,0.0013212003464674867,0.0007233277719723598,0.003549502697408923,-0.0016351937482479426,-0.0005946402180886109,-0.0019023873253389521,-0.017408132949254047,-0.03537204214771257,-0.1417259910369701,0.05547680912785111,0.017303481111322544,0.002928368204179763,0.004956206252789665,0.0045201073070863735,-0.005222373731811623,0.0012660903401443776,0.005758254697637153,0.006794520156307768,-0.02622038856868845,0.010401375928439033,0.0033169197128748934,0.01233676161193285,-0.02639262059889375,-0.04237737630229351,-0.08652694195770956,-0.09919509256377086,-0.20553783919606902,-0.005393017419994619,-0.011542402675053165,-0.034996847846311366,-0.014276005416354954,-0.005654268357895997,0.13146551210687996,-0.010575392767196812,0.07677079777919638,-0.0008596078603952446,-0.0002557537210567883,-0.001225283145741749,0.001828680682184471,-0.005186669737563396,-0.007071273862228207,-0.003214899254674125,-0.0012111260151926005,-0.0038464128645449816
7_1,-0.0045800526511722475,-0.005788116434551889,-0.00437604819848191,-0.0027156109172156327,0.002231414667400126,-0.005994015937928258,-0.0004561682626922278,-0.005102999942022891,0.013585428807855775,0.03703709670424858,-0.10057367580139086,0.08737387993826015,-0.119966534698041,-0.02347469936838912,-0.01945064450342834,-0.01339287397357083,0.005162434217006911,-0.016145430082554296,-0.02296440662448514,-0.04008740512304186,-0.015136459244646872,0.020484968113391983,0.035571498868908,-0.07472435492811698,-0.01946383062147766,-0.07897758333541659,-0.01848229032635375,0.003488712454331834,-0.036497268249679464,-0.0035352165962704483,-0.005470775642004096,-0.028283397388143065,-0.009222879355953811,-0.011357157573511596,0.0936832159649691,-0.015110153143863063,0.09411691265984445,-0.002185714301122052,-0.006345524445177887,-0.005173893890542429,-0.003699495529805436,0.003163572882508163,-0.0051436637957265425,-0.0038581536278384293,-0.004670836418937658,0.0019357962816112816
7_2,0.0007212636909135524,-0.0005996120827028192,0.0026091013740695917,-0.00020861567486102982,0.0007836998018884432,0.0014767388352734565,-0.0012206899636754444,-0.0007017596788467248,-0.0035073942778075288,0.027817405161300605,-0.09395632699246927,0.0871079080308632,0.03702120397545153,0.0026748631406130745,0.009533308618806118,0.011599147633075695,-0.0030293084367165814,0.012050251892968242,0.009858907209753902,0.012987074971517442,-0.012193542239748943,0.01974583380410344,0.011380397930453846,-0.0640869262737934,-0.010008998354593167,-0.1281325878662707,-0.020240796703061073,-0.09765884821318109,-0.12980932855983252,-0.0009404480112854847,-0.008371575200308621,-0.043545614025314525,0.014714129565231592,-0.006868319272978111,0.16838345849955516,-0.006543156884286489,0.07058692778707269,0.0026486242616104035,0.002129313683270019,0.0012954023000285953,0.003151077189293706,0.0005835094877187328,0.0012995718112642168,0.0011969196543726182,-0.00053784852625824,0.006519835891272973
7_3,0.0014116440152719635,0.0007839722058912315,0.004681251683696393,0.002356580875649916,0.002077249578449012,0.0028030079524044298,-0.0014968391524102518,-0.001359692044337946,-0.001962095035804214,0.03419579244435808,-0.10615200206984897,0.08933406493198148,0.037874470281248414,0.011806104725466797,0.007534630952449339,0.0033216753154067286,-0.0008709759199368314,0.005675084390029699,0.01066384724495598,0.015468361061261033,-0.015296697973551519,0.023390755734024927,0.014869815466514986,-0.06276838056695021,-0.012346072688611444,-0.06433789704854698,-0.017389368313200673,-0.08105447566391387,-0.04500620998801026,-0.16327454247625275,-0.0028096219690965313,-0.03193687875768551,-0.006099107731686279,0.010461400198361588,0.1713996596942093,-0.005156909008706233,0.0776607362422525,0.001903995469800103,0.0026951275988251547,0.001006686566675105,0.0025489239879272845,-0.0007209507357164267,0.002241582612710273,0.002574405944357544,-1.2922062741485417e-05,0.004705073856134189
7_4,-0.00048827301064531564,-0.008094003009904422,-0.005077256990911929,-0.0020081494689656505,-0.0027202448084156974,-0.0050837361346411,-0.0004831981196147244,-0.0037729423838210314,0.002345108953555174,0.05514529762749924,-0.09131951304514034,0.10510424398212925,0.02800690022503763,0.008348065020947688,0.003459829762202154,0.0037649037653868147,-0.007818193565554266,0.0031019631478922164,0.0031640799808896523,0.01880615019711596,-0.00677606771094196,0.01676747867685495,0.024171007357232384,-0.059873973739374683,-0.026372245785613233,-0.036559082954723376,-0.015704971223617567,0.0069632463018736695,-0.042062784244002074,0.005520275568882033,-0.008768186047946049,-0.042336514695906546,-0.008250530500578682,-0.007818634500930793,0.11560760366938014,-0.012792212435855587,0.10126739173865176,-0.0028937905018606765,-0.010584834029121483,-0.006706550553367889,-0.0020394185217570597,0.0018889599963058724,-0.00639362525731568,-0.0036284622720850757,-0.004389924328847384,0.0028806087550719973
8_1,0.0023640424261672744,0.0008203965988126821,0.0026871952104216574,0.0010504857668405124,0.0031401661535933635,0.0020126354143185144,0.00102180743741452,0.002926623295300682,-0.010123315784627626,0.03781539544629319,-0.10194666444257844,0.0909679907970569,0.050114400653658464,0.01245478356206777,0.010529432337585217,0.008346523041281107,-3.849999262551894e-05,0.014616404207720108,0.015655603444494463,0.02115630991550427,-0.002801968288004491,0.030654325189993645,0.03682747143900457,-0.06035262546308815,-0.016946949983992828,-0.1070202051061482,-0.037867498703572554,0.07313711778039529,0.005763783428014396,0.03800014202613428,0.0022106609218638953,0.026985070807448473,0.023954658619323426,-0.0017699221974573822,0.16422160927566723,-0.007614121319936797,0.09501369125950047,0.003783238720090019,0.002932117730845864,0.0019378514997634355,0.003059630322619415,0.00182333855595778,0.0018134843666756364,0.0014624161853788204,0.00043431646143653787,0.01326418910157811
8_2,0.0024386690310914945,0.0010750533752508218,0.0018009883337530633,0.0008169836648950264,0.0028697237831387837,0.0014743700305718268,0.0005279642703234932,0.0023559515670636168,-0.01169012402617543,0.036377628583456195,-0.10706716730718585,0.08128107799854298,0.048777175460052814,0.014043510915541787,0.010178755230320717,0.00429098286157215,-0.0005748637279949609,0.014204358513429575,0.013822813934076228,0.02252297083132612,-0.024792607927930043,0.030516753952235104,0.026918883675401652,-0.08695698653772012,-0.004901727698249843,-0.11431432727341072,-0.042487073816854584,0.05664035565181139,-0.03581890503273561,0.007998076904029445,-0.008929940767353105,0.023840891524679407,0.026389477237171992,-0.004219192877049268,0.15525969504941323,-0.003278622927683025,0.07877197634589961,0.003505435320765471,0.0027066562480983335,0.0015022948431699784,0.0024274776902510394,0.0008059023472714416,0.0011472400660135272,0.0007643634292116678,0.00023560419038453316,0.012253438281116398
8_3,0.0018998865410871967,0.0007591062442641324,0.002864139839828451,0.0011327431732790225,0.0027827089965438553,0.0028880494243048588,0.0009115132824852597,0.0004019501807000815,-0.0108372085316192,0.0428654854829076,-0.10160526291216171,0.0921872682049283,0.05003753313315407,0.012734253728798656,0.012842216608954307,0.01124259335174737,-0.001143410333820541,0.015515937272115915,0.013013519150880374,0.024631024975392095,-0.02380165296555893,0.03248072625228653,0.03339401799037118,-0.07713281785389553,-0.01606788815388256,-0.10347617898578905,-0.03650169535398562,0.06400541790249627,-0.026922778752997683,0.027906104164165443,-0.0033240550223720155,0.025455064297012282,0.02833077121212917,-0.0016070135174710747,0.1603935935636099,-0.007663253461099469,0.0851974418524909,0.0024472497997488564,0.003667154802367448,0.0017540695809888942,0.0029360551206788323,0.0005914697962861143,0.001831385924219163,0.0024560470228248035,0.000352145137579901,0.012586180949659064
8_4,0.0021446312018632754,0.003902886897948994,0.007882680038121169,0.001364742775445205,0.0024315907248157916,0.006872078405490705,-0.0003849739581780538,-0.0013072014039966927,-0.01866691714366488,0.031306494690370536,-0.10077184063124582,0.08289105933030284,0.04182089283710964,0.011520602076493199,0.01236221283132309,0.0050705088927100374,-0.003552514021103276,0.014113885664963443,0.007518847404717316,0.021669247012751375,-0.08264745589887247,0.03240178017682104,0.02917188618469369,-0.08151997697288699,-0.016795783587439612,-0.1105648443648521,-0.042794296319952255,0.058211635185176226,-0.009239062478708811,0.008743407096553682,-0.06411458378863034,0.01887660202025649,0.01555625861554514,0.007972424708915411,0.15499998504375076,-0.007649408408352103,0.07633830392645356,0.0018955560187702658,0.0027350253186043567,0.001399939042032346,0.0006917560344540593,-0.0012674109760702982,-0.0009097479334037396,0.0011907526564819899,0.0011360144273529099,0.012398207324657708
9_1,0.0020404031390537153,0.0010707489405656872,-0.000589696916139358,-0.0015973861277699835,0.004405022969231484,0.001487955967397702,0.0005311485755846184,-0.0023697680227994012,-0.011683553776230236,0.031492271614088664,-0.0989345909655877,0.0933238538833818,0.04745455093520582,0.013629128384458058,0.010747237286004399,0.006625375171584243,-0.002166646553603142,0.013788752642618482,0.01076955552175239,0.02001800828149391,-0.01163279207691189,0.010625857481669772,0.03959635239867921,-0.060011125761827655,-0.006269011884489906,-0.10246202860589766,-0.032930056493815946,0.06803739794949352,0.005464149947579646,0.03705583431531378,-0.010552849468331437,0.023605531285807856,0.019566367925398395,-0.002829340214003512,0.10598185307276675,0.018428680771602833,0.1094485536239582,0.003221413706364724,0.0019268512728896892,0.00022765156256717228,0.00011742029095483311,0.0005759748947605437,0.0009866458940976752,0.0007352908760567008,-0.0011110175580478087,0.006787975471621024
9_2,0.0003604680009350101,0.0005147416060148264,0.0023932773018416906,0.001060312016094563,0.003935652308622077,0.0017663470906016843,0.0007654136694636947,0.002186218681196212,-0.014518048989586158,0.04030441123284576,-0.09595585796384222,0.0884233155896953,0.04440339474874683,0.013109691805848141,-0.005986460880180067,-0.013653704452138015,0.0007836224171968584,0.010116930989567568,-0.006762549437465589,-0.0006542507885268638,0.0012122137535091775,0.014539765224961084,0.039970871808064204,-0.06001961595745801,-0.010873318121465806,-0.08772432244355424,-0.025336307268960464,0.0684981643214805,0.001650006290190424,0.040051021192835955,-0.022506329467874536,0.023041812701385708,0.011165351980160231,-0.0022796248162244063,0.10787682229048334,-0.0003268946643833689,0.10389625311394565,0.0032512641162009614,0.0018543745008454435,0.002112420131124956,0.005880497500169704,0.00039376346509308925,0.0015476424539903387,0.001267931389516789,0.00017092426828185689,0.009604950103379754
9_3,0.0019281275056550254,0.0017245305708034609,-0.0008208047348977991,-0.0017056053018925346,0.0027915927830161184,0.0016292544175330462,0.0005003825420332768,-0.0018495002376904361,-0.011176500082703435,0.03639394986732757,-0.10117471919838637,0.09213489424592161,0.045283288950567345,0.013921918107294418,0.009195414305770814,0.006739440582483095,-0.002390639713467871,0.01209109021977248,0.010321439694843343,0.018755842248612056,0.0020283842860145795,0.024729795578745987,0.04276954304364569,-0.06446542256689752,0.0011843581556345336,-0.10260621015787384,-0.03840393001931109,0.07251701983976047,-0.01608733572667441,0.03657505025016871,-0.0007732898126986993,0.025198080932097584,0.02227502531767262,-0.00454973465742819,0.11460989143621757,0.00864734888944429,0.11026926921665386,0.0032904002363172364,0.002928903852275393,-0.0007519286328564898,2.2019966618542845e-05,0.0005543738813760281,0.0010234895101396478,0.0004935961243856239,-0.0005942403597070786,0.008351595473411851
9_4,0.0016702387259185205,0.0008673572646752739,-0.0007077040135907051,-0.002711611101808057,0.001993822801656116,0.0015953423014699918,0.00042506498407897755,0.0025002286303536735,-0.01937259576275066,0.03288915107908907,-0.09914947090579236,0.09103877712915677,0.045320738995199054,0.014058406110211428,0.008744653216386093,0.003362882710348522,-0.0016960646339959258,0.012527194720094606,0.011197586522269749,0.019261220442717157,-0.0010252243254204414,0.011432031058003918,0.04024436528894802,-0.05803033618707088,-0.0175778867830552,-0.10115672230006478,-0.034058734728227485,0.06877188873585824,-0.00960703678607044,0.035930619304148675,-0.019250938419965183,0.01969159876637562,0.01593670165633291,-0.0034392007828799387,0.10059576352716552,0.014995029873673729,0.10716726156270807,0.0029516185263764876,0.0018349872160692351,-0.00027702165139499953,0.00023056607105394737,0.0008014585027744705,0.0010826727759340549,0.0005040438575816846,0.0008430027262177216,0.0023367063960784053
