,0,1,2,3,4,5,6,7,8,9,10,11,12,13,14,15,16,17,18,19,20,21,22,23,24,25,26,27,28,29,30,31,32,33,34,35,36,37,38,39,40,41,42,43,44,45
10_1,-0.0028050352229320114,-0.014169996610902643,-0.006795118742196805,-0.023617749987015886,0.007241632908318798,-0.014433886941026292,-0.019929127564626843,-0.0036872987856177387,0.006667261250650623,-0.3136963065394955,-1.3620215966121347,-0.5785947333071458,0.01575379180269316,-0.0027543942305806486,-0.023816940216972844,-0.042885844601912165,-0.0015280213151503247,-0.03942248720188267,-0.005734129250970369,-0.025837615840520273,-0.0876405446041282,0.013558534135893875,-0.10395216923528572,-0.7078921635425398,-0.04923686011161246,-0.8197280076017118,-0.6015565117637057,-0.09415564151012186,-0.3531509508193851,-0.03502494710888342,0.04603276353073361,0.05588867002193729,-0.0044610777453575265,0.019074262942640006,-0.013684245678913416,0.057040451294473896,-0.04419756410120014,0.019364653558310265,-0.01437811807635617,-0.008681987054722663,-0.005477668487946338,-0.030459205077485757,0.04229004820392372,0.0016011080766291626,0.0022361377720161064,0.016813241640917003
10_2,-0.0016357717234207923,-0.01563014977241537,0.0010992305128262538,-0.031204661238571615,0.00039773864651570585,-0.02942355006518231,-0.020886512724191238,-0.0036959033302864045,0.007640550392349139,-0.3783878911853709,-1.3371974760728529,-0.5753920463000665,0.020942329707393598,-0.002998929987770526,0.038160605616330355,0.07539189217807563,-0.002025905607035557,-0.05696306775688087,0.000849311867674705,0.012981397019959146,-0.06368230847465658,0.019361288564567886,-0.03050727069800187,-0.7377828176006002,-0.029226944656161,-0.8791296507911276,-0.5192859227446074,-0.13517125001468763,-0.35167376986450893,-0.036875933711674094,0.04295270192824158,0.054723791377981605,-0.005110756142621837,-0.0386393600972713,-0.044272792392366686,0.06729095720694703,-0.045625912266831374,0.01022021255902032,-0.009667797718876985,-0.00868492801738417,-0.0028400836905723035,-0.030448950482563037,0.07831038698197006,-0.025100544102280544,-0.003383403831221152,0.04388627018851134
10_3,-0.0014492982719897397,-0.006655656713914977,-0.004391646029457675,-0.013733785725791646,0.009579064578475533,-0.017572480079207087,-0.018108153326008063,-0.01024362273547136,0.012874801526062329,-0.4565396325838639,-1.299107007239771,-0.4982307483499054,-0.10332761737481498,-0.000799404313816276,-0.013118977283293878,-0.015640745350419163,-0.03386223495932501,0.041559250351589985,-0.003616072129122983,-0.024492591124136195,-0.07977106805978983,0.02790186406180472,0.07624672290214513,-0.775980063209946,-0.03619816562796435,-0.8629218740023709,-0.49360012279618276,0.04400431412207805,-0.17316464148495117,-0.02218280916096248,0.04011373994468443,0.05581438343344482,-0.006755759179016998,-0.04030160330711492,0.10656526539107124,0.08886496120674212,-0.04813497983068074,0.052503660767402906,-0.00924100348712511,-0.006895127050702474,-0.007999208406330612,-0.02504157741158362,0.09034064047958615,-0.0009880600401819591,0.003255956604552018,0.03584659662374697
10_4,0.0021607367796058667,-0.01762823709638602,-0.002899697144833281,-0.0034742002811706365,-0.006474895199245914,0.004916171535721683,-0.03722145210056479,0.014331908286526711,0.011258236194127504,-0.31450925775133126,-1.3347112399611951,-0.4892009833118701,0.019055298960353625,-0.0021108888112309175,-0.014379402798298552,0.016506217528469116,-0.0022819643746268725,-0.007236186442375057,0.0029569662262389387,0.02053216983723274,-0.0607279769329878,0.024417533683230234,-0.08647100954085302,-0.7282891970139761,-0.0625939852104704,-0.7128795060465191,-0.6241581247516755,-0.12803625905868354,-0.5798656987705166,-0.031134221145476555,0.04255849918636344,0.06418739216609161,-0.004485133743270063,0.02054705299368739,-0.06117630763789567,0.07010015291225907,0.03836809052643243,-0.011532180041579061,-0.0020498858249815466,-0.006631801491263632,0.0003587984141776848,-0.06621682039349844,-0.09436012820831108,-0.013649020455832297,-0.0057307214495133825,0.05242154827251162
11_1,-0.0004395908726344323,-0.009743395220930212,-0.00032860944145104705,-0.026520958940766712,0.00016341688157517337,-0.02449066800604207,-0.019502070866646563,-0.013364193079248687,0.023533935971866596,-0.38381986358768616,-1.3041217626123942,-0.5644134118971471,0.0591093660195266,-0.0031617211710574904,0.03910004097899735,0.07941076441120337,-0.002018361943590186,-0.05248196168943363,0.0038442113843115476,0.03546966155144193,-0.05890185509602157,0.014466286185014294,-0.03617025027032469,-0.7410457716688732,-0.040197237519564104,-0.8091333932288859,-0.5969069072152422,-0.08271232870362935,-0.3469272771686542,-0.14338361369206895,0.04064852767038386,0.04633792070674362,3.9041657060510514e-05,-0.04368880393516458,-0.0479174390733019,0.09775769607510587,-0.07296428505671435,0.021145638468681966,-0.004091478096251138,-0.008717145636549205,0.0004932454829742882,-0.027545335560936288,0.07982026424752678,-0.003801469880992928,0.0007310197631215565,0.036460455832440924
11_2,-0.001923626533974365,-0.01406539112281612,-0.007871101361993631,-0.027038800999483165,0.009250786268310841,-0.02486798881379222,-0.020947505758741995,-0.010668036693216455,0.09097001700358878,-0.46355885236539,-1.3425018990821227,-0.6066480332836927,0.019302991097016185,-0.0016911612088577783,0.0007634014483800522,-0.014452570804967039,-0.0019646553584778148,-0.04149995849971174,0.0012993742935229755,-0.00916618643057042,-0.17111449616629706,0.019873931884450975,0.09558165128812733,-0.7294717058636052,-0.054640528697828684,-0.8233956748315397,-0.5114445633697288,-0.03253220553218061,-0.2639152322976209,-0.07038590378428956,0.035301755536032015,0.050281013256137555,0.0009920352104343287,-0.04159466984421137,0.10162502686086569,0.0584676752510052,-0.07538368781154933,0.01960546243257543,-0.009710292749041536,-0.008596271229145044,-0.008579757026603598,-0.029165319962807242,0.07400854866162927,-0.02539098474935642,-0.0024890269288127187,0.017852875966793896
11_3,-0.0005004670300790422,-0.007085962620393567,-0.0042281247149655865,-0.023048352604209406,0.008339145259649664,-0.02299771607059467,-0.017017374629491263,-0.013010946760397548,0.17798868562000092,-0.3057884127799852,-1.2646517486114475,-0.5668103175333924,0.0012293748677161321,-0.0004908877877040426,-0.033823440150452216,-0.04351428825884675,0.009009072693496533,-0.06089311477042221,-0.0037385390854177704,-0.026800800608654304,-0.14775310000069633,0.026050502362124216,-0.1128760450211154,-0.6973893745186032,0.08239821617338217,-0.807282502349568,-0.5474050517155657,-0.0808986573654897,-0.3436116515884173,-0.03798456071683476,0.033160627011395855,0.048457488062122724,0.002404824354828957,-0.027060413376189626,-0.09680806761305001,0.09408798356942716,-0.065722204232495,0.01913277051097898,-0.007756456030132774,-0.00633692305792892,-0.0004082773028284319,-0.06399806570673768,0.030486966274483433,0.00035918557734343146,0.003576948949129754,0.034128310164615275
11_4,-0.000868368031829317,-0.006659050268205094,-0.007367126519850772,-0.013885484402520276,0.007420833652480106,-0.017611648666060284,-0.019623855282962382,-0.010870004862366974,0.0777912437583942,-0.4515957159183643,-1.3067776331678074,-0.5433231469285754,-0.06136812989566397,-9.212522662665514e-05,-0.012979294932067675,-0.020863101847707302,-0.13298013837143843,-0.009484770675909571,-0.003695659941761247,-0.025197799603003092,-0.17805156158468166,0.019896068065498117,0.07498556849678298,-0.7377310692333104,-0.0310532356463593,-0.7726290024306594,-0.49334648055258307,0.024908191374517594,0.12475248681293002,-0.029174718284970834,0.03172542371466446,0.04738950948618708,-0.001222164689530586,-0.040502265076343344,0.10968860630937105,0.07599260945634262,-0.0561293515548943,0.02325963959646078,-0.004314884552841471,-0.006255369384414029,-0.008072141294786322,0.007581260635091049,0.08054302714076761,0.00011316782888187021,0.003285621371777665,0.013455291500497775
12_1,-0.004029392589794754,-0.01101520590574465,-0.004315457475375438,0.007290890136721198,-0.0177236950000904,-0.004702061497328465,-0.019540418890335736,0.003330872862018446,-0.44789858679468464,-0.3393771717947849,-1.0793092836122162,-0.43443385453128186,-0.03948914224681297,-0.0013884641781949157,-0.02186125470678256,-0.020971759648491253,-0.027702936616953562,0.024853242445552398,-0.009762725832734657,-0.04626288475198883,0.00015771373733214112,-0.0003599292685153121,0.03745550587913412,-0.4594681890124794,-0.039358778314398865,-0.4569477184180397,-0.38553720364450644,0.04682618134287329,-0.44824559942070985,-0.17706986886228113,-0.14002363169963586,-0.25223050170733674,0.004822634717741654,-0.049912546432391916,0.05894661867623112,-0.0537221089679983,0.09314465477251474,-0.011077144044475507,0.010177761238102961,-0.0076741064061561694,-0.007927911786513562,-0.01135125664665303,0.0013110546379741898,-0.015900825976552457,-0.0009262008524501637,0.012670835830358057
12_2,-0.00305004394372242,-0.019527740460222296,-0.004705624242977469,-0.0014419567367467308,-0.01738551495472619,-0.0043223331275445784,-0.03952460377955264,-0.005293990667322818,-0.012716252323104091,-0.41797774423484446,-1.170675380967221,-0.5306403048228223,0.014739588580350158,-0.006247470902882617,-0.007791383509973477,-0.015543857585546536,-0.002127336495321089,-0.022036198643403563,-0.005858641626970616,-0.01530783511984168,-0.20255871108454318,-0.017175153894813118,0.044222089030248324,-0.5205590407298263,-0.02019420111472118,-0.7413014317433343,-0.5437790237082998,0.0033559654274076486,-0.5895764802042214,-0.17584542743837506,0.007234533350107722,-0.005106018920932427,0.006052894101304935,0.01786734633417934,0.06335952198569998,-0.043247388674453414,0.03683715307148728,-0.013771306886818383,0.0007908354183457147,-0.004719910391843997,-0.007016792542647516,-0.06658548984053338,-0.09182547835161528,-0.014736619201503692,-0.0020036813173904193,0.016890407779083894
12_3,-0.0293075128827307,0.02897027100096009,0.010596277418570017,-0.015148328001566062,0.028315260020184276,0.06826684963527307,0.09523187055021069,-0.013581109947112605,-0.2891107000786505,-0.4344395994641076,-0.8676897670701705,-0.3851290901472985,0.06089453257170181,0.016477366776293013,0.07622100052422927,0.025843964930993668,0.035633111718956396,-0.004212715561587306,-0.0006651125049236028,0.06363312551774396,-0.18411626659460822,-0.013569251955657672,0.022747392043581876,-0.46654655682455287,-0.04620136158148179,-0.3967297024298841,-0.40106792519966644,0.016888542288680388,-0.48264652068667524,-0.1807852902938484,-0.12316733953206382,0.007765016064907068,0.005395432418229154,-0.01717901182569092,0.04834824397512081,0.02734263207478135,0.07480177402769768,-0.01818430281180285,-0.03705842065936863,0.07139186502604587,0.06917640882998831,0.01274079057984578,-0.03331917114405285,0.1354260799668888,0.013059890609748388,0.027219555475562367
12_4,0.010519666575212784,0.003968409587693302,0.010882567949442886,-0.00215465461205937,-0.007227821109062755,0.001456187563808526,0.014176485903664052,0.019531125588897174,-0.2976815458947139,-0.4138733751883666,-1.1465668421701616,-0.4692180515058714,0.023358372694848806,-0.005888503093143847,0.02457995188431857,0.02192420628186571,-0.001824539690156917,-0.01806023968762155,-0.0014338040861241953,0.03299861687269789,-0.20237298962072506,-0.01650025317061843,0.03306495649762163,-0.47929493132218115,-0.046118587132332786,-0.540744912451253,-0.44255462866724715,0.03641125034326857,-0.5705003923780293,-0.17454464146970503,-0.11263083062608181,-0.33278888442990895,0.003492462134863117,-0.036678665931228406,0.04623313291887577,-0.009822236097936556,0.07245398905135012,-0.008836873313452717,0.0012450210342470022,0.013673025897455745,0.06925266696374288,-0.026798266981881383,-0.048399164159157,-0.00012232667440874746,0.013327128268597447,0.027314740323399575
13_1,-0.04163331817085406,-0.07035082503251826,-0.017350518374132262,-0.15103860894526178,-0.03730528642132009,-0.006598702312987617,0.03148454548541726,0.006506254245638112,-0.8050205810262839,-0.06377151307605053,0.33539531369959424,0.12468147432524554,0.024310870023562737,-0.00655356357812042,0.017450058011111783,-0.026587363121518482,-0.005452004661606187,-0.128652835966709,-0.0021185042572140103,0.01045879548572003,-0.17940476515253678,-0.07766954795833073,-0.17683704979341744,0.09754721972986145,-0.05543699283522924,0.19751992471237784,0.31478453746432844,-0.1354916483815756,-1.1323134880977206,-0.007564431297713571,-0.4131951871948023,-0.0322078894118349,0.008021866373744187,-0.0853348208104949,-0.006959204174244053,-0.19915435252051983,0.06708720905563804,-0.0016685056767824107,-0.042996745141309786,-0.02147114121905616,-0.059566767777788854,-0.0635756833340254,-0.01336515519312706,-0.013374862056501935,-0.018532233634043008,-0.16717318485584534
13_2,0.0007321823601551579,-0.02568652495850624,-0.006279258448763203,-0.025806449324428403,-0.0374621321280088,-0.038349222643606025,-0.028035484925630735,-0.03171928252831801,0.012970602780767329,-0.10530551298371305,0.45019147944721044,0.16085092850878385,0.041525589967544484,0.03968248672909466,0.022709360342573065,0.10228649821685216,-0.03678573158882892,-0.057911313303561335,0.013502088565071754,0.20320713937627113,-0.12452258829233864,-0.0169702193126879,-0.03146094351735509,0.1405296918962289,0.056300292901964095,0.24102656652023266,0.306529656735124,-0.20512727651984072,-1.0104638603351173,-0.009840915900348746,-0.37283210212081175,-0.012203387360171434,0.011066432409709533,-0.04273183599123979,-0.07121762948310587,-0.20481693041268628,-0.11142880494284196,-0.04794827068864477,-0.03074607786777895,-0.014455639867430675,-0.017850623328796365,-0.08537654529863772,-0.055727041927243606,-0.010739095678297738,-0.0027565906836675307,-0.3642831598534086
13_3,-0.04125316318133571,-0.07088588470791363,-0.021178256892945904,-0.15569781247110934,-0.04255597647610659,-0.043084405286295736,0.03152884612366928,0.015350153668851684,-0.7394113529902083,-0.0844930209553906,0.2945089024891248,0.1598650109819576,0.01034101549031723,-0.0027755569025892804,-0.007338648931945184,-0.00878983226290966,-0.0035523341592809056,0.05654435016199681,-0.0013165670175961615,0.031055582866365297,-0.18473859190030018,-0.10092421233021885,-0.6047647692640052,0.2075935873750605,-0.05950995854208061,0.15050974839237885,0.2295691278464787,-0.2933249294276941,-0.9335936747520769,-0.026756101265328135,-0.28635141402021486,0.006320305736892221,0.011502508151071735,-0.05557842854949722,-0.127818115597126,-0.13053184980284602,-0.03978661155312603,-0.04390364982119275,-0.007690827154997758,-0.012760154469190276,0.02442610341334685,-0.06135844561971941,-0.04658023395228451,-0.01691504582694901,-0.01785555686132293,-0.2985977930862561
13_4,0.006942766934994673,-0.04506789213933685,0.03862333457545581,-0.14833509412832063,-0.27940117691501076,0.018013645824793843,0.013638078235443819,-0.007963300959750714,-0.8739884563651075,-0.02719654434257444,0.21085077220658519,0.21370042648494392,0.026450608477931927,-0.005270040696818844,-0.09028594209948299,-0.03361389750098668,-0.004186358254327538,-0.015952504692711637,-0.004756998906282298,-0.027323685115550635,-0.17383897522202288,-0.05926228094362505,-0.09112227542068148,0.09450107588843963,-0.04306017342289707,0.16338967616498562,0.24765432628247352,-0.09338778199713593,-0.6603396386556997,-0.010234683957968553,-0.34682175667656373,-0.40877679565960534,0.008772003098701638,-0.0463091464349364,-0.031011965425147177,-0.1983417581776181,0.08018324823961591,-0.23795364320610943,-0.11207211769005743,0.0742196864930508,-0.05829987828372523,-0.08008551812598243,-0.11184529874152462,0.07938991121894012,-0.017933680211330946,-0.2708359635312063
14_1,-0.041981031058583786,-0.010771010009571255,-0.008696935253200604,-0.209490264432619,-0.04123904048059059,-0.05193749600019832,-0.02893864278989688,0.00675186731531565,-0.7314375755524315,-0.013770020334192844,0.4456108835432606,0.20539539766117634,0.026727202290019614,-0.0060707391003874765,-0.12482334656773417,-0.05668304591934385,-0.0001991041945480455,-0.06352670809483577,-0.015277274239898405,-0.10514179800461132,-0.1397051697550488,0.00019967422568292162,-0.13467243278609595,0.1310060166227542,0.15693781741297622,0.2897645568957098,0.06583455962886559,-0.32831289971202315,-0.9934428358953483,-0.2906072505757055,-0.38921419450196676,-0.0952292870788599,0.01436376707611429,-0.021998891833999914,0.012492371256693917,-0.08696904515550104,0.04810226055952731,-0.004042373370142657,-0.049680049954712854,-0.021315500694828488,-0.02992940479888259,0.019621589107120464,-0.05028179611725855,-0.014680938818765102,-0.008079641499682688,0.07305199208873484
14_2,-0.03960971611274921,-0.05060029264609385,-0.01376684621611142,-0.07658335254589882,-0.042464155318801426,0.0330955068958255,0.019121701781096408,-0.12912004548245304,0.10737404176654103,-0.06339175216065004,0.4338660590181244,0.21105160734876846,0.021976418496644345,-0.005596274922257815,-0.05910527220801086,-0.059243634719656185,0.004201669407037934,-0.013740161265216565,-0.01694241919122497,-0.10513384359390628,-0.4629165406095542,0.026697591070722154,-0.13907730199735144,0.21275735963227116,-0.039087088580743556,0.1689169175128367,0.13592759075350436,-0.29961558999547866,-0.9882160139937118,-0.46194366422773697,-0.30455812361581475,-0.0833656460498688,0.009529534237031186,-0.11526047465587476,-0.010239359832988296,0.24468874401893204,0.04838484087667311,-0.00971115440910634,-0.026593286310978497,-0.017880450201591354,0.008222209517660384,-0.06441734452900622,0.020260422272196845,-0.015371825997402486,0.007727970904244404,0.07260926414551452
14_3,0.04522055571080194,-0.02019369032122879,-0.030540423255463148,-0.07628776826240555,-0.047326895780182114,0.00048435179297264116,0.0008503286336544137,-0.009058529167391059,-0.7531537273966934,-0.1002009666204902,0.17045186863367173,0.2132014566194021,-0.28837057604815336,-0.0028077383190305834,-0.020765327094901892,-0.039846845240417386,-0.0992334778812561,-0.19709214728728358,-0.02114660577401988,-0.13143031004878175,-0.10526768890490927,-0.12631387927766116,0.06766844874717426,0.09635533510317301,0.04526040024502582,0.186938121591315,0.16127623533308397,0.04709021091966693,-0.500578385882804,-0.031041969955752303,-0.29093368970503425,-0.8508117216221363,-0.25146375335483784,0.0385136636271426,-0.00471439427949049,0.2033276671016766,0.05181267509030017,-0.013083475518864017,-0.02527796985899932,-0.01950141700409805,-0.004750323865430784,-0.033983857378242985,-0.03102736507268121,-0.021392366452578387,-0.006794130926254637,0.047924770322087626
14_4,0.007342804064863304,-0.00916446499512567,-0.029867024943700075,-0.0029360012889891205,-0.04343175138370051,-0.001993556288496712,-0.01464998001944592,-0.026150237014406802,-0.8728986027156844,-0.09998927966954421,0.15990978215473617,0.19177075953672976,-0.29898901341760536,-0.0025854626333764457,-0.0218927366304964,-0.03763601249118007,-0.09639397580214454,-0.2591403305243967,-0.022171473663592973,-0.1337652570846088,-0.041922274052228356,-0.13352652438853715,0.1990925199387991,0.10485769557689417,-0.07406636249219095,0.19180393810067234,0.17188224851617606,0.05036496352435825,-0.48731370660204426,-0.0026098770829835233,-0.36892443613397397,-0.7336618654397501,0.010562542961068391,0.03911726024922397,0.0752937337175947,-0.14897026471201003,0.06499473308579706,-0.036293809282973606,-0.02827143042961242,-0.01594093491934861,-0.006442150416773617,-0.08750248887155969,-0.07285618279731576,-0.027466736803486297,-0.0009307514981971882,0.043427093120301484
15_1,0.06327723764170115,0.022970728929000924,0.02854415130227988,0.06182892992005203,0.012073740605496725,0.03263445893372984,0.07128215748543673,0.05349641104015342,-0.05557856550819134,0.24308497365331522,0.6313123810472633,0.49389556191445727,0.012149861625982245,-0.00010744533517974449,-0.012648416074036085,0.0023453777179464684,0.015341903965540062,-0.012461938470823032,-5.621505250046663e-05,0.09808710473760988,0.07295717434169109,0.055945296531406896,0.1999742094030975,0.3321138967005479,-0.024381108050519688,0.4279500457223057,0.45558010110897357,0.06407531931047088,-0.333695025248042,0.0016085879809023555,0.1602814529305463,0.07644982530204858,0.01693742827924973,0.049806501140838434,0.11303293775494179,-0.09026959096980611,0.06451081257617168,-0.0028169945811895485,0.012891767233265482,0.11062436909087726,0.016879818357572608,-0.07615934497334086,0.024530402621935364,0.0291373965242093,0.0017833290932224544,0.0987138497437684
15_2,0.03568993566797746,0.02348531563676055,0.04893254292702955,0.0007766722425366232,0.014333826745693468,0.012402645628462114,0.05703331023353776,-0.08560885490819746,0.09197264139400681,0.24095290101134623,0.6820518086720444,0.4186388363239163,0.01751393394533081,-0.001908186225920783,0.05993019034034577,0.15549524578661883,0.011509297744479865,0.1135862317258063,0.054635755978128656,0.20627552760033224,-0.05904199844480499,0.04071979065165514,-0.03861573327694895,0.28098266606392974,0.0026765849122478416,0.35048857300811775,0.30962406761666333,-0.09448879802398805,0.5042181405286398,-0.02474544468380441,0.0930618511067485,0.05119309235160059,0.012983881905191414,0.09378288106872094,0.04899926525007354,-0.08810826843278458,0.07575087068274584,0.013306584822187658,0.009148283420721584,0.00831661301130659,0.07030281969666727,-0.03616052321423503,0.026469070965323374,0.003773402875025299,0.006653778312763152,0.1613832202551884
15_3,-0.03815338660627258,0.0217041649074598,0.05000484020222715,-0.04194127484754921,0.01088473430891686,0.01525675096012955,0.009161912484699056,-0.008840578421194905,0.035667978976576156,0.2620030696097102,0.609568006867812,0.41914180450584604,0.044515579268590705,-0.0031692672154062674,0.10693599664563869,0.11846991420516426,0.008852627452617645,0.024138673122385886,0.1253626385890727,0.09829121665089643,-0.051160433739416034,0.033613917832663695,0.173379275503095,0.28099846545644896,0.003061392646091783,0.3276899224614847,0.2638306192253512,0.06494379673172493,0.4641595184730049,0.013444829325903192,-0.19216476466976762,-0.28871313633934736,-0.16757502773901436,0.09535656445405229,0.0807300539459233,-0.07463684135906654,0.06681507743607581,-0.07532280626031831,0.005911184943461318,0.06370993413789679,0.13493141910313897,-0.03915653360712994,-0.02309303524485598,0.0789202731107559,0.007409668153557754,0.1564654703664613
15_4,0.06342171668975805,0.026590603448733974,0.07214656970979715,-0.005609723445680489,0.010813445096506552,0.02386716076617062,0.0585089193985652,-0.06708016747428693,0.13748897561511036,0.25451531880471157,0.6933757672246691,0.5140725203543185,0.012500540629982536,-0.0018835856292339654,0.019920376820375667,0.010784041190411896,0.030469238086468328,0.12335937305985804,0.028292979494300145,0.09289823713286922,0.04001779295313353,-0.02567007662794199,0.18248686586191043,0.2430326939514064,-0.022936987076376886,0.4062214813898053,0.30307939083264623,0.05813367977511836,0.42209715844813517,0.023471646392953936,0.14413849784711158,0.08311971663163678,-0.17699820937265712,0.049689269370463966,0.1595275766835327,0.07662175300774207,0.06186630645755696,0.02268602322311846,0.010594053494578953,0.009685629209788079,0.03040691519362132,-0.03621764776974569,0.04006742671687879,0.014553898373302704,0.0019165717560620207,0.10700421439397104
16_1,0.0011342508911306713,-0.01646545986376654,-0.008932501596143743,0.000626636812656713,0.04771611485009476,-0.03376402775424038,-0.012242343762301888,-0.002598404369907025,0.3173413629858307,0.20756230089726893,0.6135243486090642,0.34490002059562164,0.03866808745822206,-0.0042537083599011715,-0.011819547973671853,-0.02300911496780546,0.007563186552953046,0.01875042741427818,-0.0047681410302785245,-0.04014941575501241,0.10083993544503853,0.0513501038409227,0.24504192008642045,0.23022051233701252,-0.010414468313667252,0.24151604033307347,0.25512852551098747,0.09082452574709265,0.565640212051838,0.08413142687046812,0.09794708137860325,0.11618015138403749,-0.003964718635133758,0.015330226891577727,0.14943169453997487,0.06305582564743221,0.13917961516865454,0.02901386297423533,-0.016232764398679093,-0.008270252859451373,0.001025016785014096,0.017401591473256033,0.08574701400639673,0.030526565450341325,0.008315763916514955,0.04599195136718024
16_2,0.0007423041186756041,-0.015589057503310405,-0.008802147232445013,0.000626636812656713,0.045567209114685224,-0.03376402775424038,-0.015186658037953524,-0.003191034778335563,0.31670459368893616,0.2078269286107625,0.6133905291167752,0.34570650994884095,0.03833217735896761,-0.010063768425594788,-0.010723878874176975,-0.02300911496780546,0.007683960578244619,0.01848138120446643,-0.0047681410302785245,-0.040381157837089864,0.09936735704804159,0.047868878775502124,0.24484822460620412,0.21906086868515026,-0.007845759254292543,0.2406577161332264,0.26079172594878924,0.08997462639148421,0.5670977491391056,0.0843199718958472,0.09607524013536947,0.11802107685753341,-0.004696096218178577,0.013486804978346516,0.1483717699511927,0.06268807646467371,0.13975313298260425,0.02667869365381251,-0.01626521572154024,-0.005841870354865265,0.001025016785014096,0.017401591473256033,0.08574757639424468,0.03051662679782824,0.008315763916514955,0.04613442216029424
16_3,0.0007576458256531582,-0.015305327951108021,-0.007889854004779874,0.000626636812656713,0.04550680501340871,-0.03375767066973724,-0.014664940089492179,-0.00785283580800435,0.36141188883553843,0.2082848928845117,0.605344153243176,0.34088338627694503,0.03827681484884649,-0.007125215067118945,-0.011819547973671853,-0.02279753898826996,0.0075087265763185,0.01652959127397673,-0.005036830104919333,-0.04380167344821174,0.10931577101177406,0.0528493599009601,0.2698455242850509,0.2209910464103661,-0.02025640862338032,0.24107191828317454,0.25915784992726776,0.09001119962630164,0.5788135759291883,0.09594024505126722,0.09667087469910007,0.11224605774276063,-0.007461068565397653,0.01745377190926882,0.1483301432436323,-0.025748091382741495,0.13454261321693575,0.026632826766188566,-0.01657436909728456,-0.008562959702262611,0.001025016785014096,0.018840052303651794,0.082013074911373,0.03179951453989975,0.008326510802550235,0.04163747877703472
16_4,0.0011342508911306713,-0.015838437835499656,-0.009257520006042526,0.000634577952625651,0.04590665878140666,-0.03376402775424038,-0.01240905575512747,-0.0019608380453375505,0.3179035031160248,0.2079913872410848,0.6133357855147812,0.3462322150390801,0.04336119838319006,0.003907322072985759,-0.011819547973671853,-0.022020399157839408,0.006155829862426316,0.01926952162908499,-0.0047681410302785245,-0.03897645355474975,0.10258388110371228,0.04670872122905226,0.24556147711661216,0.21999128830433404,-0.010942251812252127,0.24058412209210836,0.26074328330810814,0.09114308272668592,0.5683901178747456,0.0844264179050551,0.09786956101584318,0.11609139050950086,-0.00516666915979483,0.015304252085869708,0.14940547558005302,0.06268761954410902,0.1403535723416218,0.02664169920962533,-0.016260883570889492,-0.005841870354865265,0.001025016785014096,0.01790429622485042,0.08574757639424468,0.030494693932215454,0.008315763916514955,0.04631295553355275
17_1,-0.01124918284247795,-0.0057596982622842635,-0.012846773617027745,0.008084781882837894,0.05442353503887971,-0.001338010802008482,-0.01571242689021179,-0.010836193361208146,0.3187108163545367,0.09768854798089187,0.529021086101421,0.35164187133905234,0.03390426481436179,-0.0032953839929013447,-0.016904770899500494,-0.027640253584821386,0.0108583086802998,0.021777069127100993,-0.022048588018215964,-0.05096719984134585,0.016143560024313604,-0.06162852836630296,0.14930965431859072,0.19727411886228546,-0.026180702247310023,0.2558762272526833,0.23500204004046674,0.04604452553898521,0.58091936710331,-0.052872020974553596,0.10528909132283217,0.1139385515395197,-0.022373248785940342,0.02897340184662667,0.18927618825221812,0.11251756728373578,0.11208102028220433,-0.01801711076311164,0.04221934603873286,-0.0005203651525735806,0.0025181906341876998,0.014194346602566254,0.034795158439857754,-0.01880554626359687,-0.006955814819450946,0.01671720523976041
17_2,-0.018471766429689486,-0.05451765966005843,-0.015114464452806441,-0.09153620301722833,-0.03480334449559722,-0.0036529250149616495,0.02481699398494061,0.02035473451461917,0.3484220589796955,0.10721869285198606,0.433590107931796,0.3642499813205966,0.0561470490016777,0.00960009382138592,-0.0880541856548145,-0.0373370721237611,-0.002848942066783351,-0.004253217254531311,-0.01742051521783943,-0.11222884729196153,0.08569007320501637,-0.037628258784098645,0.25168163671062094,0.219768435119428,-0.06194293051861019,0.22033531620535124,0.24766300793120158,0.04134283293529078,0.6538263875670365,-0.027716818572460562,0.12452775963506804,0.1365882470079981,-0.008657737792847713,0.026657341203154442,0.13463198396609297,-0.02344605995848394,0.12276460034276993,-0.03186906605449144,-0.04246635704439651,-0.013582546365395166,-0.007392868986236543,-0.016033725390634242,-0.009742011908750127,-0.018777407322782796,-0.01937238531602149,0.05382341712337852
17_3,0.02672449754813716,0.022774551001088644,0.018135976377314927,-0.01331573831177487,-0.042466507778862635,0.021391211704038054,0.049658820567796205,0.022768842463987915,0.33999786241590035,0.06323821624701818,0.40028078757391483,0.3986003039024351,-0.07508851794482126,-0.0029410392397607194,-0.08143610275749887,-0.027113412164749485,0.027779814491440315,0.058900049594491945,-0.010975204493484133,-0.10837686077645863,0.07401490947092128,-0.07305351166164978,0.2101584235442875,0.21032859694547654,-0.010708832539476378,0.1359237995915552,0.26024065944311164,0.04252665702181259,0.6673198729053404,-0.26647442936453064,0.08861461275888398,0.12467832458260894,-0.020882197722683803,0.044577534827888614,0.1334751203019142,-0.03551619760400366,0.0653103239514962,0.011903391756452502,-0.029337068952684637,0.0009711099713285323,0.007122610655107277,-0.003297957426080287,0.01840985543647078,-0.015567499482554072,-0.01272199691676118,0.057285507246479746
17_4,-0.007336758796458377,-0.013826342477315998,-0.007284311060457864,0.0074332139941571855,0.052971346945596416,0.015797322262857596,-0.013899301543529747,-0.010695053486872209,0.25742142565058196,0.18228502266860203,0.6038900672288596,0.35080090658833235,-0.01269638197546474,-0.002406705091834126,-0.012195628162891492,-0.027469822274449537,0.028456272079264225,-0.02550811764696776,-0.01044862276673638,-0.05057539775488292,0.005800286869042521,-0.06588146461387442,0.1594428546141738,0.22571481899426488,-0.026612022405034946,0.29901981903086916,0.23388719223436658,0.04351022806125072,0.5273982634418733,-0.005536736643406228,0.11398449657061341,0.09135170238256085,-0.03279756219312738,0.02764646638342837,0.12256014704261525,0.07630628870639117,0.13006454540631432,0.01672651530906211,0.031739313427436404,-0.005042434463821907,-0.004627901730857072,0.06561831368520141,0.055796284683138006,-0.03728600079173178,-0.009183596894416465,0.027325648345869813
18_1,-0.008488740245125451,-0.005502287175099858,-0.01264414191280268,0.004676977896860175,0.05180124475805178,0.003942169075640997,-0.01527478248884185,-0.006874391277366235,0.23524100814328683,0.2107094179636159,0.6280767343512207,0.40210484584463746,0.022756666905155723,-0.0021700030859499344,-0.01313472307739023,0.013295150489833981,0.010373199289478989,0.019318560838449655,-0.0038643587521351476,-0.01979577804730425,-0.009983574095865085,-0.07018857595034095,0.15071239372638878,0.1992642502679269,-0.020705301213106906,0.24733427338761815,0.24644013526935984,0.05286646164275014,0.5428471627656635,-0.0514531109478444,0.10831319698095838,0.08239450841750133,-0.023758827914543142,0.029707640333404024,0.11752746264317995,0.10438865951804442,0.12462371106821155,-0.008261208412236407,0.014382774610880968,0.0006929655085480477,0.0034185115043448232,0.016498038163889995,0.037497238688888136,-0.04017853707991723,-0.004405295292288549,0.017670330860716288
18_2,-0.01371358785160709,-0.011055037339982756,-0.013719474013055942,0.015916209681808607,0.056294635068556066,0.01105884793882453,-0.019599131639225602,0.029016642163939132,0.3044650538386555,0.2079288157202035,0.6223071358547171,0.3491779210271083,0.0624045471715942,0.000708559783677272,-0.020555402487445674,-0.033024712564618135,0.009028929387539289,0.0070988693719089765,-0.021891987291068078,-0.04902166031964568,0.06604458607925609,-0.02622539111876715,0.27045754699875074,0.21551474976851315,-0.05604350193368767,0.2545138857820395,0.2443980932323602,0.05385179162743311,0.5240968380991889,-0.014271620985006212,0.11273947926976108,0.10659687986025093,-0.013703069372975664,0.02879362983913152,0.1362576498441397,-0.013242468803439359,0.12812622785099792,0.007362034063573344,0.0386491170463991,-0.0005313016006608898,0.004216105002432068,0.031096465858607623,0.05371003945111872,-0.026661866795276164,-0.02268025429523281,0.0417347286675969
18_3,0.02392261677240496,0.02134703776153077,0.018650862541758323,-0.01308978638470812,0.014624814223171143,0.024047427271666273,0.05051915628667354,0.053205278695145124,0.21222485014200512,0.22177118871213203,0.6221516184430705,0.469253880797083,0.047618569504984734,-0.0013304375708965382,0.047146763488412624,0.04892792986787116,0.015472202560249625,0.055605274819393494,0.017293720430282503,0.09619929197842049,-0.042036146656015655,-0.037922923811880296,0.13255507585586632,0.228327452303864,-0.016382511757291465,0.32943161964023043,0.28197782741045774,0.045416003751464665,0.5531283081532529,-0.016119927610868126,0.08584329694994178,0.11494997906120756,-0.02309634237101948,0.07504491736869671,0.12363406540244067,0.07262102384955144,0.08619348193925469,0.01170831609509131,0.002831396403289656,0.005919882810186437,0.0074103766330145815,-0.045092193746998695,0.022737833132362842,-0.008606258096948184,-0.003291327869609866,0.07906565974638921
18_4,-0.009774579118015837,-0.013681931566093332,-0.008238941662066136,0.0035893119066113194,0.05093037415673418,0.013492960029573085,-0.01378881120123651,-0.0028119229564020996,0.25266138237067437,0.20661403016644914,0.6204228355962637,0.40885388450740673,0.014870996297395193,-0.0015949688590641904,-0.012038320736146394,-0.026979239647675585,0.028632803627394014,-0.02943283901572083,-0.006092615536513226,-0.029966567599945218,0.008409364271311882,-0.05944114569678004,0.1610591322004817,0.22944117717492354,0.004682093680431055,0.3768790187272201,0.26039882652776175,0.05281619562658852,0.5199278702475062,-0.009021808555249788,0.11183397915092377,0.07481366789968943,-0.021141815786918487,0.03124248740902025,0.1306471507654409,0.09704329264205327,0.1354010595335601,0.008792760566060775,-0.002569119150436465,-0.014379975868694465,-0.004203827415893112,0.03740101617439162,0.06627610371051948,-0.01904260648887476,0.008630387698513592,0.02107868505236917
19_1,-0.004179287908845276,-0.005779506075131192,-0.018244459752177353,0.02755074064136966,0.05572679356503661,-0.0011151763580093772,-0.01486691139333334,0.030317087774300932,0.23023607565937904,0.18934109717226483,0.6547447888419686,0.3524297950825722,0.0036368809252268243,-0.004016807839782921,-0.021141070393910916,-0.029945914737628216,0.02688206723306223,-0.04008010139182686,-0.016465988016786604,-0.05462345546269113,-0.006705341551353339,-0.002955620963744403,0.2340157922887784,0.26737147698111563,0.03244060083011366,0.29568059506334293,0.2585544544766422,0.11420593649063462,0.40945984122478474,0.02206287474904437,0.1182068227166426,0.11459104736377446,0.029789289851638322,0.057277062035216424,0.14269039446537757,-0.03492023944843131,0.12189679805007206,0.017226416963702845,0.047997508795999906,-0.011357107099075206,0.0031573048532396214,0.06881675034855998,0.07863846589019508,-0.014385464827900912,-0.004709299848390939,0.0668768078958786
19_2,-0.010167035583644042,-0.00884635660790213,-0.029147197869824847,0.027556751973778083,0.05563397473776089,-0.0014493987311371337,-0.014755857013866112,0.028539606020784,0.11101289261593526,0.18994682527745244,0.6359347102359125,0.34122661365079476,0.0016984515133579713,-0.007812867494384744,-0.021144811981832365,-0.03033162902134477,0.028769666308916166,0.008922064079533961,-0.02440756531742007,-0.053784476272186015,-0.01982097671085376,0.007661491121073742,0.3159199606855138,0.2665175785470826,-0.06371496215317914,0.2810674622738484,0.2569694437550054,0.10322364225809996,0.38825564579433347,0.02311167095005646,0.11025620061089707,0.11297567532509831,0.014406324301374682,0.05881405762444044,0.1354748685872334,-0.0753907618141278,0.12134762581511258,0.017221088505493674,0.04483254036509859,-0.011422202903461154,0.0031573048532396214,0.06930486874254856,0.07308826313177409,-0.0131393985602321,-0.010649003490996211,0.07400082059367818
19_3,-0.00831353791924465,-0.007858611943659943,-0.018810785121981116,0.027800391942021867,0.05281007020255008,-0.0011551115190399815,-0.014772725783434934,0.029964431935071686,0.22715504430987216,0.1577148467119613,0.642096575263271,0.30955017939783813,-0.2708999977499179,-0.0037419062813623676,-0.021896364817361177,-0.027853116738564478,-0.12631969045925256,-0.036452579148698434,-0.01559775896833555,-0.021307607070932155,-0.017730472380436135,0.02179272959837057,0.22814860528121816,0.2674180200722211,0.03617477850407245,0.2936181751108747,0.2723137421420672,0.10760235583024605,0.36866669797512513,0.018196489199250685,0.11760001503570514,0.12038998009113605,0.030986059487505938,0.05859839277201534,0.13854119666228162,-0.03647913077995284,0.12440763556202425,0.016614704608110875,0.048340309721825854,-0.010600032326301983,0.0031573048532396214,0.07073723486922576,0.07786052581600479,-0.014377373917306795,-0.009726426140857287,0.07408516316498442
19_4,-0.0014698116201126562,-0.005452782602168888,-0.027660513326403978,0.026241579003063068,0.05200773859829643,0.01459261378191351,-0.01486691139333334,0.03219957190610931,0.10375686697099422,0.19319787975434996,0.631131880921707,0.33107765619481966,0.0015386064914906243,-0.005409726926847965,-0.020744681352080054,-0.027675856894824092,0.026929345175166413,-0.036230078578163155,-0.01865263185655936,-0.04961429288289331,0.012136954182239031,0.028854994065458196,0.24114225746763257,0.2618609841595618,-0.02236922393123361,0.2902494910897571,0.25843846588749186,0.11009660017514161,0.43862492416871485,0.02236199102599003,0.12029330902989027,0.11335357278316285,0.023298972343706814,0.0589897546609554,0.18473003064024288,-0.0792459664202543,0.0997932723092996,0.017618325066988575,0.04341658318441943,0.0010797504693156694,0.0006874291867918551,0.04729496161020859,0.07877293027889655,-0.016635424852420366,-0.004709299848390939,0.0879774394526128
1_1,0.03092895696916259,-0.004912851345820613,-0.030070704770440146,-0.0584444636151911,-0.015315294860209685,0.0009634054006497187,-0.016510453447386827,-0.007637197520798717,-0.7760729380829761,-0.09086642847228846,0.13665922324021082,-0.2984923421455713,-0.03680998953552256,-0.0032201569107339523,-0.11842554493855474,-0.05129885638945298,0.018083456440172174,-0.11699410342601933,-0.022983500019473743,-0.08237537670185915,-0.14667826229218878,-0.024575835492740485,-0.11094367553716662,0.07155623615420399,-0.058407177156970996,0.11721061875295159,0.1683641545020771,0.07066043741812608,-0.5152654384311937,-0.04434516405268453,-0.2940651726821998,-0.6663985441822431,-0.10054910189858034,-0.06291050060122147,-0.47591319776561947,-0.29226926574564643,-0.2584687154009611,-0.02203168792871372,-0.009306723284376539,-0.026055825945269718,-0.023643423244735912,-0.08015562079497479,-0.07228965307940138,-0.023135993347053883,-0.010593230372881512,-0.01889928330234927
1_2,-0.05563687320670607,-0.019610718822214858,-0.012677304831670635,-0.1446622746799836,-0.0024295153444458466,-0.0023607199397342985,-0.016658561294470596,0.0028291537316826893,-0.6476242998611365,0.01835809161080485,0.1702395809057637,-0.1864950035895627,0.04044966847934918,-0.006753382885227239,0.09288860265476696,-0.0217064633090052,0.0004977183163376534,-0.0386009168414495,5.857362254454163e-06,0.010214996237342221,-0.17137915639058346,-0.06833569604878892,-0.26821379853867783,0.0720751837088228,-0.0035232828846840725,0.12167852586332387,0.1682035404742185,-0.16254283376096715,-0.8480772668199695,-0.02701709787942383,-0.21296489501101734,-0.3047781594009922,-0.09872184102273993,-0.06329163023836602,-0.5778281404820054,-0.17569321273123417,-0.232631375714687,-0.023878198331577,-0.015579105437577668,-0.023759731656013774,-0.02336745304683326,-0.09397412475939085,-0.07395432458757824,-0.024315468730481942,-0.010884019802203562,-0.10009660523336762
1_3,-0.01964687693189377,-0.008143728151795883,0.022259114539847028,-0.0769234906920238,-0.013355931873472013,0.008454161030520548,0.011059978522056441,0.09141064779466215,-0.6442357807306801,-0.031305049200189485,-0.004761103756943329,-0.188748789446711,-0.09390229738036854,-0.001571661072257433,-0.06152002665730086,-0.048137834523604796,0.011257127605552017,-0.07514401723551224,-0.020277648620600507,-0.0823835214991066,-0.13778030027492372,-0.10556037203963953,-0.3916810319066927,0.08528954452384178,-0.048785761310165106,0.103251660018698,0.11393674064516895,-0.20589584974936487,-0.7283891654503117,-0.03069323779136769,-0.20694879694449075,-0.34335221088670037,-0.08758423123005041,0.01862847771292698,-0.5354244361302082,-0.19995176743470797,-0.24080743028782625,-0.1340850709318944,0.0011198696271331968,0.0033551907435489586,0.08085059485304717,-0.08693215894765431,-0.04140072543308648,0.06835963706580442,-0.0022802605892778896,-0.10954712524068135
1_4,-0.0567276584711603,-0.01964787530429348,-0.015645307108426376,-0.14289571890679773,-0.015457014529847494,-0.0021699636071730102,-0.01668917617035117,0.027077483917875143,-0.016410773756395935,0.03166815195785304,0.23763248950748794,-0.33590850383334064,0.0444194276535362,-0.00603564047282606,-0.09354490992308069,-0.039225450354308515,0.0009995643293433383,-0.01595951562759773,0.008086509923191291,-0.024017707844321088,-0.13585617351149326,-0.0651873987616184,-0.2375956558497745,0.1352784470031034,-0.06603879512327056,0.14116649928408959,0.1585807042288612,-0.016135351692082966,-0.5629177507023805,-0.03750665610490706,-0.2011458814892123,-0.43852061875994247,-0.10066546040318423,-0.06314066482681821,-0.5450815859740551,-0.29105841954857964,-0.2639650346065637,-0.02341363919451836,-0.0022145101765221626,-0.021528416928080295,-0.023425370522429434,-0.09354210703508425,-0.039349275695811925,-0.023552706564427525,-0.010886027429648143,-0.1710276699205696
20_1,-0.005053669034054244,-0.0009658535292455897,0.003889434164101627,-0.007131039523535954,0.05546426880861677,-0.013202933767235843,-0.004839202335802653,0.006229936363067951,-0.5916593223704372,0.11307845472385962,0.49353927047278023,0.3920862774864999,0.01049138073753451,-0.00256367850969768,-0.09334361236104556,-0.037656574954438235,0.0794359852177726,0.19299208720342612,-0.01373325676073431,-0.0753168250983925,0.08733019748810981,0.06933687705475695,-0.0017172119292721787,0.27459914705197946,0.04195847388624668,0.23420072990473798,0.2857310226986061,0.13357073068282208,-0.3573018458068648,-0.005291769089300662,-0.311060977942928,-0.5781100629609041,0.019312386270206514,0.03380391446366078,0.06459666574195781,0.3553254142610616,0.026168831793715666,0.05539054001592365,0.0006845762519072103,-0.018016756402577414,-0.009343261753143789,0.016894228506435224,-0.01970852971830994,-0.01599006118182613,-0.007974997491694478,0.11362987394879588
20_2,0.02407028891609144,-0.049964945774449675,-0.010743805253121913,0.13641152903978998,-0.0021171182847513816,0.0029270185300561474,0.030179018089242407,0.06325699271909971,0.010671661918782724,-0.006192550924824508,0.4863353883697809,0.5147403801710817,0.03154642465583959,-0.0037936320323069396,-0.004536107925729222,0.0334981677038919,-0.0011065098908185004,-0.023059230552804285,0.012192763940007269,0.040792337532020065,0.04870525106728794,0.052390394656899486,-0.052180656629466346,0.18627511564562954,0.1617585091847566,0.19535560182404021,0.34510874196141617,0.11435939367027077,-0.278834272202584,0.06908681149323265,-0.25511523380664697,0.03130618625711539,0.006956714621161879,0.04766482784248299,0.19218069315270717,0.3083675262463282,-0.0042600533578376395,0.008530203593016815,-0.002205550262435084,-0.017197489100306468,0.020947761210159767,-0.03218580977585826,-0.03219363112746031,-0.009767563926928746,-0.01315130299668955,0.1371572163712855
20_3,0.034410087924613766,0.013728536129213714,0.02362329035854281,0.13757321203040115,0.026522539753921104,0.009182978720027168,0.055854879408296185,0.07954575908657736,-0.3410495494792796,0.11161156570588325,0.4809890506332381,0.49288917598418186,0.03014402739061675,-0.0005510832631747467,0.14655514688915347,0.22547687983484346,0.0015152077986612489,0.06963220765509011,0.13189409529115229,0.10733770721310328,0.05386469551760594,0.027428266597631604,-0.014516646938585256,0.26909758818485385,0.16890500502210845,-0.19709125972702918,0.3604249520169618,0.0060297556582006445,-0.259998619318416,-0.0012203202201901808,-0.12801247000181,0.06453085879486825,0.007604859553965344,0.039839261134645455,0.19061145957031106,0.30305149870668374,0.004777429054545978,0.011149995616413267,-0.00042123505747360763,0.062489233112322407,0.019477808020970606,-0.03178570975586953,-0.011636624092156711,0.001537955533352322,0.06604780332670832,0.11832585855062118
20_4,0.025839197625093194,0.018722129407103567,0.02343672216513877,0.14846866714644297,-0.0018289276469512492,0.013769459213943467,0.04495264034964893,0.08270759129969744,0.02513338790633283,-0.021960909833406796,0.49465085982480567,0.41999989847699915,0.03001252813148119,-0.0025036911906955363,0.071810044886564,0.28242336111398436,0.004316769224051447,0.06884041825995672,0.109028130654346,0.12922083961142497,0.04274755073546959,0.027547193363361356,0.023530953384499707,0.21333862169186688,0.16305926521609834,0.27729106960232697,-0.14967414531602063,0.009940023851212076,-0.119453389244999,-0.008143161875807756,-0.10916453044847202,0.08258179788613898,0.0060227137747056935,0.04997257759590983,0.1461656716499858,0.3016965755093831,-0.010382870565810123,-0.0027073218286552993,0.0021079196823127378,0.06432961653807184,0.02478709734362237,-0.0319085848878752,-0.007948119722829286,-0.008282473030135648,0.06511271073020618,0.13175718378008855
21_1,0.0013971788038071248,-0.006197799476130065,-0.0010920096497869665,0.00429192691889777,0.05587052071892249,-0.031394144338348785,-0.014203373665499584,-0.006401895718595721,0.37832549711967745,0.1653613654798624,0.45703810376322507,0.3397343997394486,0.05939942955164367,0.013211643916480671,-0.005311777004856992,-0.018857033404111333,0.003984957024328916,-0.005085961123438212,-0.0025068993597722224,-0.029675428316222892,0.08182772580857989,0.05543470367943227,0.3192225009532638,0.252357054255896,-0.001671817185666699,0.2627385147982706,0.25470708893006944,0.07034277508948529,0.6391728963674868,0.09746927858998629,0.10232790131813818,0.11624936480270927,-0.002459172540682315,0.08209634537290664,0.15616709453836297,-0.02676974742510291,0.1338437011861327,0.07522797520367835,0.028281681320045708,-0.004343226196107605,0.0018361535578126954,0.040253438873978246,0.0883792859987151,0.0322564034736213,0.007212215192502678,-0.08540578981793603
21_2,0.0009846103691730926,-0.006026615205322717,-0.002568754720635381,0.004332137062395255,0.058513044705610945,-0.030252214952713994,-0.014412841402536295,-0.00407067348730155,0.3857096263576241,0.1548566908864713,0.5270501904890383,0.3396209719740343,0.06684353872180823,0.013095016866031435,-0.0030263957729314444,-0.020428571272691178,0.013900161304622223,0.001458871986596545,-0.002471433679399209,-0.027489020509802863,0.0797979059112155,0.05660120142308746,0.27554737623720177,0.24665613998144886,-0.01522922618801465,0.26244637504335167,0.2560576633161303,0.07187000664358867,0.6588293778864839,0.09753555756029128,0.10273854922339334,0.11685473859181335,-0.0032997096444066657,0.08292907741530592,0.15868289802740618,-0.013758719880100662,0.1336067865847818,0.0750081717742034,0.02780588534273728,-0.004066170840407324,0.001025016785014096,0.04735505390207691,0.09115915020684136,0.033593784291732195,0.008092252517976206,-0.08782303334852595
21_3,0.0012663003605584214,-0.016177563335535633,-0.0022652224970127386,0.005445747398919849,0.056997356305210675,-0.08222959403121398,-0.015229210549206494,-0.029154585469962146,0.3294368954694732,0.14260183318237912,0.48251580500914326,0.33096960036621237,-0.1607737536254527,-0.007420094098018389,-0.0116265409570782,-0.017988916796210494,0.018530309703065816,0.06661467678653187,-0.0014970892166785124,-0.03758170548051572,-0.0333475701163243,0.06562060525110551,0.15751672803206138,0.25101166566729016,0.007224868203711752,0.2817648831241682,0.25030869042217074,0.07510264920670395,0.6780801009831161,0.08043352749445414,0.09840603711114093,0.11434689298086084,-0.011840602737120119,0.11108469844707064,0.15562547817367814,0.07850123029926387,0.10683322572515798,0.08562363132153901,0.014443279672040586,-0.002959141722690031,0.001025016785014096,0.051695238969574536,0.0895609387592419,0.030852945754195317,0.0072565910991699446,-0.07996350028272686
21_4,0.0016533068016008718,-0.005778007422587539,-0.0029269077135558705,0.004230852277143489,0.0567792838906582,-0.031422455491494625,-0.014410811641649219,0.0004945451004679849,0.34511815138502683,0.16023911063255475,0.47433843332616427,0.34357957863128763,0.0643033313313629,0.007737680179337115,-0.0025861888946203276,-0.01539656901922826,0.00962371243515398,0.01316878990321881,-0.0022249744725470555,-0.026823433474453227,-0.03387812634175417,0.06455371536904446,0.304872360742179,0.26906372967615044,-0.005600818808031146,0.27559536449340044,0.26165749526236837,0.07416957769202703,0.6682769645695248,0.0873392006310759,0.10556362862696944,0.12989566951565887,0.0034183040505368087,0.12812622590232092,0.1588405512535152,0.08678980672889967,0.12944315229962358,0.07621286249364428,0.01327810923640969,-0.0034896413625135937,0.0018361535578126954,0.03996031124263449,0.07259029216253127,0.033125905418770724,0.007212215192502678,-0.08057101391899626
22_1,-0.0015629916294568188,0.012870749982746616,-0.025414637930813833,0.016987681786178568,0.03586156842654641,-0.08266859867963885,-0.013799915682806098,-0.025939463977932047,0.2597102218086929,0.02621346806222904,-0.1299193286279965,-0.2727143441369289,-0.06303877757536841,-0.0029085194613711067,-0.009586905495234764,-0.014384381298264103,0.015721583663429396,-0.014721787020478598,-0.009558861268082426,-0.03522798861302666,0.016360966479636606,-0.07489844708257515,0.02237548407398481,0.20829580470876874,-0.02206688599329402,0.17704076758033555,-0.7372566970687515,0.028178465832484432,0.30747099976415404,0.06313839829571413,0.014198314096677635,0.04779270053247448,-0.007846939962412359,-0.03731165993590068,0.059361947387414085,0.061623573341251285,0.09899034159341255,0.0773722732498691,0.01633716396849564,-0.004040523109585929,0.0018361535578126954,0.016304024795030903,0.023631672802556253,0.02968282145549932,0.00634413746159082,-0.2577153033143685
22_2,0.0009607621779054334,-0.005409910340827787,-0.0052723633631212834,0.004536326566254918,0.05359968238390173,-0.08328193088449885,-0.01871466245935326,-0.03001791412166879,0.3374719677221691,0.09915057166777283,0.45095005378066266,0.29937865095588884,-0.2193052387035188,-0.004270371242849159,-0.015745534604902432,-0.017876204114947218,-0.13920850517431788,-0.2170726091104423,-0.008038149915560991,-0.03571481790903743,0.0008100165899642347,0.06320321540630176,0.1647493383641286,0.24242367385751015,-0.023684881260887723,0.3098416474287653,0.25804733385557804,0.019127894743503203,0.5713788148850902,0.07748047868786574,0.08692791425952838,0.0984915656214205,-0.008166975272477513,-0.041073209923621325,0.13953264682110456,0.076281099811349,0.1077404608802541,0.08113076874342827,0.014697822759362487,-0.003282319598665419,0.0018319729183608798,0.04406040426726843,0.08610004499123239,0.0239894384031864,0.00582264505891368,-0.14012683252132882
22_3,0.0009199076516367964,-0.006080573458485576,-0.025669424718561876,0.005930226474926303,0.04140862955803876,-0.030728377544233187,-0.013768006748135104,-0.005733874785092725,0.3175875339983742,0.023542504559045923,0.08269101311617429,-0.41217589759638634,-0.03639869566095891,-0.003437122105098556,-0.04591861550676662,-0.01675236001902571,0.016211439546374964,0.03438335943635909,-0.009546511362357658,-0.03160713425697481,-0.011978890120932617,-0.01793014285350376,0.3215810504648771,0.19650374081494376,-0.040687261969914894,0.23275363961994766,0.2495401062882357,0.06165388355638497,0.537997784306306,0.09149909665813327,0.1117172378860343,0.10695290912975586,-0.013073684340867036,0.13872261711417844,0.14929770643490387,0.0012444816134239871,0.11538468126347748,0.0753525281866527,0.011396789589544855,-0.00465378899969221,0.0018361535578126954,0.04654634650981211,0.07245640743673884,0.030515055519384115,0.005954465245207303,-0.17490985321443356
22_4,-0.002064680171838462,0.012808368863055865,-0.023349517108475673,0.032497380542373853,0.06896104700919685,-0.08271866404250137,-0.006361399068897855,-0.029545368229758274,0.3577404225796814,0.04700287466442843,0.3204711589674826,0.04045713555352412,0.09105021163082805,-0.0037195592787735167,-0.006274262545014465,-0.016073388170654294,0.016482573188333783,0.03152328142818378,-0.007417683218891826,-0.030009798036139596,0.03501503389073206,0.01908341656825906,0.14695449460285423,0.257088706508328,-0.018625664276245724,0.2976685666665722,0.2579531797485646,0.08865306932580934,0.43997278989839544,0.09772739387488104,0.10887607403268858,0.11964824684213667,-0.00043955479517049,-0.01453056864004381,0.15569027197816102,-0.010340823908351282,0.13378455277717485,0.0752801425916715,0.01718514999671808,-0.004118436633053106,0.0018361535578126954,0.01771222321989603,0.09023270173757704,0.030968741948426373,0.010717587069207389,-0.1845099132842032
23_1,0.0074206935080684934,-0.01100496429861062,-0.007210807837826221,0.0027434011278448557,0.05666161909788682,-0.0303581828594349,-0.011115043754697792,0.0034604488184374915,0.3461514533954444,0.14535765065515913,0.5519737422699638,0.3509697786631941,0.05901217867599063,0.005188341277817719,-0.04157275454940656,-0.022887894872247155,0.0062219616567564945,0.016517364926474286,-0.0035263245504949157,-0.029397855334275087,0.10362869384262993,0.042575756216920155,0.29814997929966186,0.22756916553835663,-0.005770472397008107,0.22227584980381646,0.2663204702928406,0.07955150104352507,0.6524048980045143,0.08665632478685968,0.09963737693909348,0.1385608579783286,-2.191097948409798e-05,0.02815745479670854,0.15639572601727475,0.06355775395488732,0.12869809613441532,0.03161696628943655,0.012116072064486146,-0.0073665345337101526,0.001025016785014096,0.047341326331991423,0.07433328170344412,0.0318932325896416,0.007257150745743202,-0.00541143467945716
23_2,0.007518697668232456,-0.006826748647138768,-0.0030225740323461263,0.0032666553239176143,0.05667033908880144,-0.0303581828594349,-0.011076482413094866,0.003169644542235685,0.3458170922145419,0.14545443557653168,0.5531292205931488,0.35111322574310144,0.05947507732881022,0.003117046083361797,-0.04047708544991168,-0.023679345487697154,0.006288153338117502,0.016853230663716676,-0.002851145190965293,-0.030304406470335415,0.10365895922131749,0.04407647752348319,0.29930967562087335,0.22794423820218015,-0.007887016375516654,0.22234161757698653,0.2680938138246368,0.07955150104352507,0.6545401597885195,0.0866825227045767,0.09978989875686788,0.14193882134155494,-2.191097948409798e-05,0.02495194838571497,0.1568354792345857,0.06369345333222692,0.12941485332424393,0.03165396073362373,0.012872325174112806,-0.004953393615975121,0.001025016785014096,0.04731417246069096,0.07433328170344412,0.032729485091711294,0.007658631651530745,-0.005167439069337195
23_3,0.007518697668232456,-0.006331208797309755,-0.0027804485449856088,0.003262069595203157,0.05666161909788682,-0.0303581828594349,-0.011076482413094866,-0.0014482501653236687,0.3905254363940513,0.14808310336296648,0.5477970247085612,0.3485241792043407,0.05971710872619116,0.003007036368880263,-0.04130688207929941,-0.023679345487697154,0.006381513968336524,0.01735231239831795,-0.0032017632571191535,-0.030751658415423266,0.1134037170034512,0.04616165843636717,0.32552883595133236,0.2265703559569672,-0.007953532722973604,0.22295600810247646,0.26792460364555465,0.07730696358182501,0.6680124484461804,0.09784241222221698,0.09977464925957936,0.11680845426230917,-0.0027868833267031745,0.02495194838571497,0.1568354792345857,-0.023812222179412267,0.12458821870968893,0.07241130736920925,0.012855898036940275,-0.005261342045637436,0.001025016785014096,0.04877978716238719,0.074997302149008,0.034099341067755196,0.007413171773637997,-0.03188606133721287
23_4,0.0074206935080684934,-0.010509536295823423,-0.0027804485449856088,0.0027434011278448557,0.057770784027213085,-0.0303581828594349,-0.011115043754697792,-0.001157445889121862,0.39115731744715837,0.14510324608840652,0.5476840408238902,0.3486580545649777,0.05398159985291833,0.005188341277817719,-0.04047708544991168,-0.023679345487697154,0.007761824077301256,0.017148373048891268,-0.003120180804392665,-0.029255787985063106,0.11336462542786788,0.04689422193860253,0.32490261475350574,0.22750501015859623,-0.005673388936320455,0.22234161757698653,0.2672830328560239,0.07955150104352507,0.667766612823186,0.09781621430449995,0.09978989875686788,0.13869143232548284,-0.0027868833267031745,0.02815745479670854,0.15639572601727475,-0.023893916229355435,0.12422640327238248,0.03165396073362373,0.012099644927313614,-0.005261342045637436,0.001025016785014096,0.04877978716238719,0.07433328170344412,0.033264403293405395,0.007658631651530745,-0.010118052667839125
24_1,-0.006381023659489598,-0.009342935392176894,-0.004516894473706044,0.021687814567463676,0.05420918821510821,0.0001984103212789289,-0.006808397704951517,0.03219349405009863,0.3930951815888385,0.22347578390702924,0.6529015714594998,0.3753956999218264,0.04753169785781375,0.009702739420592075,0.08100484057936566,0.051278709871897685,-0.039411672757320076,0.013319394679808215,0.02234593261883102,0.06843023578684024,0.12748966794331415,0.04331350526633579,0.15351625708044786,0.24872817150567023,0.060544151347024705,0.3299118180062643,0.2835036274923625,0.07869234900670613,0.6102464190641486,0.10671720185523353,0.13458453365071604,0.1388001155567396,0.021244915061688362,0.00886029689631956,0.2186816223517679,-0.010722915304794911,0.15308583264389977,0.010215578806555946,0.06498398891643595,0.0067801384868907055,0.0034090611987980276,0.07100033369692013,0.09266294223675728,-0.010940144035438146,-0.0015875967726410416,-0.012154764370617337
24_2,0.008564187460836932,-0.007618828936032865,-0.0049403621349803015,0.02141819200086092,0.04197051825086326,0.0029133055410408143,-0.006822107656676883,0.03391049232387565,0.38762638603642413,0.19641558275135,0.652053242289237,0.37754994417235116,0.049671501819426964,0.009702739420592075,0.046777405013368786,0.047007450460208655,0.017811018251519366,0.004113529266729745,0.027792198599083145,0.08755046713319539,0.12794665392738813,0.02158363159797654,0.19050171730699206,0.2852369023927302,0.07625125223573323,0.33402058722948114,0.28584349108746177,0.07797170434210299,0.6043335544574039,0.10686318091044011,0.13519616407483026,0.12817744973622194,0.022734586237826957,0.00873118721381548,0.1456987045261428,-0.018670200623992755,0.2225968612866582,-0.022467156471937016,0.05218897981930161,0.00682770166142078,0.004428861517366841,0.07488272603802759,0.08276181798248652,-0.01416909577862334,-0.005266487396555511,-0.11547878423297281
24_3,-0.006398106390046222,-0.00656471767365161,-0.0059135228515998,-0.09717985271286521,0.056570085296704355,-0.003461361096135675,-0.029071025564262123,0.03371094989157482,0.4015770315936243,0.22383636357387746,0.6772529614760516,0.3736467507386285,0.036231837192369554,-0.006780566265548715,0.020215003720883896,0.021379868716508862,0.00936031406755537,0.041570414662076324,0.01856575039190633,0.010504066468592579,0.12585816624966042,0.05085644944164526,0.20537534378690286,0.24349284187269454,0.08668439722516022,0.3285513279227065,0.2664871521062366,0.10976970446347309,0.6014274148496966,0.10577029108582492,0.13798664695327012,0.15098445599747817,0.021441996265020816,0.0068433219537769475,0.22560097507527072,-0.021310956773869568,0.12196221669928242,0.011345382688872172,0.028180755511802776,-0.0008291250702839236,-0.006186589423807989,0.044977734846372214,-0.08864486392080763,-0.01152132459341897,-0.007552445898951826,0.05475219579256497
24_4,0.00856456369001039,-0.009041089244979416,-0.004516894473706044,0.023512068617003886,0.0420257676231071,0.0036654351075930303,-0.006706958956045373,0.037315901507782606,0.39515000569267983,0.22344440260466963,0.6455617781814069,0.36806598104311017,0.04753169785781375,0.009702739420592075,-0.03606913779625332,0.053126581818483135,0.018217026402719227,0.015180016086982965,0.02234593261883102,0.072243365291911,0.1259012472161985,0.04104463917073715,0.15649050726100133,0.2554077068724794,0.06056233492310542,0.330363977173307,0.28373035008693287,0.07756777676232342,0.6083968312409064,0.10559844953490144,0.13887449656421336,0.13625601914164823,0.022765624535008782,0.008888177264884854,0.21178976039003586,-0.010722915304794911,0.15460108608401066,0.011347989223318946,0.06579311402549738,0.0067801384868907055,0.00429609336994125,0.07713976624761053,0.0924203210149012,-0.010938579711425657,-0.0015875967726410416,-0.010105566408569003
2_1,-0.0050814290937830405,-0.015929230139235404,-0.005195856553284686,-0.011757925608077093,0.0046862962541286465,-0.005942261478081895,-0.027333326309444888,0.02177920877207083,0.07286588820848713,-0.3815114895074887,-1.3124542738863605,-0.48880485798448203,0.026075056206899455,-0.0008046403714070775,0.040750772081130635,0.021196537714482638,-0.0015249701982401795,-0.05742236459876161,0.005980923960333361,0.033353384448114365,-0.05760543900464812,-0.01000112762728844,-0.03259810170537302,-0.5732236988584237,0.10223081804679537,-0.880514452730311,-0.5674319151450091,0.033576509352914834,-0.3264555729159881,-0.05277570926868895,0.03480212845100369,0.04748544802823806,-0.004333318731120591,-0.02587764810001715,-0.3445426100198977,0.06436723165367714,-0.07744293486861037,0.010379914067955031,0.021459588485935755,-0.0017144145658744055,0.002909568664764082,0.032470399510783524,-0.021513920205598107,-0.014318007674810746,-0.001881714445830017,0.044847064872776274
2_2,-0.0014892116790737433,-0.015131830007593534,-0.004639844934769943,-0.024119359648699223,0.003230147764124405,-0.00432955995077765,-0.020309419724439153,-0.009194017648059289,-0.009254950918889508,-0.42423982076065464,-1.2863368392705896,-0.505980541506646,0.02545164296875921,-0.003313464522889411,-0.00866386442495242,-0.0216566366540959,-0.004012053325142897,-0.04066411528874908,0.0008836689824300778,-0.015890796183084276,0.003433319986264207,-0.01418484420673455,0.1063130259777976,-0.6388357279290874,-0.043616251085998245,-0.8953475138519263,-0.603992595395165,0.024952365582540662,-0.35352164043409284,-0.0273237833751925,0.034010128951954065,0.05459201848390632,-0.00506658132337946,0.017266716223338294,-0.35197788629705573,-0.03272490363883708,-0.0806982400856453,0.013922088607395853,-0.00847636974996847,-0.006380586206307359,-0.005472476067676182,-0.029498382087957676,0.04112373501048936,-0.014010103131526959,0.0004013052620324327,0.024788720414308362
2_3,0.00033302615120318294,-0.017441182811560443,-0.005411984980346866,-0.02549939856327777,0.0011726813320152504,-0.00541040768287136,-0.02646060742655086,0.022375850978681902,0.02737559697977566,-0.37892770286748034,-1.2134710154516684,-0.49415014619781716,0.020984773068553713,-0.0017598369254286199,0.03972683086309983,0.02018812911713392,-0.0011341714797219204,-0.04136635350740509,0.0065244084559534865,0.055345039984986376,-0.10229604945010147,-0.0069407775961503335,-0.06819898247936304,-0.6462331693752941,0.09149543853667941,-0.7760233951624209,-0.5486942223904435,-0.06489530411884728,-0.344622440261885,-0.11998026103579619,0.03661629649492387,0.05251611989315272,-0.0029373566482258084,-0.04597874164239081,-0.33432685715659255,0.061135008215860716,-0.0651820134992846,0.010246880203806513,0.009405185339457505,-0.0015060372311222064,0.0028450641211481254,-0.03636063591990776,0.006038380295099417,-0.014433414382700328,-0.001722307004599968,0.043540947545064435
2_4,-0.00171642612843781,-0.011590887125711375,-0.002521355994165452,-0.023888048233074482,-0.0012243174965473403,-0.002931325919968592,-0.01907245908476303,-0.009582549656483641,0.00283711767130234,-0.3803707719338178,-1.1085791037920065,-0.48194518137171005,0.01634102894814326,-0.002043900549753574,0.03789865704481119,0.005029355065212166,-0.0026591175321031527,-0.04158185400944043,0.0011385835464246665,0.008683333553734773,-0.1710370345006317,-0.022368449148258345,-0.13844362416478576,-0.579503633335797,0.07155525518885308,-0.7266792087910219,-0.5279651144507558,-0.0799453647265799,-0.36295598664094864,-0.12382506109057173,0.03684568367384421,0.04735467469037689,-0.003444767307745008,-0.04585005012576991,-0.31591061269102044,0.01344052964957071,-0.07847725542910985,0.009862622450640957,0.008502521961890639,-0.0016156959726535548,0.0014184128055143102,-0.03591787983883631,0.01793417583264827,-0.01783097198782258,-0.0021635944391561975,0.03534810579988942
3_1,-0.0025015447776962803,0.01932940533865556,0.06957662947954558,-0.02467995980756704,0.0009762624156085956,0.018118863882172844,0.054753695571492136,0.03508825623803286,0.15153456989441808,0.2717225995397215,0.6771906837572007,0.404840963150618,0.04852282577429272,-0.0036266199770263615,0.26033167055104567,0.12099269866105829,0.009319276378364145,0.012806515558677492,0.026541714788439197,0.11220758452720837,0.10888877707144358,0.004767498244880611,-0.012625248202989617,0.2737292168449934,0.045304391106163716,0.23854429958069165,0.3100852114702397,0.05020451183040453,0.47784873823123214,0.021559115381255156,0.15376058002948678,0.010973638579716751,0.024677136534753293,-0.03462347627809815,0.08613301856303215,0.14762069863723984,0.07449538270747742,-0.009392414081944689,0.012503405206436035,0.0006310943137591753,0.05838632562534307,-0.018933055525223084,0.035955489612617596,-0.008119088774556808,-0.008270936760131858,0.11249203826406026
3_2,0.004439714206549082,-0.004466440508548964,-0.013674966210681412,0.00911362749090696,0.02974973712835924,-0.0005258081852186511,-0.011514663834371407,0.038233454516319786,0.23181748360118276,0.22971155554603404,0.6918888860531724,0.499412684951023,0.0507863334725718,-0.0016024256903576484,0.08703472356104439,0.0432886674541424,0.011846997975127128,-0.015077955702376473,0.018132772975773846,0.03226847673191017,-0.009569581108472324,0.04988191669722461,0.05925911449631722,0.3426379207093657,-0.016631150962111235,0.469924568332961,0.4232761081314977,0.17922815452799185,-0.2464187085387094,0.038587307317249034,0.15409396265557176,0.13308114839232787,0.02529949772313237,-0.045425022967626044,0.1272305978726043,0.25428044549014883,0.10555805817466787,0.013862487783432194,0.06900783133161464,0.0013718057732486117,0.0019107795786920258,0.09692921453619768,0.06505868854583005,-0.024358735673018442,-0.002738636159852138,0.13664471388181015
3_3,-0.004547500691598104,-0.0048131807041415,0.00662381410345054,0.030059088185557015,0.0011005152188683035,-0.000526316978652244,-0.011764973739499335,0.03878864567492512,0.23628487261380554,0.22615395303352034,0.7004985911921596,0.49922963296896794,0.04069740533991289,0.004487774361166307,0.1360255625803086,0.06587737433604708,0.0035374167730899144,-0.015145928084273154,0.015089817081550211,0.06542400900356862,-0.05381070756460387,0.050963065139941616,-0.024089522454960575,0.3766491135496513,-0.01497749604848485,0.43964737981621205,0.4205231315437913,0.17671989097129237,-0.6855341578507936,0.06828899315171921,0.1390985892558984,0.11271659558248703,0.024299941136232413,-0.04474513082881365,0.13330630506565586,0.2910137383380274,0.10439158553980106,-0.008444417877252716,0.06730315058652564,-0.01379771792406932,0.07187414707948803,0.09655002322928545,0.07264929397137447,-0.013550422933157004,-0.0027239298357310334,0.14282895323349457
3_4,0.0019555062166146282,0.024215146670789136,0.07446039579637641,0.05859593579632594,0.00041901143509842935,0.012491465115185856,0.05784076295124025,0.034537762797987516,0.16397025261527423,0.27049465529040406,0.6963540067610501,0.4150113950310682,0.013069094481307258,-0.0025578871930430984,0.12015997857561311,0.09119778360655492,0.009144200047060203,0.11166513669963776,0.028720945968307966,0.2710532358256064,-0.05029420753843968,0.004625500076307404,-0.2851576511546685,0.2731480966566882,-0.03214004758149555,0.3368880057025089,0.2819566416424584,-0.0717134563175908,0.11299436523010982,0.01295503896684374,0.11717595919173733,0.045926347398075405,0.017668744155665904,0.10645547753216605,-0.514672575885962,0.2905747658976312,0.03789300794541869,-0.00950124444216756,0.017833817165714774,-0.0062320899411612285,0.05750205225380986,-0.036525802535173596,-0.009189032876003783,-0.008707969874192294,-0.006820378831890821,0.14143392146405812
4_1,0.02686356298672096,0.031518028387034214,0.07241606810431767,-0.0006695180107059635,-0.04035765822884459,0.026117225744589488,0.05850519368713262,0.038496773620881816,0.14643845646238152,0.29196381768606644,0.6936001294136754,0.5221519662513521,0.01336590474601989,-0.0030721669363591594,-0.04174692246587318,0.006419669131422372,0.01308440127326411,0.115832159623774,0.017559713015701656,-0.04036166166227041,0.027395107119683633,0.019964105015031743,0.22364620375084943,0.3346535141918202,-0.033558253938275995,0.41708593023835305,0.3344253932846877,0.0812966285480694,0.4211979753485618,0.014538494996680109,0.15164408924904263,0.09283414426594752,0.026821443448680246,0.05117296215491703,0.0479149971840785,0.21214644384469297,0.1190001707685347,-0.007111352569405646,0.014525937262509728,0.010048155085696136,0.0013781173772272172,-0.03331963300617849,-0.011624050666133893,-0.000690034885176873,-0.005709978748709155,0.1458280231797465
4_2,0.026837150258212542,0.03571220309757411,-0.013997900675111712,0.0011090047236903212,-0.032345700919614355,0.01889750961238102,0.05930709065084543,0.037954895148265735,0.1863394106466656,0.29062559076463695,0.653212077986406,0.5906303598977681,0.01205164612838373,-0.0030608901189593265,-0.05693805461551448,0.0066370195350420325,0.01261827839617863,0.09553376057270792,0.016108857719053207,-0.04816587741624123,0.014083969543141044,0.051674802596616026,0.22464275301864736,0.3269268728436471,-0.03306166453776186,0.4050179926185374,0.37183229444920585,0.08833203707666523,0.29670333611092037,0.012244800476870682,0.16934502335228976,0.09989580736294895,0.02706381668853021,0.05141082063928124,0.023842716376196428,0.2507546144530603,0.11772170379341049,-0.007753776093078613,0.019945321882426634,-0.002606145451067649,0.07047404011721765,-0.034370392536224724,-0.011601316857955525,-0.011321357409178473,-0.0032789617558709873,0.18063365765274367
4_3,5.004455147872636e-05,-0.0079835803504655,-0.013090274008033179,0.0051346250648286965,0.025356533995352443,0.0023654933985424783,-0.02272987084289668,-0.01004367618757087,0.24086580467574023,0.2676999048810033,0.6472833687005035,0.5059555023481829,0.04540264201645186,-0.004465941002123988,0.06843678698240013,0.023188962132777192,0.005000173092944385,-0.010480717679545407,0.019848820882549766,0.05362029420539429,-0.0020655284991645964,0.05027598055736324,-0.004016319560101495,0.3189682797953248,0.031364136112349505,0.4802003604378069,0.3818665686414913,0.124535538449665,-0.11797590704094801,0.007736856678902377,0.14352597914185003,0.0015781608392791172,0.022376193235563346,-0.07937663178735717,0.14378878595303,0.30038516908634383,0.12031820480811886,-0.007180679602078139,0.01737201710727938,0.0008081253723162858,0.0712904282379685,0.06525663621557917,-0.02784751466140533,-0.014425630913889462,-0.0023384709777591844,0.14102013649426592
4_4,0.013705666850585635,0.029120220051625696,0.0332983112035285,-0.013814786297355245,0.00609575595314561,0.019105437376898696,0.05851713117089532,0.0395952741402862,0.1655581416157935,0.2909729884705734,0.7015691108678469,0.46351605618643305,0.044641013624343376,-0.003649695198154381,-0.044168547258673856,-0.0025991085374952034,0.0028260219522730783,0.024548767484689073,0.020297199777689547,0.08043258019719833,0.02767965752787406,0.028602408675845348,0.2230912326165048,0.2825823414050339,0.047353465193036445,0.4039480501808089,0.33169882226421205,0.10366620192132307,0.4530270858586338,0.03331806932901778,0.17624355998036922,0.05508335200354453,0.026442304387038533,0.059612784553282026,0.042966639504178034,0.21148522938891015,0.11295534410290799,-0.014534652984898925,0.019344649673089943,-0.0005462928080537909,-0.009072254611371148,-0.016321550273791764,0.02426697619518492,-0.011283452609707645,-0.00771197613444095,0.14184283145917437
5_1,0.009644938503188726,-0.012953206724773087,0.002267585983859313,-0.007709612149505729,0.020910222968915964,-0.06144979966983545,-0.013873523899064764,-0.025708220325669395,-0.01035784464794777,0.04303114794338288,0.027910898095007696,-0.5085518450783162,-0.06669884114511572,-0.0017468969406109866,-0.05670601758733904,-0.05124664399234034,0.01730351048684512,-0.0036400277992329304,-0.01135176118714735,-0.04050419136880149,-0.11834388047451334,-0.06202580868719187,-0.7563332723891119,0.07822622752647068,-0.03804166748392901,0.09374391513803741,0.13143317375004904,-0.1775092173560467,-0.7487251764428416,-0.022055985812646596,0.05169495380770017,0.052103773163249795,-0.001234191268428731,-0.05137809697243944,-0.7032073023734744,-0.1707965524318301,-0.4867264034370312,0.03423076708392082,-0.09815717521141806,0.0011772401079750308,-0.009720158020260727,0.02071810386563509,0.07197446716214552,-0.02200437626721911,0.005834699553200794,-0.2106595884799707
5_2,0.009436352471066237,-0.025051294005602357,0.0022361012467479358,-0.007793114272107253,0.016680867769074084,-0.06384460506002737,-0.01422231545724606,-0.02573549337341474,-0.010662344439356661,0.0781064966125084,0.08317892668597238,-0.5039078687460429,0.039391146340659405,-0.002142157118017464,-0.0601155445503487,0.04026951116970935,0.00035402581346802905,-0.024665474734377423,0.015086205244902822,0.004866089241239296,-0.1471222877615016,-0.05778475988064985,-0.6494496961682245,0.07527780199523049,-0.035686603750187666,0.10646260975026475,0.21674398279940135,-0.27864401877092687,-0.8136357577827449,-0.030579875805549557,0.05317488901976918,0.06158766992249956,0.001604572581118796,-0.05067746333438483,-0.7210276183902768,-0.17032133429319815,-0.489788702451868,-0.019241671405540357,-0.09494965229165307,-0.0013723555551190376,-0.008712562737810016,0.017789744026360858,0.10905901396888869,-0.036235922489302526,0.0012628030807270917,-0.22525801824952443
5_3,0.012048965012912227,-0.01779424965524797,-0.01089518321051892,-0.017819219804325326,0.0167799977713568,-0.06538817877209319,-0.014236769728253926,0.05459972774825052,-0.0062283427350363855,0.09349345415888773,0.09465994752416734,-0.5151773126448751,0.03933468599680609,-0.0021747541132512128,0.10315212703763663,0.11903819256444846,0.00016647355613231196,-0.011313066092639804,0.006757350168935721,0.006406851402144332,-0.11816260403420639,-0.0584817859292971,-0.6059879963550279,0.09901636036097765,-0.036482988871385555,0.10128861075372245,0.12696588557187186,-0.273936117565016,-0.8107662045865247,-0.03143137102315231,0.052672744109691694,0.06225745513346071,-0.004566142790714252,-0.050764185299800875,-0.7189314799296961,-0.1797084430832621,-0.4427746506980217,-0.019241671405540357,-0.10121259445610038,0.003917320389504166,-0.010513437945228786,0.012582322277896588,0.1099905765035518,-0.03842016197855139,0.0013008338750007638,-0.22418860979654923
5_4,0.00941086978401575,-0.023130119950773194,0.002299098645580183,-0.008013641614115921,0.021510272163690388,-0.06404663661974916,-0.014220268021771697,-0.025761071485448976,-0.012631403485010148,0.0743259977814842,0.07140553115330242,-0.48240694883384455,-0.0054847298140946864,-0.002063945628022702,-0.08086301591812739,-0.047117846199363184,0.0020039221334296345,0.006324160012832048,0.005028975651221417,-0.023840044828069586,-0.15243169605750956,-0.05767392098178836,-0.7185183648048784,0.07490566700557434,-0.03713576465234701,0.10772806414425254,0.21584469647574092,-0.1766261524941276,-0.8147124960695203,-0.021310802178570537,0.053052322583770024,0.03195691306459657,0.0014191257964905602,-0.051623634455509854,-0.7168212166195713,-0.17836356458132197,-0.49213700903378393,-0.022191820579712467,-0.09489731806102202,-0.0013737202630177878,-0.00972174144152621,0.016772443367829116,0.07224074690339802,-0.030295131666943156,0.004387343594365071,-0.22146886910554156
6_1,-0.0001949972111470466,-0.05983666775557522,-0.003120140376961363,0.003840742755284707,0.00820100536945223,-0.00692508042200145,0.026956387911015147,0.013584070152544906,-0.14819235348568774,-0.334109296400337,-1.352434571958673,-0.42855720361064475,-0.08766490912474274,-0.0013838827375083117,-0.022397834395727657,-0.023775361036923185,-0.03165705553425772,0.06331680356290458,-0.0034342578800636877,-0.033358834626560925,-0.011423107057405962,0.01447780375567306,0.07697308231373141,-0.5671866957247953,-0.033430892271111054,-0.805823331371399,-0.5707263048901271,0.06291868616571465,-0.4597637469499046,-0.030281930394328947,0.04511285244538745,-0.04915135144612151,0.008969506359579554,0.018765795745857707,0.041868699390570946,-0.042771774516173644,0.020055883307898325,0.06618952446950235,-0.0009233393378705933,-0.008079146953708191,-0.002377018644052639,0.03895951718696191,-0.09360572854785652,-0.013672050046014218,-0.002343812397775898,0.04340273469687574
6_2,-0.06809705819944795,0.005214068123097739,0.002050553379102692,-0.011525317446266115,0.025095196277053353,0.007580802744604885,0.022015326086172356,-0.03581309496550574,-0.06802278532857418,-0.40905461738710047,-1.1191814520685672,-0.4721523264953625,-0.04499583856770825,-0.0008969381103829509,0.03913187908182833,0.029581949247159636,0.010805752944991401,0.03460175907055586,0.10652831813021556,0.07901472149813218,-0.17712116033315634,-0.009896365771713619,-0.09047315313549883,-0.5305449100283885,-0.03726351455185521,-0.5359267311583702,-0.45679554642347303,-0.10759431476831463,-0.5518206530489667,-0.20372933542012464,-0.049418930265732484,-0.05473668875320138,0.005526602079841889,-0.05271728801114707,-0.025433428162289447,-0.03249997152952104,-0.0017038194263801106,-0.04747412414025424,0.012213460485858958,0.013540990641803082,0.04688377291892061,-0.03741258953361389,-0.048134271267014646,-0.008203392990973751,0.005678582352474684,0.042163213947031285
6_3,-0.006814412840554092,-0.010656516210690673,-0.0035869311355270195,-0.10790742296174541,0.004740282088586789,-0.004184496530130666,-0.0207726234667124,0.01326051593700776,-0.08350603522261678,-0.3011245701385257,-1.3366604355193104,-0.4734818668936134,0.018013298943347945,-0.008094713384486463,-0.012187556939509717,-0.030970505707579088,-0.00322608073485207,-0.030749383155253975,-0.00507328810089052,0.010622993147362866,-0.01889068295202697,0.02011088726174349,-0.14683579065703706,-0.5457986334388865,-0.029348862928512805,-0.8225387185300292,-0.5892904047437789,-0.06411375323764858,-0.5302950758414728,-0.03108413509380785,0.0038039061702428837,-0.07031493014748366,0.00386180941859643,0.019776356241922793,-0.06586697676274048,-0.03661813651033678,0.0352199969074591,0.010593532156710106,0.007173607261053375,-0.004536291769673758,-0.0014796997012356682,0.029547028756643487,0.04197028382103981,-0.01662863651815788,-0.0050500806310896755,0.04053784284342989
6_4,0.02912429615399556,0.01429113259761738,0.008628800113633418,-0.0633764446565533,0.024518010008215695,0.008099044369904244,0.053918693789094814,0.012907619627402037,-0.0938630483425749,-0.3629820276076816,-1.276495307492204,-0.48086311300017726,0.014792713261772127,-0.006029635574551374,0.04091262264436001,-0.004279960376894701,-0.002747989558623266,-0.003151091865994872,-8.973271323780198e-05,0.017202545010499285,-0.013325139891192099,-0.026282472949544024,-0.20771232985029223,-0.5229141107437767,-0.054265520936929164,-0.6381791798891935,-0.5610228559558559,-0.1111069924201876,-0.5685273856871746,-0.029270986434614187,-0.0038293427793276175,0.005056051424557739,0.005990038118135971,0.022858689376396183,-0.013539387434757874,-0.04254237625533882,0.03136351114587558,-0.00767294760188333,0.011768401411761316,0.0007311602887377887,-0.010911045927516409,-0.033740357588746314,-0.024584082185848205,-0.005194926448521174,-0.004899962095683447,0.0363313138089701
7_1,-0.003458790131477629,-0.010277008252831104,0.009201445671307252,0.0008937147498395023,0.05317042119355711,0.010813530203460955,-0.012727774322114279,-0.0003536272032669181,0.21298744918737217,0.2237258329173548,0.7005057489423387,0.49768948323366563,0.0058000757982515465,-0.001347673325520667,-0.04377824947245774,-0.035587133635592204,0.0072591102444170144,0.13708348211403504,-0.007342955891196802,-0.03602832143920453,0.05450312013092563,0.03833761640173126,0.24142509811718935,0.21219734507737045,-0.0007973104039875936,0.3695008859843242,0.36508413547328034,0.06805886615311214,-0.29509476959170206,0.025247466333935386,0.12049229627232,0.11901159904265213,0.03292173259204382,0.04365141849891058,0.19033182489197856,0.12323207345103368,0.019228477931360365,0.04880041040557964,0.010538228526530365,-0.007693090046473338,-0.0069254591836322875,0.09272252860519194,0.08042026543665348,-0.011048950837105385,0.010858755333170841,0.12894320760466382
7_2,-0.014961882779149296,-0.07022681064839033,0.0007600377679761635,-0.1013508930071473,0.0032552039489924713,0.03333777047810866,0.025188748854751156,0.06212001687210376,0.31947944476690987,0.19759772543640622,0.6489281416974949,0.5571876559727167,0.037511466911872765,-0.00516551790712865,0.13619565118657512,0.12941569648439152,0.002812817216302391,0.030591030635957875,-0.002225072474140906,0.05896606180650231,-0.023557868420300884,0.04753358526051346,-0.16447417986295917,0.19348814237770653,0.12361808336239871,0.24089045677275145,0.39505096836341747,-0.22830744398579772,-0.7219976438930141,-0.02725808498063125,0.11662240989229818,0.11931082598561622,0.01674245720812415,0.04656970588123511,-0.06214680589365998,-0.07367936107983178,-0.04865958314071537,-0.004476987762603847,-0.008853560696706769,-0.0082166249975626,-0.021050020961985487,0.017666370947124973,-0.03474793355208243,-0.01151539611046502,-0.006572347713775365,0.15093791459502107
7_3,-0.011540494963757725,-0.05615197317753641,-0.016939392734273202,0.04761140195831503,0.021944081838193397,0.03013864196366185,0.030872864758948702,0.06430609711701818,0.17656858146100107,0.21614451123521683,0.5809949709702397,0.505788431412137,0.03294316955960276,-0.00023585173514761642,0.13807851609094784,0.3453366249027338,0.0043685110811064656,0.020433660537867698,0.016202383350385808,0.03136525067669269,-0.096523684279815,0.05023972282450509,-0.13031394669263857,0.2818455618052228,-0.005708153018773335,0.4502813193817149,0.39784485014731796,-0.2167915769087698,-0.2766356957388067,-0.2602513061811858,0.10606216506966197,0.11184028064426513,0.020539682464964557,0.04681478176720283,0.055841689020923194,0.1633322693279187,0.00785033526357582,-0.0039078908497212645,-0.0012377863584536342,-0.0031006285471830083,0.02642821966844158,0.039960113305435,-0.029036701016629703,-0.008194451443972586,-0.006954033215562713,0.11992459083344127
7_4,-0.015053703347545046,-0.028282410109078216,-0.010805241155387845,-0.0011337057977674272,0.00820395015007029,0.0017487569780155713,-0.013831405833641838,0.015112091068554377,0.2966385340909076,0.20448289565877226,0.6805662483962851,0.45116345476131714,0.0328877161551836,0.0069956925141237865,-0.006660645094738063,0.07478074608457877,-6.563106543282162e-05,-0.008128774775336238,0.040424988490873164,0.05546875800324058,-0.11849888795895587,0.03679947537333583,0.17607997956317206,0.1871009489627764,-0.0069763830082350846,0.40599091490619876,0.39526591849156684,0.0733412812884218,-0.31631711178555894,0.014390033029287968,0.0842486504618848,0.10650998751586523,0.017592738820713563,0.09396066512446977,0.17881208447812758,-0.07025820568518376,0.09929613358143285,0.014408139631580427,0.03092422406855563,-0.025523868458010836,0.0019432367678631993,0.1044766913997015,0.08383452817600115,-0.04028795719310042,-0.0006705658293009825,0.11661939301983505
8_1,-0.003248169736234563,-0.011300585753235736,-0.008581250691170392,-0.04905726337559891,-0.003546280409872142,-0.005848197819251935,-0.020343078912285192,0.01251338366387901,-0.546628656214566,-0.37533676303715946,-1.238570492950509,-0.05122378236245355,0.026872279442339407,-0.006493770022840437,0.034239535049730534,-0.009276387559334786,-0.0050450889687598845,-0.021562753364236787,0.0001097969353317823,0.021947459129156043,-0.023453470310864317,0.0405698579200865,0.07541943231378843,0.0621397821919234,-0.06071264264146732,-0.6100085836982284,-0.41039287929830504,0.05708772477769049,-0.28270994326600146,-0.02402734958137582,-0.2549889385389698,-0.40937224778645187,0.006873325552054427,0.026343235068129616,-0.01499126853221966,0.09112345143497697,0.046922892071707085,0.009102539326418344,-0.0007637973306150983,-0.018729191450770698,-0.03060445158862259,-0.05334930593937844,-0.07367831983470749,-0.010883967232434845,-0.011215938044163263,0.05472308487107861
8_2,-0.007248600154368909,-0.011110560638175424,-0.002306376736003016,-0.07535259733999589,-0.007253368129159935,-0.006260892188347365,-0.019835256871786753,0.007978803523577094,-0.28485925232600057,-0.33242346825855995,-1.2146543115333919,-0.4113065295489692,0.025053914879654526,-0.00749531123819774,0.04150545453016414,0.03955541024327887,-0.0027660667271558153,-0.05449096581182014,-0.0040221009869481844,0.014925258323704137,-0.050553825017269356,0.014067523867616977,-0.033487428615436333,-0.5219622302310252,-0.06769351918358847,-0.6010058539287607,-0.5910903730538567,0.03698398748780782,-0.5517092549753119,-0.044857906362727684,-0.11004447516234517,-0.3373712614069204,0.006902680369161746,0.022105716958608704,0.021543464984690182,0.12010999263768996,-0.014405296908033844,-0.01649583430104369,-0.01175951159740267,-0.008636161182918158,-0.009641094820220325,-0.029923856322337742,-0.06222088639608103,-0.014115242028322005,-0.005011632283358376,0.04954821897362432
8_3,0.016019962760920256,0.0049674470010851795,0.00990251363631083,-0.05297845181487199,-0.006725558060088445,0.0011237501676277285,0.014123312410287973,0.00796614720184142,-0.34539799808410676,-0.25751793332874007,-1.2404747221354175,-0.5812023893823312,0.02725704479958905,-0.007198795838900405,-0.013470493415423857,-0.02326931660933625,-0.003749286447841321,-0.021321301472082766,-0.006266406501423029,0.0157297189972649,-0.05042339310680919,0.014418394387622442,-0.057979492675987614,-0.5066665149206181,-0.05445018939353555,-0.6813696709614733,-0.609698452686892,0.027286687163960117,-0.36836943623539004,-0.043366260515951806,-0.09889699440053355,-0.4177702321582869,0.006093925411196234,0.022684637122779266,0.023528045955866064,0.1160345632110096,-0.019346479509528572,-0.011207678431862711,0.000883683310908958,0.015813830311730084,0.00812769602373692,-0.03144570873200414,-0.02302868773569481,-0.014740655618693511,-0.0061091702604318164,0.04822655278697811
8_4,-0.014933729290521945,-0.019080831288831188,0.01374536261167767,0.075628605918905,0.02284568209246678,0.0003314685491143015,0.006676632980082028,0.025025773874731337,-0.3392350370733108,-0.2918438927987935,-1.1469147440833598,-0.5213336122905011,0.01977741479776679,-0.005035830674981454,0.04009966143220568,0.027333717388705304,-0.0018405510153433164,-0.012828840773329506,-0.0005088012794616265,0.0141558585945619,-0.15927345828681252,0.009629362269727684,-0.03070037924185023,-0.4501334148202195,-0.052354654551909144,-0.6226343609713759,-0.5082514408365677,0.026608840765587078,-0.3148703196760065,-0.043867542914610334,-0.14466667768192926,-0.37452092342000143,-0.082076724685608,-0.03795676141940304,0.0013102127181429711,0.08068212237182673,-0.009732962011760177,-0.03259543348119507,-0.04257104661428875,0.03177545928504123,0.026787765422717734,-0.026449433166828608,-0.058664407923733675,0.014014057192218349,0.013914313555750294,0.04512385256621441
9_1,-0.003188754501708855,-0.011399431234933194,-0.0255249887935105,-0.0017101359062718629,-0.004787707210120922,-0.006103772884929155,-0.021135944775434738,0.006679532011825427,-0.5977495743984966,-0.378980268100641,-1.1512348054089336,-0.5427370306891347,0.026335286624841227,-0.004529773539079471,0.008626925438348134,-0.007660169861254085,-0.006266220043836328,-0.016704453215880995,-0.004015538159465388,0.01798862375736089,-0.013621369545509732,0.03394009677267044,0.10114185925611589,0.015481728840528694,-0.07223447781543205,-0.17495096295212437,-0.47026126690382664,0.034296783101811036,-0.16480542046492253,-0.02393185772561792,-0.2088108764852565,-0.5030927058294657,0.005527432552459013,0.025331082109111298,0.018052259881942655,-0.09020402947656408,0.061259525980477916,-0.025049378058854207,-0.0008369974101532082,-0.013589383238202503,-0.008412300510191699,-0.08619392402368536,-0.1080940147038142,-0.021209559200025808,-0.008983125413686096,-0.025206376860957773
9_2,-0.003308283238070442,-0.011088815355923315,-0.026609878441467484,-0.05119430789392425,-0.018382647701257478,-0.0029952652758201723,-0.020913251850323243,0.005069894537179603,-0.5655271489898801,-0.3804417413674473,-1.0546596484933555,-0.4871806363861508,0.01985332301021389,-0.004065547155122024,-0.021920050463274065,-0.02428355705020496,-0.004242126329563469,0.0027054091781279284,-0.012604165678642766,-0.049552492366055516,-0.04711528527461812,0.01766453958012166,0.0748054377932517,-0.00890563327864398,-0.06307366697603292,-0.48501662314877825,-0.16632449948743944,0.046815106673596736,-0.32416342120428804,-0.03246603896896569,-0.19804199622638158,-0.5915712179487872,-0.08707467623532084,0.045783865840745175,0.004799802548581013,-0.04629018221526342,0.05315990142997595,-0.01796551336742348,-0.00233716910284591,-0.016023757859816544,-0.019159826840229047,-0.07968736518556302,-0.06999305387000856,-0.013502109767648136,-0.012605946412500799,-0.022075713961399825
9_3,-0.0020397547577230297,-0.018701006722789217,-0.027551981470105378,-0.019094553138896537,-0.004820793346296314,-0.0048178082842137305,-0.03871696979731958,0.011620829981838776,-0.543160435071025,-0.43074582191971467,-1.2464810217448485,-0.5745577770187253,0.02768513758447688,-0.007534599024203796,0.034019081127811227,-0.009969362112520457,0.0038814024060576414,-0.031720473536276717,0.0022573653134619156,0.02822684713362349,-0.01414537476633436,0.028971277728180058,0.10117968736589263,0.0931053002985646,-0.06976596321072807,-0.218587622697216,-0.4404583262318172,0.04017409495934447,-0.4050989783525592,-0.013688733181824673,-0.1983907301808364,-0.0485188020842788,0.006111137141291765,0.015237719937535948,0.028723724489785718,-0.08403071930785727,0.060317428576321344,-0.005242495662301296,0.020123550392858663,-0.011818543028531924,-0.00812002164796495,-0.08754035444106928,-0.10479212975494147,-0.01065436600274372,-0.007855827972278216,-0.02378555931542426
9_4,-0.003805102404487944,-0.011876843658990879,-0.026228405931623375,-0.015577311765697453,-0.004735468141595394,-0.00578503235796218,-0.020794717214379286,0.006538059117674126,-0.6179435469414489,-0.39285558370601625,-1.1410411714451092,-0.43907892229966333,0.026959051391354516,-0.00494202015077695,0.02477102105261747,-0.006512231348168181,0.004282671921645379,-0.04838971696209367,-0.002740272330993911,0.014757957927791807,-0.046761077897532,0.010146963181637896,0.06682673179207116,0.02428119906927156,-0.06383281622401947,-0.4102349905031195,-0.47820358118559414,0.038685556558131884,-0.3984583487717096,-0.03430986202683778,-0.20944845738882292,-0.5784403494335741,0.0050898988164597625,0.02591287515611462,0.020980558659262988,-0.08559957667117887,0.060928418533668004,0.009420392702200433,-0.009953059753303052,-0.013400678937338338,-0.008037407948046936,-0.08683127385234768,-0.10976492168467085,-0.011416840554428783,-0.010782675356618341,-0.025188429197245156
