,0,1,2,3,4,5,6,7,8,9,10,11,12,13,14,15,16,17,18,19,20,21,22,23,24,25,26,27,28,29,30,31,32,33,34,35,36,37,38,39,40,41,42,43,44,45
10_1,-0.005258753386798081,-0.0814393473396212,-0.014455851484529403,-0.03942725788511274,0.015452010603961026,0.00012927871548773365,0.04130004568695925,0.017012149834714642,-0.01445289673471334,-0.39354973659058196,-0.952111588380196,-0.9265269060056063,-0.00019195568653397762,-0.010014014547554071,-0.03026745597735908,-0.04538594109640324,-0.0032348112472394427,0.013738864699517038,-0.008624814825743475,-0.01931030250179786,-0.04266056033610748,0.012488453498140845,-0.09084004798491538,-0.605925587513234,0.052499523514365105,-0.834108499103387,-0.46614884810536045,-0.16836271981367162,-0.3813590412209695,-0.06142166948536739,0.04335776040049798,-0.03387400440579276,-0.0003721769861420568,0.0365951781044329,0.041563111174156724,0.050436137473472156,-0.05364206321282796,0.017093440288807205,0.00031724414189266965,-0.029553538115883023,-0.017233414611261235,0.015607586910627882,-0.01021478497977651,-0.009616442327097565,-0.035465491146883035,0.06676333558895498
10_2,-0.0034624772482710897,-0.046169188863764775,-0.006248823474822374,-0.03128445856720558,0.008998708037734348,0.01214117580797884,-0.004392495714418326,0.016798517106965682,0.024905844264274068,-0.41652550708060526,-0.9096894627178166,-0.8869386711260309,0.0006349650410256651,0.0029980674299979557,0.025436731441526642,0.008548476238799625,0.006588081295825649,-0.0006304187206601864,0.005661708448862494,0.005130222326355523,-0.04532220703245061,0.015532173326348549,-0.09473083242155661,-0.6589560820206359,-0.06677804760808453,-0.7656386460044671,-0.4445302377252042,-0.2616655989037349,-0.45186093578674497,-0.06231834578476538,0.04944867873165933,-0.027611244515020308,-0.0027780219102959015,-0.033048427682609426,-0.028499564211079537,0.07077226134525498,-0.055061729039298894,0.01582892012455088,-0.006310452595376926,-0.02358736101402104,-0.014243793802555773,0.01842081031234724,-0.0066313720197247045,-0.007801264484597403,-0.030349317719887213,0.06246395682072213
10_3,-0.016499522675998635,-0.05459505475499769,-0.022231272392644212,-0.035751141606047525,0.0163194736186288,-0.0030433784272680237,-0.0014078231516172594,0.017567144927001472,0.005796140175426123,-0.3772623482971169,-0.8489684520146527,-0.8906406522561969,-0.26663588958956286,-0.002316514308677837,-0.018608703407625323,-0.040885317660225365,-0.0003149823684213764,-0.18844582329020282,-0.006462874337342317,-0.05646234215967856,-0.031928099396636954,0.015823487848035955,0.12364280174239962,-0.5968921234476593,-0.07266969060158751,-0.8116454664833475,-0.48052787356765947,0.04736242554722621,-0.20072435894939017,-0.06598086706586782,0.03609664611540617,-0.03493528999586995,-0.0016705978839776667,-0.0927000730204354,0.05018964622408835,0.059829044990886954,-0.052573211693456114,0.017034020678601478,0.0012635441894762649,-0.027755901847632953,-0.02697136485514878,0.01374519293622772,-0.01732621137605653,-0.005974316098889175,-0.01641257620188516,0.036482969657954764
10_4,-0.04386273925014638,-0.059335527078343914,-0.0041029356758730965,-0.01594933025027363,-0.0054193459869649845,-0.016946645652962757,-0.0856088518069936,0.013226343773080356,-0.016521046169309953,-0.42802096864257594,-0.8795448471136055,-0.7664407000215461,-0.015109542987958314,0.0022417045741026393,-0.012642091343948607,-0.005083140150123644,0.004617040705520921,0.016056429875021174,0.006914378871020698,0.010647403532711557,-0.04554619407526914,0.011330962070725996,-0.11119582965034149,-0.6292185332334342,0.01882274163385671,-0.6978677800845814,-0.42653830180759356,-0.26723326548604626,-0.6655233383782514,-0.06265661322150547,0.05882424191067635,0.018847312528355552,-0.0013658194703540434,0.0640469603587739,0.0026213878914434037,0.07826948949690993,0.01810258325746458,-0.004412938915567606,-0.0007532050539530281,-0.027901448968898915,0.0005460352716802975,-0.06469429020373679,-0.028186041303610722,-0.02993744441836005,-0.006513168075657746,0.0655932242195412
11_1,-0.00298328733223918,-0.048711450473433275,-0.00972177272520758,-0.028699872207690994,0.008180801217750881,0.012400998995996816,0.039654548713038924,0.018483073386607894,0.13478051469774086,-0.4240363975508744,-0.9015132291888115,-0.9010541647945446,0.06362221193525773,0.002800410349968018,0.0058102614940573356,0.00874706597852638,0.005104826769691056,-0.001543602936415323,0.018230127229571378,0.04452468637369795,-0.04544102724331228,0.014336553693033587,-0.07905379643215671,-0.615587765451389,0.0057583329603342415,-0.8436473828965281,-0.5806292856311005,-0.10709691549495116,-0.35582577919934527,-0.12871467263016312,0.03794691035714966,-0.03970906416644614,-0.0015411600801977286,-0.0893854754393476,-0.03889065497329366,0.0881724487724776,-0.0559307366861185,0.02553934745321921,-0.0007218509893582728,-0.023593399589118293,-0.01027456904849344,0.006444310030586972,0.024854936288660263,-0.008993590795266465,-0.029129909092942566,0.05645507849704521
11_2,-0.0033594251545495052,-0.08117095158561899,-0.010147059081778357,-0.022145917043947853,0.01550939303840578,-0.0004528631604109827,0.042530104136774244,0.01591231426467521,0.18855345114538508,-0.5040208112128013,-1.047340728833196,-0.9721606863728168,0.0017227205829386228,-0.004207660609961727,0.001140224100078936,-0.02718091649151156,0.0065403608010419926,0.01563504657299875,0.0007217111220009454,-0.011689331193995671,-0.03751406582524346,0.016495644259916717,-0.002668691272083554,-0.5858463391215272,0.006647178257983075,-0.8405870878201858,-0.5303561376089879,-0.053649412908684066,-0.21356591707301564,-0.06528106807705752,0.03230971424880449,-0.04066877393346487,0.000495510103459808,-0.1784363089577685,0.055914928784955686,0.036369247447744175,-0.0575571913964418,0.027205957081338564,-0.0008157672461947831,-0.027873248299309313,-0.00950514360430566,0.018149984723206145,-0.017861442521126904,-0.011924798006407958,-0.02345167045773522,0.051498583097769245
11_3,-0.0007608387538531825,-0.06895557894397032,-0.011063504072238514,-0.024907246604665388,0.01420064545595776,0.0009718555107974227,0.0030611443345616948,0.01848043557422536,0.22489329302355918,-0.3437111289381815,-0.9662180736482913,-0.8973885273340871,0.020980944417586047,-0.011330642346885357,-0.03736602406140842,-0.04880537686324887,-0.0027313511597324004,0.015785111140099495,-0.009311584934163723,-0.018473440887519656,-0.13064446229617985,0.012952492188881596,-0.10568845462890315,-0.6040555693360098,0.0029823356242422916,-0.7865557702692008,-0.5083489295651381,-0.1260404218350075,-0.3159988853229751,-0.05870533410585034,0.03794541643987059,-0.037141816758489786,-0.0007494777032187414,-0.15615478957650306,-0.03451830922429492,0.08208611833187347,-0.052063403954966135,0.029162706159929015,-0.004713279780107228,-0.023559146720294164,-0.014693308149519215,0.015533586587906318,-0.009517726830017616,-0.0071618530221008,-0.03289190384682398,0.056010010223823514
11_4,0.015409871815592514,-0.04988126048879111,-0.02492591912093817,-0.014395430804077123,0.014525126043511862,0.0070306819770165774,-0.00552016487307302,0.018929882976029853,0.14134005345378153,-0.4346352914888366,-0.9526165513387569,-0.8936199619341916,-0.2131768517614665,-0.020805480574076985,-0.02074606847730009,-0.0476946912439858,0.001541491442497764,-0.17045184862149415,-0.01117346755866302,-0.03267920153427573,-0.030375483758467096,0.006336403787332315,0.04979309987743922,-0.5606654272478986,-0.023158444473853977,-0.7560116249148053,-0.5357307848451335,0.030159148959781227,0.28476324208850806,-0.070894837042806,0.03398712312252527,-0.03865983077681619,-0.0033789698199486436,-0.2612704468230303,0.047030147930836624,0.04208052361714797,-0.06671286389651347,0.027857973879376278,-0.0013338125437341686,0.09917089500071351,-0.015324938180188537,0.021367320301341624,-0.02577345577590362,-0.004940195730318356,-0.012801396298313871,0.0362124137881091
12_1,-0.026504155559144312,-0.015112850883133633,-0.009021765816506459,0.0010552816879042944,-0.015519552162612171,-0.020914490739030248,-0.017907096429315025,0.014569356730203582,-0.39116616619678796,-0.44169435317323213,-0.7604054168898678,-0.5845934254871247,-0.1153992765445599,-0.022670519384540663,-0.02163508398738601,-0.05161412614094675,0.0011675764077114061,-0.13342037804297208,-0.012947570339701333,-0.03036520420104866,0.005943816155463191,-0.02114038453699378,0.07103647997629557,-0.27850441400267756,-0.05927873418036506,-0.5380585947967463,-0.27941648762244464,0.042203605435414626,-0.49698935023815927,-0.14096684766683473,-0.14204942123186762,-0.15581531522903608,0.007421478987276828,-0.07107237298210885,0.033128359764678136,-0.02465493217516863,0.07756703249418766,0.012235417890370902,-0.0006754471949059483,-0.037024015478901766,-0.011204981204591473,-0.052249644200279166,-0.004711526957373158,-0.012185741635571066,0.004749520825996481,0.016911181757475316
12_2,-0.041986727514511706,-0.02282169543551755,-0.007199894374867805,-0.0026566742881894002,-0.008249242822601413,-0.013780890829019815,-0.019456151122891854,0.014491218921857138,0.027899484187503428,-0.48885325913203737,-0.9515772185295946,-0.8422840565142802,-0.006171327868904241,-0.00886565755145302,-0.00698269670989968,-0.02411285539356931,-0.0008894241052521241,0.020648870695489256,0.01076218512692854,-0.018165317725006458,-0.0464520235212704,-0.023965525823504044,0.0581047785684176,-0.37865714878708945,-0.06302129813490036,-0.6545127637308592,-0.48023743544516195,0.05102215832770411,-0.6745148393326352,-0.17624181520874818,-0.006644848703354331,0.043587361111371084,0.009650428845592304,0.04336158372555602,0.052213504253924244,-0.045469524744262586,0.03798359976621933,-0.00727196534760779,0.0027474893356073797,-0.030234058364155474,0.0071119292654692615,-0.05671808055587663,-0.03843472035900351,-0.02180374045254403,-0.022483516114979323,0.026050528039708015
12_3,0.01781230814224848,0.2003560524427543,0.20567040908237708,0.09109303547271012,-0.09393438044438358,0.08028392689396939,0.15330724634793244,0.015527561578025624,-0.3004343526702705,-0.3821796302262301,-0.5806405171063667,-0.40458012491383255,0.24963213508095175,0.050372390405256214,0.19766831126992618,0.024485319585067576,0.0020332086196032037,-0.015203722548089962,-0.012908114684362268,0.03280845080830046,-0.030186816860181803,0.00324542465624939,0.07123666207709306,-0.22614581335160802,-0.036390925286417,-0.3288705346100343,-0.32444009944644425,0.03634399318735816,-0.5610085999668928,-0.17985602310129484,-0.09741662808247441,0.04075285537566562,0.0072199028927062495,0.0035043067527392637,0.045836990062336304,0.03242862050499937,0.09889092676249764,-0.03382185743001715,-0.007615680603307173,0.0502877517047863,0.039292706503147395,0.02870418821213396,0.0647899472591314,0.03651418892718738,-0.0022134114646898987,0.007389691347430892
12_4,-0.00646260290643076,0.04277443538397893,0.010752829573752804,0.03198096203690142,-0.007693414944682814,-0.04332189367263968,0.001839968102736912,0.0244441164851262,-0.31973877170373394,-0.4586378409473032,-0.9999593604330126,-0.6952088077559835,-0.00603534004654825,-0.007451484999045053,-0.005640403298853947,0.024783793351685336,0.004198920127508422,0.020824174311120807,-0.01611092884042775,0.03293591161550905,-0.045861993841226696,-0.013584456620058763,0.06262385813378177,-0.26443759033637454,-0.06075403385700966,-0.5187021794436061,-0.34685702212197195,0.032141997630095676,-0.7542046649512111,-0.15823146184509215,-0.1294752640221574,-0.23249064342859405,0.007670438760105459,-0.05064831383812002,0.043400496252246505,-0.007255151935629053,0.09897254454685486,0.00027525739452832743,-0.01189857519376599,0.05952344752749325,0.019158633654272242,-0.05163403853672702,-0.0721471153931001,-0.028802730416688634,-0.0010550198752364807,0.01125909941769774
13_1,-0.010910272687810054,0.017207370076234515,-0.021350426201320865,-0.18913628808838845,-0.06981054345741729,-0.06961358708770381,0.03937877050114508,-0.04103101925525118,-0.9923601105810705,-0.24293620507526534,0.24485276190313016,0.227261015191324,0.025737178254190366,0.006969935616852342,0.03147364614375596,-0.06906470964762722,0.0052724386114209165,-0.055154564812074244,0.005503790325579694,-0.0031556944930129036,-0.1166697186963039,-0.2438524797663666,-0.2966263124603592,0.09981337154545578,-0.07528806036454876,0.1684992285502559,0.24051233963072674,-0.34418732725264434,-1.0729877494874414,-0.02567399870663406,-0.23480659071724985,-0.03572933223681988,0.006990183001374494,-0.17743487539499692,-0.016096426530603065,-0.1809018196562684,0.0020137416038973743,0.00332393643670812,-0.059357179333033,-0.030806825574025355,-0.009785196418320208,-0.053291425171845694,-0.07500290267865832,-0.03540498807814464,-0.010317869833745894,-0.1576098090728628
13_2,-0.1311399634774795,-0.025766574783233565,-0.04560426447672624,-0.12425956158514717,-0.06049496135138015,-0.06369011349868395,-0.036435675470957184,0.027771949651696496,-0.12367100835755125,-0.2899213565453564,0.23345134209808766,0.21255655170780702,0.05986147771692512,0.046632687291848586,0.02668212760310982,0.12370857950658044,-0.13814993994920252,-0.056996192641343583,0.08675175284876338,0.10590312405413374,-0.08237555292277994,-0.07188854335363744,-0.3423458527522319,0.1647121922765395,-0.14873464883532758,0.04586647987488847,0.25860194676368303,-0.40189910955079544,-1.0606941487599097,-0.04747652529213822,-0.2819882602419008,-0.04782901691758144,0.0058319259868258476,-0.2848587409556622,-0.062330871580689645,-0.17789309686142032,-0.005818515831163202,-0.04840960024775245,-0.059078342106445705,-0.019962654846038253,-0.014611205593732732,-0.11362261881257267,-0.11112483593296847,-0.01768345018357736,-0.039474330489758035,-0.27388354664898135
13_3,-0.12633572406264162,-0.06571039988007647,-0.02578431985862059,-0.01715315342090414,-0.0642988533206235,-0.057455574881377855,0.020526728067289772,-0.04482925711880076,-0.8236128052733184,-0.19865401336390465,0.1513878374744536,0.2640286222232613,0.012736811369633009,-0.014178538949802604,0.025555141199843583,-0.02635420741917537,-0.001221767891790632,0.03810026090514124,-0.003974855936942136,-0.005884230249691785,-0.13002075243191358,-0.1112752685040955,-0.5682206426866048,0.1866372543835538,-0.004035073403804681,0.20718486284099583,0.22058606313155368,-0.6101010089171107,-0.8901836363976443,-0.048124815705886836,-0.17158409461022833,-0.04724098039323029,0.0054506504167957095,-0.15964592105705966,-0.21660039950421162,-0.09634303536243458,0.009944463017928408,-0.06495134493329864,-0.004489034986792269,-0.045140038843168015,-0.035981626431277614,-0.054273652543789394,-0.03677376233500312,-0.022808735795449918,0.0091281093873188,-0.2756421516638198
13_4,-0.11180062924654738,0.060335766485962866,-0.026553239893873235,-0.1527480175522769,-0.29058450111750406,-0.01780045383101277,0.012291297741538317,-0.04401495352739389,-0.8908494454564846,-0.18500471331240986,0.09560876581704995,0.22995507511600125,0.015246084264103428,-0.018787729290555617,-0.026090746302321673,-0.05639928701240265,0.006190979427935727,0.045818393469963956,-0.012110075270995724,-0.04569715921445097,-0.10783181119826409,-0.09791830602751023,-0.20781145046564178,0.08370601373126062,-0.07654732441569517,0.15013001563339695,0.2676956014358851,-0.3223896633432588,-0.7707023549966162,-0.037173552530643736,-0.22910322427736105,-0.30520614265836454,0.009825556509446016,-0.20779749325128077,-0.07387727190923972,-0.15670282415448653,0.033910126747291026,-0.01672251003629996,-0.14664940102481616,0.03357900320243756,-0.041024653788705234,-0.05330532779478434,-0.25298870648652194,-0.030572086024201223,0.008927840843729327,-0.28725342336787224
14_1,0.02883949211764757,0.06809000930308376,-0.004978374722156412,-0.11978158510202969,-0.05508251585515891,-0.07246778069465246,-0.05016932408763013,-0.016957537946281537,-0.7393622390541925,0.049228985539337196,0.27718474086527173,0.2747119422538227,0.014378813833656757,0.0006105362185625665,-0.05935792039052895,-0.12145353187649766,0.01030901516038182,-0.018626851174137423,-0.04338395698599719,-0.34366524469240534,-0.004522490730189723,0.015410061678768381,-0.3241374919947833,0.08330087924342058,-0.03127193846499671,0.2189782903242799,0.18119296413795588,-0.5960550253391759,-0.9638906962034611,-0.1889332703121233,-0.21001297270536615,-0.04500258154054222,0.008832366943414424,-0.031085268862465147,-0.052243614853532426,-0.05127567501223988,-0.005047723326437718,0.0058347819051943195,0.021220085396495038,-0.03667948051918379,-0.010540782581148744,0.050947502736558056,-0.0353700862037212,-0.023093485201582626,-0.0891905611742039,0.0467896390761952
14_2,-0.0769248015190963,0.039046362183411176,-0.022961772789465533,0.04331037657955327,-0.048071837809064925,-0.05916697267872115,0.015940909651944682,0.002078597730374652,0.06854026982691658,0.005806258226209053,0.2127283059993084,0.313436624320929,0.027385196741086054,-0.008515802888874928,-0.06906070363531722,-0.10918737205454292,-0.003651297135170317,0.04382615718515869,-0.03934657294218617,-0.2766741211678617,-0.037566825622208484,0.023180088977805335,-0.20866766604827663,0.14431760171095973,0.009164366219554097,0.22789321385316166,-0.002059648639010655,-0.7729716514156476,-1.040103119030502,-0.33803715409532814,-0.19086646789369438,-0.016267178101803868,0.008461512929119605,-0.15636621230322806,-0.05677823659953922,0.07631015928522399,-0.08752464208025454,-0.018531151875249077,-0.035733207096729405,-0.03141232709782592,0.015492269310403761,-0.0817312920960979,-0.07254402067019074,-0.043658371032729494,-0.046926516113917204,0.10816557562556904
14_3,-0.1374824564804057,-0.03575516290703553,-0.005422105520767795,-0.0509618155844506,-0.05291168580814079,-0.06711533362851617,0.004745074911922366,-0.018892589853067614,-0.8969069560166738,0.019400542066524043,-0.05104170436580585,0.24052058063425,-0.5243909705064962,-0.00417078778959484,-0.05043838734990145,-0.11007016044180419,0.0013022101325193497,-0.3450384244160817,-0.07146814228138114,-0.09248999036933946,-0.005145141377233879,-0.0716958429263364,0.10161217481982746,0.09043252347013304,-0.1108293203717085,0.24036731199653003,0.14836509321359886,0.09151680776760512,-0.5317515334002587,-0.057635216755352645,-0.40523301574007164,-0.42268683916795924,-0.05270710718868712,0.09266595002157746,0.011048375369348565,0.039550515570595995,-0.035877549569125304,-0.009343743143810306,-0.012848321468399902,-0.04446093102327662,-0.038797700088411345,-0.08407202519627767,-0.08840376359243256,-0.03470112074950833,-0.010236386946680085,-0.019329905157592416
14_4,-0.1394631220353103,-0.051441922297036625,-0.031960671121280176,-0.02866959883336593,-0.038427770565020336,-0.06782081339979427,-0.002318789522191723,0.016302690895597858,-0.9446190629059553,0.1053621985575759,-0.05340720345616243,0.24841071777822873,-0.5232709231099459,-0.00624041241450219,-0.024757350030183374,-0.06289690292140852,-0.0034481910246145176,-0.5436259605647801,-0.048119233577927446,-0.10180572855992216,0.006748737231251896,-0.09817888915842204,0.05018414535519089,0.09261274353809017,-0.0014033562160091473,0.24607547246653552,0.14733427505503366,0.0987268419153906,-0.5707185953393671,-0.06103376978675327,-0.42016658226163994,-0.37278480705578565,0.008229030406077201,0.07727098101089679,0.03191969787093032,-0.03507952419747698,0.051852362276161724,-0.011569589485146314,-0.01244687516656661,-0.048822588034313275,-0.04653059068440713,-0.06582096827008709,-0.09645601605968847,-0.025529994488726206,-0.08795596340370675,0.02592595531426
15_1,-0.021383104204523235,0.08865587862119663,0.08445067690003412,0.033805579630964644,-0.0025324460713526667,-0.016408009641935003,0.07463376814648123,0.003965462636064687,-0.0350413996275114,0.2176493867537512,0.5508886849475761,0.44680862575534136,0.07263289920367136,-0.01468060795687094,0.029805329160525605,0.055544035882794905,0.025274431191300576,0.06897900551770753,0.03758687826798695,0.05467806328474512,0.012157541480023206,0.06083522712980576,0.14922779868043534,0.3243492320321411,0.05917481055447268,0.44290185687447203,0.425945068194291,0.24580003001328923,-0.24441371936953915,0.0036244125058846606,0.1439280222469943,0.06352727928480542,0.0200709624533742,0.12384915241640311,0.10144254498030063,-0.06801644864734376,0.12240752590060587,-0.007630651802982042,-0.00349624013643044,0.1338938994608602,0.059880415790476,-0.027733630764984113,-0.017501208591863174,0.19284051681765924,0.011250972637218961,0.13999230779177566
15_2,-0.020557936821534263,0.06582001874256466,0.028496178926939775,0.00814412868043741,-0.00372969173456709,-0.026116916674292733,0.05409491296325956,0.0037303853948231023,0.06336642988652857,0.2789921363842012,0.5127262057995047,0.4526578993062372,0.0683168897185138,-0.01423397207602221,0.15534255180802642,0.24019630742279818,0.0022631582438483143,0.05458509109612968,0.10434534027493061,0.1397888948095566,-0.023731308648358634,0.0533944571074712,-0.17031183744291117,0.22874418525980714,-0.03219720303348348,0.405408796685069,0.33678724753886574,-0.27462837488334485,0.8522819634947332,0.010215034368574221,0.10155249792987774,0.025126154832951043,0.02379865631828085,0.08598855885649091,0.09170544843229596,-0.10334012618488073,0.10453094409474968,-0.03595464666356401,0.0036386793086167707,0.01574045687675135,0.059347959455293794,-0.021997766211881098,-0.022567601475342685,-0.012320194648165982,0.05032867028045394,0.1480226393416522
15_3,-0.15639927857104172,0.06852597894528106,0.04343746197814192,0.018817224260579614,-0.0031682479502094627,-0.027261722436396806,0.014302715035450877,0.0024807357638149214,0.02163179994948163,0.2481018767086155,0.5005668408890743,0.44227523805117636,0.05440361368047601,-0.015107180773425296,0.15625699378105623,0.20356467475012482,0.011329279179594448,0.06008893616899921,0.06212492537098925,0.07811914675357666,-0.03849555917290306,0.04779488460577857,0.09303919206007712,0.21902722430198374,-0.03670452848597257,0.38446501548609957,0.33739294132118297,0.1608839428884374,0.822889544061214,-0.008629695784702704,-0.11823128782160612,-0.24352811627716325,-0.11601305811796292,0.013372482086247339,0.003484462642473052,-0.06530358616308228,0.10673629265550484,-0.027572524298424474,0.0035948028150580183,0.08674401630413059,0.06359352763650344,-0.02494498479760092,-0.027291888839976675,-0.009743021061327562,0.0025330871773964576,0.12062159409484981
15_4,-0.02424283099160294,0.09440538858750547,0.03502771510329521,0.0020758179263662907,0.003230560186687194,-0.017713597653502222,0.05293403267348825,0.006635725890107602,0.14870454963022262,0.2369245623809505,0.5645379266460865,0.4536305653248928,0.08021709154186911,-0.017026018291985974,0.03146300163537207,0.0627011749243505,-0.003981602789984217,0.06774357124864158,0.039649735201150074,0.06050147257364061,0.03979443045076316,-0.02200979071874568,0.10709111165733806,0.2523360715157029,0.017659276615707972,0.4354157536758094,0.34138777257540326,0.16440295141060213,0.7736873336715212,0.006177721826425373,0.13569814217656484,0.07172863156789198,-0.10913160898107885,0.05489179049372752,0.09140334444117308,0.0879238845806402,0.12969485668766517,-0.0036769983066686947,0.0009495041182118907,0.027069380313262854,0.0610048777123056,-0.020927447704430783,-0.014373929006789002,-0.0038257221875548203,0.003013248098110808,0.029862688895852186
16_1,0.0197042149567702,-0.006807361936350977,-0.02231391400570087,0.009437298306307079,0.04402762005077538,0.032716259912926184,-0.02405749886300053,-0.008083394077549957,0.3926084994018897,0.19354039424735647,0.4660423723892912,0.4108137102524613,0.07633302825691927,0.0026125917600943074,-0.02511341949781662,-0.04991498521686859,0.01904606345064301,0.06211454847786701,-0.011624869877884414,-0.029408485992561937,0.09495683162323691,0.030289944854579826,0.18139331863773067,0.21626486890651506,-0.009827854351317654,0.22255927257294408,0.27796687532728676,0.1434388475645445,0.5124728116236215,0.12410867353289469,0.07613719653591132,0.0476450573622471,-0.0211958708516236,-0.039535530083068066,0.14287778287189035,0.041890486328357554,0.11674645493131464,0.02096081577712448,-0.001108069135561183,0.03948636709756212,-0.0063155362559769055,0.015127894598101238,0.04098922133025821,-0.010297585275322424,-0.03148269728847083,0.07958714632129195
16_2,0.009322201376672477,-0.013457268138274145,-0.024902680806354018,0.008843874408598691,0.03704269290659946,0.0297042509311842,-0.02512419299268663,-0.00929369457192287,0.38376901128466284,0.1779116380620705,0.48017840158820263,0.3996488966058037,0.08814055224066922,-0.0029077944574037624,-0.028001421233032384,-0.05215054643902011,-0.01415848522209762,0.0644459761493234,-0.01559481737119893,-0.028393560158325306,0.09107057269006791,0.030513886360742305,0.17790290695612496,0.20581068540999628,0.02438537907749125,0.20219062744481195,0.07797073720478612,0.13726583289282687,0.5096293001030573,0.11987161329441193,0.08395663135403565,0.03402105407419563,-0.025112910987843916,-0.059594567460756837,0.1360359760175704,0.026923703666542904,0.11275284258621125,0.021397838612999064,-0.009345097249793217,0.028904935129819113,-0.010682029888622064,0.0065348473963537474,0.03813435248767657,-0.004521484641827861,-0.025298295061928558,0.0708246229639875
16_3,0.007772356170512908,-0.010961469626055083,-0.02312880950766655,0.0049364108298996165,0.0415715100660456,0.0250694551013768,-0.01513353160613682,-0.007801816650235277,0.4221943500561757,0.18995321603172435,0.4626149865268565,0.4113019164586677,0.06743709017969808,0.0008337942980829037,-0.027614099424673487,-0.048325796709367916,0.012471575861272486,0.06125653368316165,-0.010882337217308503,-0.031116509843424386,0.10582215975014295,0.02994644512452838,0.20262102531149226,0.2027471748795874,-0.005237428940344915,0.217773797557577,0.28489953053273925,0.13681290930447934,0.52625699194834,0.12550289416919885,0.07457480090925618,0.046103649271130615,-0.017520400544351705,-0.03966241436705213,0.13888105192396702,-0.008062053796482003,0.110284906956297,0.023887380465312778,-0.0027377614056220624,0.03883384623162235,-0.008265737589510703,0.01593088557951249,0.04016838150208689,-0.005348078758396145,-0.033561215202552445,0.07361381916622892
16_4,0.014727096278621092,-0.009274044206255798,-0.020167230489816262,0.01363862940984886,0.04283816189679474,0.03158121482766771,0.03038194779311324,-0.008788672448824019,0.3930152909454801,0.18531056951592617,0.4693920736160514,0.4070644177096242,0.09103335159443308,0.01981290758761971,-0.02442297395195587,-0.052428971353903175,0.019032816015917237,0.06811289951225193,-0.013082093913284742,-0.026794174367815535,0.09533260613343818,0.0365671732288275,0.18869778863671013,0.20693564110155807,0.025456555935401966,0.21899125292236538,0.03455215699159108,0.14289471663760686,0.5169367183970073,0.13395937780841785,0.08329052566260588,0.038763541882587266,-0.007538130561130197,-0.056739932074618034,0.14345229844967564,0.040009500981612794,0.11436887985579532,0.047059364881065366,-0.0013818108126517343,0.03977821202540628,-0.008875081030354951,0.014408016496786524,0.04250968383840233,-0.0010831846046721032,-0.016007947342444116,0.07867043612398783
17_1,0.011130481971835516,-0.029368533676354468,-0.014334638056367591,0.014172559578357627,0.04209538768889706,-0.06053088522367939,-0.012296082512067137,0.01881094756651357,0.3419841384384156,0.14067787699474318,0.29474096539325845,0.3866815903012207,0.05520410012533011,-0.017113167034534447,-0.046426564716764915,-0.05915280560371617,-0.023565379989205493,0.04375452585118615,-0.04257257062412563,-0.029572907358463633,0.016021390185506912,-0.08991876844260116,0.05061229340663876,0.1860722688293044,-0.13727137830792896,0.2833489686175975,0.23121169084578175,0.08295671814366053,0.48244336081882777,-0.07897718912091448,0.07638112938777303,0.001480241783258572,-0.027483821990329456,0.027523093538101027,0.11403181349936246,0.06775843928593908,0.10739058910709447,0.00022625694423043102,-0.0014673437316846285,-0.016642638901303,-0.022702928102200152,0.018939711130854534,0.022787703771281496,-0.02177432501525389,-0.02238771204286327,-0.03554416103434152
17_2,-0.04478219887955441,-0.08524157361839023,-0.016048516190326587,-0.05397481523089842,-0.07649453869912606,-0.08382608409651211,0.029019506768634372,-0.005318921279699017,0.35956771841024215,0.18667980059574002,0.302712853611131,0.3673256965894947,0.040751200980429135,9.901533340736893e-05,-0.0502701160548723,-0.10396695113148599,0.0039796481443949,0.006340572986782095,-0.035798222607613575,-0.1832047426653138,0.09277242456718515,-0.012505551596074435,0.013585989958516278,0.1634084800342585,-0.029773157452445756,0.23705459631071035,0.2188892502174539,0.12483757773941523,0.6215868129434272,-0.06262840201052795,0.06946528984643024,0.024727820760387518,-0.018400833751975897,0.03346266965546872,0.0755826211375005,0.014701363410820364,0.09976217129003312,-0.009199459574449878,-0.009022886690843664,-0.01941785366269188,-0.022032774128488676,-0.057899964960521674,-0.044463872319942255,-0.07058274354854159,0.003811748135157309,-0.07794495741768707
17_3,-0.0440644130378878,0.06607454104331241,0.05715969172037982,0.02423264371939773,-0.041177100471617684,-0.02554562046100116,0.013980157827659786,-0.011312817998747633,0.3825522639048006,0.2335851354191093,0.3458677376899899,0.3942558307402968,-0.27633372216443325,-0.051979516683069237,-0.03506228220729422,-0.09608706305670568,-0.003468662837714076,0.1008002393182198,-0.03365548637932129,-0.12639448977591106,0.09632955177834254,-0.05624458864466529,0.09916041062227333,0.1713021401875713,-0.017411087542585163,0.24216850750842958,0.2891573631423936,0.11202228732464362,0.617595242078926,-0.11520014829137791,0.057421787659831545,0.018518578878674467,-0.009291772627910823,0.004893082492933412,0.09630904126067283,0.0828065903573865,0.09748016983805231,-0.0025182925427146433,-0.01083592851594045,0.013645102483293538,0.003061830324168365,-0.0437860510314287,-0.045854400507527496,-0.024271990825865244,0.0039220177449743815,0.016767222309699115
17_4,0.023133228980080987,-0.05422627777525032,-0.01922943350774094,0.008253482087887428,0.04396900639848504,-0.004886861281427384,-0.011466507954697008,0.027636969567518425,0.3133235447347636,0.1826028950965134,0.3484304755065836,0.4162772357825311,0.048753449027666644,-0.026120035688277324,-0.04139287231697312,-0.07617976463599986,-0.016338811556671155,0.04129328929478608,-0.04194558013724335,-0.04465886126152081,0.020683290121986248,-0.09519261052886657,0.047228122226285016,0.1851352355669656,-0.01935011379530747,0.31415193840051137,0.2670372186601897,0.11418541210997762,0.5666310586809176,-0.025101492243044716,0.09782313377601431,0.002009859172788916,-0.0180293725883512,0.03266648136828423,0.0795177214182153,0.04209147455420489,0.10650207235213176,0.0009081077726906511,0.0041686093598277026,-0.017386415741253877,-0.028979168115390516,0.00759439092955718,0.03633200935157293,0.004697776864679067,-0.0330948889949723,-0.0237043243359238
18_1,0.013825943674416634,-0.024010827947199588,-0.011335848810982155,-0.002019862172534082,0.04715565404228944,-0.032954969711495315,0.004091458574798063,0.021936170136088097,0.2796394013923624,0.18601879990135106,0.4829100300222452,0.43361181761146933,0.0555052382753025,-0.012141196628929039,-0.002157742383920893,0.02398491716466355,-0.008365663471991325,0.042436443138058486,0.024053069386206535,-0.015185796949497732,0.002938630850483335,-0.08018849884106875,0.06780145121610778,0.20577055933910593,0.012563421597038122,0.3067504127666591,0.31352049869867094,0.11438093671087382,0.4566353312118589,-0.03235370104489738,0.09206198651788916,0.028248679645662574,0.0004831049034908384,0.03868104502440133,0.056035664700185846,0.08011136480557964,0.0980676316826417,0.00018115364998764344,0.0017335798265639313,-0.01856749405170074,-0.02419326228189337,0.02214867732131482,0.030357990711012153,-0.017712308271350057,-0.03403384092147135,0.019116352584671148
18_2,-0.01029961376855348,-0.045380876075874294,-0.009105159902580396,0.034150931384798335,0.040407172827897256,0.030464726713352083,-0.024819047064524466,0.0197791693728768,0.34786526121266304,0.18086465900379903,0.4410256406986168,0.4283844498533885,0.05641913070655569,0.007306363893000109,-0.03008998238290904,-0.05439581277176884,0.011627351113147014,0.027094286935867705,-0.029210710234533272,-0.025683375003217507,0.09974195663088446,0.0032771605390553033,0.09517540112973648,0.1829798269202236,-0.0041042820776277834,0.2693664113830997,0.30902771520195893,0.12714465773025585,0.540659806044191,-0.044455198097717565,0.08607428065894535,0.013829301419209655,0.0016174908735289224,0.04138010683676878,0.08778397883539125,-0.002043251006794127,0.10928469092779794,0.0018981524169022646,0.007068698646179124,-0.019391117380262446,-0.014122561283705879,0.002911524633299795,0.034023562583742666,-0.02255733105694356,0.0058061861593164165,0.045904436834736245
18_3,-0.043190222722025974,0.07004816125146088,0.016461314311268318,-0.005074571114147404,-0.0014013867524760853,-0.020147949344703264,0.05076902349349379,0.011787715042205263,0.28542486361045544,0.184933343802889,0.47549057594011723,0.413270801537167,0.06006986310357426,-0.01733622249607114,0.042437848773156324,0.11754831637641926,0.00705018555281928,0.059889027978361827,0.03649830463586714,0.09301051171509961,-0.05746150715340632,-0.03579418331539834,0.06306165945873246,0.19274845894977752,-0.0030992159408906707,0.3883651807781378,0.31669583665127876,0.11447929448982945,0.6265571157354252,-0.044256526201962805,0.032039327539325854,0.041470239264250815,0.0006504713088423793,0.04299741252546407,0.09725394363500146,0.0385706149704247,0.12571310288040163,-0.003633379493100497,-0.008595880534146606,0.012134227731508122,-0.0023472154045638453,-0.04322222158518938,-0.018270497542160768,-0.026780410613855304,0.008754875883642531,0.009670117933792653
18_4,0.03674453066979504,-0.057936205892956956,-0.01839036754664054,0.014135305836554911,0.04689939758756127,-0.005511296028259927,-0.011225380933397743,0.029734861063367354,0.30495901427873107,0.20139106042633032,0.4976559002562472,0.4394354389004105,0.07042984240725264,-0.024915966194739503,-0.0027688079917451832,-0.0455678607172564,-0.008583759368042614,0.04600531631505874,0.005572767560766532,-0.019480992268334673,0.02993078235421573,-0.09665760817229857,0.08889374526877147,0.2151815341486335,-0.01313551172247587,0.37828046586690534,0.32302693725091336,0.09910997711154733,0.5519374765850855,-0.03334623467018199,0.08561981721527401,0.031547481606963135,-0.009037284906342542,0.03658628672983017,0.0679208528579861,0.05280414278774237,0.11240525194093538,0.0016640697665916554,-0.0029976226288262555,-0.015706665062158,-0.023304202551809598,0.021617699603263246,0.03258535180282035,-0.017019329091419687,-0.03477357379625122,0.00643416068510635
19_1,0.04293371211268202,-0.009282912732274082,-0.006339024157326379,0.03288455273076761,0.056307364587998454,-0.016822099855110555,-0.008215944832782613,0.021835113842999597,0.20545672793768632,0.21935135102240552,0.42166632559620354,0.4450438025825222,0.04072389229548196,-0.03454938436001787,-0.03714307708258839,-0.057074937608941875,-0.01375578926893763,0.049162865910331886,-0.046880464518579995,-0.06023543866998128,0.019547369956656995,0.027325438762717685,0.18593970879070743,0.2417906074647902,-0.018478106831163896,0.3314988708973103,0.31098060831797464,0.2153828249036011,0.7216071943423679,-0.013144312463141428,0.15147822823829768,0.06922839107981632,0.02603812649715589,0.07477321389679904,0.1142004970310897,0.002578084644385281,0.0913970228124276,0.00867331534899617,0.006326560959663696,-0.020393400607389596,-0.007549207887873175,0.037541948558013113,0.040722351774315005,-0.002095720991317544,0.018388719009410477,0.05242745440663124
19_2,0.042574832512966634,-0.010998503646124256,-0.00637389754599054,0.0436595484475847,0.05565122418761393,-0.01637779633342104,-0.01155092672287665,0.019077959863639332,0.1093561969443852,0.2140533487135239,0.44041166866150755,0.45248842204971235,0.030408604447155572,-0.036145320576243006,-0.0355552235561149,-0.06020235377227766,-0.0123920902314269,0.061520655983871735,-0.0430720413959115,-0.0947963708666146,0.011880346193539901,0.04553593640606966,0.19224720451472133,0.24493551316032708,-0.004700690228768283,0.3328798782882474,0.32356805854346854,0.21548762416001632,0.7042321552599609,-0.011335245913873254,0.15137156451993555,0.07381257367534812,0.02517806401354821,0.07845833261153862,0.11618190783123186,-0.039646819840107206,0.08557041440081563,0.014908144578149483,0.007430674321692161,-0.01475641877973548,-0.00679104599113063,0.0369889145439286,0.04577742617141841,-0.0031973235661105826,0.015566004451474418,0.1118344526276249
19_3,0.05013931104760347,-0.008189780536117028,0.017260676221609136,0.06881217924987021,0.057566374680663356,-0.018248335720182685,-0.00954645759297116,0.020558856473892977,0.19815002060275036,0.21045527911572237,0.43531900413959795,0.39402002072952186,-0.4030786546352341,0.016656803176169306,-0.018307533112801585,-0.05527588739495235,-0.014699016064037361,0.06329371944109034,-0.04258570288068356,-0.055373413578566136,0.012575692920647863,0.04255374432686434,0.18834400837609508,0.24045445338341487,-0.019479455918847886,0.3372703437970571,0.3436065148493662,0.2166872937615149,0.6973865267223952,-0.010076335774810886,0.1518697216648355,0.08043557138560052,0.026616691218394804,0.07527476550358114,0.09940840390200414,0.09889711964519406,0.08344193016835433,0.009720794724460278,0.006712946597018352,-0.014246299489774914,-0.0063624189004453935,0.03907000520834716,0.04614303389470778,-0.0014518024697184316,0.002175656539149999,0.11462725206636477
19_4,0.04246264671216771,-0.038323214395933856,-0.01151551645015021,0.031221590310499075,0.05724167947364817,-0.01665833397855043,-0.011214655722847893,0.01908944591793414,0.10168934051904355,0.2180608002894852,0.45982273057682527,0.44995622157362847,0.03789720832116885,-0.03736053535384194,-0.03389826590997309,-0.06217600264507302,-0.012459059716960135,0.050879329835644825,-0.04565923582251033,-0.10045567009653829,0.020248391945927268,0.04741117789878662,0.1894595857174247,0.24559915478297978,-0.007083583730269194,0.3431870550583135,0.31318682645555096,0.20971580216601454,0.7533598848280381,-0.012567983843838297,0.14915723071215747,0.06789040361872234,0.024137946361489825,0.0764243617618442,0.11549277501864513,-0.03511111245762443,0.08777329049433918,0.014807496214872097,0.005141175236265501,-0.013143394246084251,-0.007360989742883489,0.03574402737216231,0.04551538040657503,-0.0015680796266066576,0.018004353325048898,0.1120703906542066
1_1,-0.023331634058304206,0.09878086428541775,-0.03265696063407682,-0.10628369374984109,-0.02726310899638121,-0.05491237629369312,-0.01340117741552822,-0.01457617496547075,-0.7179550102938534,0.06248272574969152,0.07015027042252439,-0.2589775855157505,-0.007463436146323572,-0.015618855288689178,-0.05659999797145078,-0.10925118629444489,-0.0038776542624403675,0.03539273839631783,-0.011075830295913792,-0.10732378385267524,-0.1083511457194686,0.014871292264350069,-0.358935566164591,0.025578210557825318,-0.039372544592089886,0.12161742548132967,0.181714895907445,0.07832355448328915,-0.5618151534026443,-0.049254138834054426,-0.2990981308696686,-0.29503290627190953,-0.11449395283272232,-0.08340599081985334,-0.534751594444077,-0.48571396716387083,-0.3453411010421446,-0.024143497962010586,-0.0017822652476456582,-0.05253340330353346,-0.040076121511812945,-0.06702448686682232,-0.04271052452606371,-0.024251987481368985,-0.049511759043714895,0.0013830925288588576
1_2,-0.07332465503045245,-0.024454566705479686,-0.02757905565848056,-0.061786556718350955,-0.008070276577720805,-0.051195019408005915,-0.02054123932903094,-0.015794777496108848,-0.8257299355492236,0.08831914049551703,0.020181413667473294,-0.13860210439130016,0.01652456022031242,0.007781925348572364,0.07919080423896194,-0.03286614631023654,0.005470185012977161,-0.006501631818834937,0.005106310884119677,-0.005592690959826267,-0.09890124715432912,-0.07813859689691781,-0.46910574975141944,0.05398215806807367,-0.04395149066629572,0.12202992872694188,0.15818755485914568,-0.24917805419396657,-0.8644142393007841,-0.06064117830400465,-0.22983170328780553,-0.11239538190098268,-0.05883257924727552,-0.12379715911952677,-0.59401764218476,-0.26003647010212544,-0.22736538364648234,-0.02939897421035015,-0.018109863282530985,-0.03726137655580953,-0.03427957122051842,-0.06993147653669075,-0.06649247475614255,-0.02102198456613536,-0.04068436902629441,-0.09264187562040557
1_3,-0.028305784999674087,0.049479438427070005,0.019861921557356957,0.011106115591452687,-0.06183822562971685,-0.04944394577760981,0.002165061922476833,0.07768528960662421,-0.5883947528147849,0.04535307557340825,-0.07213934949776486,-0.15942558631096185,-0.1871944443247728,-0.03069071139288395,-0.07012255490258254,-0.07600422800692566,-0.002765571553725246,-0.23137985716853715,-0.010986783007614742,-0.060293644455411036,-0.11078350917832906,-0.04454206657494167,-0.49961116615937945,0.01962359473986435,0.015781588352852684,0.06849177785783216,0.1405705751391194,-0.22367981296896583,-0.8227528209000654,-0.05594822200079133,-0.18102570881901614,-0.2189254951487517,-0.07523248946872826,-0.05904303120981402,-0.4280672322825601,-0.22370045640161812,-0.23808952791849386,-0.036539073954449594,-0.011943294648265008,0.013677445499209101,0.016635734117564797,-0.061694756276386514,-0.08026816052962087,-0.028232272398641168,0.0068159433836905816,-0.16454803687957162
1_4,-0.08464793433716768,-0.05712787963622862,-0.009863206287423818,-0.12049573625657728,-0.02502018427735258,-0.043004995935354486,-0.024665372702649055,-0.008163523350902067,-0.07890643628173358,0.08652853316850748,0.02999584523786904,-0.1906118521988742,0.01070466377760232,-0.0530470029518435,-0.04153097146996787,-0.08729956388306888,0.010895589903787436,0.03592444324019935,0.007542622827752305,-0.02123814092668174,-0.09094057505901845,0.009075843923571244,-0.37583821426302505,0.08579901604291222,-0.02269218691550652,0.16811387296846136,0.1661641647305846,0.1320638241312075,-0.6479002114647852,-0.06058970265260739,-0.3096620411995445,-0.2748508550423455,-0.1964710983578553,-0.07949542877175668,-0.5958021870776672,-0.35152349811753236,-0.3871883693839193,-0.03006628101407327,-0.01919686613897486,-0.04988524856180923,-0.06211335515693876,-0.06728794684108302,-0.07467106846280437,-0.019440931935116847,-0.04716528411441518,-0.19742349010757312
20_1,0.026031695205851746,0.054038579458149966,0.03819730024731311,-0.006242077156895434,0.05111218350436104,-0.05734583776072711,0.005378354167962563,0.008667807327205276,-0.501400947455655,0.048991714158216376,0.5579094366089653,0.2765722831199579,0.08805390092014341,-0.017055139126221266,0.02023722302399469,-0.04951538186977003,-0.00793452299219654,0.039948697683437624,0.012151851791567475,-0.005119155727243294,0.0427936744393235,0.038369126204734434,-0.07330434558296937,0.23643394208078256,0.12124094199758802,0.221252843421991,0.3772869856250501,0.2392775608593419,-0.2832819527405791,-0.023850638265135903,-0.29317793525862423,-0.29159571407590495,0.01097897671033616,0.13564051613297815,0.09269282038251318,0.24728988411579525,0.10196517281302239,0.05877292290042029,-0.013143575716867376,-0.046997222101281835,-0.01789671007289902,0.1247383629912753,-0.003743618569676432,-0.011548478734375266,-0.01418553918383001,0.20012137669767863
20_2,-0.03382223368011253,0.11736424118016027,-0.008518820275921034,0.1555060893394363,0.04423897278287376,-0.028991954420311817,0.04241676526538882,-0.010291482209611175,-0.079577391396154,0.027276565519341954,0.5008072389308771,0.33062153424932805,0.042108847743116636,-0.019013566244223647,-0.03827253999928821,0.02339334524752713,0.002633639902734572,0.04483808287430486,0.024117650239433196,0.05853876909701919,-0.04750196112135492,0.060453846051681595,-0.1447707250552524,0.14615981158491048,0.15209891347653778,0.18150922296663727,0.3830943960045648,0.14790126419455274,-0.2161510155720582,0.0006201271481956584,-0.13745747736327835,0.11212314612141158,0.014258002034974963,0.1784680944484759,0.13573560457922404,0.2516322826356295,0.03320760393650249,-0.007849356628677466,-0.018945963262280867,-0.0175352618095054,0.0992866182895235,-0.05428505306860887,0.00927228995580565,-0.01803779180130735,0.00884073164710889,0.25385452172924466
20_3,0.048375971609984574,0.11620306442360329,0.022541749466848563,0.15359288697853185,-0.003923880699752186,0.01639930138235251,0.044277921491959665,0.10537459492808085,-0.4665630824559198,0.0796490953080103,0.5127216656217122,0.3089938422864298,0.04340605440965052,-0.009875824756213297,0.3203345329365832,0.3546517247741892,-0.005824644861459593,0.03683892008481002,0.04060480907407657,0.13006798912845768,0.009617984111613319,0.05936978838357601,-0.09989420578266786,0.27290432547585775,0.05232895321158673,-0.2205878562090419,0.451457608104057,0.07506238887970053,-0.25381996751524116,-0.021378470155449626,-0.13040535082081653,0.07423692524810638,0.008165716962056566,0.09403491928850154,0.1139684764279123,0.3423113530803891,0.0452268089491875,-0.005438280477463588,0.007590368660844246,0.05803584260915546,0.06258149296882363,-0.03096964943779532,0.03343630355540375,-0.013645750350096025,0.0009069418362539034,0.2498674296516947
20_4,-0.032748877915622504,0.11060406415537702,0.029907627265780435,0.17393794175104935,-0.005984331780379263,-0.028151057568414215,0.04447352232387207,0.0020764228175818387,-0.05208232393839606,-0.0503243394211814,0.49745750218278345,0.362198084692192,0.0443637444348824,-0.013467151446915343,0.21654826981653236,0.333312400220571,-0.005016130182298658,0.039352812431982825,0.04618382034169867,0.07580530376200655,-0.02978858454410313,0.04207015595980441,-0.03197165891579955,0.20219057378431063,0.16302687187773243,0.3100606078329522,-0.07700036363005464,0.013314872388655233,-0.08041324044104964,-0.00918801904332753,-0.12105274548778223,0.08819588853457377,0.006134444467372813,0.12352736095583096,0.11346258118745867,0.2519100550388579,0.03921300010191828,-0.007063250497533794,0.006884092912574176,0.014909445305547758,0.058755811708483686,-0.03149129175737711,0.036470236478001725,-0.013415885768354736,0.005389552758447423,0.20195081204699583
21_1,0.019540499396794718,-0.011897480287452019,-0.015690390511051366,0.017115158746128963,0.054034467324395985,0.11669619500986711,-0.0024574846202319372,0.019870227743600158,0.4304182332373147,0.19694145300840674,0.3214288514104594,0.317527634950654,0.06736222487775168,0.020243397181021385,-0.018998490939494815,-0.04080306931317831,0.01280217522351312,0.034839143676597774,-0.0007187109250116482,-0.0032921365408799964,0.1378509146259308,0.026450357144828223,0.17760138139030526,0.22094583003502952,-0.01381874241463455,0.21794493243689822,0.27389000304414995,0.1641494718444976,0.6394815362625483,0.1829190286158035,0.0901735208689431,0.04142318413362178,-0.0018479034802099765,0.05912179982237297,0.15687922757577288,-0.012201816506762782,0.11149511555179643,0.07252475284699661,0.007001598467025548,0.10111793923718396,-0.008468072065537877,0.0181922512497705,0.05201788193363981,0.0003277294926494704,-0.015477123006714543,-0.045512819569969706
21_2,0.021251178862344233,-0.01144171356445867,-0.013790460402901416,0.024528660359259866,0.05932861673228348,0.11766822145851744,0.0015939845818425994,0.019853845514661086,0.43126097462863844,0.20262978261138176,0.28743222752528697,0.3240699319636255,0.13882360352889586,0.024204406649537057,-0.018100354799488502,-0.038802979035742244,0.022568945901824993,0.03502062999327424,0.00018091839723732416,-0.001963995123088169,0.1471592676657603,0.05098505753399707,0.1842662825070345,0.21677677867174003,0.0037267375074166594,0.245961990128018,0.2730087710823502,0.16931637115812623,0.6321442257245564,0.19077762374304014,0.09682939910547571,0.04810050782358703,-0.0003036946143239339,0.06158124395848038,0.166499674039991,-0.009292326197723962,0.1175514802405536,0.07379571297308754,0.00838263833354877,0.11652295825636644,-0.006453888560665841,0.02462885749982063,0.0558711790137953,-8.235609745230882e-05,-0.012412629437760362,-0.04091830918321668
21_3,-0.055726129599641135,-0.05768836660513222,-0.08835934309373311,-0.09109001945769844,0.05296148188127644,-0.07676989664401661,-0.026316177542711337,-0.12373324574891764,0.31266519884127014,0.0656480518615551,0.1011704452411417,0.08745203421947573,-0.6252805370238788,-0.17521196983444257,-0.017216181953220437,-0.10416417429442894,-0.0350454896289429,-0.6480728197425238,-0.06950776873600145,-0.10026518885121173,-0.1473982202039617,0.03404206798010014,0.09050106177275578,0.18308465138712798,-0.045923371614817035,0.16469311804069145,-0.2734414906831928,0.11122855525613304,0.41099353905467156,0.11726901255428984,0.07171058609778079,0.0033824201369336677,-0.0015169314822327659,-0.009926378413345713,0.09085337308879819,-0.0617604572366106,0.07560953307702424,-0.08127675471809907,-0.0003405623468646329,-0.02045392254255307,-0.007174839330764907,0.019948209878754234,-0.022087481057672533,-0.0007421856557541153,-0.08386636216537767,-0.26443217531712543
21_4,0.03719124540997199,0.025234766007236033,-0.011156993876390917,0.018161450071115547,0.06119962933061652,0.08775336507345624,0.004645441825576837,-0.009483216617148026,0.40556742645847027,0.20424885403356877,0.3167966330965577,0.26746834845467765,0.07813290111783584,0.018870656636344584,-0.017380909175189523,-0.06863652102362075,0.061923787684543374,0.07508045216772109,-0.0002497329066821574,-0.0009775639807616324,-0.12028858751565143,0.05208994188657817,0.17662648896148736,0.22801587846710178,0.005655552190547739,0.25843012835959206,0.27182237901906614,0.1694996610522565,0.5521131080896988,0.19004525476324816,0.09869364303096262,0.05109865842424487,0.0038901161419427504,0.06656834179678767,0.20114628088808637,0.05954567514897575,0.11730942757361457,0.07707231860387423,0.009963746299946428,0.11248526037955506,-0.0064516419840049645,0.018806773228978953,0.05060387159201798,0.0016040400033024305,-0.09187491154537844,-0.07568103517244702
22_1,0.020297856065381124,0.020103168701182166,-0.01522510444622796,0.015458236077763178,0.05487446496786057,0.08545223695838713,0.03128196396916345,0.040906209837697126,0.41169427230128636,0.17603646737769027,0.24713523205597304,0.279103721034246,0.06942558157185576,-0.04741340780472953,-0.01982527529507392,-0.04884916778600728,-0.036473878924325326,0.036363045481017285,-0.004161087526685762,-0.0033526765407257426,0.030671617454562438,0.0005934225191732137,0.15591451875262546,0.19355159800273655,0.031888132159217326,0.2774702884846461,-0.012184415357346892,0.15773359672205614,0.6781037654235667,0.13691115015123836,0.09586910211008651,0.03478489071624293,0.001960783288770157,0.007859536643158636,0.14172298416499018,-0.019998040755919582,0.11349428426138565,0.09351668072145893,0.007405382035721258,0.10494349397932988,-0.0032609048833627642,0.016248928231007657,0.0530791178943392,-0.002979510204513699,-0.01193608991855189,-0.049343937856084416
22_2,0.024484845017405346,0.02139291680444589,-0.08489634603144756,-0.02069712005583663,0.05390759008377291,-0.026685453866843296,0.00032428824676275747,0.015455811697978888,0.3462172858398485,0.1296433915292368,0.14884748610892126,0.2946327735093868,-0.5470438828883419,0.009965614999302161,-0.014663909903596761,-0.048448566522141155,-0.024330839651711275,-0.46238626000694844,-0.06518516259892812,-0.07227245625100395,0.07605475087689291,0.02398304976028395,0.1801792021585393,0.20022974452956185,-0.0026158064510371634,0.24829865305112933,0.29502498204494715,0.12090343102504594,0.6172372633668144,0.1314021967601268,0.08496067783092573,0.042381986292476616,0.000507150119992074,0.04681854654400977,0.1617592190861358,-0.04253066542026466,0.09766802906095956,0.06552989442544879,0.008133232998344899,0.1130413248420314,0.006779349694152962,0.023329934773192555,0.04452988702965617,-0.007946944371142281,-0.029136685076424258,-0.06109811787000452
22_3,0.005031242496838564,0.025098837011788715,-0.02870728765582148,0.017353194133615954,0.05683618160807518,0.012858293913800618,0.006610594073362717,0.04036491095214964,0.36643007017549095,0.18648316866623996,0.2808545477266249,0.2627236915253537,0.054227008241173234,-0.04312728791178927,-0.0222643833902715,-0.04505475178835651,-0.008398200652835724,0.08376965619037084,-0.02418912108705775,-0.10182180937894984,0.0225697295021043,0.012962714181373371,0.19003742271441615,0.20541186726359476,-0.006155216506553037,0.2805039253223635,0.2651550303175461,0.15829050583815382,0.7496203559310561,0.16743136078588944,0.099595314999579,0.0436963036589785,-0.0017070510298345257,0.11734800696250097,0.1515207644020726,0.02226390227042957,0.11898404897251316,0.06635923075428568,0.010465697441466824,0.11598332696848059,-0.006025285254129562,0.02342973793283501,0.06181781576630371,-0.0016335234324853128,-0.004976402826957023,-0.0772569586871713
22_4,0.0024803201145942476,0.023440450376773697,-0.02675537113823377,0.013404716309982063,0.06677499453644536,-0.07591696997373083,0.004039911437110292,0.02620553000828238,0.4276997565112086,0.20597927281925768,0.2839821847299514,0.20220917605835984,0.058039368107494056,-0.014197942655589463,-0.018390072564330888,-0.04097722441147899,-0.004677607053005521,0.06782759300539351,-0.0013013954858729943,-0.0006736335182070084,0.041784127368289514,0.036642468588154876,0.18276993633894412,0.22772144465591115,0.0033957371020734294,0.28728997245111954,0.2859956523822256,0.1647432913750955,0.7187053811364013,0.15583396696853374,0.10134575626371271,0.057278699935708846,-0.009280571200279614,0.04414922710616716,0.15476530309309716,-0.001592996831932651,0.11364864426461091,0.06829676754744894,0.01239855124669746,-0.020397260052352813,-0.010457799424773873,0.02362450590736784,0.047903795910459505,-0.0005862827284610107,0.0011967178513526805,-0.03998624916613549
23_1,0.03021279780569742,0.028449528251825385,-0.018741791610255947,0.025105034145848297,0.05551031701085913,0.03593661843233531,-0.0011753910010559683,-0.008920871367832045,0.41258910602679866,0.20422510633947705,0.4260253438085307,0.42977726785810777,0.06597158310474838,0.009562225959873449,-0.012780396173553218,-0.037066131346876696,0.05744558454195838,0.11082631626848004,-0.010434484678006332,-0.08191779137942082,0.13983774390209036,-0.027620087030517732,0.2152374372499373,0.2197817405513831,0.003781069577850156,0.25558950458959234,0.26923606439595527,0.16261015068285242,0.6187279694563914,0.15371890953643963,0.09400621297622182,0.042817612310357744,-0.004293760840987921,-0.01093582667816205,0.16448565470997176,0.02220575444544617,0.11402524718800089,0.024567996241786787,-0.001981576522164781,0.09160048289086505,-0.006150043269471468,0.026217579879704734,0.05031222770261226,9.398347092880871e-05,-0.021503765989194824,0.002430352531345242
23_2,0.02305936303723597,-0.013377195410941272,-0.016904280087541697,0.024852847095888267,0.054571297432470196,0.06481052385596187,0.002232491313587421,-0.009163995719323215,0.41262793266444303,0.2050561529775104,0.3826390633571235,0.42920730879153557,0.07912732406216562,0.03101092885585499,-0.012901761533951483,-0.038984716925546295,0.055403862217682315,0.11062950867154886,-0.010371002385179906,-0.08115047012167835,0.1395620459291123,-0.028283803954937663,0.21118694398431603,0.22245934622161534,0.004001618045108985,0.2525854607049662,0.2588556182508205,0.16435539965997747,0.6347611901294825,0.1950502756037852,0.09392151190615372,0.042532314575414384,-0.004359622391998662,-0.013258740908596111,0.164659712489159,0.02514835092673787,0.1140169022536417,0.02378675519235436,0.000402131722623144,0.0993270827016407,-0.0065637147811914804,0.02664348857687157,0.05040944254252431,7.544489498187423e-05,-0.013929491308330216,0.009553083068219507
23_3,0.015428692297995197,0.027918681846075794,-0.01458407761273536,0.01797986221942198,0.05563453435727449,0.0354291811697034,-0.000592385729933869,-0.009337348814958419,0.44469396239268005,0.20372781370770365,0.40027771299298054,0.4326609947895321,0.06061341311977512,0.011142140273087825,-0.013598568071292663,-0.03884519054070486,0.01458493460584812,0.1109871280543226,-0.013122920482697545,-0.06938244794742328,0.15415557706920696,-0.028093612824605627,0.24765432226882772,0.219965650452157,-0.006496671054899865,0.2580652453712017,0.26325475563750006,0.15876355291203326,0.6387869016352193,0.15353574109290213,0.09480841486927198,0.044709673598640684,-0.0035216993432095845,-0.01094047259396008,0.16664698586409324,-0.007763579670730857,0.11424452984793441,0.07677855164767296,0.003025383424412728,0.09895203094316583,-0.0067739615535129145,0.03144224288024704,0.05049743142632793,-0.0006535364704187106,-0.020842270248629932,-0.011802313559507687
23_4,0.014723749830481072,0.02760148362913333,-0.013900018836358967,0.024455092325677746,0.05595234297693049,0.035492374455653085,6.290353375430297e-05,-0.009202959991444154,0.44772300586993297,0.2052629425459064,0.435435960546026,0.43004627555207,0.06266739789693639,0.011712237613562692,-0.012157354164127212,-0.03865350012262212,0.01786360724718365,0.10650915992347312,-0.01346884347430162,-0.0887460893390427,0.15616231399036903,-0.027838521857115436,0.24873675082562108,0.22118783124738906,-0.0021386609637712353,0.25724789080210236,0.2636052098350878,0.15963608254922457,0.6528280499635303,0.1543757275917967,0.0958338293896795,0.04429696865983003,-0.002567470929616753,-0.010677469730037222,0.16645029571979364,-0.0074956883249469594,0.11534736173316835,0.025520587568294388,-0.00012794930763009916,0.10030648247864139,-0.006246202368124158,0.03169023899947324,0.05062903210503402,0.00025830471452827075,-0.02258388737570992,0.0013697302694501883
24_1,0.022051900729982168,-0.02530209961787644,0.008531224762572726,0.0274040782774219,0.06600625585291428,0.03703510807043042,-0.01580344698055625,0.025218773790016535,0.4741605298422413,0.21656122482116408,0.39326968052235933,0.46969438062357755,0.11340472570584087,0.03994138009922091,0.07800263534657832,0.06768846038973499,-0.12270973092730594,0.037449720221486994,0.05763248824741576,0.0705223468789662,0.15696366801363693,0.048057622420110434,0.19009541110942993,0.2180976862061733,-0.0012222481983053602,0.3651130684977638,0.3064536013416564,0.1394883977926764,0.6523930142705661,0.15091532800631552,0.1613814457575488,0.07505052859823987,0.03344750261297175,-0.030245508080001027,0.24450568790335178,0.006396490364556409,0.12487947728122843,-0.00045981519591656566,0.0019265521185573363,-0.004916364289815648,-0.003960764019740149,0.017103488096264816,0.0894104046546273,0.0017100703452358826,0.014317326359401701,-0.007729276757998077
24_2,0.017837459181492245,-0.028240169568630773,-0.0002993341056969971,0.031471147882494006,0.06864840032966203,0.03843061535824609,-0.01847799509810677,0.02498273301176069,0.4747935161639775,0.19342517075746715,0.45172385944220855,0.5110533790673132,0.07253301996480811,0.040878758413563164,0.03414141989816121,0.07031843600575334,0.02198743556050685,0.03924411093632257,0.053126732495506215,0.0643206258401964,0.15409336762381964,0.05092236374680414,0.1931649097493306,0.22605592043715753,0.016331355832682526,0.44868133805561927,0.3099591210085388,0.14166633407971016,0.6502865203776682,0.15395500963402772,0.13928839510704813,0.06422305654726435,0.03395574475773403,-0.029640243646518547,0.1881610906770007,0.0091511815490401,0.12948070383863367,-0.028333196172316423,0.005460474012852816,-0.0008373636774059132,-0.004159843722231523,0.025192419042295466,0.09636022301974231,0.0023316590064496744,0.01610199039214332,-0.12409749270480785
24_3,0.02490587755778367,0.001546668965466467,0.006596802695042894,0.026331850725385617,0.061785356823765805,-0.04028698452876632,-0.022493299053441464,0.0033946412362827628,0.47437724759483646,0.20682467668381005,0.496307368885502,0.4480367881805061,0.0494483453447792,-0.012427509626940256,0.07584856072324289,0.021590128123308648,0.015786149397354808,0.07637710124251079,0.026008318223654688,0.00795263085204591,0.1600529665135538,0.04635998542970562,0.19980763576800187,0.20339336257179894,0.020634416074720777,0.39086985800326907,0.29102434761987594,0.18951619606834044,0.6286672622648991,0.14746557444802985,0.13131064878443452,0.08296368244080643,0.03210121502583738,-0.030833400054726675,0.22135927420673032,0.011410022968179065,0.13316096696654867,0.002844487211878076,0.0025362963851080344,-0.015411356724753226,-0.0068144985402287805,0.09401451826575252,-0.012284969968205961,-0.016046509126022866,0.013708260119440117,0.10291744751848332
24_4,0.024915525328489,-0.0010672072864588978,0.006966084663128478,0.026789586329398155,0.06720802629066401,0.03721574616567408,-0.014712423484882109,0.025878713624941447,0.4784465282528743,0.21540432327865952,0.4229739288359023,0.4602806784394883,0.11258996406533772,0.04018276759901143,0.08201957518257062,0.06589272779644915,0.023127691647866468,0.03710622303457875,0.058106050332080765,0.06175417330567717,0.12707196385694494,0.07690200738922294,0.18828996701280998,0.21675482396573012,0.004415246535389921,0.3630010639222671,0.3064632155108869,0.14117756595274433,0.615562125322919,0.15107702524167962,0.1591791573595388,0.06543650223781379,0.03408732678809677,-0.029920146616532643,0.24581973091292023,0.008670153409658592,0.12104222625490363,0.0005674792810498657,0.0022968693468473256,-0.003029308364544172,-0.003477477495346472,0.03553069458162285,0.08595765603750197,-0.011309479677502409,0.014728125683337083,-0.0009049791077979578
2_1,-0.017283255173707702,-0.02628061852728218,0.0009929839785596862,0.0014332799736040001,0.0015299159005629794,-0.028279265392605463,-0.07473112567939323,0.015619124111858998,0.03753941846361184,-0.4331035982758116,-0.9841376214627563,-0.7132028902333709,-0.014755626351579372,0.0031693498951933952,-0.020932925522918245,0.012182945449897817,0.007020549730294168,-0.019785978937617237,0.014186151733333213,0.021965190995139886,-0.046225292515849475,-0.05457599535401392,-0.07954416761186855,-0.5771737245932541,0.024875570666485283,-0.7897297727155226,-0.588919065714415,0.04879953952701558,-0.3760667197729521,-0.06177090028183058,0.050767054942130935,-0.04224050604679644,-0.003792564217474075,-0.019748864123669895,-0.26148428722765676,0.09010645953412041,-0.07509887739028205,0.016155115879559517,0.0008324036700804603,-0.025690173415095708,-0.007695185188868155,0.06992250407964543,-0.03563876874436506,-0.010003732887539562,-0.001891138453332502,0.07047413329654541
2_2,-0.01388680908391676,-0.07958425742216749,-0.007790436803340441,-0.03021505904330448,0.013238979316708439,0.002869241287468742,0.04179178011794985,0.01579681510078854,-0.004110399935328876,-0.5332748531331246,-0.9333745327228185,-0.8349915207046129,-0.0012371644064634896,-0.009009854902922413,-0.013320913065826015,-0.040183850087498516,-0.0037386898533415163,0.029643832219837563,0.001033819294368931,-0.012434984272849128,-0.04181933417007603,-0.04589104997446729,0.07197925607065984,-0.48732508712400224,0.04479045052336864,-0.8129149025488296,-0.5879779347260109,0.048974171968337595,-0.3803456870501042,-0.06603478137691388,0.04646489114310209,-0.03835529629144948,-0.003786810371452327,0.039759684446372824,-0.2419507411237995,0.06362342017514885,-0.06044023640482329,0.016988418863377756,-0.001612685523469225,-0.02344172173438404,-0.01903540793126021,0.01640382269386903,-0.017317083114444024,-0.008844789766481072,-0.020749502823202395,0.028545092491180216
2_3,-0.008875902699052354,-0.026563563903605134,-0.0002464358788158412,-0.004521353472456093,0.00571761661170082,-0.01735590142184897,-0.07401676529000317,0.016168351602126457,0.05108529771180915,-0.43118699848324216,-0.9747845568079444,-0.7367493928221321,-0.01961709226613011,-0.00541437117072801,-0.01794437693878208,0.01070399568097533,-0.0003768058241526264,0.021227293501102577,0.019372680235951883,0.03613641247776188,-0.04384006221618941,-0.04497740917100024,-0.14406664671019878,-0.5899282646784647,0.00857998653131662,-0.8274862765825075,-0.5057046402839525,-0.02599260019143439,-0.3199982122389759,-0.10458751125521203,0.046104661146911,-0.0352639193432678,-0.0020254535931968033,-0.06133413655291185,-0.2429248443959048,0.10618502626393178,-0.05881645980079423,0.017321284296350152,-0.005154427288674119,-0.026154885581219704,-0.0071318181094008936,0.07945003260314015,-0.004023974016582823,-0.006767354727806018,-0.0018164044218176266,0.07674346124811862
2_4,-0.008694172391794649,0.03349484136180403,0.0018424497462696092,-0.005316675506879393,0.009740570902003335,0.00010786714550268926,0.03662912733003275,0.016536442343243817,0.023282808038095074,-0.42844330461671937,-0.888049142843169,-0.7719672776922832,-0.005812234337454956,-0.005410109410329209,-0.005486487508489115,-0.01918289245647365,-0.0036229793666362952,0.016689633280554287,0.0065615996974766645,0.00443404723612392,-0.040086473309275915,-0.031485208448863905,-0.22252835254770353,-0.5528310174734272,0.0474210818058697,-0.7482662051209232,-0.43146285754935726,-0.14466264130761636,-0.3472619066105292,-0.11112857806012261,0.043649266780720786,-0.03506441377512744,-0.0018890913178352486,-0.06229097214003557,-0.23269428121367133,0.11170219033191292,-0.05480782258377897,0.015917431609222057,-0.007274592423744737,-0.02680638243474228,-0.0004016757492770872,0.056475610606777873,0.02637629378849806,-0.005306844609262838,-0.006383444659536755,0.09630193825700742
3_1,0.0033977562446529976,0.08656788946827822,0.028937357576823215,-0.05365907471969155,0.009348514944036664,-0.029601870664997663,0.04869447072359759,-0.006444922870666537,0.16102915886359784,0.23335731681338004,0.5564455984183854,0.4705603335458966,0.07213683386249661,-0.018457516848728255,0.16536987829718397,0.06604891954983423,0.016862082951544385,0.09827643654453103,0.04288872086657691,0.08172353473343723,0.07578014865763802,-0.11357484176861472,-0.1042169598793631,0.254351947982757,0.02131398103975799,0.3024543359111033,0.2013313935556402,0.13045785904784676,0.9133217201125011,0.0022874005575858314,0.12351978958417735,0.030946217975458604,0.034954859671467726,-0.05874701757037688,0.039615356726429456,0.11604371787577339,0.06863074019299224,-0.003587803062893393,0.011675994453698003,-0.002337135852887065,0.05864736534533257,-0.027829965091386404,-0.02227594098496835,-0.016843237931325146,-0.012368870547841153,0.09414757069425865
3_2,0.03402154985072089,0.03381470135519281,-0.005600823131553323,0.027747752185200793,0.016670930458819098,0.03802545873977586,0.03912819943604537,0.025876230675672036,0.18571908464903972,0.24583621308108733,0.6395117296320405,0.5304564992970908,0.044606434040330205,0.007784809783617476,0.05894529129882407,0.05647740905698482,0.023184715625553416,0.017695612064348363,0.04502231119524051,0.049672713183247,-0.029165751919284902,0.04860828968405664,0.05055350632073656,0.3534590085723425,0.06289850201042517,0.5324935761141381,0.4154901738172575,0.1685920097965493,-0.1676784326718569,-0.025251742307939914,0.20622608946433588,0.1010420222243537,0.022113647952583505,-0.02310475343894604,0.1122082393129083,0.1968819111507965,0.060710550871708215,0.008393764757021242,0.006349087851045763,-0.008925654751681814,-0.0024103882753753955,0.09984735971750955,0.12865493143690124,-0.004783006368600802,0.024305160739143596,0.19217393150308443
3_3,0.02969447563392561,0.059074323485002266,-0.008579037081951254,0.05347508223309394,-0.010390539863571769,0.042937879782385724,0.03774926597611547,0.07548773320952032,0.15883625373406832,0.2324039809504801,0.5776055363893677,0.4982076246750215,0.036266113335111455,0.01840587726123377,0.11413318094575489,0.003730642860602572,0.012298441760062149,0.005295415427942068,0.029805471369346182,0.05172029043602499,0.0023107249939467757,0.050115265549069664,-0.09671016798740767,0.4378091281691943,0.05817891826490371,0.4704740258456788,0.41092865079851565,0.2162599993253542,-0.5863182114391765,-0.02376405543079313,0.1883396029034798,0.09210029502054749,0.015434737724300093,0.024755407501353167,0.09637209285811714,0.23900693005800333,0.05283632205416163,0.005449782795516929,0.0349378563833725,-0.008159160803241812,0.007421326354064421,0.08237000969908899,0.13319706158977235,0.0005588494891484842,0.010415869126340715,0.19781283191520166
3_4,0.016208564736989128,0.0864871714504806,0.012674990548004745,0.0011347750804874832,0.041929358908459384,-0.0278836838242094,0.053366196115716996,-0.012309593649505285,0.14941624764677125,0.3040870629240754,0.6242786169708132,0.42253061698731315,0.05245195760824452,-0.010017211796907998,0.12513437019428042,0.07809803577211312,0.0027625925671155354,0.05798189268708186,0.10123585194782359,0.12386696048274401,-0.01809313180824174,-0.04444110930329488,-0.34315049746602905,0.22911426581868333,-0.033931132355843004,0.38111800366784687,0.27709855614319356,-0.3117742913707082,0.3618390960917647,-0.009063828550234689,0.0669133895592407,0.04382122920175493,0.02584964954991041,0.09628035258946645,-0.2050669521561853,0.17772856296072623,0.06365755911370795,-0.008465328840898996,0.010724248159737507,-0.0039389318285974455,0.0952691809271565,-0.04596100589466931,-0.028539699382209557,-0.019624157629457233,0.042991240700407767,0.21661264942713504
4_1,-0.03270251937730043,0.09151691389308057,0.02658903102644303,0.09320456705426856,-0.04337610544856057,-0.02562058245706247,0.05188341502078483,0.01986502793182704,0.17187756282997763,0.23202015370343115,0.5290965281442593,0.4600439994253732,0.07174487124822125,-0.013926014520884909,-0.001139837815206339,0.03603605232700321,-0.004237788693798515,0.07770324666018183,0.035419867852340005,-0.08374625154511112,0.03087361608297077,0.027140501125630767,0.13358561726208923,0.3056527689946233,0.01999055544818494,0.39342649263542984,0.3348213571915944,0.13896691875647282,0.641542844015828,0.00687218608523377,0.16249391945363137,0.04589141509553746,0.038030949036276074,0.05825377088719618,-0.07237027118525206,0.14859654538058117,0.1321144131499287,-0.004153616035457561,0.0005236959573673965,0.009564250774861529,-0.004566086056529691,-0.012418127421408619,-0.028788794273274698,-0.014804751664138542,0.017282460201809423,0.0754462509910737
4_2,-0.02760269822627989,0.09015922655866787,0.0019128872086639596,0.0874841360130019,-0.04284595021645619,-0.029724585895887248,0.05102710063244427,0.07196097770726989,0.18996201426655726,0.23746267400833407,0.4603562019734469,0.454686003773229,0.04944847962907915,-0.013718129455004058,-0.0026031621628662847,0.03521681393028531,-0.004804395494913,0.06525454262498857,0.0368594262679123,-0.0828756264469627,0.007630976665990562,0.03060871737719418,0.10958077643643305,0.3659260213691317,0.002757235150507069,0.39545967151154043,0.3685839609379193,0.13883470315964197,0.372575772264813,-0.012706015668519503,0.167194485599939,0.0567855781893844,0.03472537971778988,0.05870116461146543,-0.08094861080697666,0.17964374692695473,0.12778650651156404,-0.005050953930270226,0.001426107077890501,-0.01777245598494546,-0.006384491961832824,-0.010554310365371718,-0.023044526727045458,-0.017210319364247866,0.018338482287406928,0.1574828800176324
4_3,0.03215114967118396,0.019795305446645275,-0.009523776951284242,0.028640755193755047,0.016169312303647133,-0.03754362024526353,0.04374890060520827,0.07387348281320479,0.2587839881452028,0.2495177873364294,0.641539681432065,0.5150986864384608,0.04216776364040718,-0.009427009114245453,0.11449119284673556,0.02905158034350512,0.02570553082662183,0.05533006778126841,0.06353198347426797,0.0239146836479047,0.0076223285681664,0.04633444867713435,0.023759137177860316,0.370433488430648,0.0621868333568431,0.5319498270909174,0.3751475134613735,0.18630221938955374,0.030815739417800497,-0.012648954083859297,0.2097971127310098,0.048592162582983565,0.021959796881228604,0.09309007836523468,0.0777325709695422,0.198737552038906,0.05679712433690793,0.008271265393283878,0.0070673478852442476,-0.011090658590515175,-0.003964519234812308,0.16820441594426783,0.025439749763916473,-0.011621772323260435,-0.0034829575612296366,0.17070269137619973
4_4,-0.03844372472605306,0.09184511778033548,0.02233484173961406,0.0020031599468684075,0.0064558845059385205,-0.02555979643632131,0.051479060716565564,-0.0030218615085011247,0.17171353939843434,0.23352761098282124,0.5948495460371717,0.5006144368715787,0.06980946635436544,-0.010573739726771244,-0.0033146950967946048,0.03725320042012325,0.01595343893848885,0.059867478806083674,0.0516682125693383,0.05037683748951453,0.018237273727548374,0.023550600861423045,0.13884889863280894,0.2729918636722752,0.0700284608210995,0.5001758292157491,0.3516292073610729,0.1873509662678019,0.6251994736609329,0.013918517073019937,0.1695019797813799,0.006244320943754471,0.03713921665175238,0.06211000347113019,-0.017098393103080325,0.12018657595272736,0.12547310817995813,-0.005301285283495211,0.006649167701575649,0.001134350597367332,-0.033042165865359345,-0.023052600698928668,-0.025355417140429506,-0.01520910446302748,0.002736502823612094,0.12726686550687086
5_1,0.018595632175303516,-0.029808426779164534,-0.019229461787153245,-0.04523983013919126,0.03590604455723293,-0.007322979705424803,0.0008198412093785984,0.03143619344735664,-0.06350519610017968,0.061261066210346465,0.03390903616645104,-0.43882305578590575,-0.022337852181372405,-0.026299372430415923,-0.0312364057874068,-0.06575955506131333,-0.0038384981779280873,0.025144288573582984,-0.028790296037634274,-0.05540610134150941,-0.10170230760015797,0.004750325960613572,-0.7612745496248259,0.10570414262400467,-0.047465948663814754,0.13732705032703782,0.178096263936488,-0.626350558311391,-0.7990211859998384,-0.054462210263077994,0.07853858928919634,-0.010859602350457295,0.005169271869857078,-0.07222680738498291,-0.5820127160815644,-0.1296888137395027,-0.44081748127102094,-0.0043999782282228336,-0.004219762601659812,-0.013373886834569708,-0.008139566914011225,-0.005966761621690785,0.004221904517340855,0.01859372025958797,-0.05670448485183453,-0.1440604327924625
5_2,0.0024457221282081164,-0.02522210109139658,-0.02792957013092844,-0.03790036361088779,0.03229016495895619,0.002246578677066342,-0.0036541868397311204,0.02870007276564326,-0.055874518839983726,0.06659578475640843,0.04033350923410527,-0.44187898632660416,0.013722975054914203,0.011370360021776162,-0.007533543325722535,-0.037537793281321806,0.008463760775071931,-0.004393488727598092,0.07493226372999696,-0.012546792979639478,-0.10167075547655822,-0.060984676303261785,-0.7219837408976499,0.11434321096987987,-0.04915569081890288,0.13945365431084839,0.21817073201124093,-0.6390924717547092,-0.8199306678299383,-0.05611723590152,0.08074728578446361,-0.010252378507755334,0.004316540409762794,-0.09090977914646561,-0.6007486331294263,-0.15016910105017195,-0.45482076085366197,-0.004244070044503617,-0.0043457070021129095,-0.012299711117708079,-0.017316406461987465,0.0004712699048988442,-0.0015526829813375764,0.010308035027187369,-0.05492294559660494,-0.14297476013561283
5_3,0.002870315675315302,-0.03187084164104474,-0.022384893693167585,0.05177154389829213,0.032090480650303635,-0.011373927298774336,-0.010396992602785817,0.029237153421632394,-0.04734534177454138,0.0878196300337923,0.037028996139538875,-0.43834103696719917,0.004432987205719617,-0.016489241893066442,0.0727383803893108,0.06717339697955367,0.010688957288179911,0.035480109179632915,-0.004465940461526057,-0.01273219297775273,-0.092654120845412,-0.040787056074754476,-0.7312181523296623,0.14308653040700597,-0.04909098454531299,0.1495380672571944,0.18562559271448803,-0.6322951919006975,-0.7328582067465216,-0.058568750500290534,0.07471171910957534,-0.0071682136288715335,-0.0003102400391674087,-0.10268317255219009,-0.605517876862583,-0.15417467522173767,-0.504366384525231,-0.004746724428407996,-0.004171128583344332,-0.023038587847229553,-0.0057585490250436884,0.0029883387095699762,0.03464751913211603,0.01713897389650995,-0.029048874259346512,-0.15271093931102578
5_4,0.0005946157041745704,-0.033405053559526214,-0.019213740744359973,-0.04416299126630003,0.03539336381330412,-0.012466544140334714,-0.00320165212805196,0.03298138721669331,-0.06114704488749961,0.06317842146704557,0.03428625997730345,-0.4369371391144369,0.010443359128326035,-0.0187611678422394,-0.02194973782947007,-0.05004117948537825,-0.004041672634871734,0.026275368006014273,-0.01454236020876518,-0.036352698869957366,-0.11129935928008773,-0.012072625011818704,-0.7649339949671883,0.10817834255494944,-0.04522262692057541,0.13418772084039715,0.21891970592096333,-0.6085874037094295,-0.8113045578732946,-0.05701738298084984,0.07979593044140108,-0.010178598739160324,0.00413545432490868,-0.11274096869844638,-0.5926699207400058,-0.14121275264790878,-0.4683233895457403,-0.006845419187999119,-0.004500460145553225,-0.014106541612969271,-0.009189327537431406,-0.006862259609433033,-0.001515613305866258,0.01009367281970764,-0.05624869048730783,-0.15222922990397464
6_1,-0.0165348273001579,0.04642373855097631,-0.00018806962766559495,-0.02357626432330956,0.012119754956226678,-0.013240337602640992,-0.029200631265688892,0.016807115973407442,-0.1353492514930733,-0.3462181339511828,-0.8851635350550718,-0.7556878496412348,-0.22027354583418676,-0.005167642198966597,-0.014268776083277722,-0.05437757951966844,0.002443667762168922,-0.17266338358510283,-0.010559678422224049,-0.06958753541996583,-0.017671347113044734,0.01612276040067845,0.013684571997520928,-0.48770198730109104,-0.07700215628074823,-0.7137048316935136,-0.4983020734599968,0.05101816208746107,-0.5916277542861801,-0.05927511210429293,0.06332515261194194,-0.05691096995877778,0.007205060886767935,0.05368050807491038,0.034745277302515656,0.0011106098135640079,-0.005120696639712161,0.014899470118941183,-0.0014688109764584983,-0.0326721698971559,-0.009181100596196392,0.09020626429949055,-0.04043200927244394,-0.03073455567774505,0.00905383419558692,0.05977029377456425
6_2,-0.004908428064822364,0.024840699080898924,0.0076978202506656455,0.05066035912649557,-0.006144140276842727,-0.04103298166685507,0.0020237778867930167,0.004996068674651016,-0.08667217515561616,-0.4512574903679845,-0.8193759027145763,-0.661057847623097,-0.07518632232915881,-0.012353975839945679,0.11123016366726504,0.038879444789213964,0.00024167824976488277,0.020313896969768718,0.018653451141524512,0.04494823015587147,-0.059211866371476754,-0.06611551701971519,-0.11353943896278408,-0.44417127968384584,-0.0951075705033785,-0.5557492975528959,-0.38931501067295643,-0.23351358193167632,-0.6329338619408306,-0.1588376039292104,-0.0248996025350174,-0.0016097789275192104,0.003497156644673927,-0.0934191249891119,-0.020338779539170463,-0.04138091497629226,0.01172868113445636,-0.034771483441556415,-0.010631224295949095,-0.004271268045168527,0.017262517074026297,-0.058857151600936804,-0.031259266527229525,-0.026076104835941485,0.009599601543583405,0.03293004170327448
6_3,-0.011432935775704079,-0.0404037912454496,-0.00991297663541609,-0.022297607718264348,0.008093731543573431,0.0005741345321711596,-0.006200230955032165,0.014373498474131642,-0.09730937232663064,-0.44734914481866767,-0.7700679836206843,-0.8776046263758133,-0.008686228605780362,-0.006548267149828338,-0.007418209238327727,-0.023628277930201322,0.005705057321000957,0.01162199167796985,0.0049598151678006104,0.0055683986450355384,-0.02879657124486411,0.016977981473906077,-0.13151327528541426,-0.5002130743733525,-0.08162681459876353,-0.773037674897847,-0.41186558228864245,-0.15119783739190373,-0.6938696923546406,-0.06376157671030698,-0.0021568125711859476,-0.0020363054452102974,0.005457064556289318,0.06673213234001249,-0.033892529047258146,-0.03200394987268677,-0.0025752986618432974,0.01164036763766567,-0.003016168089435629,-0.021686960507969418,-0.01149079220385683,0.03474009263473821,-0.012795422949880004,-0.007797297765753367,-0.003552542129487169,0.07296571864145614
6_4,-0.014343293933066117,0.04285735108414881,0.006468141315045015,-0.027038363765431297,-0.004487010148376015,-0.018971190975704225,0.045459890381598485,-0.0037068903979653976,-0.1452388416037476,-0.4624674089466363,-0.814129477844531,-0.7207873660085843,0.00516423827264742,-0.006660487075168393,-0.006290574005590377,-0.022154656254348343,-0.0021641063222787443,0.020630120187769226,0.017754966650379952,0.04360600189008097,-0.036877104556703705,-0.0316794464951517,-0.2917497628061948,-0.4162711587265447,-0.07957256357248568,-0.5501800905602702,-0.3853425685201118,-0.24040214085719244,-0.7561799667543118,-0.044673726819803396,-0.00811445780105815,0.004210917363761478,0.004226421302699427,0.04373891755621623,-0.019213968530195715,-0.030016686929522588,0.015092107197506987,-0.003098683306899064,-0.00218405263775263,-0.009716854157126236,-0.01404842899118158,-0.05342037214649525,0.008529497618471691,-0.026305261026734035,0.01023914423030158,0.053681038743733436
7_1,0.02262826736726082,-0.015240159678557734,-0.008466003996830021,0.0013312101236918306,0.047909374548619814,-0.002474865299386378,0.003062388497643534,0.02078300537426992,0.17690134061260276,0.267776695640704,0.6086496850650225,0.4801890548835709,0.05476202363835334,-0.020432839400466987,-0.021785445165500992,-0.07204989515964956,-0.016119353502315706,0.04941590460214176,-0.02835657373023569,-0.07280172533198855,0.009486539027731186,0.046517760987762766,0.3112733015737221,0.1860061638191523,-0.06891724134817949,0.35621208333157983,0.42322404891066356,0.17804833494773914,-0.34834637717969463,-0.024368608527727178,0.1698852298289888,0.12577971415022998,0.01990666729197739,0.0724878424603955,0.07085944820932646,0.0856763025286117,-0.002758812837737883,0.05804575845657863,-0.00010619526508663137,-0.011054054353050763,-0.04153665198291786,0.0451852911103188,0.055198975620046324,-0.003764663920627597,-0.056056152915957023,0.13483199782288255
7_2,0.03134033689305301,0.000656120959896523,-0.008145315915949908,-0.022322556991397704,-0.041351830380505286,-0.025295973512325393,0.0370534932042782,-0.012592842889162775,0.6643884948493877,0.2744481298605673,0.5636540322138516,0.479699556571269,0.02961891909346011,-0.015988354519072354,0.09786486240976595,0.10186107095192036,0.011762792816238469,0.04049418256583974,0.009827347542904326,0.1448872189615319,-0.05700093761709686,0.037094691089506665,-0.2320398409323005,0.20571551478635333,-0.005973748595992209,0.18407913953106397,0.4351622975556701,-0.47559485779537136,-0.6816446003338574,-0.014180132508685361,0.16896020477523266,0.15346312475693183,0.00401133828965169,0.2391550853843457,0.022177801930495497,-0.0353232597093204,0.034249367232637946,0.056304639977008936,0.01075880610647013,-0.03489257544138626,-0.010876626101447438,-0.03276594084693067,-0.03585274618866785,-0.02471025287438721,0.039309546704618205,0.19612294616103224
7_3,0.029178448982775173,0.057547911096584324,-0.004050021411281468,0.13429136635122094,-0.0078612936249859,-0.03243150338762733,0.035263755201195644,-0.037963745390539656,0.4350409205528841,0.22943713543529248,0.4669678955952141,0.47328988833066965,0.03730474098329428,-0.01044023196939289,0.11986204682308249,0.17345018177489752,-0.010616431150935836,0.024906719804910334,0.04435100642221271,0.10706777583839003,-0.021326371501573144,0.05428611180203413,-0.17687459300299468,0.2309628170736775,-0.06032170984542132,0.3845656852570061,0.43667851651717526,-0.4906130354262975,-0.2972616108743574,-0.18023065745396302,0.09690871669352062,0.0676607795830962,0.00281887511168162,0.1649693978037439,0.05307797152174921,0.1554471833543706,-0.011071841066524628,-0.005420456462858159,-0.01625750805664311,-0.02893379304395143,0.013163296663301252,0.03771349726795362,0.0003611911932545654,-0.0206752515234654,0.005130413514407697,0.21685611936491464
7_4,0.04026555059739631,-0.06313799751823973,-0.023020730865340223,0.017389747135492063,0.01923150853747961,0.032392709418780107,-0.006436005427394429,0.023289488547579573,0.33714045732040776,0.20237261736108433,0.5138414392445964,0.4631142392704249,0.10654356311342383,0.01183488591383621,0.0837676018111508,0.13872751812358278,0.013207043722920399,0.0268996035439723,0.044268734217506225,0.03993612157775732,-0.059029026300987913,0.07361972239929407,0.12239141626458536,0.24317704497818146,-0.044894283032952606,0.3968274181299871,0.44046684483857035,0.04626811696827479,-0.302977326236099,-0.038209439131975734,0.1780499392641334,0.06553976928363578,0.02161935028101206,0.004370669567716775,0.13200959944187815,-0.037196812733874526,0.0958104544223438,0.0010626717393156472,-0.01424075873896984,-0.0162194375357433,-0.0007269948825369829,0.09469523364447843,0.11583152493457678,-0.01508414047177155,0.014979325701669533,0.13239269475377813
8_1,-0.09845034012784579,-0.055020787294777995,-0.012436275950179123,-0.03742538904363557,-0.007246456111717826,-0.05850776195069215,-0.031090831380239083,-0.004892815154622317,-0.5352913448949468,-0.5130272974157569,-0.904845631132089,-0.23685788648778494,-0.0016125806319867181,-0.008791077233909043,0.006799440720762054,-0.02029457341826602,0.00496537296384372,0.0257052565022535,0.013195002736858336,0.01616289018593268,-0.04660624640422359,0.02171446158371317,-0.010599643810956542,0.03406843762500249,-0.05104197242151845,-0.687051128787307,-0.33648326678032525,0.10709924168986977,-0.31588370577204167,-0.06471642730809504,-0.22300889928387552,-0.3899834014623754,0.009316155926094888,0.036434822604661764,0.009642094564414151,0.16025288626166556,-0.008437312385365455,0.00997965290910778,-0.0019147300713117212,-0.05569612133171022,-0.042690036756257085,-0.04665018486812318,-0.08608558621652168,-0.027603825762616795,-5.899521050340765e-05,0.08173695005665016
8_2,-0.049532066688454966,-0.06037186475055893,-0.005234636354932306,-0.06148197994089388,0.0016638263700108412,-0.026466436265637827,-0.04638423797672037,-0.0024780495137262555,-0.3651262935932074,-0.4294879662880603,-0.859368524349992,-0.5542714941853552,-0.01856246727875238,-0.00010200488134016358,0.016295297476686895,0.009814151807150338,0.0030281395439122317,-0.004551268007410547,0.008279031313002672,0.01792832957878679,-0.03523542686768949,0.02328559764018738,-0.090697697220286,-0.47031993091806923,-0.007673408816491218,-0.5566576592945188,-0.4469497916836405,0.05524486029094594,-0.6004157825622269,-0.06930994654908808,-0.13552443783557697,-0.24026138328706395,0.008340474137994866,0.05821378277886615,-0.0030516123338243427,0.08958096598259842,-0.03434814377432562,-0.02200491710222064,0.004080755432260229,-0.030298328963890002,-0.03449062849091493,-0.0657011209664151,-0.03999955049932682,-0.012799592962320047,-0.011603750142390104,0.06967214435978851
8_3,-0.034326294042258114,0.10256379468120612,0.01798380877130157,0.049796091457727724,-0.008197103191660867,-0.019587597127445466,0.006793899907799819,-0.006648578576609374,-0.3487045967352706,-0.3661737071874975,-0.8998714458895116,-0.6808053988019256,-0.0008308971614295183,-0.010732261242184717,-0.03435976152457409,-0.014264521493507803,0.004249458855163431,0.01867642832021262,-0.02078826181827407,0.016776628380981966,-0.03135814231183757,0.015384127665055605,-0.09139156308271262,-0.4584617823778532,-0.09108180021953666,-0.609097295761231,-0.48536237711413655,0.04412358105494143,-0.42528097252318353,-0.050035646031333106,-0.1416790662703898,-0.3149463914558461,0.007399190910288866,0.04314884085343145,0.030971381207782655,0.09175719514548858,-0.036226055916398374,-0.001653065518217119,-0.0006610024335856464,-0.013217807079027848,-0.045976312333481026,-0.04821851647895547,-0.02709198375467668,-0.015989293068994395,0.007391199529842672,0.10684346535267178
8_4,-0.0562238249301922,0.04183074410455757,0.011106332665912691,0.08130222937712958,-0.030187154498424257,-0.046302859875569924,0.00954787195568257,0.023565828525257158,-0.2930969829654362,-0.392450244057556,-0.881961235149839,-0.6665448502105759,-0.003112695592416765,-0.010546478225842041,0.09590022641661548,0.023821556629329912,-0.0015961618645190592,0.019457481755532635,-0.015387909408430949,0.029121536264806614,-0.03406145262152296,-0.012678788029584616,-0.08922925724512361,-0.47804380005443387,-0.07314768625588092,-0.5551168806477744,-0.4356473081429859,0.039665856834661006,-0.33370118717484987,-0.06310481715023801,-0.08344623566681049,-0.26534195879638905,-0.04931354095319985,-0.09509504676389935,0.007757633794661778,0.08345024442310282,-0.03105429072653993,-0.10199919625338659,-0.058979697670885955,0.04724060807386163,0.06985254672609163,-0.05755632241421184,0.007847280306098377,-0.009779107769302636,0.0064324034115206515,0.10801697774517094
9_1,-0.08878658088403941,-0.05510766030054313,-0.02043351342714576,-0.004657731493761145,0.0011279908957502675,-0.022532985866609897,-0.034245387511695556,0.012542597594941047,-0.6930586095157729,-0.4952016316532834,-0.909624935139654,-0.6306890417776717,0.0035957931585317814,0.002523298614764469,-0.011725000149661567,-0.01831359981033253,0.004912980547310942,0.023724847957045936,0.010860165999981932,0.01738022706314319,-0.06724235487348099,0.023454258823550574,0.011105101893971524,-0.04787761180282644,-0.01802523702194934,-0.38340884835131034,-0.37341477147324154,0.04803354764598209,0.008675337319576981,-0.0608512890878277,-0.28645945571732373,-0.3080731548661686,0.019305935804485076,0.09061662219787081,0.05215283811713636,-0.07928903580047611,0.04200974099059364,-0.0066787648514091465,0.0024430127010021166,-0.03952220750532707,-0.03915908993202926,-0.07411526231616415,-0.08108419883539479,-0.024885967110702137,0.015125175157413292,0.07345976371916509
9_2,-0.08789468791080059,-0.054788661312457326,-0.0280887156648125,-0.06988530349319722,-0.009537744360123944,-0.02498443992075335,-0.03437294648489731,-0.0033846700503693096,-0.6237216682849978,-0.5407213844823442,-0.7780591281860947,-0.6369090769945197,-0.004506572691815221,-0.010474617612271834,-0.027457477695304773,-0.051207765354812175,-0.0037346092322638395,0.01961428840070978,-0.01287447178158223,-0.02453769310977681,-0.06899701038235195,0.018626332915016114,0.016116123675345914,-0.028346928424843404,-0.03382461521472273,-0.5412961032102093,-0.16326630885405696,0.08907681480196031,-0.30998350921862555,-0.06240998275747659,-0.2755627473394069,-0.3320252728123055,-0.04671921197230974,0.04785739656114519,0.05306998121686779,-0.07493456696328261,0.03598598337824306,-0.00654126867367604,-0.002356575522182485,-0.041597031224384295,-0.044866939990662866,-0.06946766251997151,-0.08383091066611764,-0.03294828989763022,-0.0004935305029499788,0.06834350046598661
9_3,0.022991792380839173,-0.0546490703863844,-0.028688729297785813,-0.02968363929926739,-0.0002639118126704821,-0.02986944128217477,-0.0909848184900022,0.014010877666894942,-0.6907481057343177,-0.4876280717340096,-0.9402531173117279,-0.6955837782161483,-0.013346376517707235,-0.0003271582138686059,-0.009494721528171752,-0.01797383122460462,0.0037026403115260446,-0.0036942428858150545,0.02093520052334578,0.029865460147644428,-0.06966673564406684,0.015896718936390556,0.034145969204296765,0.04328439775394208,-0.0002851212501376888,-0.39499000088213276,-0.4089795483504637,0.04888702069030678,-0.41743031363759453,-0.04051084157466504,-0.2230531729469955,-0.032176453738327705,0.00846945320766171,0.08474683588424164,0.06244679790355494,-0.08413462258169735,0.0070329602764162965,0.013065065114345084,0.0008456355697884677,-0.03289463860468759,-0.03829859606778719,-0.06645083106378381,-0.08065258880735321,-0.025685422863851046,0.012176820021119928,0.06954775103655471
9_4,-0.0949560603269973,-0.05340062308463633,-0.01842309683422255,-0.009365972538591876,-0.0032460054458124683,-0.028349710568947206,-0.030592749829078083,0.011926360873743398,-0.6758827921613596,-0.5009581808692191,-0.9025413348871428,-0.6226011391086352,-0.003634187022503537,0.0016863721129849194,0.0017498706580323987,-0.017498081557253926,0.002870444770687732,-0.002748970419323332,-0.0159155425622614,0.027080741860073903,-0.055876289479728385,0.018327022833291733,0.008243591999562087,0.0024260558481318233,-0.03402683046698577,-0.49932721799071855,-0.3794396035441333,0.04218621569525504,-0.40704881940301135,-0.06302197783907669,-0.29044795659747097,-0.3228858397499234,0.008471938518163653,0.054165165406795245,0.05184455713753373,-0.0781920877365351,0.03705518805718068,-0.006917762893686388,0.0029037097483843553,-0.03739380637525904,-0.040195177699654416,-0.07349780412024164,-0.08328541844186751,-0.024459901345298483,0.005445644757513354,0.06032012195518113
