,0,1,2,3,4,5,6,7,8,9,10,11,12,13,14,15,16,17,18,19,20,21,22,23,24,25,26,27,28,29,30,31,32,33,34,35,36,37,38,39,40,41,42,43,44,45
10_1,0.1493759214230151,-0.020049282584298295,0.02011441057945872,0.07190554454864495,0.07457362076317597,0.022732986603326674,0.06879339507652282,0.029745065640897336,0.04851116445855398,0.006749755188159058,0.04602124116753262,0.16389738453783706,0.04176421763755359,0.001866401601359611,0.07347330542671057,0.12359970849343369,0.019613763160988274,-0.03816852858936699,0.08139985549339585,0.09831124952000066,0.0029209443177224165,0.009917025865976902,0.043454147626456385,0.006226394218006567,0.0543564043138269,0.22339835084066462,0.11795653712507805,-0.003577073551027252,-0.02509321546169154,0.09479437950953414,0.05035240353448213,0.0711903557981803,0.053508759032318116,0.05561261829574544,0.0149391563185769,0.0688608595694647,0.08545226643186535,0.01681850122674183,0.02299815388891897,0.0016244283032670025,0.049278068393109054,0.17392887118644693,0.040646023444474336,0.023575130114645453,0.06958461903342178,0.06942934377279934
10_2,0.14959175311996856,-0.011222648560508907,0.012919055093381314,0.0770403815950812,0.07487978211955955,0.025439459810812887,0.06746863967952588,0.034027780738126,0.061650867722621655,0.009853404781678487,0.038845329371929305,0.1937189107329559,0.03963671545291389,0.005302426245635956,0.06830489711279153,0.12039608760601524,0.02162004290683075,0.014095979641916025,0.08719012800350211,0.08807698663033402,0.006062130663804169,0.008611895363683042,0.035867491176651195,0.016758924220191693,-0.010087036391266731,0.2219621571713658,0.12211281957612045,0.00495191222973579,-0.033937952814389556,0.10507448278828081,0.05055130266686822,0.0653893417409988,0.05555724903616988,0.07407728253564676,0.01614697204744229,0.07558442662056963,0.09203005145429775,0.023578178564457885,0.02618799799845128,0.008302007957115654,0.01960584150302842,0.19066732933567354,0.04499493968238855,0.028400104988061448,0.03065022512211165,0.07079164679380433
10_3,0.14999097851523197,-0.018316241199497627,-0.042286930901458915,0.09075937046393648,0.10172923931620341,0.029000884998743315,0.05911131920690341,0.025058345744377646,0.05548152772913932,-0.04032021141327626,0.044567009039989156,0.19497295375696838,0.03604789392698808,0.011114800416087995,0.09495112895137223,0.0190135268624701,-0.03402226940785531,0.05898738154718715,0.060460240897540284,0.08816221626062605,-0.0005306028915707756,0.006087248627392783,0.05433724081544714,0.008626880926251834,-0.008485945650489869,0.22222790814182372,0.0962961598985654,-0.00027305573440934006,-0.02009534545124772,0.12792222936492906,0.04590279174518693,0.07014285521020036,0.05557354415327745,0.10089041025077207,0.02391127069890636,0.06104585952546492,0.09034434266191971,0.058256504689525014,0.033034880423376566,-0.005484378363756831,0.01344001699779775,0.18805285106367528,0.044655907810905164,0.031947066021661315,0.02761121217716026,0.08974809680783516
10_5,0.14718911999346054,-0.00630382913847388,-0.004987381747240176,0.09549914860422214,0.07508404079675558,0.02358977378750045,0.06615897324088274,0.03453176046557538,0.05160383568909853,-0.013566733148017077,0.04739708920887131,0.16207502803418955,0.03658192666801247,0.02898223562307254,0.07429588721249324,0.12179406118531506,0.022166890338625664,-0.011632026791072482,0.08128517599704538,0.09777196022467753,-0.0008930684177784138,0.008319460561204984,0.013377263829674274,0.024280839915595136,-0.08075283538368579,0.2184281976373939,0.11779075842112714,-0.004017568527236701,-0.045747832027068204,0.0968919764111743,0.05015338014138841,0.0713367805846858,0.05496046849841948,0.008950793573788272,0.016882250780437705,0.11083092986306176,0.08445664265510597,0.024108804278363594,0.02927195458078179,0.005405014799243219,0.03411467759590515,0.2199155936884812,0.02182148585153057,0.02448184153518461,0.0981115711302993,0.05563538772926994
11_1,0.1499313423300098,-0.015957031464122425,0.022219168404154537,0.09301898062857089,0.07341174872660809,0.023529423583537906,0.09060000498173898,0.03224804277188244,0.08588084239544978,-0.04147012445752035,0.031071800585596755,0.14128697421629105,0.04208740983980031,0.021554638793258855,0.06799371482844306,0.12171990546883953,0.02162527473820449,-0.0189585859305219,0.07589607522269998,0.09571558647958381,-0.001773046466264739,-0.004742427637687573,0.04612771143281769,-0.043534571156529964,0.0008448095249449822,0.18220806171875023,0.14324538577948043,-0.004461392483383506,0.04811140402717387,0.10181542744202401,0.04199576425433454,0.12696093488512344,0.06222775168209677,-0.0483261091035568,-0.012507247798307839,0.07081130896333114,0.06431345423078874,0.0141006023066601,0.025484343254064994,0.021491838641323337,0.04244634525964277,0.19446625302049345,0.08974656473357687,0.02333449101269477,0.050014499407954875,0.0682557476418168
11_2,0.14929476917759557,-0.004509325998866625,0.02186638404849979,0.08526705524782545,0.07144082565038568,0.026687045047407935,0.09598102337561043,0.03302939196441239,0.09549537592848799,-0.0408580166354188,0.05132523693704549,0.15497637608093326,0.041394697348929074,0.021254529555445236,0.06837172318118254,0.10826354431893896,0.023535628510937812,-0.010692767926102027,0.08155705952543639,0.0952095166346511,-0.0025941628157057756,0.006520302569657061,0.010660744910852655,0.03273857242202827,-0.07796073588076938,0.20145804923652155,0.11500455073558775,-0.0031247480880934476,-0.05766207017094293,0.09749610435754695,0.05151075621616005,0.1300575591698084,0.05921966486704268,-0.08499197148907585,0.014128165698289338,0.07778263548678227,0.08315724196809088,0.019490546371616225,0.024004208488926784,0.02338484681876948,0.03280145848240393,0.19694123311268044,0.03742845898257249,0.02335464839586032,0.09657752389373875,0.08904101747350612
11_3,0.15145147867710185,-0.012215424926319994,-0.012158125930946853,0.08757997473955713,0.0754453629151479,0.022419794355307852,0.07068916336136635,0.04695476282834774,0.08168809921162602,-0.04164191822854256,0.03498681779576267,0.16241608586585396,0.03452482027685661,0.01325865216690013,0.06834718632227534,0.1180682413195977,0.02201506403049951,-0.0006817642241831789,0.0751380939934261,0.08744105138739337,-0.0014084463155528857,-0.008344180967554541,0.06155320274400186,-0.013080954705561686,0.04206082910293911,0.20560542043065697,0.14872168357034085,0.001010039907491403,-0.00547180733584298,0.10163286659483745,0.05117142173819019,0.12718143371331386,0.06941132029197522,-0.05469570470929982,-0.015339996003598168,0.1479056462600874,0.06625543662227705,0.015145683045749187,0.004620555230371709,0.021348503509876344,0.016168059894036815,0.1976299119897939,0.08370038113388907,0.023679717810979318,0.02756985807334254,0.06593879156369484
11_5,0.15010020732283114,-0.012758005063091297,-0.013141018705648527,0.10101421291907636,0.07406714977811953,0.02205400161424951,0.06485740637672179,0.049391818887656196,0.08646615907577758,-0.04140132076489214,0.023064908164312038,0.14324084705473597,0.0366259588471853,0.017923937222670872,0.0687339688702049,0.10894084882757128,0.020055565931591773,0.0023613451168936024,0.08368150865568759,0.07870559318864295,-0.0014336911652353236,-0.008798381348716107,0.05878133084748119,-0.057691367614581185,0.00690433714727064,0.1812314527223396,0.1489716314450796,0.0015600544807565916,0.054151184199672464,0.09963027529361575,0.04186677191055271,0.1238179417699447,0.06889628726162685,-0.06796180793000903,-0.01624838814662161,0.14703478601343534,0.0746263608289661,0.014266667701082932,0.004651201714421678,0.022961425161070245,0.008357811960423307,0.208797527658301,0.09051982431956054,0.023761920485657666,0.007716289189383637,0.06571522615050679
12_1,-0.05433607129849035,-0.03008750960477357,-0.0036848792826255916,-0.05243268375532913,-0.009702583267514605,-0.016670688928255434,-0.03132849768033053,-0.018032443965448394,0.0319559297335285,-0.15846673388827334,-0.19235603218802685,-0.006608244045788415,0.04352202149711561,0.013197470045453647,0.018549682018912255,-0.005495721576796595,-0.03986036715682502,0.021411974594515035,-0.09003099968749702,0.04692679767496146,-0.04730378996474894,-5.86613737774641e-05,0.04803622496433509,-0.09132347015747858,-0.033531852550490605,-0.09275088958927759,-0.06184651720372529,0.042383808046504344,-0.005199933987422198,-0.04883194092127384,-0.06720920752337169,0.006536351059893879,-0.010779898772327216,-0.17752218096501232,-0.05544549347971804,0.03576882892817723,-0.0238568262743534,0.006302676490576961,-0.08443353318941153,-0.053825622609534184,-0.001364360653069821,-0.088543629874777,-0.035498290288146134,-0.007349902241795736,0.016002638621907483,-0.07708331873164383
12_2,-0.02908571624913969,-0.024121777608880478,-0.05688994662799137,-0.07100206510519125,-0.04402386637214424,-0.004100016220491699,-0.014579322437805773,-0.014456253982835081,0.04663882746458127,-0.055181918191715855,-0.19192796015191943,0.023574898354946822,0.041239129203187876,0.01707151401879247,0.0668829046653065,0.07599716356469266,0.019903216115918703,-0.01950424117549842,0.09611053548845833,0.061423446131235286,-0.06119277022103005,-0.0006726951432979968,0.021816990240311935,-0.13698514722946875,-0.036605743634764334,-0.17294910955336212,0.037152301484827614,0.014208619963318599,-0.04000659041642389,-0.027682764889007398,0.03171977594810371,0.08114912022414976,0.013099938264354202,-0.15098504257061723,-0.09717619283450629,0.04570701167806035,-0.005668263407367015,-0.00932779173874622,-0.048889952514457845,-0.03470300464719324,-0.0025013337626503393,-0.09023858682633457,-0.04171231962364477,-0.008236155395935587,0.01827533620256774,-0.033307709550455956
12_3,-0.05611717575596781,-0.034683189108455734,-0.10596929355914586,-0.07791073135395563,-0.0391717688654109,-0.0074209758811107475,-0.009962683934173669,0.03853527832687337,0.026892521818976303,-0.11352427414081447,-0.19273436008938433,-0.02625797295094825,0.04136383693219447,-0.020582827833346636,0.02024527929294655,-0.014774193974209442,-0.05442256635550921,0.019839577856769257,-0.032018265926789295,0.04602562529526067,-0.05775056487901035,-0.014011503846112577,-0.008060809917710967,-0.12635136598596816,-0.10201186439176207,-0.18280119998898223,-0.03092306905765081,0.018571062760413454,-0.08136978318109685,-0.0747859850445935,-0.022227029298372423,0.049837549101195526,0.013703070017087988,-0.23353450474747972,-0.07176850898057986,0.006158200411883688,-0.030786387132653366,0.0073377206174322016,-0.04762624817280258,-0.06102456831206086,0.005260919581041611,-0.096960119287205,-0.06103934634076462,-0.0051437994661122696,0.018346540049923015,-0.05337748165839622
12_5,-0.05841087497463195,-0.004240234720528631,-0.11620540396042217,-0.14037098325848296,-0.002200597558209166,-0.03522439512604674,-0.021866506858484878,-0.012912428743144522,-0.006360635277071697,-0.1202734982279343,-0.24504224028477792,0.0039674182774021224,0.0047196736888907315,0.004224875872249663,0.033772532457934885,0.04569739463030686,-0.10921072627469586,-0.010312099293960061,0.05970517260644782,0.04507069182071027,-0.07067521727903872,-0.045691838530602456,0.020886227847196393,-0.19377954253449242,-0.052160912708215074,-0.1835077027826166,0.0023920623522962416,0.014126442193868464,-0.045684436027644264,-0.0990012873306005,-0.0032038131320576775,-0.028515841674454173,-0.004705046755279871,-0.2337815377033685,-0.08185350263357455,-0.0050752394467701205,-0.008405070940281784,-0.03700457603835792,-0.015175618896309305,-0.06495800081460683,-0.0023691966629657535,-0.08642101539333648,-0.027724397578199854,-0.0181988915876323,-0.01626991603037509,-0.10514981303780342
13_1,-0.05576132357857241,-0.034733815338157094,-0.08195516819130125,-0.032636012271755714,-0.018513787095460206,-0.01925647910917166,-0.025984633408143765,-0.0218328501846693,0.02094768916430627,0.10517930346807,0.05978904430216256,0.018207709102992457,0.09901345571908873,0.007797074151418465,0.09786249304725768,0.08217812049136208,0.016238746594797623,-0.08720812533675969,0.05159947857711018,0.08939358169910439,0.007457667818280595,-0.012631689410922083,-0.2045785041671104,0.030844810901661118,-0.03698996114020131,0.06415882931046747,0.04050897038102575,-0.08433357131126398,-0.10799672033354922,-0.0460634494450051,0.030540641983626274,-0.02465645046407063,-0.008531356484190589,0.17199591617168056,0.029033328352424923,-0.01454263330884681,0.026928608456688784,-0.011150768955918166,0.025806300234322895,-0.051645730980413154,-0.00640180188362637,-0.039175358511328,-0.055115956438412925,-0.015591267964732166,0.028383684235890674,-0.022692099770611915
13_2,-0.04673409934850825,-0.03462203823964006,-0.04854721175594901,-0.04534856328138271,-0.004915814818779439,0.004221861116891727,-0.02601418663112741,-0.02118564201019904,0.03769705448515816,0.06256128392950908,0.0389097883534157,0.02222011655789815,0.019317902576648584,0.014702573831518658,0.10473596038759357,0.12026633347536979,0.02338188362437793,0.0020809880530360397,0.05399614230800883,0.07833386763053668,0.0024951361340467913,-0.10555561430423627,-0.251679894266089,0.02005485422317363,-0.027853212806995035,0.06302896984455165,0.04548414805767595,-0.0552048211270184,-0.09327215550048143,-0.046234486215541305,0.003259234213133989,-0.01680243276603181,-0.013429687510418115,0.13155139382253903,-0.00064112722938868,-0.014535933114182583,0.03326734908248307,-0.01535746681303702,0.024970917119938735,-0.04811128769648462,-0.000235916660804462,-0.03915965469297024,-0.04211814744680875,-0.013510618781232313,0.013994664948239418,-0.023459403219808515
13_3,-0.051783284190183736,-0.03874224452341441,-0.05675990185583225,-0.051771008227621214,-0.019170668412396202,-0.03151883459154981,-0.03056504907593466,-0.02180072365095008,0.021276461780129964,0.07853829902102653,0.05671584440936797,0.03756227256666806,0.006118998234055804,0.002888122777603696,0.10413717234892883,0.07730787060583995,0.014137459688264494,-0.09836074540941152,0.035758420490526396,0.06990160093765321,0.00295155463277113,-0.014794126174830564,-0.2808318686492288,0.029342908222404766,-0.058286327683930376,0.08511739266068918,0.041869826400837994,-0.06890463065475373,-0.045767966708001935,-0.042795487643073504,0.03749418011178542,-0.02388767090281878,-0.01608073266744604,0.1197614033981384,0.027927879947279122,-0.005011467984646017,0.027422464163752457,-0.010702781426105602,0.018516700332196177,-0.05357585335836678,-0.003024003552694987,-0.03219449811073222,-0.08358087585260042,-0.00809107940547121,0.04915432666031726,-0.041112842202158904
13_5,-0.04721129157235628,-0.031211228434347323,-0.06693886499852203,-0.02576617021550966,-0.02601130723391869,-0.02819272581526241,-0.02796255676313951,-0.004364424650173112,0.011718368101434187,0.1326945581047011,0.054705262660597,0.005398470612366014,0.03455182758008987,-0.0035330970479453684,0.0939371992421432,0.11303133795347502,0.02011180325601139,-0.024463719806330896,0.04859680575163867,0.10463774098470312,0.0159531734564617,-0.0026036358303713905,0.023891709563703595,0.0061795275698881885,-0.008363448193893513,0.07198959482813273,0.03276763302232446,-0.06983253151990425,-0.0397262082806485,-0.026824246319755798,0.045369700062030956,-0.003860620632424554,-0.008947594858669071,0.12649562758531818,0.002561500505358929,-0.013113777311787587,0.024906974984617636,-0.012548071915121674,0.0015669910573357538,-0.05463077113014159,-0.008758750764902344,-0.03630165744727165,-0.04472429384151027,-0.03014899438889261,0.023064734519421707,-0.0419294242085805
14_1,-0.005844839711557433,-0.019157346447929963,-0.06821053150466107,-0.028123445422207485,-0.07509035462452728,0.011779976589058242,-0.016471869448722615,0.018406951137523175,0.04273252847500331,-0.20114288840011899,-0.33041752355094095,-0.296320031368814,-0.021373354821255016,-0.00520048414663402,-0.2546977983886121,-0.3203388183233416,-0.04379641194109334,-0.017034435304381746,-0.2619421217810977,-0.3567128289339083,-0.0046268649935165196,0.011925473022180702,0.057329517853509177,-0.07001551624023615,-0.10269161599505908,-0.18952444030438162,-0.10329651845329374,-0.053833956766053126,-0.06760143306227069,0.007638486772977159,-0.01978969276831148,-0.008136286023532101,-0.031453244783863805,0.05136070455972304,-0.039350191662542326,0.08911198349930458,-0.030970391405311146,-0.008972191579582893,-0.013452717027121742,-0.042932387288939,0.0025801727104949822,-0.08596460299970939,-0.041290318147797836,0.0002898531260851927,-0.018410658522904348,-0.05554439810027989
14_2,-0.0052392581878378175,-0.018803446363883567,-0.09807053050223015,-0.06690076684881223,-0.05485894315754722,7.524756999045561e-05,-0.017416396796811104,-0.018475781069272133,0.07438485070787759,-0.1621205902094693,-0.3105255843904148,-0.2424764030140758,-0.14999749626030487,-0.07414829303050685,-0.22438615472569257,-0.2761996710985673,-0.08377415077782852,0.014213646670561573,-0.24390035128774742,-0.2687125441360131,-0.02721231728823144,-0.03907702966526331,0.036335865793348285,-0.07570115734281073,-0.12022301524435904,-0.163767201788973,-0.046158445421109986,-0.037594365595697135,-0.051326927258536964,-0.025135209873140756,-0.018161871420576247,-0.01908036305361669,-0.02375552606291738,-0.028231022001504583,-0.027626920765563306,0.08408300290169009,-0.039800572728572334,-0.022887901247163542,-0.0020418600873092444,-0.0397129699951418,-0.004350746005655151,-0.08921169930889573,-0.03634827465717022,0.005261109809578146,-0.023015738868436126,-0.03484967208104865
14_3,-0.01099485233217928,-0.025404550143842426,-0.10080517143661422,-0.06285205266771371,-0.05959977385598295,0.013137861038339436,-0.017468400174118836,-0.010363622204906444,0.07278000049936809,-0.21362047177313398,-0.3079363964016996,-0.24974666019640376,-0.07404080364796586,-0.07274648547565148,-0.26874855344680765,-0.29346591641509984,-0.10767633216451805,0.0008959088238382791,-0.27232572068250344,-0.2770331573003199,-0.006078144122066626,-0.0558440456066557,0.03429316604959574,-0.07903889261722184,-0.07503930590238772,-0.19243256043041942,-0.09766070317923546,-0.049457112375323735,-0.08613139060100398,-0.03305751903097164,-0.014827639058298783,-0.02247133308411321,-0.028828852568569395,-0.028447260828387062,-0.03671503295037363,0.06258434160664812,-0.03442988869155664,-0.02000091093323474,-0.00641404312434358,-0.0434267452462621,0.0012422229630040357,-0.0787131033721158,-0.043900042909222885,-0.0077445735874434795,-0.022762660735086752,-0.049132217370537495
14_5,-5.0230561889472625e-05,-0.06233668071492333,-0.08824507743883632,-0.01565123959231815,-0.07204020547521599,0.010225924922068965,-0.016775098013499433,0.01701096073366633,0.09539588817506758,-0.16463267329569267,-0.3721205526735512,-0.2868339720043608,0.02489310671692983,-0.00752565906473249,-0.2593099603217607,-0.3218601525078299,0.005322721713042492,-0.16163838897372895,-0.31562208401019143,-0.3079616090853059,0.005051775997399505,-0.04499917588693486,0.04613613976801613,-0.054651981895580806,0.008477262534077818,-0.18975519618401473,-0.10681649213538787,-0.07986426678951934,-0.09275454440663909,-0.04118560047307871,-0.017689797152895568,-0.01320477477867134,-0.02488532109739696,0.030020390736448615,-0.0316141176425934,0.057228984862948896,-0.04791398494355149,0.008755718775293658,-0.0029861714974301432,-0.031220113382247863,-0.004980940339580733,-0.06686875649342591,-0.025006423122169694,0.00012297676917978517,0.02762752864712549,0.013079225804885316
15_1,-0.02449400448564539,-0.010150412006778612,-0.07453488339695274,0.017125405163808602,0.012018717731569328,0.0146724615849783,-0.01161318313952112,-0.010790447381759466,0.03681807197061508,0.10829310601826964,0.08964131751090118,0.041199667406867854,0.04424726484743634,0.0013130782234963146,0.08624802654714703,0.051969975566506996,-0.043162742481535996,0.060981384126930896,0.06356608637737313,0.11120962309237589,-0.0007853090392765734,0.009855383612271928,0.03177826927902182,0.013809235479113426,-0.03871809084272674,0.09607586751006983,0.020709351745358835,0.00779198121617113,-0.015844621910035078,0.08359532119109804,0.0031566135757886385,0.021337718523053727,-0.00017718361663529206,0.13492679009006198,0.033608615097261735,0.05431203824419261,-0.018158499563872076,-0.0020296232161469982,0.047712503685514954,-0.025087915494833045,0.003114903933961627,-0.03474171770876729,-0.017108339711749656,0.008415013680378095,-0.004429339485142561,0.028616143293790728
15_2,-0.014872044688512722,-0.012108790379455277,-0.04631952657699965,-0.011760262454415688,-0.003024209491940333,-0.02384282703814901,-0.010749105790649307,-0.016062907926885805,0.04736018866709891,0.14012382843190005,0.12049296089284404,0.02439854523876796,0.04282330952257423,0.022192884456551293,0.11046048440275506,0.12476137748119463,0.029453544473231417,0.014313745762501705,0.10675205723627916,0.09784682056828564,0.033505885101035936,0.010913119253990876,0.09030306878438796,0.01714219008045017,-0.01107538313991057,0.11676751094303153,0.0015103096144092661,0.024268534258625574,-0.026430007575329203,0.05170188818191563,0.04086777195923241,0.024182587450997814,0.006784906510116923,0.12950784230587373,-0.003784431836588864,0.049865026505604176,0.008354075318852008,-0.0002817575592471767,0.028539897883711935,-0.0603036934591051,-0.0011978073327268838,-0.03450110352384826,-0.03052476537782861,-0.0014436597417355115,0.03003528583016247,0.02855795291707047
15_3,-0.026180264363033504,-0.02006827837293732,-0.07269055631670994,-0.0049976885759669114,0.009750600521029688,0.0023955960041871114,-0.0069700839810553136,-0.017088613911003893,0.0548198534969109,0.11246011743659882,0.08537150828053039,0.031186129559256464,0.05395691224946629,0.027086247574710193,0.10542683369441334,0.09838101017246005,0.02637707341152797,-0.04169029122720941,0.09789474070215674,0.09531917889513364,0.01677099874304775,0.01157675034402965,0.08699085813923527,0.021414185972776032,-0.019203475927549427,0.1069487450292028,0.011313102380379027,0.03588777685407785,-0.01561433090926156,0.09741245344197834,0.044150600351388916,0.02088077517838711,0.005721309263884614,0.14052612259638417,0.02659418710906295,0.042825362306407454,0.0046626229087520675,0.006627617117817655,0.026502633879723105,-0.06233766919337675,0.0002763231950847783,-0.04296398431028132,-0.023462834342293702,-9.593160135123492e-05,0.050933378951437645,0.04025998453045984
15_5,-0.021896382811525644,-0.01874277333519366,-0.10352206889409431,-0.0640097928938986,-0.06982959117311663,-0.0011974943061514635,-0.013667040226524926,-0.015700989949264475,0.002983870508723203,0.12865393134094957,0.07557086311124166,0.01897597768834539,0.044172977751873996,0.0025980778231096653,0.10673554760216611,0.11669074962410113,0.02755393834370409,0.018440797258947234,0.11905000131078733,0.0889137813482179,0.03892812555006095,0.04270387511613185,0.07290511601350938,-0.0007474369974991061,-0.03641648699275137,0.10414430065990261,0.0038585308074386734,0.00744327650131322,-0.02452935122888269,0.010694889663698802,0.015029440254720224,0.041255010925744365,-0.003392875258164033,0.00574723880289071,-0.04260440022104749,0.05075256628256197,0.01170397398046851,0.00991438039294472,0.024948799749395265,-0.0446418673262242,0.0002928147477351614,-0.05987808871739439,-0.021187108835461835,-0.003322451336438882,-0.009187666914943424,0.019018886329269825
16_1,0.026134850447594997,-0.01479084655816952,-0.01914863428355417,0.015076957625717759,0.05033391250246898,0.007142044255677848,0.029519392709692963,-0.019118040172409867,0.05513131457746744,-0.03144053334624425,-0.038512937609087874,0.08425353081714476,-0.053569880719185656,-0.05558899897313643,-0.08248047339666917,-0.20611946512476406,-0.08771284231628469,-0.0018067297660025346,-0.16021884871651304,-0.1726607390154653,0.006889008946064526,0.0074164223602960445,0.02742287756095038,-0.0235630268188396,-0.031571780285377826,-0.09333150070143545,-0.05262578431757935,0.006219604415803483,0.020122809907881907,-0.0003274455433104602,0.008775633954117465,0.06697756160024834,0.044035354545573134,0.03817791985564972,-0.0293248832084413,0.06129968598890499,-0.033656099673037794,0.03283808374363139,-0.008780941857195818,-0.029660726335511024,0.0007391800579827281,0.14227347694586076,0.03189676794362587,0.0014135763429690413,0.00025973004240155564,-0.00851078060153872
16_2,0.029233481614974934,-0.011651835541531213,-0.016853372188833537,0.022890676794424088,0.05591243007625028,0.008665046671908427,0.04407989588911307,0.0064197636992067535,0.055821318572551334,-0.02643612253374595,-0.031145671008886874,0.09039154441401823,-0.04510653532175071,-0.051865801963425585,-0.07630313098510488,-0.18483299339649162,-0.0850855615893989,0.00023125555368624237,-0.15330201948565933,-0.17299594556281095,0.010800989140676323,0.013670365802266781,0.029327888910941582,-0.01946638049539977,-0.032420971726736504,-0.08806555973279688,-0.045676425695240386,0.00889129703962994,0.024157230116541625,-0.007164930920927062,0.009593522503823945,0.06706667596909299,0.04431478368463819,0.04246524429354365,-0.02739607404962779,0.03680540939225472,-0.026197243053385406,0.03999131028833428,-0.0032025021796885187,-0.028794129718238037,0.0005482320902335603,0.1497150727897464,0.03184364514226091,0.00046946404749631597,0.0026209030351669314,0.0011056231807120027
16_3,0.029082323590114,-0.013965048657490268,-0.01798656440085913,0.014625652821542734,0.05392301570683675,0.008012580078737567,0.029573519280896757,0.0047154063162472976,0.05715018866591328,-0.02703354919105693,-0.03575586207103127,0.08922095113304512,-0.04830274534713262,-0.056875238807146296,-0.07816349393483689,-0.19789134494424274,-0.08696097797807523,-0.00335269821072221,-0.15411905269651202,-0.17671380218868263,0.010904010741101224,0.00956647714686528,0.028143677888699696,-0.023925266417346467,-0.031465085585397165,-0.07483602892257529,-0.04996679044217518,0.007817348896964293,0.02101419527443215,-0.007297076183347946,0.008331323156411365,0.06776897308557926,0.04945131242725324,0.04156652035240865,-0.028323073566769483,0.05718871164185562,-0.026699393463337367,0.03801715487394732,-0.008895004178662135,-0.03164064616689816,0.00045012259644282255,0.14680999796560049,0.035428047805634334,2.062336177958735e-05,0.0025347636135943717,-0.003483749757609196
16_5,0.026166841960103514,-0.015499243225194763,-0.016344616444132723,0.014726318890934486,0.05365120975291128,0.008423494499246849,0.028995626131539526,0.0031178556212901874,0.055074987127524434,-0.03183244163266585,-0.03959324156754355,0.08322831365041572,-0.054724914886132056,-0.06016002633277261,-0.08066205462283102,-0.20561570769242182,-0.08820906544822271,-0.0030971575176144866,-0.16098438133904563,-0.17846216160663597,0.0102237532757728,0.006871780395680847,0.025935690494975246,-0.023739209102399208,-0.03542767280562633,-0.08899343426333,-0.04877794611236454,0.006856922395463594,0.020156749410264706,-0.007928734717165898,0.0075154751155204185,0.06396617851690235,0.044054324339284454,0.04157238359678802,-0.029414354489199615,0.04482341075735811,-0.03382589432890386,0.03379597954035297,-0.008399727955860244,-0.030095054397514986,0.00034680797089249165,0.1418484018813301,0.031842487824079786,0.00035901976284921004,0.0001720832900203524,-0.006959718091719127
17_1,-0.010583255669139193,-0.024536115954890803,-0.07512956827159147,-0.008774648937595867,-0.03798382171746622,0.002228977463965711,-0.011587979284525911,0.014538830473014979,0.04357712044718849,-0.0749566560992393,-0.05974353719429067,-0.1043617868209708,-0.04605141483461344,-0.042112066312882473,-0.22269738023101227,-0.2525649497311344,-0.08288935527528146,0.01357550193401604,-0.27161399306698336,-0.2503368943519926,-0.028820956042542163,-0.05643936534681419,0.01977653779257437,-0.07206168947572324,-0.06248284606162364,-0.1347028085559495,-0.026988172638693565,-0.05406783836594403,-0.0777604753052738,-0.032804960345217196,0.005318150622225324,0.08632760928301239,0.005906822429775007,-0.026527607450362124,-0.035358669268475695,0.018877677182379468,-0.04501414877447203,-0.007900737972287582,-0.014508658304560107,-0.02971488444204992,0.0017890281430029287,-0.08866765332955404,-0.03483933813876791,-0.00679849433940373,-0.017660524769123876,-0.047526120639336714
17_2,-0.043560355022405906,-0.012343921456347034,-0.09281255152287428,-0.08654458599218769,-0.03003073013892385,-0.0014537456413663467,-0.011464393197132008,0.002450656158029551,0.04006458189043405,-0.07327441805123545,-0.0784607055545304,-0.06589114768692615,-0.1592465219558187,-0.07027916269508999,-0.16924742287804223,-0.22020754558326594,-0.09944336643686844,0.017186816822017763,-0.1860889890555598,-0.24820731443392527,-0.011914826598212807,0.012704383581089707,-0.0012901788104121964,-0.0431273106932505,-0.07868059137338312,-0.057763225138669966,-0.021453463834482597,-0.03536508041994663,-0.02645604082941017,-0.0019100822406162843,-0.0163320908840574,0.06798026383646907,0.019356182931060305,-0.07352004942149633,0.02622794197280538,-0.00442955286580916,-0.04951637137027649,-0.014584648251079115,0.03254871419281613,-0.041323165367822476,0.004202365939042552,-0.09222978170671994,-0.0400280838439631,0.0011473727281289224,-0.031258471584054884,-0.012108874326036662
17_3,0.016180489814159323,-0.015276435502635294,-0.0750165476398344,0.004574823855402193,0.011828871557466515,-0.010122299452940662,0.027688952845764173,0.01912700736434267,0.05869112966271637,-0.07273562624643873,-0.06073401866103076,-0.2556230053823921,-0.14601351187178027,-0.11438313250883503,-0.21254228338965955,-0.2714288022975497,-0.09790440034441625,0.004181872760432095,-0.19849659551974785,-0.2817048405211625,-0.018124019627168444,-0.007294346951566875,-0.006027462622250346,-0.05979803006539211,-0.045475809105503785,-0.16504445534160936,-0.07016029128137193,-0.027800992025892774,-0.07651195969302303,-0.03179093241713934,0.004365293996195955,0.04815987186657347,0.04317436014738611,-0.017049585511329443,-0.021124974331281108,0.014609674354531907,-0.04114180623450579,0.05238366635581989,0.015926645646091333,-0.028360488263887887,-0.005003155128723075,0.022775403574190462,-0.005462511258517972,0.002286520847485631,-0.012570858518631673,-0.016515003233256217
17_5,-0.001766423051548334,-0.015754627088809776,-0.09032878999591024,-0.05717567366323068,-0.033543921171722266,0.0009727953285296203,-0.012150877235827024,-0.010410790495769493,0.042787077192449806,-0.08205983270963112,-0.0759102212529551,-0.2024053644821627,-0.13547422993465216,-0.08023472444974082,-0.18609755416542326,-0.21938770580332786,-0.11243215089699204,0.014510129307343236,-0.19466810173594823,-0.231201761968361,-0.00927851248151024,0.006952067977077627,0.03511699716076486,-0.07172370619129109,-0.03083411501277837,-0.14646104133155285,-0.007092654200231817,-0.01845420274545091,-0.04517063408286087,-0.0271345968618319,-0.000128246129004211,0.024777004540180492,0.0256031167563495,-0.0323814277056666,-0.02988731239751831,-0.009794897703508883,-0.028079926885376316,-0.004173000417688647,0.0004288988684823542,-0.033281662016790926,0.008293230163349846,-0.09691807936023276,-0.03663814679162006,0.0030055437438903936,-0.024466853235584927,-0.02598420730365555
18_1,-0.011372648016504304,-0.007209864880661905,-0.07311827975350564,0.00012456405918819885,0.018939974065093713,-0.0018533617235458634,0.029456542889607105,0.024535183063851385,0.021895061510235694,-0.07530093753139244,-0.16476612682832326,-0.07304416250723973,-0.1246692085409793,-0.035568441368669726,-0.1597418686649275,-0.21962978533994457,-0.07082883211304386,0.009370128863587774,-0.20051232568471647,-0.23680242168346743,-0.0030477372818096286,-0.00021094056734954314,0.033072784403858344,-0.07324104259155532,-0.03543335827345779,0.08383861051395387,-0.0628998930391535,-0.043915533688627925,-0.03816123472831364,0.026115041960500105,0.016060414827991466,0.10413075334474532,0.062434233592119054,-0.0073361837973098965,-0.010315083124936363,0.05033134117830445,-0.018323215918867198,0.02369334424147021,0.011734198956249872,-0.02323322886706803,-0.006040941585056218,-0.057107828704586326,-0.043892232674960736,-0.009549865034654714,-0.015559685758420322,-0.01346350350745786
18_2,-0.02708180329756507,-0.021336484682891406,-0.10034456151057272,-0.06136781559133003,-0.048295050794061385,0.014794716810560157,-0.011268844919682957,0.017854326290037158,0.043358881235593685,-0.04471009573017034,0.03309387772766358,-0.026873803049831044,0.02555506741624553,0.03943522756175925,-0.17726835096130383,-0.1959623677620354,0.013285660291964277,0.0009134699439542357,-0.2375267095857291,-0.27103511053482665,-0.023031345408612167,0.02580711389885585,0.0013165973050340179,0.016844423984986003,-0.046926384239574265,0.11275817990672767,-0.041411858806429,-0.041800921433717365,-0.0237270844518346,0.010832931356009635,-0.008133315261736829,0.08459841165995402,0.047473634004513085,-0.061225726517422585,0.03218161346500144,0.03809045650424241,-0.05257098495816974,0.00859587820414015,0.03636086447016469,-0.025817758302339816,-0.002020623551648345,-0.06123654395300982,-0.027802130030329747,-0.013884698904048559,-0.015218947464675682,-0.03013593134617804
18_3,0.027558414688717656,-0.012237490162766946,-0.07207299834054375,-0.02198069970120418,0.024728715677496464,0.01887271727914946,0.026577837449414388,0.0336212866300659,0.043554280457082054,-0.06852800148877188,0.021648653724026932,-0.04015328554608424,0.04478845997771376,-0.0044249284932664805,-0.23214328449795643,-0.24334904626204126,0.0141461286294115,0.002901366602722433,-0.27205918044718025,-0.287618746539227,-0.02330800037345137,-0.013665969088524394,0.03974912922083548,-0.08870154711286025,-0.02193956150318343,0.08636996467790554,-0.009317231365613873,-0.049858572670650476,-0.059548039355522296,-0.01842740893209091,0.01984996281349336,0.06685863677895416,0.07177042547748065,-0.032539981383754135,-0.03533685871867777,0.03639536910961128,-0.033291770996559666,0.04738834353071908,0.01310796399138741,-0.04085181479913012,0.006590362426582527,0.09170041877979068,-0.014552804287476965,0.0115530439057496,0.0008700548932972813,-0.03610141693039821
18_5,-0.006501070335359956,-0.006030733694118136,-0.10790060671299832,-0.07165829196927781,0.0013349925827482595,0.014745500017279048,-0.011093910076058755,0.0019048749912096291,0.03264361985009161,-0.06285291977210115,-0.013827863447557098,-0.049461750024998835,0.04523372216585225,0.03765407533970261,-0.2242007347551196,-0.23102071204417765,0.015730469600164443,-0.0038162185448160956,-0.25172506447972465,-0.2589370109310018,-0.009767751644263781,0.021010710385963784,0.037819334752741,-0.047730113835668164,-0.0352538905493952,0.10250315514029354,-0.04118709288443341,-0.03477861390372224,-0.025508086369120487,-0.010237979690006595,0.0156473351611313,0.08303038888972866,0.0442846000125794,-0.08079404358166349,-0.04477918530936433,0.05008457613366469,-0.009898681224279952,0.00647847399857027,0.01325191234808066,-0.04795025540162844,3.57954736380444e-05,-0.05513468282442361,-0.029827420746932544,-0.0039105614096474756,-0.015546972620002587,-0.06876603216803988
19_1,-0.01077008034662961,0.07905733332431589,0.13471617221865656,0.014774031107477006,-0.007291733410410928,-0.014424400076002137,-0.041669874345584064,-0.02288604464304953,0.050536207751998075,-0.03464919948123325,-0.021757661498657852,0.10961017534009428,-0.06214343299419732,-0.037283457110045715,-0.10999572572416841,-0.1405173048437303,-0.02990489864953119,0.06052930753712823,-0.1997906913266991,-0.1941029187261645,0.005408747499991052,0.024104406068882922,0.11763599885736276,0.01200583565280304,-0.022073663423005725,-0.0518203781269528,-0.02471751316349989,0.05649565325756912,0.050661225517706784,0.013809626311997657,0.07148272623852099,0.023641701910018745,0.0395385981897736,0.05257859825793682,0.010279036366916272,0.03003954271295837,0.008103383565726374,0.00374679745729523,-0.011479203771896809,0.14540422311190004,-0.010190937356223671,-0.06042193178039365,-0.0038093654008302855,0.025956265232946696,0.01985809806947446,0.08225338896137728
19_2,-0.010861823724688935,0.0797464839370986,0.11716613406819625,0.01513222318214337,-0.006867755310548317,-0.01417456143119916,-0.04069262982357194,-0.021454177475069384,0.06666642111319461,-0.03362636364042611,-0.02295747800702941,0.11601664248590475,-0.06056466306512896,-0.03733203894544641,-0.11026761965521815,-0.14287852074326512,-0.02973438996747937,0.060935695987848475,-0.20040497402499413,-0.19770985200427466,0.006234618026125381,0.025858932135975614,0.11794929195063589,0.01166495898283452,-0.023912329043450576,-0.06872279218576609,-0.024938089568289235,0.05662724350912612,0.05140952945239407,0.014670688021338954,0.07346309459331135,0.023940233297271678,0.03968200901583073,0.05266960142718637,0.010779500848484289,0.02957515007985149,0.008281437349489785,0.004052726376087075,-0.004727587566408363,0.14467065863432313,-0.009884224894148886,-0.06003626200932365,-0.0018854592566854575,0.025874329315794937,0.019824687568364734,0.08241442890233021
19_3,-0.010993061420355188,0.08003612179266147,0.1377725903388822,0.015228450804707989,0.0008345821486573451,-0.006539541808580073,-0.04168435666821296,-0.020244853414985414,0.04963277334653623,-0.022127556096994072,-0.01985806299764185,0.11486899218284885,-0.08086760455775954,-0.03253753899322155,-0.13271159776055214,-0.1543408597092068,-0.027848339878668565,0.06333346440706877,-0.19819401383632776,-0.19404763842609613,0.0037818951488838163,0.03295102971432004,0.12041271159649723,0.014729316563617501,-0.031424674389557365,-0.06746120962860155,-0.06519943763652006,0.05827766336924231,0.06423970497922203,0.009783820642975165,0.07421409434627088,0.022166626612528193,0.06394770621886044,0.03155362823333549,-0.01063302333682852,0.02661257040244459,0.008535168694546248,0.005537693437096393,-0.009336616493720801,0.16105193843373178,-0.008362838545401185,-0.059023126760813185,-0.004633801649922102,0.02947415453544401,0.021256053211377,0.04938101746202976
19_5,-0.011471013204516755,0.0782188489800081,0.11668274335076756,0.014774898459847387,-0.008545901450400805,-0.015332361132287082,-0.041669874345584064,-0.023252128815283483,0.06460198029805696,-0.03687110759119143,-0.02504142036113956,0.115347275018014,-0.06426624330844653,-0.037759802265668614,-0.11127196247034121,-0.14010301532368816,-0.029290921509683304,0.060141785059807204,-0.2009040220091457,-0.19691522661683353,0.005730991770380091,0.02259367108075604,0.11908210359673814,0.011912088356753576,-0.025658427660969506,-0.07162077767019862,-0.02519704277665508,0.05638100606923699,0.05031201697228129,0.012436617258182256,0.06911749809939503,0.02404954212388394,0.038493012824178295,0.05266960142718637,0.01000472489064483,0.027560675009034395,0.00666727348993463,0.0034094554071556586,-0.011263964978954258,0.14536857542939924,-0.01040185526955269,-0.06334676280120889,-0.0044665093357967815,0.025726268139363614,0.020007907688549768,0.0803832784989063
1_1,-0.006118917222691281,-0.00988940760700986,0.07239915354364514,-0.0005656923979343708,-0.07598186322551441,-0.13252859320364596,-0.08836901654900231,-0.08213185645200985,-1.1392055641681769,-0.2148066839234276,-0.4685242914284372,-0.3486051922807148,0.015958326339341206,0.010931595286236714,-0.2572661897173471,-0.24405504729281907,0.0020785935975073315,-0.17102803156554816,-0.06154970104946857,-0.15230930715235141,0.004127953916264136,-0.19983689508408295,-0.3183322897278569,-0.04993600168448891,-0.05507257374763372,-0.27943946028648486,-0.03786912934375522,-0.08081154852387851,-0.10855700203147431,-0.049536740263007736,-0.9748494295898535,-1.1377409063141308,-0.2557597422338924,0.04738023707325574,-0.13353622232863668,-0.9139818046918993,-0.2940192425096929,-0.08112704304378383,-0.13517713907449247,-0.0006412781499380808,-0.07495281706335596,-0.17365107434962943,-0.016461608439877515,-0.13024020407408743,-0.0369367893981391,-0.06254145347554244
1_2,-0.009385229070768561,-0.00624417680046089,-0.0006587011335773732,-0.03390966936939605,-0.0732037326945322,-0.14681192811071975,-0.15980001649141898,-0.013250980378493406,-1.2312401345563975,-0.17611265744464813,-0.39018264640649564,-0.32389216502075685,-0.005172200845655852,0.010872813372631206,-0.023911006759852613,0.026722678131173697,0.012090400507886274,-0.19839681624778543,-0.11729985222337252,0.007438516460319788,-0.0004637485471672353,-0.09341911906784563,-0.3226163297562127,-0.003474080928131446,-0.04996287281723815,-0.2740115848981887,0.01593557840396738,-0.0797252335532377,-0.11885783839520887,-0.02941176545553854,-0.8472906961063,-0.029492299421164,0.008865320672862095,0.07281701807996897,-0.12262022892273564,-0.9339056391663068,-0.282447699525485,-0.07763730711813502,-0.12206856721117666,-0.032239549532658486,-0.0802345298104539,-0.2509493929302875,-0.01541544002167028,-0.1310387119383466,-0.04860842022251771,-0.06941074153032412
1_3,-0.004326734124915674,-0.007683919745223513,0.07819017541271003,0.01029754470827642,-0.07336310754438037,-0.1431484827439889,-0.08835111414752789,-0.08588278384523086,-1.1631227317341184,-0.21196255182424356,-0.46710855958885406,-0.34525038547262404,0.03616242593647574,0.006563474153876263,-0.23305131899373158,-0.2274234611556498,0.0036192709110996796,0.0011569992971090003,-0.05525236018325761,-0.19467659393182016,0.004208896087781636,-0.2212397985511245,-0.3895017650741936,-0.051712241736741375,-0.05986570469042701,-0.3047959823104869,-0.015365473037717865,-0.07909634610055143,-0.08689677446126218,-0.05209448957791581,-0.5261607635056791,-0.9367688606060365,-0.2561215544137493,0.053866103812739,-0.139096167514798,-0.9103130333359799,-0.2943746492263217,-0.07751293733994483,-0.13530281850105855,0.008750923991394734,-0.07399062388027612,-0.175523305610083,-0.01497885293446526,-0.13051455366939213,0.005404097490123194,-0.0630758095344039
1_5,-0.01225150136870602,0.08815832618140015,0.07222813720474758,0.00683237907107875,-0.07594877750708826,-0.07412953841444749,-0.0868051575892332,-0.02615536476763148,-1.0338967854248415,-0.21871932800193902,-0.3854878624128911,-0.2919520984648546,-0.04384349735288961,-0.02653134268399008,-0.2606930030272035,-0.19964761158854322,-0.03851187310714329,-0.01341390279001844,-0.10471382236934491,-0.35356240354257523,0.004736935622863828,-0.03478788460463617,-0.1351777871298961,-0.05318789594808947,-0.054065168422620144,-0.31251424692796115,-0.09261142483671814,-0.0606874469195791,-0.015113101581941025,-0.03770189813380359,-0.8544859030938308,-1.1501896474283395,-0.3133274529296406,0.043758165998888654,-0.11981080911800852,-0.8904026895908342,-0.2852585035241534,-0.07759439881498846,-0.05252194335776289,0.11347132557832143,-0.007945072385522028,-0.1649201267208923,-0.017198603192481125,-0.058836237378857466,0.0048275945615681,-0.054709079425117386
20_1,-0.04661678029140029,-0.03131251411772892,-0.07595562832397126,-0.012101103449735296,-0.021672523932220886,-0.03553674392818285,-0.023648560420207375,-0.00909089077373339,0.04075338800904607,0.11354786942957705,0.05888198347336131,-0.02309374642794498,0.03190123604321341,0.01752565587832345,0.07828227643802285,0.08166683332148279,0.017909471539552465,-0.018818842768596536,0.07372346275234147,0.08913936403470163,0.004530135170731774,0.012324884570331762,0.013981070271755621,0.013680518477787867,0.060496632534325676,0.079909633972313,0.032474532328107805,-0.05036061538073649,-0.019081050783518877,-0.021484892954506497,0.014299213254369338,0.015390380855984407,-0.004575793687054261,0.14120921324885233,0.01378242742667142,0.02938044872727144,0.025557318261969185,-0.0075134429972622,0.008887062524121917,-0.041269363648500174,-0.003401336446448939,-0.03478003107105232,-0.0372893736263481,-0.001419001200153799,0.02187809002014392,0.022496848645980123
20_2,-0.04471183069429737,-0.031393038740514766,-0.024748793318997778,-0.01502437088014814,-0.02358385802589222,-0.03477861744431669,-0.023482469817840742,-0.009264259879866218,0.04055595366794132,0.11447394175588035,0.05417231055920599,-0.01747098130393765,0.028602668662943427,0.020595961834249922,0.09073530417729822,0.12245181554606972,0.01834785983510205,-0.020506664619702443,0.05651256049852164,0.09059139792021507,0.0015231815327339331,0.009909606472895037,0.01684472908480271,0.0036570284964696094,0.01721470646039721,0.07656756767832898,0.03058002156487587,-0.050064907818683856,-0.043818567733225414,-0.03032499676515801,0.03139923368997083,0.001777027819075509,-0.0050961573719261076,0.12523282501473906,0.012324648172373168,0.04126647373583477,0.02519894704218958,-0.008175794990810788,0.003865735130222493,-0.042524402003383255,-0.007421694909949985,-0.0367938665253357,-0.042925427436363156,-0.023079296445625175,0.01740658035004388,0.01491346543185468
20_3,-0.04474720152583993,-0.03156927510822288,-0.023093936796645786,-0.01106053206414227,-0.023286863999443422,-0.01627093957543977,-0.023983896530648266,-0.009304746843889733,0.02105226052071171,0.11027758430768311,0.06198684565212396,-0.008487738546486193,0.030125466015293388,0.0026211781289414613,0.09625634253623103,0.11565147346252164,0.01609994028976408,-0.015013106023568359,0.06436290004463453,0.092817865581937,-0.004118832915321338,0.010562854580752018,0.009644058836122025,0.0022593298420640765,0.016780076291697324,0.07173252517840706,0.030754405368013594,-0.053978616883061575,-0.03751107633599172,-0.029852513197158117,0.03181757174120787,0.0019841304747714363,-0.005861355673520907,0.12474208323378387,0.011285315075954322,0.02649299343741285,0.024671609520635785,-0.006409815687917885,0.008083469777893095,-0.047054065465422436,-0.007593563519875585,-0.03799614623704921,-0.042248981085987736,-0.021464378597987388,0.017035374925549816,0.02531276678126665
20_5,-0.04725872012944485,-0.007821301197546612,-0.02919032277183403,-0.012851957320550386,-0.021213643187356135,-0.016848235274578113,-0.019873844230342785,-0.00927932951708191,0.02498405262589363,0.12100598539321133,0.043533635522233036,0.00224044899890775,0.03930634456359647,0.0044627361927198446,0.09897320662863274,0.10587890740764123,0.0223385404950551,0.02906631472453137,0.08533285565857206,0.09848988670337219,-0.0002670101073668045,0.01174847070867326,-0.009602744990609546,-0.0041439480955314315,0.01956041867759891,0.07599061809446978,0.03177877768008136,-0.05417873373606071,-0.05309057259362189,-0.020125562088484053,0.03186950937624414,0.007183005927446956,-0.0024630346271633076,0.12133841484850558,0.03434006921405578,0.028426440024959018,0.025951418846002394,-0.0011071912733152472,0.02541758008020172,-0.0453971660961399,-0.006217123815256817,-0.025875423310300117,-0.018798071321643506,-0.02113836357566455,0.017792660125494845,0.03493815926673853
21_1,0.029868939128170926,-0.03895414114244652,-0.06948015181257686,-0.036130974156476536,0.05865281336034649,0.008002973838421829,0.012405827763763836,-0.012460239641154742,0.05082905652418017,-0.03487441219662128,-0.052289231219978985,0.051816255286027596,0.035804915379593696,0.011808243460372202,0.06676893889971142,0.06698627202497758,-0.058105285396033414,0.03577011532396011,0.035841431224661546,0.07714048755591309,-0.002772508205801916,-0.00031084049955944416,0.0695136109846208,0.036980019393968555,-0.032851356280369684,-0.06894889764809102,-0.022409318127987538,0.0065522725850089185,0.03496035235795941,-0.026550783274986774,0.0038881269521059917,0.05596234943017602,0.013452078833077826,0.012286412481151155,-0.03028444659270292,0.021922190660458054,-0.016476194800333473,0.01803209524540628,-0.00510607788914552,-0.026549033507547802,-0.005874474121783307,0.12673106274520113,0.006498372012020356,0.010365423252604512,0.011916294666515814,-0.02360734998161902
21_2,0.02183688268137532,-0.02818065593338935,-0.06554313409984294,-0.045667837138203035,0.059429667109979184,0.023346505146141543,0.023650632751091867,-0.008513901304081896,0.056985252985100064,-0.0503355322727205,-0.028619291083595975,0.04159501808610922,0.03048829970203712,0.00782419834236525,0.04767560830805925,0.06963698204690862,0.028338789408169186,0.0033262822985385587,0.058185905420574925,0.07120776337283895,-0.005162628966331619,-0.0067189809988244765,0.05059109075452541,0.03864320611774815,-0.027034081171653818,-0.10675477939795747,-0.027985984085499502,0.005916484416015799,0.024360373524348257,-0.03164815738769714,0.008182334303559774,0.05401408342186186,0.028488159098431966,0.00037504945498736004,-0.021552565315239493,0.01973699661207658,-0.004979243339639002,0.008800365579609283,-0.007293314357097711,-0.00822595637535614,-0.00920995940937384,0.1741508049370365,0.04016910643362447,-0.0011198922749383624,-0.001510832882382213,-0.04048910649656089
21_3,0.0010633716687303858,-0.03559825743618751,-0.06473942060028848,-0.007924432580880839,0.06258872495098639,0.008370676309847946,0.0024043334693368812,-0.012748801243804255,0.04887599681273073,-0.03323844172647734,-0.009938863276863469,0.08024935461209334,0.03945628884989736,0.010287115828926167,0.05647251989598771,0.07763034277121851,-0.055535313367438485,0.042850910777775544,0.010556545748969142,0.07336493783781992,0.004764428833925689,-0.0011685518598518766,0.08211306700094483,0.05361755043094359,-0.04901066695029655,-0.06755193636892654,-0.012411053851921618,0.02050568286943949,0.032143215339926055,-0.023466026139187256,0.008900557660661121,0.05788520693891509,0.019544820244081905,-0.03652591359837083,-0.0069106004655073786,0.022407536432282004,-0.0200115644426362,0.000783059981954193,-0.010753931895548612,-0.03255732390533676,-0.001427081441354259,0.12916589155037295,0.005355606284923898,0.008617828736783984,0.024075250591257025,-0.03153326465482566
21_5,0.02247698183351106,-0.03225052203740792,-0.06596356416883568,-0.04239104331298524,0.0543703045429799,0.008396486396338637,0.0012270525953727328,-0.01390670031791708,0.038880327329997015,-0.051857301990294986,-0.053494255151324756,0.013964671783833524,0.02989211015075998,0.006838703103438328,0.053198906257812616,0.0748671259946402,0.02381277229748586,-0.04497378501058044,0.05463941325495827,0.06895966925082955,-0.0018988043631332952,-0.008889588367620426,0.07179846831091588,0.027642848117133526,-0.02467147559073549,-0.12305124978004077,-0.030662746769043285,0.008115302792139128,0.027882641338563788,-0.01606086436650382,0.007648911442663384,0.06469990579845457,0.017686856743212884,0.010029161572065674,-0.03541378734561901,0.011623974872640594,3.113335100690852e-05,0.006222994603612192,-0.011468480204850764,-0.014446713056496896,-0.009363469110011331,0.15559038579595091,0.002269792939931436,0.003461693968024682,0.05287495200452745,-0.02805746442272733
22_1,0.013366335008240178,-0.03788959644594973,-0.07100501320639088,-0.02801155425401933,0.07657104501602013,0.02526693273275641,0.009770387195119655,-0.014088111463442554,0.07728750096003847,-0.008901585776935917,-0.005125009476686205,0.07253381942817197,0.03667183387210331,0.0071033751520172975,0.05560038161368766,0.09551465723323115,-0.05252413632905834,0.0390904777682141,0.003695325330486168,0.07358819397259439,-0.008933356777494187,0.012803964463747002,0.08793923208253308,0.07238282041573517,-0.050963461236054046,-0.07746588697782068,-0.020988946885753496,0.027475840885789686,0.03553976508981682,-0.030936282047276997,0.0039607890799920435,0.06670822465886417,0.017086957623068208,-0.0229156607316229,0.0013800471297600162,0.04655047041338118,-0.03234788668411162,0.025466834703110355,-0.013180759600002288,-0.017396554541775716,-9.55504077750041e-05,0.13485604510334656,-0.0070368065783586115,0.008661520921325098,0.010765652212813842,-0.02323461427510702
22_2,-0.020096712279739984,-0.032046943663229084,-0.07567171361759027,-0.03896031299881144,0.05903714245564988,0.03186526576596245,0.045976863867419226,-0.011182070772711114,0.058000476288508476,0.012150358239501868,-0.02742397843314468,0.028107003499008923,-0.00018300824907764593,-0.00044147486906215587,0.02912689718702362,0.07639264194991786,-0.11001925370236613,0.024596164851244134,-0.020057737834248135,0.030628889142773192,0.009097872690988794,0.007792841790788754,0.07378375355635274,0.041196019320489594,-0.03288189977593418,-0.11006809257399675,-0.03530635801001159,0.023726291511090354,0.02686001040022342,-0.019440794449152577,0.006234472079967702,-0.0027593708009926044,0.004835182389756476,-0.02377759461286531,-0.0009380316685347204,0.03578514325389336,-0.025228574275316367,-0.01018545306946042,-0.0011544732909181208,-0.023585561078319103,0.003119990573080106,0.17075311545591865,0.04161157110731658,0.005933716369371749,0.01012802543661518,-0.04248439921897799
22_3,-0.02310089830827388,-0.03514531436319937,-0.06843958654693447,-0.01680591953863416,-0.016361928805194142,0.013736620705514683,0.0012202260042736553,-0.014610403357116181,0.08189226741245909,-0.0036508897020477793,-0.07181524143396407,0.0677319816024393,0.002872292365074577,0.001546043090406552,0.043687064167966826,0.08123359751098584,-0.04321846629715349,0.029590990739786535,-0.021484333388022983,0.03876982427783413,0.004331089351380242,0.00011022677643208388,0.07214879696698752,0.07843996572392659,-0.008558087681544382,-0.04333661173284029,-0.019313399919834336,0.0323100449893552,0.025592007784231683,-0.027344335379443568,-0.00861710385382926,0.015354022141059648,0.004029278423437677,-0.025244116791872877,-0.0015903566091790555,0.04473214852786276,-0.024273301781323642,-0.007128882277817748,0.008419010374937839,-0.03271201509694416,0.0011089369508197593,-0.031837196961685736,-0.009999440495480438,0.001228310138396914,0.019337644158744182,-0.06591805894607312
22_5,0.019602685857051667,-0.0357810852727874,-0.07061643242143141,-0.043642097425665716,0.06993151653806494,0.010378655174760595,-0.0008126709995956598,-0.013252744926609036,0.05696449373022265,-0.05996485158472808,-0.04901449355279627,0.04703732726997154,0.027969010506277498,0.026886930258176286,0.03670078360118929,0.09044154714255391,0.027500727051511478,-0.006828828016077735,0.053026670068518696,0.0710136660822806,-0.005690012122939414,-0.00561541597269694,0.08919097284526478,0.049022099762589096,-0.03758922811277522,-0.08809894338189618,-0.04249289865795936,0.004992104225939906,0.021016692608672533,-0.033232175236696825,-0.0017378483254420797,0.05009455704108315,0.00966376193078682,-0.046495910751504194,-0.007149529279743523,0.04937955037800945,-0.017858779357343063,0.006743560733350328,-0.015617995320159454,0.0010260675548696458,-0.003482733632836023,0.17990567129855994,-0.001228877772710779,-0.003361229517643962,0.0054334301128380075,-0.028040599575304935
23_1,0.022776954814783062,-0.02573223475290938,-0.020847179305049278,0.023910683186658274,0.055711407214429944,0.02358940860903595,0.025745561341334915,0.006799464477596419,0.05565000667408688,-0.05765926660458103,-0.034579883698630944,0.04653859676048839,0.04110673322740022,0.012830559393061616,0.04896366770652629,0.07452697619741765,0.02239707604421,0.0050430262728900326,0.06051512857836248,0.07961925056327344,0.003755017608545666,0.012262214742249151,0.026502796336092115,0.0027134584759261155,-0.043183699440215266,-0.11625886950623626,-0.06405598888004735,0.0028648426343383165,0.017241031860773953,-0.031128146420225822,0.011139328464191555,0.05746099043666921,0.03135660842417507,0.042600937243183014,-0.02094397181083191,0.03413502580183703,-0.036331996935307635,0.006807468370201163,-0.00420984552240192,-0.03132713053898717,0.0045387983691438935,0.15356533928238075,0.03263107226778368,-0.011077216596043625,-0.00097256157024496,-0.038272822766988346
23_2,0.023097926394671363,-0.02415451584694829,-0.023668413048777977,0.025468697497681766,0.055650080201288414,0.023674450803904495,0.021575220418458343,-0.01703212544976384,0.05515092461423509,-0.05409531807566109,-0.031111754686406437,0.046047701668658285,0.03845910804696784,0.010316496432239274,0.04944427785651962,0.07901871625520777,0.022560166598312153,0.01614062747499969,0.0617710692051769,0.06005669302882984,0.004115142552939361,0.012529102746782372,0.029523485682261874,0.0012805902249218206,-0.03556841162269358,-0.1007848306475369,-0.06275871958985678,0.004634692907624691,0.017610728387988328,-0.025572347738542722,0.007823989681968667,0.05128924976305919,0.031457160943876905,0.038984879265788364,-0.0180849923745481,0.06500593915772991,-0.05087364206626282,0.006728987144015258,-0.0047803009483560425,-0.031804957185374794,0.004782736478362173,0.15263364745501598,0.034388082618817636,-0.011183665835473597,-0.0013580953720714322,-0.036452970099421264
23_3,0.023975010125879825,-0.02538737027248133,-0.019509373428033685,0.02726710871003829,0.05650210221964257,0.02360972714598415,0.021829084360617878,0.007048505387446551,0.05693879371296397,-0.05709910663448869,-0.032356302190463246,0.04741510380990759,0.038890590258050306,0.01358871051209275,0.04861476854003005,0.0776008453321152,0.02155653605054158,0.004648071122118479,0.059667294764381505,0.07082651778178062,0.0037296871058247138,0.012601630944039943,0.029265850853076265,0.00367562675952215,-0.042415446576996994,-0.10004056118707118,-0.06065314927754334,0.004780864213569772,0.018325814015211158,-0.03206528048544671,0.008395710474456647,0.057561050621454286,0.031507078177173145,0.04266847777361078,-0.019528984900102502,0.05706818270269353,-0.03880381343885666,0.008309657372947496,-0.00295995506569979,-0.03150730830648309,0.004877680358714868,0.154540431071356,0.03481336504555063,-0.011043021583546196,-0.0006419753063576718,-0.038005818968198844
23_5,0.023448538636327107,-0.021807166915767083,-0.019710502854936304,0.025653229609899277,0.05296410029842313,0.023754516607518327,0.03950871763668694,0.006710747103217455,0.057953723939280256,-0.055802678542461855,-0.033869165043807874,0.046451692139870694,0.03648868954638352,0.03208597324351911,0.04973851705453213,0.07373651704910728,0.021679808339164504,0.004171574662972773,0.06835790295145566,0.07099587810414092,0.004439472492218944,0.01220705033302007,0.03007947782212831,0.0035868883336376213,-0.02805067362838932,-0.09551582297794257,-0.05867213221603843,0.009299499310773233,0.017978657320156716,-0.03134880906439047,0.008310891792311616,0.059431874744786804,0.03226525354084257,0.04442949106094917,-0.02088644191905277,0.062312267729666866,-0.036037571373059164,0.0077635844000086265,-0.003950100335534901,-0.029364158164849264,0.004663160792015538,0.16545056190466384,0.03339683183429486,-0.011104877417087952,-0.00042305079937769035,-0.03460065127607414
24_1,0.004806779944053466,0.041437693665985396,0.17736920659712627,0.05524850440597553,0.0092942298604505,-0.004464490388565941,-0.042793900503527015,0.0075990624077294355,0.03376487757510809,0.12791123621090913,0.11193173866000627,0.014180840367814888,0.04111326674407043,0.01867821730362238,0.09717878675011901,0.12901185084657973,0.023204952620692984,0.006817956959788939,0.14780018748330528,0.09807825735687135,0.0067936588793232515,0.027602447755766917,0.12497148355186197,0.023811288685840887,0.10583948282379918,0.14119095890552327,0.0601774453160826,0.029644691898639854,0.029127664560928843,0.005453641561956921,0.05933550562918852,0.0240531580822852,-0.09794962029785367,0.09269524678390297,0.016839988914512986,-0.008501472263035036,0.009272276921937848,0.011038382211407814,0.002130624670954389,0.08034809114661151,-0.001374009079464355,-0.025575728358719855,0.06787072670594739,0.015161395097168138,0.0210261796327444,-0.0024091072187980267
24_2,0.010766389713366053,0.05486473789839641,0.10765966679638403,0.054451844795491554,0.00915564450363413,-0.004486576396404585,-0.03188467415445201,0.00190700551788632,0.033802579310871404,0.12928789188554662,0.11164675523364358,0.01575429292338009,0.051225540013891,0.017710191457006533,0.09241401506030567,0.11599584115664324,0.021767601394319432,0.03154310866288265,0.10645687881653876,0.11792954133396223,0.007007794950481295,0.029959930747682394,0.1118503736489245,0.01938608070923406,0.08304399241109936,0.10550803069323537,0.060376602441076,0.029407745571747624,0.028192138675868464,0.005628101957471401,0.06147182544036593,-0.7720933175290127,-0.09866858278161116,0.07920802305041473,0.01341135236671043,0.0253233948795557,0.00878825384018545,0.013138331817174725,0.014158125752016816,0.08936997995516636,-0.0015537486476006569,-0.018997098746250968,0.06069894303823153,0.01555697145495919,0.020910341542732688,-0.0016213403465503164
24_3,0.0019102342887241369,0.12458507608195743,0.17051953438168713,0.05793853705474966,0.009087805090126962,-0.003546420196431614,-0.04256407279522467,0.002937730596198045,0.034056330259776786,0.12814628642572576,0.11063481749143583,0.014012096210869004,0.04720570872415312,0.007042381064619242,0.10685001740218268,0.11120322492996676,-0.054503064968184335,0.06463804198248631,0.07512054137809417,0.12110167105418458,0.001766480615047167,0.010215247431791277,0.12404381473237368,0.017868158376889792,0.0916460693744332,0.10454510819733083,0.05700188173887424,0.029460812726801296,0.034242672293930174,0.05324331913691865,0.06066945363559924,-0.007161934261929831,-0.09883352399320726,0.09477943676716367,0.019971275349633104,0.02414008733720478,0.007199735329585762,0.0029961470303014465,-0.004865534720607224,0.17358883028137165,-0.001460133347546141,-0.028302110460098215,0.05151081822637545,-0.00447055357513124,0.02306014531617073,-0.0019027181968804233
24_5,0.005603802313236912,0.06454129093390747,0.17538288515489409,0.03227923748409712,0.009107457802195266,-0.004251488844430206,-0.04796628171546248,0.0019189496832291478,0.03462595386295897,0.12837596512030486,0.11174796501780414,0.013386532249062033,0.0427836832104487,0.01791037833695037,0.09700883125621898,0.13251939900889032,0.022709633674088486,0.010703297610666258,0.11212828173508801,0.1244095489307809,0.006400594124635534,0.027542182597906015,0.12353548891677839,0.023991454738983297,0.10543932969819846,0.10420870818760375,0.057655800995401664,0.029302910245086727,0.029831844941874144,0.0008664747226428772,0.060344580926332075,0.003018256276201119,-0.09802492591153983,0.09267196025655408,0.01586035706327207,0.026224616973826862,0.009066635221664076,0.012475203982848772,0.01520514112447534,0.07842462556348066,-0.0013309661891048015,-0.026066049414913684,0.0666057818747302,0.015180541560832575,0.020715364910270827,-0.003038904175518273
2_1,0.15588053275881572,-0.01911343087650073,-0.027217523144884726,0.11493767529554567,0.06686414453553349,0.046597611593415376,0.09244317662288491,0.05327473906783416,0.064686465952126,-0.018837298166651383,0.03978509357854246,0.12439633595136104,0.029082984906426603,0.005989615427264715,0.07671391552918003,0.17331425570883627,0.01678369456039614,0.032030511857137484,0.07068764039266412,0.09805175242675129,0.04339111381492789,-0.06790250744669298,-0.10247915578541705,0.03346164763252958,0.08222661772830951,0.19713728442398443,0.13330855196318592,0.001063385877722305,-0.023127136927174614,0.04062177913936491,0.04393695079455402,0.1132142550522232,0.054028812293622955,0.11249001309343012,0.10023285416214955,0.1889958499720025,0.05708102616169327,0.016215612705094924,0.002561801760460925,-0.0019320444147232706,0.020453737751401222,0.12470478923988386,0.04477136697346592,0.028510338546994196,0.05271102383634449,0.07279043611639759
2_2,0.14712856719048512,-0.020025777445167682,-0.02777204184582943,-0.06007204251470612,0.06744205778605625,0.04107579373601904,0.06538030356780913,0.052571794345939386,0.05205151425091899,-0.0327475898005017,0.0036700446780439516,0.16921017758998208,0.037149747594331685,0.025667820045220644,0.07305514319870005,0.15027201785996935,-0.04874466390558977,0.03502638863020091,0.06157282051008941,0.10590974222408928,0.023537254316167794,-0.04173789465035034,0.02415723482116902,0.08161415458999827,0.10418057241306658,0.22060861788042804,0.11293196983859759,0.00472147524612871,-0.016325966642689947,-0.014390304867413554,0.009429072945166945,0.07814210815082666,0.06540582464904468,0.10346800156645868,0.061982020065776314,0.20914366659080724,0.08036474119562365,0.018493910505126922,0.0015999757470186113,0.0011124945351390781,0.004105004616152326,0.15318847820688963,0.04556165147935372,0.02130415339853036,0.028770650775643242,0.04273356058087186
2_3,0.10090377334940562,-0.01836731498131637,-0.011960898912552675,0.12633386857813753,0.06891640157328023,0.023690745284129188,0.0924765460040405,0.05327505803421098,0.06729432390537339,0.029460484281848283,0.004175680697319068,0.12875091586308332,0.015182894425210716,0.02668623793475711,0.0764895171633106,0.1715012005829599,0.018525257643461388,0.010918065858698082,0.06790584958596299,0.09743003174427543,-0.010820785130408267,-0.07318308532882366,-0.14998956472302352,0.025568733136935754,0.07293082326449217,0.19117463031052562,0.09739474910015482,0.002705525866705023,-0.026099546987613853,-0.019155967801576933,-0.014006480133015961,0.11219278776811424,0.049954764580935965,0.11399581282069769,0.10301330852916543,0.20798122227041643,0.05382536520333015,0.0188968789915958,0.0035300094879845674,-0.009923425489860256,0.017486203797517443,0.13699387214777767,-0.02133511040354955,0.028029635969558438,0.05089630534427303,0.06255151058259723
2_5,0.1473107798960458,-0.019628113587370655,-0.03341543757916277,0.07700247910482332,0.06750234385422314,0.039811046658464196,0.0902297512084882,0.026658337709273356,0.06594132904124753,-0.06173499844023184,0.041707377339164894,0.20316276435515102,0.060523384276692044,0.029554178889808817,0.07878144273604076,0.11153804920056452,0.017393651682423204,0.030034936739768682,0.06952563546168593,0.1065955591081533,-0.03472767400235852,-0.03407841939089866,-0.049049067394227985,0.016339000221886904,0.0832670300196167,0.20955179922364053,0.13831211754274697,-0.005895014431892447,-0.024774174485560522,-0.04411453528921267,0.01100990135174123,0.08895541116539572,0.057192038586527806,0.10674023237707755,0.08336911815565208,0.2006377315540338,0.07890899074196814,0.018605040042260945,0.0020836485064784386,-0.00525725733172372,0.011886970925443484,0.12379856009623076,0.044746676362562375,0.028444606940044637,0.022981450093541224,-0.006442433031396859
3_1,-0.02568410043897512,-0.005037653789675155,0.13220320691812254,0.015348524612000957,-0.005512277930348129,-0.010181830862279162,-0.02077438687350218,-0.008986187275561122,0.04785879353592145,0.13843465713265227,0.10324054452083806,0.0037773576347801406,0.04393447383538086,0.006493701598303137,-0.022120670161790913,0.019762624339274497,-0.035598375091817736,0.05590667754506323,-0.02271424951279971,0.110523652000976,0.007276956800154299,0.01778924028911619,0.035076686040588584,0.008271378367750267,0.07531175826005854,0.09804200425166171,0.0185752641566567,-0.054597465504088755,-0.02272885093606131,0.016554410872239095,0.017493495206684914,0.01841414184087936,0.008724279099267434,0.062185507360723424,0.060697381610603715,0.13733726198076493,0.05445726417950749,0.008709661998033654,-0.10055451200335218,0.031198053127002613,-0.011219613487535954,-0.021773534451716085,-0.026637099651982542,-0.10277592626708064,0.03105797120151524,0.058446232564876834
3_2,0.000743332161636971,0.005900707343930902,-0.02121863582741553,-0.001934966890195372,-0.01556355425360944,-0.0055126166798740005,-0.016891008831239278,0.00028393981151041776,0.05170600539329353,0.15746316755813203,0.12285233910827242,0.016956288942356176,0.0356534325252758,0.015101047540744846,0.0849397546638918,0.10683839721141873,0.022522179091764728,0.037819646709924326,0.03372385272781235,0.10519047028180903,0.0028058166288527364,0.04139055895287865,0.03799121060045699,0.01076476756287369,0.09387578912095768,0.09745040036902704,0.03474225773258029,0.001302571748932651,-0.01155518254960315,-0.01722143828708804,0.018180370681989882,0.016182138682717662,0.004044715907633296,0.1342904187187648,0.0704965781394009,0.0432160919605193,0.04216619136207886,-0.0024499540329452826,0.037602704240872385,-0.04232887234539516,-0.0025744186952167164,-0.01714212662858731,-0.03110875687455999,-0.02245867025193454,0.03204310562922548,0.02240768640364007
3_3,-0.018365542547427872,0.0026892244594078356,0.1912573171050499,0.008379397860952344,0.000400343081051156,-0.012029489473252235,-0.01860498070230102,-0.009592841323366371,0.04488367484912336,0.1496378386097835,0.1030467228837806,0.002814799943905133,0.049806370696249005,0.006922251573889978,0.10407342164257408,0.006424415250965562,-0.016179262451986465,0.01933351800018015,0.0051851784590886294,0.10750484064001407,-0.0034565602208037377,0.028252825949240657,0.011345287038641454,0.008212126554327834,0.08342618636546197,0.1015272751245264,0.017674603546356627,-0.0023058284611628677,-0.01534262903529031,0.028892588945509674,0.017703458884475862,0.02684650075389094,0.004932282716616179,0.02769741065649685,0.05593262881009471,0.13753179314925104,0.05633888647266014,0.005362463859647134,-0.06832741087847907,0.02574121393893578,-0.012524837180891969,-0.007912371730056047,-0.015943381860608907,-0.10675519212075521,0.029770981063957216,0.0585193615490394
3_5,-0.022614397245633775,0.10504319540809859,0.2338203341803877,0.012578546966138455,0.004187468996109444,-0.0284869509487247,-0.06041022517772875,-0.010432853511955493,0.03428577969220109,0.14240633676955033,0.11465583420848688,0.0012329769833997182,0.03346291231710506,0.0005901531574325513,0.10381868747059232,0.048947724707783136,-0.03863596390099051,0.05000571771055345,0.05011342346190807,0.12695077531591453,0.03886500442016654,-0.052098109614765575,-0.04140850251623332,0.01343962938794264,0.10001515264841455,0.09718775477069605,0.03329098867316463,-0.0009426258507796686,-0.012881586961095282,-0.01085553336410511,0.038157294706024796,-0.0026571972991795197,0.013769872311453327,0.03830036037491744,0.05840760669166331,0.1348480663201707,0.0459118531531938,-0.009370715698465867,-0.010944951828851359,0.1296438638115539,-0.003137260100373549,-0.09421361629979734,0.0041951815638046125,-0.01850153376286014,0.0008166821167866987,0.040314193830568903
4_1,-0.022622430462991512,0.10772260124056982,0.2371931313489737,0.014470750186441415,-0.0325687672334046,-0.026085258306733097,-0.05332146276449172,-0.010300246916753682,0.09272778830531962,0.14695979235477402,0.08929257637426348,0.004452497493632914,0.013142152457239301,0.001880446609537544,0.0580725101747908,0.0716198482719944,-0.04064845695929213,0.03424574026146828,0.04670723547158692,0.06790846678965097,0.0027222063947996648,0.022141676072494194,0.04414520384400745,0.018986321736990806,0.09013386700121831,0.09320067530629883,0.02694377235977102,0.0687434283354633,0.023060389883665666,0.045157148731420065,-0.014433409540403097,0.05714362820198953,0.01975284783251253,-0.010181904917977682,0.018559978188945274,0.13489008329188407,0.06825846490369912,0.025609948144213236,-0.014099109010046053,0.12389080976937679,-0.004807447757707775,-0.0016798333415037165,0.0032391923109567292,-0.019086040081436332,0.008099492444293355,0.08657899760638434
4_2,-0.026203391670209884,0.11177014886642819,0.23594779442085137,0.006703209034016772,-0.04290617731540884,-0.02952717324394796,-0.05188464695657277,-0.010276805215419035,0.04401922116089611,0.12668645732866518,0.06856098866418503,0.007336610178373752,-0.010661820887158495,0.001270663811698173,0.030108204440755102,0.07729496140545464,-0.0370350128138244,0.0372372657304379,0.04127636264012394,0.10839889688611097,0.016184671712171916,0.023108409067193317,0.03856230340150576,0.014482857790027535,0.08803043443177719,0.0921506069404859,0.026993289407788914,0.06896569640400844,0.021940335453221143,0.05220467872248919,0.00801930368802172,0.052171844799975144,0.023168662825523892,0.023725137239209056,0.024284005774378045,0.14633725202755216,0.06897744062279873,0.0023085657688168334,-0.012390632351053327,0.1271615784125095,-0.00950890244280091,-0.02258329846671032,-0.005778737402228094,-0.0169875684436035,0.021528071916875384,0.05913691034446838
4_3,-0.027306368182639994,0.011884000763062454,0.1737170636782961,-0.06768445156718578,-0.04716742128775005,-0.011151868180905456,-0.012278094600768126,-0.004638163359124765,0.038613491236100896,0.10305999265935793,0.06714698956655248,-0.00483842572545842,-0.0015499500310389477,0.0017683268034041036,0.05104165244676674,0.10147299236051668,-0.03472927451823067,0.0394570620201633,0.027231170966745228,0.1208762624094378,0.0015873896030598814,0.01246594763975666,0.029781645258526758,0.00783061334440843,0.10788350367726199,0.09109809926513132,0.03130892770325709,0.06942691027580611,0.018787955774399605,0.055562446510083345,0.014543108745733606,0.05423057237009182,0.016337894104645492,-0.011136997373614024,0.01956125815810717,0.1436741015652928,0.06489557747748766,0.006120838077702717,0.03324746472942213,0.03184177462982351,-0.004137793607881834,-0.01823626986428074,-0.01951397796661175,-0.0004257711940462879,0.007657176151782246,0.08995510288662896
4_5,-0.018268493125565596,0.10992106471176064,0.23726753966279274,0.014838970169540576,-0.03256109861851106,-0.022202039730651976,-0.05132933896467974,-0.01029368811251883,0.09296768173864409,0.13709440047105811,0.08936666055125549,0.005430307314434208,0.03736051521791474,0.0021116538651023537,0.058243471469376557,0.07233243352485035,-0.039891938676305194,0.034765728958652625,0.017405683442127926,0.07001469049214686,0.007449131024512432,0.019548443311273693,0.04562792244264147,0.0196809941105746,0.0863089084816417,0.09330903021572662,0.02781459525893282,0.06930425508480025,0.024352938904550845,0.04631762808870207,-0.041558565574976926,0.05606150830402409,0.02081588113246359,-0.010156547397705544,0.02001884620864703,0.1343896309795567,0.06814800005966239,-0.03268490360750884,-0.013544282808428542,0.12481016158012626,-0.004251849140541198,0.00328435094712106,0.00512214076169026,-0.01886476569724485,0.008111612206806507,0.08662782733370476
5_1,0.02741464567548161,-0.015503735236630529,-0.008995546395727595,0.030667010436379528,0.14543026702289444,0.054339178373651834,0.14006402038978807,0.0643639480910474,0.066618732609177,0.007561124332439506,-0.021508139940399428,0.048511413878730356,0.039765935568211404,0.017734212179728256,-0.04070519731870937,-0.08332574503933972,0.017067632466005164,0.028915564955445294,0.01716395758587344,-0.06637809515636595,-0.009534885186220067,-0.16709047843750321,-0.0997408835516587,-0.012089274875083924,-0.02541235232972862,0.04960902408712408,0.015014012767567744,-0.018173992399411965,-0.02454599832159361,-0.013848333944047697,0.011824309312126732,0.11721058838459827,0.06020839446451486,0.07615535420203721,0.024563633227789684,0.12192972267658371,-0.052990409240117546,0.060183622137951684,0.02884223280474273,-0.01347027699032264,0.006347635252519545,0.2517827141927933,0.06035603658685342,0.020950640418138308,0.04112719810618265,-0.037927608990131395
5_2,-0.0013471854840277386,-0.015656476072201064,-0.05616861211726707,0.0018313298178613592,0.1451632893735782,0.04735057373037746,0.04889831048303775,0.07309445376838869,0.06761515075900691,-0.06569978916101722,-0.028266540973213676,0.05964079196599112,0.039412492404933414,0.012953720617723815,-0.00620562158271119,0.11497659471463631,-0.04125788142296613,0.05800051358945381,0.023802545461557776,0.026860871746114675,-0.018746965971115512,-0.0739086520029295,-0.17052047327161118,-0.0017587422039502584,-0.044004481527682014,0.03907438670222366,0.02443777219031984,-0.042815120820030604,-0.033928334295575444,0.04355851925374427,0.01262950973985228,0.09228909656454196,0.03275743375654817,0.10142326170792504,-0.006763334927455774,0.04697479279045144,-0.06409730503860842,0.0006986416090373089,0.028443440549052647,-0.03430753824062128,0.007050012354860276,0.23891095114962344,-0.046477727693738494,0.0007824295261364646,0.035979801589918425,-0.020162161545672942
5_3,0.02887124447241187,-0.017561385261167153,-0.04643403012837914,0.02852727917847236,0.14439521320614226,0.05762896827008819,0.10154756675060378,0.061958848230806114,0.06370210847630063,0.0009929869236693894,-0.024800293515082214,0.014852842351056031,0.037833083838962125,0.011993405262157546,-0.03783039389258952,0.08608953692152586,-0.01906252188818519,0.029781150280288667,0.02524287350710388,-0.0669723565073245,-0.015598337276295327,-0.08807782621008668,-0.11948064767969599,-0.018895277576471657,-0.025091307249881054,0.03888923175795416,-0.0006576953996696696,-0.04006687631108032,-0.030188946666444966,0.010884190826034703,0.01298307020870338,0.10409024340729411,0.03425688301155214,0.10190841238018589,0.027154680030641337,0.1007862111169493,-0.05860607241850963,0.043913171522837885,0.021379903461604132,-0.019642320152084804,0.0064199784715088335,0.24991433352754858,0.05964484837223223,0.020223857582151197,0.036750644524053,-0.03739704258597291
5_5,0.028137659927680803,-0.015114170222875076,-0.010348712483851089,0.028753518267082022,0.1360448930495064,0.054345061499809555,0.14030945537642978,0.06489791737790027,0.06218014168193402,0.006352218371336688,-0.027349846969169166,0.05066419185491043,0.03768183341636468,0.018640207834828598,-0.044821275364080045,-0.08315605789583193,0.016757344189486406,0.029139646344498654,0.016795331673843096,-0.10553477082334686,-0.008930534093453745,-0.12855438306493364,-0.09617015167950968,-0.014328210162182648,-0.024035414669121798,0.048894348717343376,0.011109278580589453,-0.01940763592583036,-0.026958708424930897,-0.015561066823994505,0.0169242509880612,0.12154063992033513,0.05800645199334807,0.07332829698690081,0.013135293768915661,0.10402333261688496,-0.04742293305624508,0.05879380580283346,0.02837141911817345,-0.013549829645135108,0.005979948560190966,0.25119638017544327,0.060356269235307035,0.01940488311078881,0.04020826849513166,-0.03614005772012131
6_1,-0.07875336745690431,-0.026561975752056224,-0.15806878886268877,-0.11173905506745171,-0.07978079566482794,0.002699976709465069,-0.08334948024814631,-0.016391869592433397,-0.002697471357795057,-0.3882908070637066,-0.18038510664377794,-0.14576442307500145,-0.017189253465779,0.0030311916329228542,0.044689755520084515,-0.012662731599493944,0.010094884515457198,-0.02248873833376763,-0.003161644096157596,0.04965932755820172,-0.062318076472601784,-0.01576503513358172,-0.35305444884557424,-0.2611312362683292,-0.07279307406177979,0.11365828460215407,-0.32307687597163415,-0.0385950335006684,-0.13427563970046716,-0.04608813744539311,-0.007296321786858772,-0.03037410024940291,-0.029824802232513242,-0.15773621907887095,-0.07071818531870418,-0.061356785698143526,-0.022699343837878735,-0.003655584484134101,-0.06326632748275968,-0.09068116770290527,0.0018577040299226687,-0.11014137576912385,-0.052408434137364915,0.005797711280975733,-0.014207512931012882,-0.0806531478765468
6_2,-0.06451900112245322,-0.013126490118894857,-0.11957358409923112,-0.11170077676430389,-0.024075815078139898,0.004553006581202096,-0.054235315765956776,-0.015033301608315817,0.009826927238059498,-0.29029600725848526,-0.1676016028869304,-0.11415677469194684,-0.016727214243928982,0.013521991635141287,0.03829264832834411,-0.027124191892261937,0.010935333072063203,-0.016907936620063003,-0.0415660431411798,0.06109793882237869,-0.05168060537333249,-0.09747376327892633,-0.3586801820370218,-0.215210550171097,-0.05716536862434235,0.03260524072305474,-0.3354866292762097,-0.05473422108088796,-0.1327892470531671,-0.05348901841483436,-0.04725766331518862,-0.051219679757366,-0.02830262957016684,-0.2817412560130092,-0.0892763041779756,-0.05744293413121464,-0.028697686473114062,-0.05483060772917368,-0.07199882142338827,-0.11245132795182071,0.00169541154492691,-0.0808384090625698,-0.014938444119756164,-0.004425450366145879,-0.013038604470137355,-0.07798917405390098
6_3,0.01536740719413522,-0.015855096624504395,-0.16266368673695913,-0.12562963178339925,-0.06720606667502521,0.0033099970952938777,-0.08621605475452061,-0.027501115973634062,0.0026079824609137863,-0.26456863804631486,-0.139988052027043,-0.11362066522254141,-0.014839017094457833,0.01565029199968984,0.054733132568446044,0.11099866280929123,-0.09951049649969339,-0.0243174145074441,0.05990424723716995,0.05094972540940896,-0.04072684337161178,-0.15421764716275702,-0.31265804825938004,-0.21980962580488705,-0.04041905561717966,0.07079345690852339,-0.3060065933105657,-0.031001349374477072,-0.057184656490999734,-0.025817004862904964,-0.0004309030474987348,-0.05243176692912488,-0.02121082918782816,-0.2040053065300064,-0.09200500808636944,-0.06154338599301773,-0.03608929821969323,0.005117492526851869,-0.07306487599347328,-0.05588828322402988,0.0031586308599169505,-0.10200475763967458,-0.020040909955629693,5.4612830007020035e-05,-0.0029362226461337893,-0.07565634882881066
6_5,-0.11994251298276025,-0.028695439855343157,-0.15959637447326225,-0.10498549708369263,-0.09432394265928155,-0.008805175133792023,-0.0891470282610174,-0.024267653019412583,-0.008827394583973882,-0.28561575312634696,-0.16434972246470445,-0.1914222734806106,0.0034358101708821813,0.009721717839915451,0.03106393212925318,0.011149085432778844,-0.048235437577179616,-0.03403449803529879,-0.010143826975846848,0.04969681652986221,-0.05360043993753704,-0.06329115167870714,-0.19610313844835192,-0.10827590071134655,-0.08452747541191105,0.0006741236753418994,-0.3814133937795595,-0.04154266223555781,-0.10541170209176065,-0.08644798810140832,-0.021089903413119768,-0.06836257688547491,-0.025736100770709067,-0.2985391105894311,-0.047968897813402654,-0.06045098340697063,-0.04884400096393909,-0.0003396802388965512,-0.0681161536068908,-0.0894207159183849,-0.00040372955104187014,-0.1286676088597644,-0.0574268405273807,0.006429542386100238,-0.01655928620848143,-0.07007143932671729
7_1,-0.013495005121653995,-0.022788486785471868,-0.050850623824924154,-0.04210461417827712,-0.014694093731331457,0.01024308690502672,-0.00359489474358019,-0.006223707167925911,0.07959330693801067,0.06938531764247276,0.07564322356264261,0.011048739917158873,0.06834116119736233,0.018088391186427855,0.10627140262581342,0.08208652527617132,0.02635427226693945,-0.046675667683119364,0.0676550740119282,0.10139318301014333,-0.012529735622462776,0.007983059628383535,-0.13503306612913973,-0.0014872552380403488,0.002124376393143689,0.08077908660915259,0.0423195633650601,-0.04725457413793918,-0.04714954537921766,0.00041418281201411694,-0.0046514744210940755,0.06822800700362791,0.050102505881901925,0.20943070473386122,-0.006460317151927988,0.02303061307385343,0.02928288220267366,-0.004755972993814477,-0.02083209801158026,-0.037020394619457477,-0.0005003343484493606,-0.05558360370308621,-0.024367003055689895,-0.006275133120609616,0.06540687022820155,0.03090022355306571
7_2,-0.009006494171498543,-0.0298937300467981,-0.05587759026085425,-0.05634901030430233,-0.02282627012539202,-0.010334172869901855,0.0011196537435935103,-0.011074887046943075,0.07933315368940028,0.08041529735922202,0.07476045428188409,0.007648220983940641,0.032953508504000056,0.02063542011786341,0.08717329220443165,0.08912260636190909,0.025220956118905256,-0.0029111651180188172,0.060127081301221914,0.07657844326226736,-0.006002642443334664,0.015271381113073192,0.07251226875703781,0.013117076602569297,-0.024188452060840044,0.07912897576729261,0.013422105674741176,-0.04662280520099375,-0.032887883293396925,-0.03456867654309422,-0.004485971803808216,0.029986990125196712,0.0036110918770979475,0.22114993709953548,0.012718981172503734,0.03597722290190167,0.00820935287239547,-0.0022257303805572853,-0.030816994194951066,-0.02983300468281759,0.0024281788352693645,-0.05425447396460804,-0.024590592711711573,-0.002276521285926804,0.0016800129821037254,0.050859754281195144
7_3,-0.007731802907796073,-0.02032960112404019,-0.06068914849481403,-0.057645944805884065,-0.01991284703906596,-0.012039856850961652,0.0011474632779094652,-0.010724369127628109,0.05308068816128345,0.06650386706841283,0.05634318651894325,0.0037431396776707276,0.04134812929840713,0.005010766626902695,0.1112003884962631,0.10234274621426319,0.023219498934130733,-0.005491625721067117,0.0674590560277582,0.07799193820975085,0.0035148972304204426,0.015567637727392888,0.06327967355493187,0.015914742190888884,-0.022354193870390133,0.10836740813554029,0.031833959476153195,-0.04676785520259343,-0.016134810298940268,-0.040004595870739075,-0.00036442997401174636,0.03396904938112162,0.008562226123128184,0.219255814834278,-0.02133724523621558,0.024975141405325783,0.010537732729797066,-0.0058430611324189015,-0.027806736385492744,-0.03239529338631525,0.0027554029006150544,-0.06942367764264909,-0.021031858959861455,-0.0022718154039493765,0.0020074603084936525,0.04091038747743261
7_5,-0.006588691779940692,-0.020875875886885713,-0.052044196888098346,-0.053241674511083366,-0.021991382288766723,-0.00450737700933838,0.00013506031451652,-0.009935505058316746,0.07219694146706823,0.0920046781463661,0.0796103096982126,0.01326012676445282,0.03288363030787523,0.01973174010302854,0.08944902478158875,0.07880575284401521,0.02547241902398536,0.0015030588336812933,0.0729309081113215,0.10724844104596136,-0.004092156497264039,0.021710677222698347,0.021890420284006645,0.014517429277432535,0.009139059976945032,0.09462870949760377,0.014836704124771798,-0.04669929727406083,-0.033921877072020455,-0.037001586615103714,-0.006591824623918078,0.026148767898670152,0.0192505004188457,0.18933232700603184,0.014501237245014183,0.026601378689766794,0.026831925354883678,-0.0024786832050636867,-0.029162610105808975,-0.036180437706071315,0.0022867672502645663,-0.05443444066922438,-0.025090378800797904,-0.003170721499634869,-0.004603441050718728,0.04941241116764608
8_1,-0.01946323306385471,0.11376212172203612,0.1906376667196448,0.03041994021140182,0.016259519431965273,-0.015303322649158037,-0.05037774313414949,-0.006289708816350359,0.009224216936694302,0.07932269782443872,0.06567930525854264,-0.03021109000524239,0.035840318778198536,0.003927542873236404,0.10826884058325922,0.04959051236251504,-0.0519793905744491,0.06061995993506093,0.03939123846879339,0.10686613214913193,0.017885784336408948,0.03760310463315898,0.05986979676234683,-0.02246417171047438,-0.04220047240703673,0.09424772404489884,0.00026067907460975955,-0.0006408815577826828,-0.0035720556342067797,-0.013781902772806586,-0.12015803915549318,0.011699908306266979,0.0014912333495557075,0.0996203185873647,0.016755482534252138,0.046815531437763284,0.042082758659483625,-0.022693728973293817,-0.022469227639518568,0.2047290865886111,-0.0039716223759540216,-0.04231036164169045,0.004598529542853778,-0.005133914935799141,0.016770472229838466,-0.013255927626392335
8_2,-0.019383367634101166,0.11482657923326213,0.18285874284496073,0.014947908126323864,0.016255343845327976,-0.01833156273102444,-0.048803624761490576,-0.006257364285290046,0.03147803638020579,0.08069006012930242,0.06361004752547406,-0.02409466863150073,0.037756949776476784,0.003922822709612956,0.0958056904494783,0.04696190757670429,-0.04367363559239938,0.04914771214099427,0.0356067157401108,0.11463633451071897,0.02166342562573621,0.043040317435425454,0.04892682146348584,-0.028825406856118122,0.029285704333095124,0.07251827392281723,-0.006159313180022591,-0.0007684383464496583,-0.003015042376283302,-0.011866660151945334,0.06183062199453483,0.012657950427113405,-0.0013982199876085596,0.09068884600758187,0.03611501180947585,0.04638012286468562,0.04507064543482716,-0.024397280722852258,-0.009679757732251921,0.1718560101752633,-0.004935142692460081,-0.0399574557302226,0.006295957955916988,-0.0051387795903164845,0.011429825606397747,-0.013308998333862457
8_3,-0.019370855877616673,0.11284091756007943,0.19267328246191298,0.01762867825697797,0.01773937425802681,-0.023491593290436603,-0.046502283391218445,-0.006577294963615751,0.03187488795364781,0.07905831127833339,0.06202762700253089,-0.04809595453859755,0.03483947980861435,0.003586556423268465,0.10859463186043494,0.04689161188048969,-0.05177160070988261,0.0474329680278293,0.015754275779501083,0.10606993279134962,0.018130249415592554,0.041101346457655646,0.06378610140753617,-0.030255143801856642,-0.029755819252296034,0.07262158353205227,-0.006139452472115573,-0.0009088393413077849,-0.0038988995703788973,-0.013714408954778589,0.07426715751559664,0.01189890725193463,0.0024862420439828634,0.09699869711695784,0.036153300859958035,0.06042298506328184,0.07451916435428897,-0.0076357235495158,-0.010699774825655409,0.20459871363086013,-0.0048521231515493545,-0.04197082056230513,0.007423635978513611,-0.004905046414258905,0.01648759635666087,-0.013294422333371251
8_5,-0.006080885681978987,0.022116414076122734,0.15517155711696942,0.007542087265420676,0.0157123415667246,-0.028015194414352032,-0.04500772480399102,-0.004569135225994754,0.031502308355830344,0.07746268625332156,0.0701821794155251,-0.031121493101917714,0.03650799419578521,0.008784212312567543,0.09503699420782201,0.10619686551510324,0.029734184928544845,0.008942731275371004,0.13562051267360434,0.11355867501648288,0.020545022540755017,0.03065507986109502,0.062486627009750606,0.005926883896297324,-0.024300174874537957,0.07515072223824297,0.0034565511594502507,0.027207212742172644,-0.004919414775442908,-0.004848962269931814,0.0505419772995311,0.014357717778886281,0.002137679590791833,0.09713753956083966,0.013453242449772388,0.038337470838473074,0.04723511025793141,-0.004520030255414287,0.012513199961643186,0.08575783659049066,-0.0029991771112391824,-0.040807278995634286,0.013344851438992575,-0.010478752042856665,0.01659177079020313,-0.0012170076486579195
9_1,-0.015657706843087416,0.12163106291810849,0.1650092382950917,0.016282252711137875,-0.003849990028446824,-0.016180885104097275,-0.04085808622895344,-0.005009266456784222,0.032092672041719034,0.04256521192448225,0.04205437936106684,-0.02308381400638509,0.032050611771418706,0.006497790184727908,0.07546203375442367,0.04605500777627816,-0.011227600280443298,0.03121731154027884,0.05182537241352177,0.08344155375225502,0.001959047009243384,0.023471969111784872,0.11192187051856703,-0.009222983526216783,-0.030435873329528428,0.07085154939573111,0.03170716689838063,0.024569026090581186,0.04465772311322449,-0.006527628840241544,0.0806063955865272,0.016468648479951557,0.0018387764578079728,0.08894007455328087,0.0031560401850660945,0.008037461606873632,0.012533278283802093,-0.02143480654358721,-0.019230445407973574,0.20469347287229972,-0.005513899943536191,-0.03645836604683173,0.0033879568351364107,-0.0106820891681674,0.017863713943817652,0.041662399234035696
9_2,-0.021432413837335816,0.12283803996079762,0.15648227917335494,0.034312462195907105,-0.004522789797289278,-0.01580924536688837,-0.04475514035812213,-0.006142610923944625,0.0273623943683025,0.042838128447550326,0.04263978179348718,-0.023387851653141042,0.03782871180876305,0.013379003512282097,0.07419813914392208,0.020143821442570643,0.010418287022199794,0.03206945042972894,0.047042028127083246,0.09243322943594524,0.004790662757080537,0.022503460349138894,0.1151493203055062,-0.007510169634235321,-0.0036538204348510787,0.07109378354237668,0.031412916992572815,0.02444433823202061,0.03513166904056244,-0.0013273479573634,0.080456323461129,0.01775003344732652,0.0018043230642266774,0.08169511982213541,0.0006025415672686341,0.00797710882625814,0.012191659818182874,-0.011181663130132833,-0.019178750105094972,0.16769310397825232,-0.005628489320006308,-0.037900314751742416,-0.0019317747863894044,-0.011545654946227056,0.017270374773444213,0.04014623825021889
9_3,-0.021372306458230652,0.0570647829541877,0.154907954648092,0.031996084531027445,-0.008932640745549076,-0.018632253919988715,-0.04917925069192077,-0.005133306335154068,0.03242880478723984,0.04899979331760424,0.044592416123214434,-0.018396737142770268,0.04303780846777946,0.016612252717466216,0.09056879279393266,0.0709508598651573,0.022366730276203232,-0.13929062829746955,0.07926217869888469,0.0845418062647413,0.006634439728256776,0.020494958704437766,0.09813763626161073,-0.0073442618639854435,-0.019291879045649715,0.06899675338249785,0.032948415981048806,0.025956388485439713,0.04243918763081384,0.0017868792597409257,0.07621781855225192,0.01755175050643473,-0.0017380416175956878,0.08488457105088464,0.0024138995722889755,0.004877235960251497,0.010916399096132796,-0.018056711735554832,3.3484588722623677e-06,0.11421016985069893,-0.005124113029383519,-0.03688477442332683,0.015529792552445866,0.008868395092074925,-0.04287704246908734,0.03995039874304529
9_5,-0.00975948196986054,0.05069666730382986,0.1504359184151009,0.015189817455502127,-0.0028974699878949106,-0.018968585204285567,-0.039925246620754584,-0.005935797952463845,0.031671081161214525,0.04452930584964903,0.04224989035727961,-0.02017696766947712,0.03728353709029728,0.007092881848220651,0.09501052134900065,0.06420956121750522,0.02105260342103318,0.029634168000164225,0.09605778253117071,0.08039886130821054,0.006173639249223172,0.020801130759771823,0.10937252683190371,-0.01204350373291493,-0.026701287222630488,0.07080798040595636,0.0308208414821743,0.024665818009032087,0.04269266653257044,-0.004131983705208747,0.07743543074792544,0.018300998624047677,0.0017450017422303448,0.08593268432917173,0.0002512155340598502,0.006046389436787799,0.011790290145024203,-0.01080487872490098,0.0007435212788468452,0.12476420950175933,-0.005577675413589098,-0.03366639208596485,0.009203630739311398,0.009335708690632723,0.01741360186735505,0.03935920218389998
