,0,1,2,3,4,5,6,7,8,9,10,11,12,13,14,15,16,17,18,19,20,21,22,23,24,25,26,27,28,29,30,31,32,33,34,35,36,37,38,39,40,41,42,43,44,45
10_1,0.07731780391937768,0.00860345851325896,-0.02543688459956507,0.054005363845963335,0.07853692231499956,0.06673316300754317,-0.005026899826204492,0.01328023858217235,0.13305730289842035,-0.01923908280777937,-0.08218337786568654,-0.060286807299369395,-0.02784356699182115,0.007779450093204104,0.0912175698670429,0.07443284765713656,0.013858385332365813,-0.0028202826463233134,0.10242607947524372,0.06097961119641785,0.11928799520023964,0.06606959240630948,0.004959343557074384,-0.09888195782612139,0.1367062463766832,-0.07064537031797997,-0.09603666871121629,-0.0715517962370881,0.006215512847916209,0.02735906309084101,0.0870793790844465,0.024146426119817127,0.20091211045130883,0.21163091049014932,0.01847236947371147,0.08513165061276247,-0.0006980084304430152,0.048087614760711765,0.02149200886153507,0.044448195375924364,0.073239093351394,0.033573843894757545,0.14224517884183174,0.01857470998662576,0.03767955956486692,0.019552984425540532
10_2,0.05028131892483261,0.018611703361286185,-0.001183757401338437,0.061654627638798205,0.04878200206597228,0.06793038018990431,0.006736801694949176,0.03345054523592703,0.12202021718135254,-0.02121655878231279,-0.08336625778444927,-0.07698084479363759,0.09632537042887959,-0.0007393550036243773,0.09637619694796662,0.059972733482647034,0.013753791850560335,0.03693553425339655,0.10919826060797891,0.08902793612870198,0.10851312412200825,0.04896942403933892,0.005776135296866658,-0.1208144103889732,-0.01943603817962636,-0.10910037086162973,-0.1367545487439921,-0.10433252781020734,0.057342809546512157,0.01872207292309587,0.08893322530413196,0.023223185906664202,0.2036958453525832,0.20109103855194918,0.0056424047592968235,0.08954162228549598,0.0017757921417442292,0.0343818273680503,0.02491269503254354,0.05202536257014819,0.04672104678651564,0.09493857891271014,0.1334196857402285,0.033707316977550084,0.03661722971220898,-0.015960474940990104
10_4,0.050846239574074706,0.015003372088879821,-0.004287994801439993,0.05417713848292934,0.027182458018527925,0.06630043252645125,-0.005953683771554413,-0.009676746923554766,0.13289134619574128,-0.021214767795674265,-0.08394432523041792,-0.08292137450757045,0.0054830613685346,0.028820139007581784,-0.03299168583153108,0.05971182453079257,0.02956204103288422,0.03371364205292339,0.10332055534540384,0.0788400287889317,0.12902437035210876,0.06588541874199826,0.0058977906162237005,-0.12172990428920318,-0.022404361706660776,-0.1650949589460487,-0.1387304703373574,-0.11057720051780369,0.04425904757251391,0.024684458531323568,0.0903788438932441,0.021215568880032534,0.20214228836384807,0.1945017434297121,0.0044576198500656875,0.0858402057569404,-0.0015826542643869314,0.031080050973409618,0.024821070202878714,0.04038111990813407,0.03719400216170368,0.08941864501752489,0.13256425607874384,0.02730762279231531,0.0379338952295138,-0.027555295563302034
10_5,0.08038941257882523,0.03835905058375329,-0.007596914188787383,0.12536874632234674,0.04677503830932642,0.06525094395904014,0.06588822627601987,0.03795596700352562,0.15409236343845714,-0.041627934110959816,-0.03933258111604476,-0.06443365466227732,0.08560637946876017,-0.04959833013561021,0.06662231424433845,0.0670034560731597,0.013675754591777327,-0.12542597328042518,0.08707270668377137,0.09302051198582392,0.1179415708766119,0.020323874474647296,0.001622707163191253,-0.12015674832828009,-0.006477606397315658,-0.15909419667172225,-0.1591509902017077,-0.0883510893145244,-0.0024692674226547695,0.004393868308956288,0.08558967946126052,0.019630819918377028,0.22069124160138673,0.21193567448103606,0.0014563536590494407,0.08336057037709492,0.001657187227581106,0.017800046067292737,-0.00736686800182287,0.03183619712114118,0.07455787883136272,0.08766883994415711,0.13196048142544,0.03142833779486111,0.03641198423827726,-0.003366006808633003
11_1,-0.09861695114324781,-0.2431781393039741,-0.09907259812999002,-0.028026774575847867,-0.07170076639396787,-0.060974456579082834,0.05161377814136698,-0.23511505658684617,-0.2221309102194663,-0.2848018407196612,-0.366756681538105,-0.09642996952892434,-0.07379010529044701,-0.2847601050658582,-0.10753824157070005,0.03135740795588213,0.0019114062661584905,-0.1467863828390203,0.0770203596119929,0.04530852942314828,-0.7149310642595974,-0.07384049344681481,-0.01799532163746645,-0.4057486120817144,-0.04276504805180953,-0.35551610592018007,-0.6025659469598432,-0.2534538446820201,-0.029770146576603936,-0.3054117422702987,-0.11135419720702762,0.014473423720780277,-0.23752392661602903,-0.9820980769693728,0.013007949642385105,0.05295708660702374,-0.000840529448401004,-0.1098245866477471,-0.08934983186118463,-0.16958990981348332,-0.0148574304955098,-0.1098759573950761,-0.19542683513688877,-0.28640241601605226,0.021961492851424468,-0.29343878902224646
11_2,-0.04093228560877191,-0.21277024148075505,-0.09385523690369546,-0.02742092524418651,-0.067684888564277,-0.042609669310712445,-0.02358304642571055,-0.2583355823136362,-0.19886298481027714,-0.21359067642070811,-0.3198482457939404,-0.16350182020071743,-0.06289135718651728,-0.1403714009317581,0.050447372705061715,0.056313422421739874,-0.0007028084447961027,0.010883665882911288,0.08927073012960247,0.042959302930031876,-0.8420802592028984,-0.10076207243863221,-0.0007300140708019878,-0.3939516290326031,0.03140792383090753,-0.3796239283670198,-0.4990808675030869,-0.25226235729088237,0.04877829051877954,-0.3039696821754988,-0.10596177320635228,0.014735338165939903,-0.2412573524698493,-0.9447295226011123,-0.002480050690744585,0.05180175286323292,0.0013488064451147703,-0.10774856159102214,-0.053066525852573994,-0.06851141130913736,-0.016436540842998462,-0.11129787233942497,-0.17443319631448032,-0.2803057526522837,0.02347390008951431,-0.20086266237445524
11_4,-0.05766663742291604,-0.21237739962971444,-0.0848674079067896,-0.011160251226282515,-0.09925406836504537,-0.06327252980305793,-0.024300473349851442,-0.26228170801773676,-0.21109264576665873,-0.28947248376006446,-0.3328359927616108,-0.2930782037949466,0.00589058434797975,-0.015444190589361964,-0.04552100077886311,0.015597021924742157,0.002705006239402946,0.013920419823803381,-0.011331352008831936,0.0476660304897382,-0.8449514274440728,-0.10409686627068658,-0.0036811294797919106,-0.34590602799460457,0.03175468406211674,-0.3569890830569838,-0.5913412925666222,-0.22544683253094955,-0.027656349872169063,-0.3102364509581543,-0.1019224059100932,0.01457536006672782,-0.24170024466599677,-0.9837597747385652,-0.0021710358640050094,-0.046661174682123066,-3.0214824511457812e-05,-0.10957900131633778,-0.056285703077691276,-0.17944483166430733,-0.015769781346808155,-0.1102278438579828,-0.21913673791508206,-0.26789063398604096,0.023319970742030807,-0.2554753112801587
11_5,-0.09688227310936275,-0.24410384811688246,-0.08462997208355572,-0.00982716001653643,-0.098461843211613,-0.05947700481713377,-0.02419049623276363,-0.2026241942054196,-0.2136121951843176,-0.3028202782373747,-0.3281483221844439,-0.2707488587222582,0.01649571009952551,-0.14487339091330018,0.03169351435928023,0.03408940772618083,-5.225147281334291e-05,0.016296960579267564,-0.015526706112724869,0.0656535472116418,-0.3794161031628929,-0.10466713030711775,0.004131102184358787,-0.3515424742998871,-0.03873120879608399,-0.343023710098651,-0.6019922246689171,-0.2553130709962943,-0.02819999992528332,-0.17812955138803246,-0.0892610544426882,0.02422708952333423,-0.2177615569884552,-0.985054317185234,0.012385352066646961,-0.04491105455947888,-0.0006289673387764988,-0.10596815460451471,-0.05640363551192432,-0.16971010213466142,-0.01581582970507167,-0.09132163607507103,-0.20191201042474471,-0.28644486511040956,0.022055993154414207,-0.30282145039597935
12_1,-0.024951544429107114,0.05972282724936498,-0.043715092210902105,0.012188333768320746,-0.0007989902744972713,-0.038278382108065334,-0.011624367770289053,0.002300726406812822,0.10490572587074004,-0.10730369527926584,-0.17002638584550595,-0.24139472065243808,-0.04586327852336259,0.025078389007160518,0.015205784837628201,0.003615653644828364,-0.010692733531930577,0.003317891312901704,-0.005030849470776603,0.04219180605919095,-0.524861001494375,0.0038737594336594036,-0.020146440963168068,-0.34843657440853254,-0.04362659048535427,-0.24069948576575784,-0.28256797802325573,0.038251671506763694,0.00012848662329087448,-0.322424896416378,0.029404072620761484,-0.009876136839563125,0.017094480863826138,-0.5937227910758001,0.05905979110682275,0.06560124280749739,0.008984085217020744,-0.033344981357636555,0.030134668942307187,-0.05479714992953635,0.04716999258143149,0.021980060720498143,0.08139365795199294,0.029589448331334357,-0.047668091225818866,-0.1705025008424975
12_2,-0.0029191385439266424,-0.031938546403941885,-0.02325272289156939,-0.022150035200303817,-0.03723800179593293,-0.010144815759615455,-0.004809211383478471,0.020258454403009177,0.1285155764215746,-0.07871478711150165,-0.0635006217282739,-0.12067008896435402,-0.020740636537708516,-0.02120095086788133,0.046558347914836304,0.09268603205796624,-0.005855815505123418,-0.15225810732289943,0.039062876875364076,0.03274805225032847,-0.4328590331811836,0.014345529394699033,-0.005841700955736653,-0.2591337888229864,0.014060020893969944,-0.18432667139884276,-0.22859682254208574,0.04578427072891681,0.03999254892328233,-0.25868366888786476,0.04736784361688557,-0.022770677987575823,0.01970400967488527,-0.6179558282280728,0.05917920444243184,0.061908847204986246,0.023724567487533564,0.0016601559892529517,0.0047159017575156,-0.033406330246174926,0.058750458923089714,0.023889843602338156,0.054405693600792115,0.05528376585789981,-0.0011499259614638755,-0.1094453175378356
12_4,-0.016732507163692147,0.047186660324057425,-0.020158115166216305,-0.0653160482350015,-0.06536325820982138,-0.029540950056469763,-0.03790765357911722,0.006542685899060539,0.11019541304060268,-0.08364094084666852,-0.1534022905636507,-0.25739819875918124,-0.0048082050123787485,-0.0019881480558747748,0.00738619012946363,-0.0022471304242728755,0.0008944468913476383,0.0008571145441201902,0.002095051574728056,0.0434163397907618,-0.48279292743285346,0.008797904633889119,0.011668013617677728,-0.2966465541102783,-0.0030925611660523092,-0.21686524758216733,-0.3117102603609431,0.022000208706675177,0.009835070873925711,-0.24712863337817484,0.03285312599552714,-0.008921285938771483,0.029392077237608595,-0.5856865084395506,0.06384144853932353,0.06501031193402303,0.02151741632788815,-0.015676844955364602,-0.007760657115773518,-0.053912735283726435,-0.024431393324327692,0.016776203305130015,0.09476443430586587,0.07772119575624627,-0.04898872604223482,-0.13223346065691904
12_5,-0.0028047378864964213,0.0683377576666674,-0.03624315429198747,-0.06478045750437894,-0.03660405968806374,-0.041585889287782354,-0.052973383904190735,0.04412882795992668,0.06514910234063005,-0.13980419078385292,-0.16631737224851303,-0.23107245843319812,0.06486643895938349,-0.010028608366257463,-0.08376455281277902,0.08016030137145162,-0.0019819286659213645,0.022436462921162404,0.028416849738431522,0.04090753089613256,-0.5209661343809742,-0.005521304414961881,0.00698454998018143,-0.2954957739221058,-0.005016065555544067,-0.20809096116738024,-0.3053619859324165,0.022353241771063556,0.0012636393957835405,-0.28473467474843983,0.033386768354676716,-0.025630368291276046,0.019644488757439,-0.6405655429108784,0.05730803523585016,0.06190198158602738,0.004534205723229482,-0.017895686483068104,0.023059421956267895,-0.04560464696331335,-0.018563142743466123,0.010785953864308783,0.13477463909875093,0.05864795926782999,-0.05035966129231464,-0.1832286791799939
13_1,-0.008529083073596472,-0.008411816350935027,-0.02900512973480234,-0.0008250209038607219,-0.03071962407957842,-0.03410405293626497,0.024967876451763585,0.026216412783003712,0.03591551655938755,0.015119397631066338,0.024322658462125002,0.08770664682547068,0.026127751124925006,-0.010827091194421188,0.08763606421559918,0.10216466736066862,0.006654075137673161,-0.3747902779958796,0.059221095684032735,0.1073068603684323,0.07523924976184783,-0.0705685398982544,-0.040886559291792864,0.053541343844906886,-0.012433833676966564,0.0907689055953368,0.15969933136202505,-0.13033593701828136,-0.0670571078956171,0.011790125608115732,-0.006578934656995425,0.012915279713209661,-0.04297483206705011,0.1154146728578144,0.015659771937150676,-0.027896520384922987,0.007563150814671191,-0.032066279475473886,-0.024003161142415345,-0.06584818848914288,-0.011919348498789957,0.011356898639153908,0.03320182928022427,0.05519651378378965,0.010260197021415857,0.012403088772842873
13_2,-0.008508297093645301,-0.007280014807756912,-0.054342505846622875,0.00012762532470879615,-0.029980275629685558,-0.031694186642351366,0.03556866953317648,0.026766662062276625,0.029227236296792556,0.013419246959184077,0.05216915956575831,0.08892342794039658,-0.010586202835805846,-0.007186915709064576,0.09157661817605171,0.12018763795295259,0.006105702670888562,0.0405378288152625,0.0642111173180675,0.10273819375379432,0.07311701255861168,-0.06876270804969517,-0.04237880235755722,0.0405470569730898,-0.022725269935244374,0.12118119174207959,0.16479098855373817,-0.15411205302074796,-0.07081384984539994,0.007822954820004358,-0.007089199839680252,0.0129256371448976,-0.04107181745104923,0.11642864709421732,0.019618432865832692,-0.04188519040155362,0.004242555349110452,-0.023752913837069345,-0.02424267019443387,-0.06961169438172521,0.041823980491408064,0.009878323682166457,0.029567563711042143,0.04906993512682049,0.01030693113751064,0.008090201918162317
13_4,-0.010715606045496666,-0.003928024409105592,-0.06070926619855897,-0.005234630819844592,-0.01579950821620232,-0.03217555236459616,0.02839326652064246,0.03566592973154982,0.03635784427111879,0.011409329804069097,0.05086968530742041,0.041790274326443964,0.012632123942188652,-0.010712083487997277,0.06995718235445701,0.09902389387901447,0.00487279858412091,0.04519284740386861,0.1159549498367672,0.10913568899913563,0.05139153308369462,-0.07595742014637655,0.017084203342720202,0.020904375001297392,-0.03227002134448012,0.09459261767211069,0.15541611836129562,-0.14261704915692405,0.02522207685063779,-0.01952304914141499,-0.0005643802083304131,0.010602787356592718,-0.05159972354806824,0.11162724395143717,0.03026429336448941,0.00790289104173371,0.011653378892916854,-0.029578199496811345,-0.04459583116298749,-0.05896265375779233,0.046639763350697,0.009639239403102157,0.05264869344946867,0.07104493402756279,0.0067380261699375625,0.023746899240181852
13_5,-0.005912479233798136,-0.00013798663835183528,-0.03879270579772872,0.004842169941934349,-0.0027123524144055666,-0.006615410382590085,0.04603681179394652,0.04180227859320554,0.05486274780747974,0.020285484585143253,0.062036061163299135,0.06971503923390863,0.0256321705132591,0.0019568225950053215,0.07216028638137678,0.13203262052248202,0.010973209093437093,0.05348753457980965,0.08863493491279797,0.12105081252366205,0.06213900393774673,-0.051897403964882835,0.023422230873316425,0.04160753677083223,0.0044413679969945614,0.11414583020364939,0.18719138696839466,-0.12202000736105972,0.03614664134402213,-0.010583019262811653,0.017480608587106122,0.013158884041808741,-0.03608159900834287,0.10078648589132311,0.023335815499911514,0.03181973518143758,0.017855946980539463,-0.03980375863649558,-0.02772884029125601,-0.05387578714072443,0.055693842160450154,0.013533284813320733,0.0594344296822724,0.07479116939139346,0.007382596555075398,0.03790225755893446
14_1,0.009503778069168118,-0.06649248228465293,-0.11967489872073653,-0.01807985715735937,-0.11831793778256734,0.012984442277136321,-0.03272700807420309,-0.07162071612353803,0.012944568766493723,-0.16538060192828904,-0.2002011124283506,-0.1531306318012226,-0.08382838053619168,-0.0665106298278455,-0.28028695640973245,-0.3623913242665415,-0.05761449468372718,0.003414345553978718,-0.29597609158972205,-0.3628882420490181,-0.012206959049528699,-0.08483055810872035,-0.027137403628516164,-0.0950973348683331,-0.01969102421703183,-0.25315940311275564,-0.13439961963291286,-0.0499928985022113,-0.02930985503716754,-0.11439437399286702,-0.0626627414460398,-0.008158128617625965,-0.11293057040029603,-0.05216865257728598,-0.011267363227348821,0.012764288708104386,-0.0316479529214299,0.033396098156648055,-0.016830370855553417,-0.02340809565651366,-0.03209510567574289,-0.028752544488250962,-0.018150722426518048,-0.03857433317402245,0.0008818603421113166,-0.1381085963768476
14_2,-0.00967686085432767,-0.07019502285384951,-0.12884096474768625,-0.04038919530107423,-0.11364668315631157,-0.02123899857578977,-0.0565931043651324,-0.11476203214700861,0.05696808467957581,-0.09877147173211823,-0.17751696616361132,-0.15647630257756986,-0.10512157043001996,0.019164326350909134,-0.27485233212631704,-0.3286217136741447,0.011894690664864297,-0.21001897234446262,-0.23817374134258915,-0.26467850972496143,0.011972452916553392,-0.04388138524088902,-0.03099387390816124,-0.08304209795347345,-0.02357413927111398,-0.31306428239561906,-0.08681317555140866,-0.0700155787995123,-0.029168446129642627,-0.17236065845517026,-0.14808026549544356,-0.009724069973146534,-0.1671170711479395,-0.10269727290716069,-0.010658781497919012,-0.019628687659761244,-0.015540433114761136,-0.007826682329236891,-0.030613094519910854,-0.04110881527319563,-0.10019566345710108,-0.03477744351404499,-0.052753682428312236,-0.03961713620925123,-0.023462495322068146,-0.2934720005132222
14_4,-0.011350371934484396,-0.07407774361956383,-0.12158557157270428,-0.03385276969368352,-0.1275904983546826,-0.04941614331937837,-0.05818725425886989,-0.12670576511184922,0.061791253446035914,-0.11018901833384402,-0.2134602060244599,-0.16048513652518392,-0.08389517743628636,0.015472822266804201,-0.33011873293672683,-0.3046568417964076,0.0013931783824585248,-0.1509168625426578,-0.237200598283769,-0.2941195988485452,-0.05771487686993595,-0.0877396358155308,-0.0529069453850821,-0.06472488088267193,-0.0010053358533039963,-0.30524546874722486,-0.08009216809838417,-0.05624685082431153,-0.026110843098568044,-0.17002030796338324,-0.14710350005797648,-0.0033378201270213544,-0.16534217423761133,-0.09503171279626127,-0.02468888400018944,0.048375726137232324,0.025873567572516864,-0.03844417301674313,-0.019923936918619167,-0.08560003640416207,-0.09227661508990619,-0.0437686226267182,-0.07492898747214095,-0.036512996157001744,-0.07483604838396518,-0.29221267493811204
14_5,-0.01561967767446286,-0.07726177489415727,-0.07408366271470608,-0.005098118048334546,-0.12786269800257644,0.01011614382744906,-0.027779621234489495,-0.07242915646315959,0.05424814380596382,-0.16111095526015656,-0.2186931903408829,-0.1678662993688091,-7.35988092991272e-05,-0.08782281864877588,-0.24376764670965784,-0.32257369906704486,-0.0506385569257596,-0.2783959209535782,-0.24035059220284835,-0.4130446398849662,0.01881078311942514,-0.020637957618369746,-0.030285048931548222,-0.0798280914805489,-0.07153326455205784,-0.2821759409256927,-0.13294588244239336,-0.04839783133550126,-0.03393345717332301,-0.21135989158771654,-0.06808108435213374,-0.0034955893839840975,-0.12721057444312947,-0.04159111315734731,-0.029659278447205423,0.06413944336615984,-0.037092047443351026,0.018262481225339054,-0.017858870183051025,-0.013677568890567888,-0.0033346271853398842,-0.05062804341116547,-0.03847542230486093,-0.057847438235414286,0.0008188944788982792,-0.07691388265034806
15_1,0.06392307743747613,0.016508455173253504,-0.00693989164112175,0.06003034202724572,-0.031606110273803285,0.015690506577932462,-0.02283438786711378,-0.031158621266590983,0.03812827126766247,0.03851452524064746,0.09585066569090415,0.167244243796772,0.021105531962249412,-0.0056968452009534265,0.08812539061335209,0.13011311736404665,0.009130383361824753,0.06093151621462818,0.0018468506718064622,0.14036127160987186,0.027609451541392313,0.024413883202044136,0.003830437886215412,0.07252021031619203,-0.006263226878394179,0.12956810513428096,0.18753536833991905,0.07684172897950549,0.04261004864373634,0.040948961895901345,0.006200876307631091,0.028294797889447318,0.042553216675622445,0.054062090161717306,0.015623953764725723,0.04193942145261452,0.0331870920448483,-0.06738528753640635,-0.02287801043864467,-0.03992193907005014,0.12535465364833645,0.0034705520466171893,0.01322832168293219,0.09263892898614208,-0.07471210079232397,-0.13114533246987256
15_2,0.022178775698289115,0.06184543866854985,-0.005742509747814312,0.01550707343513884,-0.0008984096124286648,-0.035133124906427414,-0.010381610709953772,0.03358212709121499,0.045015963373440444,0.037211306820930046,0.09708087030121322,0.11136599193348555,0.04012956703221692,-0.031248423843186005,0.07305583785777375,0.1407703385059614,-0.014731719346367692,0.040885355612429806,0.08139506545116823,0.12271048531761586,0.09261984871557534,0.04031321165781765,0.00016224733827404768,0.08160360907046327,0.0028876035087849177,0.11714243812593216,0.225443368406808,0.10367203884788007,0.05677345420612762,0.0032158361897588372,-0.010946674585836433,0.033080799939723377,-0.015627743056123137,0.08942107976302074,0.01085075210343445,0.0680140615283162,0.051773979078984546,-0.03244851364987424,-0.018205838249917557,-0.04063130808449633,0.07724858604754242,-0.002524800101519127,0.07360746015273945,0.08131279560693135,-0.05058711182346225,-0.155313228306233
15_4,0.049112290099855176,0.04907078825104727,-0.006008559889571895,-0.026513183432529567,-0.008596286461605148,0.005903396210449672,-0.035203570298866615,-0.008747855485406521,0.06817348736406402,0.03344000057429934,0.09950131184216798,0.1685529547288912,0.04918487562655181,0.0017465956745566834,0.06718053396038351,0.08830188505462643,0.00438426875893313,0.04084444618890172,0.036319062312697714,0.13811373079472247,0.11016938327039082,0.041817905500114945,0.001225431551575281,0.056085952268770785,0.0036128819699011174,0.13755060600479424,0.20449534040201148,0.13431751035307357,0.05844647685643564,0.07108773562242059,-0.003909746499348567,0.10787568704740333,0.013203243034258372,0.045173460954908394,0.008881493927581538,0.09848654762715223,0.04322763011503616,-0.032663270892951374,-0.022373864720659224,-0.017527051489836482,-0.06625890386735565,0.00228300661421653,0.027456123328380978,0.09271998317943722,-0.07303671097703214,-0.12671345976712559
15_5,0.04729602730770751,0.05903602050665951,-0.0033741339511462586,-0.026098700754980764,-0.032408030183995414,0.001068240005975803,-0.06912693558266338,-0.001072131524961401,0.1340225760015877,0.02593321562949221,0.09949434006868517,0.11664216210457043,0.08579602307794615,-0.004642412973503334,0.09503461787981762,0.1740202835509054,0.004835642381044523,0.03415696522856992,0.0780849886103824,0.10600796230437647,0.09771373939325399,0.059535098423532884,0.006146951189955864,0.08275288358804718,0.03197843351095395,0.11561543683071343,0.1755670913239886,0.04115643565934668,0.09831125608810604,-0.07251805210329666,-0.005795148965494314,0.0503238703776429,0.039054640883833446,0.04797109538285708,0.01826175145559404,0.10680550938790799,0.056286792753473584,-0.07383951426266215,-0.016376390400699315,0.018532158249303366,-0.05634945119321947,0.0008378486692295699,-0.05935223314902268,-0.010284125676225797,-0.08088223994719071,-0.1390279037636621
16_1,-0.013614026061210066,-0.08447012062977229,-0.03908136345894592,-0.008982505372101034,-0.009117923613793755,0.0039045905104274172,0.019085363269315387,-0.06354918502339901,0.04190995968046476,0.03757042132878916,0.19024728177302763,0.0517717050515777,-0.024176291401884837,0.01639561780034783,-0.1064592473131055,-0.07648179027734672,-0.0032025351701709865,0.02736307963230936,-0.09936092599095746,-0.13379957355036357,0.10164410304713958,0.030164057613750527,0.03818906424110589,0.0820806916787788,-0.00016889308642653114,0.052332762434559636,0.1366869555378205,0.08027509218994268,-0.016029724776890956,0.07398411913276697,0.04550363057751865,0.047264150650078184,0.013740149762293858,0.12733023017718456,0.007888346441753716,0.11387875525232262,0.04256147633719737,-0.05483112737418436,-0.026219579130402574,-0.026717392077071914,0.013522515004113993,0.06673374172664474,-0.03408134312699268,-0.1062758137466029,0.006852649169888622,0.11224604027979554
16_2,-0.012329209492976778,-0.08302179993775045,-0.03726276505004218,-0.007619874889464818,-0.010185402621328629,0.004028408087017405,0.020340583140941153,-0.0627275500837629,0.04222036458828545,0.03880950506546013,0.19211205612721152,0.053547614848409406,-0.02233706436943819,0.016761111264021543,-0.10633237140267664,-0.07509183875568329,-0.0027897909171812982,0.027545056750290405,-0.09823237243596022,-0.1302997176937315,0.10274994665006444,0.029053670360240584,0.03839113574018912,0.0769748918914718,0.005379509503353038,0.05346942978924909,0.14242364186927953,0.08060648452251949,-0.015043422308259382,0.06896810147341993,0.045892365879589246,0.04797429453419081,0.014535350636597404,0.1295464803733943,0.008290045301444891,0.11429074971516168,0.043006544639694014,-0.05447192386153078,-0.025004149201870437,-0.025645522339251683,0.013978959969528125,0.0669025488421202,-0.03476411442575941,-0.10837861770065126,0.006581204211753583,0.11341841302596872
16_4,-0.012329209492976778,-0.08401004899571726,-0.03995503990968152,-0.009449107178985052,-0.017068067376581963,0.003946861504933191,0.018804106163474842,-0.0648645411095028,0.04031927135570724,0.0367027053922036,0.1894565974367334,0.04913758864659444,-0.02611373993335603,0.015708975034987346,-0.10772425912959999,-0.0774959733902286,-0.0037859365695149427,0.026507063755675513,-0.10052296500884977,-0.1349735532052126,0.10208845875028899,0.030138989233673905,0.03754006891731487,0.07598478042706402,-0.0006755406597224045,0.048102546035628115,0.14080666913800083,0.07918726766554758,-0.015478119477397632,0.06685827632365088,0.04361097696942338,0.04801638587875109,0.013022586102746684,0.12647180857786391,0.007704185429087349,0.11273635693132426,0.041862477178047974,-0.055358932759165036,-0.02703195525686181,-0.02648498285652991,0.013242729958382942,0.06632502519694963,-0.03456040202219376,-0.10997377978041521,0.006581204211753583,0.11141931871805255
16_5,-0.012351641067919816,-0.08346366118938228,-0.038012842091880314,-0.009190535131877465,-0.0157895827969733,0.003986976719802032,0.019468769920904173,-0.06288084157877157,0.04222076680784526,0.03774201604157294,0.19134387500527003,0.05080648157871837,-0.023759736931829544,0.01668182225387363,-0.10644706711861739,-0.0758748865980725,-0.0031626374411205522,0.02738409610413224,-0.09934901377425319,-0.13096028268300894,0.10291800202531268,0.030721807152028345,0.03896539447587741,0.07680489835645415,0.005080303766817667,0.052818672172900476,0.14266047560246226,0.08049255119618513,-0.015072934301341804,0.06895070272929181,0.04553639838330621,0.04809986605862108,0.014505995173824693,0.12727555576147834,0.0075433415343694405,0.1139600008935826,0.04264941325800842,-0.053755283505084545,-0.02524276365874854,-0.026014907418730967,0.013655463398791395,0.06701746788625039,-0.035241172965310257,-0.10948982556997615,0.006854147141263182,0.11257786503829656
17_1,0.0003475279630956618,-0.026711996519555213,-0.0518102632796225,-0.0011783084106565963,-0.040418758708825976,0.013454102885892126,-0.04234505082698796,-0.052294441337104716,0.11598735831718515,0.018548689606293422,0.07600223394776177,-0.0010206109672735286,-0.05455401252359305,0.002385092256594178,-0.1551107853300583,-0.17811937832664965,0.010686328300233349,-0.01377680024336312,-0.17363137712011906,-0.20942660871003993,0.040037979889804565,-0.04741249869908127,-0.030649999553988682,0.04552034392593327,0.01832656084438909,-0.09527719244579967,0.017650555458562547,-0.033080788805053364,-0.02657489750610557,0.03596110551426403,0.10030927772895279,0.03642038473548407,0.11837504201614381,0.06443250504116328,-0.006887486433538745,0.09790867574514504,-0.03495379210575821,0.008773774577231087,-0.013337268978088524,-0.021985800090765895,-0.009587202068994567,-0.021986025209717486,-0.013616719571804594,-0.03260838408770795,0.035744264421322225,-0.14804348690961963
17_2,0.0333366445556575,0.029208719924818053,-0.0241730586597853,-0.02140365323990043,-0.03261740429418832,-0.0053127605736075735,-0.009621889559908173,-0.014358114413713388,0.12038671217918345,0.04167615172519145,0.029819252415889192,0.0056610507301054925,-0.04807685047639304,0.05459283419898367,-0.06422339566590698,-0.23224520135214433,-0.031768822990137176,-0.12043035645194844,-0.13499321964564712,-0.19511329479793882,-0.26482418204261815,0.029776013434534176,-0.020140997150743533,-0.009304754322786116,0.008933185859375406,-0.044970583511360386,0.012986094591633517,-0.0686076915563396,0.002107175292790179,0.03335261049458643,0.0025526081155271547,0.021559681235591127,0.17701196171607314,0.02263847017869661,0.0023533308999128177,0.09808802013663434,-0.015310548767692455,-0.04082010225375244,0.012794632219203624,-0.01424448000481007,0.000323523219199808,0.03198323614814709,-0.01628387965698604,0.007121021526598214,0.027478823062473675,-0.09583804574624454
17_4,0.03162795980099342,-0.06301603181599531,0.009616785949236158,-0.04086229965145853,-0.04375905981706759,-0.040063561289766736,-0.0388487422238231,-0.046085807341757816,0.11054463740790134,0.016342492783864612,0.04201997315403108,0.07790859845557507,0.020343437336806637,-0.01041988470608935,-0.13813747409102556,-0.13209807991299452,-0.03607687778713531,0.027493543486271445,-0.1441554331571094,-0.2248719746428362,0.052430320541068685,-0.016220062187566636,-0.020308492841474943,0.1494873244541727,-0.021472927991803715,-0.039274086969869476,0.003155722981480309,-0.008813837757499852,-0.00777607544470414,-0.006296691525778096,0.10535147274258848,-0.0014500746166825709,0.00665354453828278,0.029653910861131498,-0.03428743036515137,0.1007984962427108,0.009746017973743316,-0.01970741530953869,-0.019438234813064784,-0.015844444686110317,-0.09637630755740322,-0.031533453508654545,-0.05816920577667529,-0.0312162244440578,-0.06351031861866281,-0.21377561796088812
17_5,-0.0018337539073640437,-0.025874611038688346,-0.07228667825255855,-0.03573119474640816,0.058804953379117744,0.013658248264419375,-0.058189304239234484,-0.034893120779693754,0.11948552999767549,0.044651364893359136,0.04189089424367987,-0.04738520039925857,-0.05649442516539665,0.023582673557910647,-0.1371510851023842,-0.1581559647527455,-5.240383632849178e-05,-0.0831875097332808,-0.1576838664123665,-0.18668817721725636,0.040358200494612514,0.02533419904761564,-0.02000544770682822,-0.0024398106208611374,-0.0022143329539892407,-0.10992725032511058,0.01583604188733075,-0.026732727490702546,-0.003932829019803999,-0.07475321225815287,0.13900983195493596,0.00833133822605102,0.1805098801022285,0.10066117317115127,-0.007710495715007198,0.12393858507845203,0.011461969042606237,0.0038928383079722658,-0.014340517367168812,0.03059887402308208,-0.07572528370912962,-0.005203432203770937,-0.01803044916388379,-0.030417132239851458,0.025892899169755196,-0.12162941586949148
18_1,0.021628794632753228,-0.03046517940788721,0.003373944001838264,0.0013265311299107568,0.08719746262116511,0.01746372895969482,0.010797047672631769,-0.03600978150268928,0.13070293711972691,-0.05042216165166801,0.04924519226797046,0.013380122510659604,-0.05239553304778877,0.01682854297039187,-0.1166278011465416,-0.1544968002239801,0.003167501387627216,-0.06675064605361475,-0.15521814300652803,-0.18033581462385548,0.05577068695696002,0.037835557294130205,-0.013687994560683826,-0.0011570660546088335,0.014506372756094314,0.018098407381715843,-0.009725371168207446,-0.024744928030077187,-0.001116672305230951,0.03760227433501104,0.1568306193631501,0.03998574991185696,0.14815955257839442,0.09098103557021336,0.006983507771271944,0.11344809531564885,-0.0045476115915441834,0.015376178171422216,-0.015225568074951535,-0.007581363770811136,-0.0016862362989093222,0.02010684124561091,0.013702791243998999,-0.026339826716629468,0.03571789148724097,-0.12773560016343596
18_2,0.03461502777788255,0.05184732207663892,0.014898316928844626,-0.020412489574018894,-0.012691390847939358,0.002266088928280821,-0.006077054075912182,0.007467624204666004,0.12595472200701727,0.00013898548212325126,0.020041996632869787,0.1331894507165906,0.03474706037868327,0.005661764300576517,-0.09147195239390225,-0.15661231320971725,-0.03643608283624163,0.03340861080594303,-0.13520898526224698,-0.2288100218032433,-0.31381206530723454,0.03802162789802666,-0.017599833554127194,0.01621196215141357,0.01536274742901147,0.1251362250495215,0.009621650953927415,-0.05292157070210925,-0.01999569336716262,0.08621703194648056,0.16599879594351963,0.03391763450562967,0.1671385033813509,0.003629751205967862,-0.00833566837533092,0.12898397527864883,0.006021957421672669,-0.046505340909023654,0.014991363314710354,-0.016920717228822973,0.02290040207505896,0.03311712717886462,-0.006635643924661192,0.012379490025967922,0.023002147431664774,-0.1234900268541692
18_4,-0.00889446184139446,-0.04602176576426573,-0.03497191063964309,-0.03293658638183248,-0.06728336155439615,0.015045961697607333,-0.04164245843422576,-0.05833436576441585,0.12423234368694497,0.04370142398515788,0.07131258491370944,-0.059079526118648494,-0.04032175411301814,0.026840636889758667,-0.04438312762604087,-0.18103702739071317,-0.007778406573865495,-0.05546848913068103,-0.14000325815451292,-0.22254144702923148,0.05027286434087682,0.01419114488699947,-0.006963521719629557,-0.00348419500331573,-0.011663500794627486,-0.03399010906203037,0.010835069452910929,0.034720296958374613,-0.004489278391991718,0.031105547015789364,0.15866493875980464,0.018875901460385314,0.17044183671382926,0.11482535434254533,-0.009255097737870317,0.1173394244343367,0.028869721964923347,0.013664020949869732,-0.021329102337186327,-0.033578395970458544,-0.07248137912969152,-0.061593747930046024,-0.01755397100531453,-0.025294787789753168,-0.02397421830919876,-0.20222153756062794
18_5,0.01431474795777201,-0.038379766376248944,-0.0762433330191927,-0.015293706259216425,0.03349614972684825,0.018208904969784192,-0.06197611031411335,-0.009789760877464488,0.10767479232754443,-0.04017051324542229,-0.02706299416497533,0.1128183915980881,-0.013730511367027305,5.9001844553696576e-05,-0.16377292533514376,-0.12863082242630694,-0.03711953820840018,0.008762427324097197,-0.1679641974703415,-0.2486348758574144,0.03470261793312462,0.07150870990419872,-0.013782179374869774,0.024004940863217607,0.0035943252382613076,0.058131094667648216,0.0008331990637245646,-0.034111351357523655,-0.01667599425027856,-0.011444361474926968,0.13084248505211113,0.013844755780266392,0.14823375115612492,-0.010874146287633583,-0.021297750166832316,0.14277389563168252,0.04729692368333047,0.020243122661120348,-0.008120105661851054,0.05677240228198735,-0.07364913611238354,0.010388497369451785,0.003057839862593124,-0.05677578380855079,0.029141040108370497,-0.10696864810703903
19_1,-0.0042450963765562075,0.08645365983223686,0.17839810100668907,0.016592914128922328,-0.021317879764107164,-0.04746309927863322,0.026268961860113085,0.06967908688922424,0.040140357147238646,0.009548254367009387,0.12035771369627324,0.06765104039242971,-0.02535246476981424,0.027310976417686247,-0.08314182630466155,-0.0907890286741475,0.006393882844853474,0.045822079098451214,-0.11777535824460186,-0.14642461240386356,0.07010275985616651,0.01609561591782373,0.0647126279041706,0.16534690093174612,-0.005450226150296155,0.03728093082723727,0.02587408277007204,0.0779115030314393,0.017133787189155397,0.04387732427421202,-0.005622890090470836,0.037533688197696743,-0.06794251722172548,0.10473869428405753,0.03362970763650299,0.05755719490624809,0.04785892407583037,-0.03164735473532404,0.057370821292987796,0.20878179077390743,0.015398847979860943,-0.008097848254231417,0.05293205516604783,0.07180812245779336,0.007118064471921193,0.061510468289255896
19_2,0.008539593974780527,0.08728876923011106,0.183897371528573,0.014698437917189408,-0.02385705628283442,-0.04437314108609416,0.035044835203981425,0.06990476262883877,0.04053254792694983,0.011738182760464809,0.11860221682362693,0.06918579993037362,-0.02584740693200331,0.029882654273627605,-0.08754965347561522,-0.08776017762971874,0.007882906145690208,0.04524101241540911,-0.12204581141807155,-0.14613877324355473,0.06003538870374886,0.018220166144346,0.06473919239989931,0.21707813502309403,-0.008458421610198164,0.02861617755310235,0.0018351661376206068,0.08133763465583292,0.018066362227744964,0.05151647564766577,-0.005726878582383873,0.03887909279037955,-0.06733562787631388,0.10497052226292959,0.03356601634283391,0.05447819195596885,0.048253111509225385,-0.015525936512346713,0.058007619530501944,0.2099772089429126,0.016285452014506242,-0.007358825860074195,0.05327688228024675,0.07308912404663852,0.0071231120104828845,0.061620181501446034
19_4,-0.003012771339071315,0.08670422978848917,0.1686479372529356,0.015116944606729242,-0.027794988529306786,-0.05293862990286455,0.026267729102193306,0.06839129270490986,0.0340241710295415,0.00678388245321831,0.11752430751105611,0.06452365387609543,-0.025941068404574306,0.025591181465405607,-0.08557269535640975,-0.0936761454903799,0.006855484092659972,0.04393098786732406,-0.1223043651331971,-0.14910266889587298,0.06804278052325478,0.013661448191468296,0.06312132890678589,0.16270456032125585,-0.007013580242612246,0.027123487699080257,0.02497678623251961,0.0753396231489099,0.01661990572693388,0.04421698545578685,-0.007896308122549992,0.03409816498550682,-0.07056129776557198,0.10322684576784591,0.03320024130651432,0.05373142515067272,0.04453022881427407,-0.03624673191490898,0.05468517752027899,0.2128204519275374,0.01535000220436941,-0.009934222302806803,0.050865596570577716,0.07061495869061471,0.007211060889755979,0.06025695756135073
19_5,-0.005981509906832573,0.08706517901475672,0.17024539715872905,0.016486423204350408,-0.023929602025358838,-0.046354622045704424,0.028457994103145434,0.07107209886584827,0.03995049751754245,0.013072399084195094,0.12170029199957436,0.06781644538670721,-0.024888965326275842,0.02967754791509446,-0.08315580814734617,-0.0865052631861954,0.00891136311768868,0.045013020065343766,-0.11780846227561159,-0.14519190519512137,0.07054361832532097,0.018310472761553266,0.0653615133633977,0.1655372309581716,-0.006403561116149538,0.03950045793340858,0.02733156799602754,0.07885222771143836,0.018466171309660426,0.052732003926737284,-0.00637308653840314,0.039106466711175084,-0.06865287834868734,0.10531853402996817,0.033903439092587674,0.059071089252650914,0.046522627036005265,-0.03411010892719311,0.05675898666278045,0.21094642662529006,0.016126540348703654,-0.005219346847245426,0.05362611080221174,0.0719446389302672,0.007800939084372894,0.06338451122230611
1_1,-0.012157637027796975,0.017136122255767574,-0.1324475483036044,0.0036391007260067414,-0.09332686397199867,-0.13211136067392465,-0.0016990450138800583,0.008193523367130551,-1.5147007330219855,-0.051059835283979386,-0.1116911352293808,-0.05520599068872613,0.010869561666430529,-0.004128411884799291,-0.07266436056574214,-0.1355096652607181,0.0019900520440481726,-0.18025756375490348,-0.05906349711083565,-0.12080686743433648,0.008465830315774529,-0.1393084772469951,-0.000922253772932815,-0.08087455477637608,-0.01481614739735414,-0.23209361343662646,-0.10176187355202104,-0.19168157305350392,-0.05639906895027297,-0.05520045464239828,-0.586523870885673,-0.7819096965094167,-0.4916482743286556,0.05572939307083871,-0.43247448141868916,-1.6721351906578403,-0.3636272328603479,-0.02018699353108246,0.010378234912422915,-0.11420078311386163,-0.09566322919011741,-0.021572172625728685,-0.036911376416782146,-0.05525309871566924,0.0008966470072936969,-0.0767583348730596
1_2,-0.016669198446554036,0.020304271294993775,-0.1253393293643198,0.0038928791608495413,-0.09714657925131752,-0.11639463955244021,0.017541917094667524,0.03841325831266602,-1.6686032850128363,-0.07627329435402434,-0.043083766305856204,-0.021065497390289553,0.007074081330833162,-0.0026677229384130174,0.05819095149519562,-0.021705784528136148,-0.07889457502415503,0.021910664827492064,-0.01349303324084574,0.002541805714603513,0.007781455193376965,-0.10271751142725306,-0.11381217750220218,-0.04884657353797353,-0.009749988616164742,-0.2440524690891121,0.054620591242676333,-0.1908960650756683,-0.12399107665224585,-0.1028510144106076,-0.5794647892590101,-0.15732084692661016,-0.2886706861479198,0.06326731523856463,-0.43576744774562365,-1.6940228973415106,-0.4224839981319649,-0.014169922434862871,0.013434504512907232,-0.10811862483086167,0.0009040758170070892,-0.005672654866426633,-0.04286250843689981,0.04359176160606799,0.0018702647148780018,-0.062319201188062945
1_4,-0.010015980192425323,0.0169461489179767,-0.12319895329384321,0.003809723259990861,-0.05637095390405654,-0.13264405502177196,0.01697300240742853,0.023301280307421582,-1.595368706225496,-0.07726672260213532,-0.06515155905367301,-0.0652866866969387,0.007575086047303972,-0.0036488056422905543,-0.0671777886811176,-0.1350514665087077,-0.020961144276398596,0.017689942467821386,-0.02318298147343954,-0.11331991344633459,0.006675375068457497,-0.13823178398223304,-0.11992821478052337,-0.06956246337640626,-0.0018172149406340359,-0.14237827583299864,-0.08151595769991726,-0.20913079696475936,-0.11687978159804838,-0.12031577496056486,-0.5821111065002044,-0.599690201076576,-0.45682378101052173,0.04315695717283993,-0.4427211922749513,-1.6916897037329124,-0.46827986563889834,-0.016080208337192304,0.010860383828393353,-0.11994562364651865,-0.07606645535436415,-0.021679522427113754,-0.03733758850171197,0.009121187694521528,0.0020412806891228516,-0.08608400111451196
1_5,-0.015840245175166853,0.03512429652033514,0.018958636536105175,0.006022846479073489,-0.0984524506792304,-0.04281833404406579,0.017983066421511797,0.018173352893815733,-1.3148970141239056,-0.06958123981780827,-0.019198274585940204,-0.06366561928893293,-0.01509878396083809,-0.0040307364119349706,-0.13997259396660058,-0.19029913213047342,-0.0022292046944798302,0.004811556861242769,-0.16743497867361704,-0.18733645659635273,0.015250603917979211,-0.10168696243731455,-0.019737365686508097,-0.06316338335769808,-0.00697166427004978,-0.21994234164816792,-0.14402564607205637,-0.07353708170783102,0.009964879695749065,-0.03543737424934055,-0.5590758227145874,-0.9369934232604391,-0.4661523120318492,0.025345618561417708,-0.4459337642215389,-1.6349504173215934,-0.456126827176729,-0.021100012378782437,0.01803540788639505,0.15445787870966862,-0.08072690980485504,-0.025120830859818956,0.018246870103230405,0.038180114145942086,0.0018676454861597316,-0.057299279274746
20_1,-0.010357005764038649,0.030831861149878216,-0.027334510062984797,0.0038392806412079856,-0.011888406063445461,-0.025541875051394554,-0.015457921331126575,0.020828147076553418,0.03419849025504403,0.02722403926505018,0.04762409714144434,0.10153721478823408,0.010862301883783895,-0.029369048510125208,0.0764296744731884,0.10320814776718923,-0.012410193336238414,0.04514753873485849,0.06977497400172122,0.13121804264694542,0.056689746110686536,0.016792520621467043,-0.010628291986917709,0.05575212778950966,-0.006906294233374088,0.10631301631303386,0.16391258543502032,-0.06676193563062909,0.015381121840398701,-0.004321419649846031,-0.02655839823407762,0.009781546406934516,-0.019219178283662236,0.1255462514310036,0.03626721344552108,0.09949719790208442,-0.005864332786590948,-0.04522554816228,-0.03592259631559188,-0.04366121531827606,0.05902247030729744,-0.01424643952905146,0.043145547841468006,0.06964301381636624,0.004716405536795419,0.031114875901013125
20_2,-0.01231268264477521,0.03548791020709746,-0.04927037142266865,0.0022331510161490496,-0.013345838748602894,-0.024168298615225653,0.012262294754050405,0.04254723399220994,0.029188851163535184,0.03235634307662681,0.062333052390515,0.08758932635980188,0.008206084622536115,0.0016148191213632287,-0.043705559842927434,0.09889479811828139,0.008341793741756868,0.04307460741303027,0.05041723679892315,0.11858166421382953,0.0560183510746175,-0.0011975940403097705,-0.0074878384467764935,0.0429480786686099,0.008806940999408827,0.09702375249896171,0.15998892487058092,-0.07140971029873144,0.01913978113497408,-0.0154215921984068,-0.03572190280682814,0.0038130939700749527,-0.0261524496861492,0.11200081421657498,0.03847257880633858,0.09724934524059341,-0.0030198727615788354,-0.05045972031283631,-0.030360456661262684,-0.048016893490196964,0.053599361880953954,-0.006892043317555926,0.04133777364776689,0.060720911206977604,0.007964735728327798,0.03956302062491286
20_4,-0.010854502188513157,0.05685579627422803,-0.04326461631165994,0.005974897847050451,-0.024116629411475923,-0.0048841478097567895,-0.015641583383594018,0.030717014874167455,0.034135208472568665,0.01481892242989193,0.039263597714601466,0.13902519536345093,0.012627962751448646,-0.0013947071951832134,0.06808713339594429,0.10341164773347182,-0.014342866543767294,0.04349453087943374,0.031074348514439944,0.13038657877113832,0.060880038888780484,0.016907182908157486,-0.01226928203691922,0.03373827679277422,-0.007110175237140207,0.08864656176732331,0.16346452828113883,-0.09505062781596671,0.009752458776195594,0.002812037590867082,-0.03530476281446214,0.018439770448008715,-0.016493249402347757,0.11356795047517271,0.03712985990558106,0.1026433794650019,-0.014897154836135146,-0.028051981633065288,0.031212892559968692,-0.034905406497405624,0.06057764609604294,-0.011934308613718915,0.03969426566136718,0.06578575676877829,0.004401422128938332,0.024998390599549492
20_5,-0.0062588633955680765,0.05878153752776269,-0.04324674811772165,0.004553564619754345,-0.011900273245085451,-0.021604315767949776,-0.013482762174853665,0.02393467755369321,0.027913332647517823,0.015193940455758828,0.043948343484736994,0.07800313949960994,0.014624138168262897,0.0031731840774280044,0.07691104574470657,0.10720629619110025,-0.015505615790681484,0.038519629203940635,0.06975619664002522,0.12367192959329167,0.04045664703339143,0.01740859369755611,-0.010774095349729593,0.04335484842059029,-0.008754100911624712,0.08981609358685208,0.1660272911572736,-0.09878142078744347,0.01307806676051077,0.014223156423365456,-0.032708957026749086,0.0076109966363557035,-0.017124436155525825,0.09817317164946082,0.037723007426953385,0.09036933266062383,-0.017714593593071242,-0.050261867215221946,0.004422040265741857,-0.042162469568420506,0.06391688183799123,-0.009854694452043703,0.061711355756691094,0.06900026513399155,0.008777136944008328,0.029837213391859824
21_1,0.017294139492975057,-0.07631181868576277,-0.05166940713025741,-0.028637850585654125,0.009640493098795642,-0.0005092324479823206,-0.03264943829666622,0.010996815567217093,0.0839642927003698,0.014310944470820063,0.038919192723207575,0.021963252259152615,0.006380282164615091,0.006980346697164548,0.049193548232970015,0.02874613674577569,-0.008744039341792029,0.02932175481618892,0.0031510622185643164,0.04527788912082544,0.06909372243349156,0.0014866596120013218,0.005172868338784432,0.07646800262065945,-0.00835658304338022,0.012987249718534813,0.040624410555335014,0.056216725248463585,-0.003975393738221061,0.01043546779629511,0.0749361044777864,0.022047909875813915,0.07288114711985776,0.07316749332628204,0.012999225075616615,-0.0033369433953296355,0.03292927077618106,0.009117776813590963,-0.03161894999090962,-0.04888035982231093,-0.04931728993289064,0.007558118866155986,0.009617577708034824,-0.054142134625404736,0.05389889762436783,0.03967011758699326
21_2,0.019187546126508925,-0.033129351810089816,-0.019921740897466154,-0.01701877184084829,0.014864501576176501,0.009841953263632233,-0.01579487301964968,-0.007701592016101143,0.08957449605190725,0.01801911929405358,0.033201472201874964,-0.02000635832527788,0.02859423228004174,-0.03207870171362629,0.055400853579269604,0.07583229330615329,0.0005580175022015133,0.039559894096464515,0.059463184231415944,0.06590519474554175,0.07100154916715533,0.011219551427740929,0.024226952163263964,0.058255796486883185,-0.003927218600079651,0.0646992415715361,0.01165004772194711,0.036797406330417094,0.0019814095616417543,0.006798698916809537,0.0464589726568817,0.019225889742384233,0.07669360623320315,0.0994517206686696,0.03259316287490921,0.0383933887665499,0.031586623378594414,0.004899668771443785,-0.023489861284601465,0.0018891409173859741,-0.054491404784814276,0.013201997631100311,0.004472422932678792,-0.04502235971527453,-0.005106810356662824,0.038748141084194006
21_4,0.017149405564633433,-0.06621396030149741,-0.05395231160018043,-0.03405887950655108,0.01252208146409875,-0.0003241881004133808,-0.022425388113197837,0.0016505605427867961,0.07714481845906274,0.01522618252725017,0.027434107346308974,0.01572443417812948,0.007785681665530998,0.0506661969109359,0.0452080254072919,0.026892751792805213,-0.034470102104397014,0.027881403699527556,-0.0007717779887280444,0.047842172723336615,0.06740863749820221,0.031407761513592786,0.005461659092080991,0.09439625033405794,-0.012395358808737059,0.03498523616717245,0.04836532723351934,0.060615974703648774,-0.005600199528136034,0.009271946042682892,0.09726597972133114,0.021315610734379004,0.058793972417338254,-0.05740058253781782,0.009862803729004941,-0.009517385845011108,0.028778589823306253,0.006956710461911986,-0.024318563554676317,-0.05895140104481368,-0.05197616048522067,-0.0020438375697045858,0.006106652281915467,-0.035583787435671914,0.05395418038049118,0.034684480405896397
21_5,0.018687312256219103,-0.04552225135128779,-0.045758827003892076,-0.02701927147786772,0.016248582081553154,-0.00036159146895794976,-0.02442813783441154,0.010400715923256082,0.08098610547379094,0.021296258148955617,0.03209780747674332,-0.023602514757336608,0.009412715167211844,-0.031221787859624827,0.06634617011996244,0.10514729867689693,0.002011562229182558,0.04042989351830654,0.05887247169132819,0.07328889762803996,0.07126172236514383,0.007701155472516863,0.0021034244300055394,0.07332776041760955,-0.0036030681057915037,0.022791755909851077,0.05058272003367937,0.035952520813894634,-0.000403303171016185,0.011853754824144495,0.0454453789343755,0.011170901926429253,0.0752682875572051,0.10102580820954125,0.02543639412308736,0.005019678530894262,0.020019662312673,-0.0008514741426397823,-0.01806522806438096,-0.012927573010092485,-0.06242707850501449,0.01172693890754913,0.0036088179281719497,-0.04378092424597986,0.007224973689166031,0.03314458712661199
22_1,0.019428710853720426,-0.07186012450457392,-0.04571845136875769,-0.02828879446026745,0.006075815146270511,0.0037620354762325616,0.01171601651096373,0.06687584857893902,0.07507002264230862,0.029688969306292442,0.03432463315485463,0.075177350182615,0.016097670975793715,0.037516276981334785,0.05230512080551635,0.04709060164267597,-0.010719976969970742,0.03495471425013379,0.023132252543777713,0.08905463578949714,0.06864843176377092,0.0521548850805883,0.05820308510545303,0.18973744711399407,-0.009288330657458925,0.08345782862360164,0.06481488253261007,0.07160177080126084,0.023052686024902926,0.024715247857426036,0.13649361208607078,0.044899181604773394,-0.007243983608143585,-0.053454094927084826,0.0008502923018667457,0.05112197743810577,0.039794289867656055,0.013360299878171444,-0.018455719732983503,-0.03023522363785,-0.04297173398541027,0.016632577337584546,0.01633858291765584,-0.021165466974799513,0.058891385135393375,0.060554212366108674
22_2,0.005193665807722037,-0.010938398683116307,-0.04045980310394739,-0.017020251740248148,0.012316816437437109,0.006831108160362687,-0.014135345940843294,-0.0064125520423843054,0.09154531927227606,0.022343682206989027,0.034642295765883166,0.07909861858679429,-0.04283210789964112,0.05029543068458597,0.016225103689266537,0.006365132909270592,-0.015353202621890997,0.02546218219274012,0.0019065633901775244,0.036175490307133795,-0.15767223391011578,0.037808331974508655,-0.003300915922223488,0.12239830937691445,-0.019935357044885145,0.02196750216621755,0.1533489788377414,0.05091750347925357,0.004809451806593108,0.023331307331624355,0.1366376461620618,0.020808621910079553,-0.0028012115587415388,-0.05108029625969564,0.007559575691636979,0.10213359643681404,0.019092870708202175,-0.019591363215750602,0.0075325720393160265,0.004869920682667924,0.026156763832099642,0.006914654723008239,0.036754104533801776,-0.043328546673427816,-0.0036616594945923903,0.06058420678494605
22_4,-0.004829571813832816,0.01851599264299127,-0.014826734213054919,0.0073929870634900615,-0.05484359713681914,-0.018820180181779358,-0.016054754571680516,0.07549612361987246,0.08605287326607933,0.026376561208979955,0.03510467060463734,0.047984917265357745,0.027072179781372777,0.036244380627841744,0.0601506079261516,0.09036142803038263,-0.0005002998074384166,0.045492365664783964,0.022662324826382488,0.08146026079444076,0.08396878343987317,0.024132325776526176,-0.0039055662345147996,0.2175221392298454,0.009425357472563393,0.016198277013806422,0.06084728322343943,0.04125014378772776,0.013448457526767316,0.023583665069170562,0.05802367374048174,0.026230624030785955,-0.0005135554522854668,-0.05114587476559682,-0.004557028236587073,0.03716016355866655,0.026105099920664707,0.014638565737024087,-0.020734411770586793,-0.05156419231505692,0.07244005111426241,-0.029652487030424453,-0.02434054651143443,0.03520669023239663,0.008519905029084826,0.058508589791575194
22_5,0.016768735186166416,-0.0370561102109039,-0.0275524177218305,-0.013434937450396936,0.04230242136489904,0.014019288466485485,-0.01248782583958645,0.004361584022068461,0.08827837644193202,0.027136809467797018,0.02738111083469244,-0.0056639549714740675,0.009633952848314817,-0.0702450645979628,0.06834272344885943,0.1042859480634906,0.0034890474233206918,0.03974874458929215,0.05203583352630131,0.09069216693139422,-0.2330675748769613,0.050495040715346606,0.04621560214662304,0.10359561359266364,-0.0012317132585989883,0.03701706668090591,0.023784911259113493,0.07771203389194503,0.0092491668555466,0.014569756600692478,0.10792420972735262,-0.008310027905434822,0.07127479593143471,-0.07228714591037338,0.0165287612289821,0.08066597485060527,0.03408447920575049,0.008360268076193037,0.02104718542715068,0.01816312485530498,0.004141933014214924,0.02259982597943737,0.028980535357770915,-0.007366369179482122,-0.005936826147789278,0.07214927540188501
23_1,-0.02045278910552037,-0.10937112346629178,0.004476407731515165,-0.006762817917920941,-0.009437052299441195,-0.002097484314939334,-0.006495176274846217,-0.04120615953345647,0.04182549866995465,0.038080901845289485,0.1410158858757197,0.012087525553410649,-0.09404517833337557,-0.005833513210658232,0.06413661137853983,0.05951092243364424,0.0027467913613291204,0.028707037783628674,0.05785019226384277,0.06839957506716401,0.11687027104382539,0.02716797218630856,0.00770551741518228,0.05683085000583415,-0.006900595538111352,0.06777742488959489,0.1673934431989268,0.0563105297349717,-0.0283070295816195,0.046378494156524216,0.012957006828087293,0.03133808257058974,0.025573848987037854,0.15134506010159796,0.01718299926679796,0.10493153925146917,0.04484173310292253,-0.05547445959332257,-0.03171353163539504,-0.03531191689672257,0.04116156847351862,0.04547177874735755,-0.026705166905809805,-0.1329618123517356,0.006819148912338826,0.11387257948458666
23_2,-0.02095618418542467,-0.107060075034356,-0.03626722667685933,-0.006725472535590775,-0.01447730665409451,-0.0021680191596118075,-0.00610971562174288,-0.04562062833273929,0.04475418292640564,0.03890711211465386,0.14007722594962968,0.010261892086821777,-0.004355446399765178,0.017269282044291682,0.06546423340390212,0.06538006614122975,0.004048098706417981,0.032219036418671236,0.0568709701303746,0.08173055711810975,0.11588712048367983,0.02627124934064771,-0.005226555022934399,0.07706540293905233,-0.004798747613363807,0.06469335712575447,0.16412020832055527,0.05735178769815819,-0.013997407866039176,0.04075721933257802,0.013866857094125499,0.03167891921880993,0.02454301310569166,0.137112030671501,0.018982091547023284,0.11142290082303442,0.04593871832883531,-0.0505905107549529,-0.027443741282526548,-0.03620710483899334,0.025321613064209946,0.06379324984787009,-0.027472613829692086,-0.10990521217210263,0.009061674511338571,0.11322694027234466
23_4,-0.015686467545818338,-0.10732884433205338,-0.03240989932410579,-0.009771015479987754,-0.006310256546359758,-0.002375737762442107,-0.006331021568915527,-0.042420085623769394,0.04125148680268756,0.04062982476845764,0.14103365731042275,0.014052282278779627,-0.04200066848853839,-0.04435396970853236,0.06369466322929061,0.061252000511531124,0.0024987191750592405,-0.005537467501067389,0.058665108381843654,0.06788805049625551,0.1166661414850457,0.024705366206124464,0.007928559625549354,0.06031046378822295,0.002475234325166751,0.0375174263458758,0.16736185910521384,0.09921518721625774,-0.027918278935403742,0.04576929018258611,0.015717311339874335,0.031563096682627294,0.024336132830084067,0.1596767802996492,0.020129103711558304,0.10655857421307,0.04656272371512334,-0.05303808764896435,-0.030524862530996406,-0.03548427543383985,0.08616386457087251,0.04372417912296572,-0.02757811707438268,-0.1363512563045521,0.006947518070910058,0.09345510558513166
23_5,-0.015575179049947542,-0.10663379258565205,-0.032212233451395234,-0.009354538772056905,-0.00950233591310508,-0.0021840555422255378,-0.006064365740870473,-0.04763317291734654,0.043361070027839003,0.039593317229945954,0.14043497179877457,0.01407814041470476,0.008269067122102762,-0.04385407348652457,0.06493981766039633,0.06197799250723792,0.002754804930477041,0.03733476567422686,0.056404533652054736,0.0689853433435733,0.11064623585319976,0.021040949842877403,0.007867880136128526,0.06109719198262426,0.0027437936138559847,0.06690832419235429,0.1662122623100952,0.09939367118899796,-0.01250987993673259,0.03978634357532125,0.015066507988248561,0.038338986195202415,0.025327913077147733,0.1590969576739046,0.0203151080739223,0.1079301943266127,0.04773063551143168,-0.0511384092023732,-0.030102207285570632,-0.03628332101506132,0.04138268652007891,0.06424050620065799,-0.027311224144314063,-0.1140164648586653,0.007047683943100473,0.08657597106988373
24_1,0.02437739640470184,0.08397390986685101,0.14977767450241078,0.04269776340852504,0.01156493751230886,-0.027739505571183067,0.07254041878255553,0.04858126908123836,0.03181266413992542,0.05470632433462488,0.08814546019496404,0.056454563819711784,0.020015796678020677,-0.02653368528798015,0.08946625936973238,0.19487279906991725,0.0008017297324064317,0.04893017592534941,0.08371243569807353,0.14352164414893573,0.08029499052064817,0.006456362941714216,0.014873716627522737,0.045541300645839874,0.004964363943268533,0.12187441203594854,0.2229026858202372,0.10227428972021996,0.03298869433789959,0.04782571776717976,0.011415293700801327,-0.03563801899738561,-0.14603044690276304,0.11647500698892098,0.0350574329666861,0.06719526715128053,0.030025422283462635,-0.0029447180291828994,0.030721034986468485,0.32092655616947235,-0.005930641300104568,0.024892261072497507,0.06348198854917568,0.12125838664749937,0.009166434385846207,0.062346388891597014
24_2,0.02734772920940059,0.11184091240704862,0.15890527493330045,0.04276090386135707,0.01784596737234688,-0.016863610400477277,0.08599798267006421,0.0494398537174152,0.04464623485648626,0.06551797285904203,0.09306625401816802,0.05695048278674917,0.020000477462601363,-0.002219371798625352,0.09468421400298058,0.19385586275124989,-0.008664146036601308,0.045837572599672555,0.08361388783575965,0.11073802456765802,0.08537509333619905,0.012018591315599143,0.0159781606750469,0.04735436981033652,0.008788830679922335,0.12983862414898142,0.22546605994195215,0.09808333812951502,0.030643111390105626,0.05860331853393954,0.021025430166752027,-0.41210111847993636,-0.14869219150517976,0.1187001724385444,0.045344283965298965,0.09207990653520895,0.03942016888269093,-0.004554159282333682,0.04115660710853778,0.32879837585100996,-0.0025398293453918756,0.028514656752915642,0.06862861381375714,0.12367970523392247,0.009264384351423816,0.045873643117008776
24_4,-0.001849904913230282,0.11058954793573275,0.14856347645132856,0.043381664909912535,0.011733797692737032,-0.02825599619508871,0.0812655808414117,0.049146780270359444,0.04268825246232252,0.054339140656922275,0.09272953984840812,0.05219408922192787,0.01831112617421858,-0.003664144263533655,0.08877250334346855,0.20852596873989554,-0.0048838179538743315,0.04930850221301728,0.0783172280340675,0.14137561437108193,0.08234830594732388,0.00962416442979357,0.017072755605974144,0.044574068952095064,0.005316670971149849,0.11905525547022068,0.2346716512023613,0.09065163886246334,0.029789424326419674,0.05010224580380989,0.01619840249426523,-0.03162358419937342,-0.15087233147927157,0.1179323736406807,0.028684486395329736,0.06982158391100289,0.03062913613734756,0.002798575315707419,0.04775470051468883,0.3238570232685033,-0.004264077128260456,0.02233562153874343,0.06606375950423957,0.11863193716567996,0.009769811016397291,0.06528391652750802
24_5,0.026665357459348005,0.11013140539175027,0.1695000952857009,0.021800640081010136,0.018373796476574063,-0.01963900167114567,0.07757049694302008,0.05333674689539715,0.03818787105201027,0.066043081011589,0.09342341546037215,0.05473801000719753,0.003861136200783363,-0.0010604569134590313,0.09190269814288915,0.19304529044155122,-0.001603377298894028,0.047337171104012386,0.07942866825339055,0.1219881520644635,0.08037445396608284,0.009650922445696195,0.015727624260367258,0.04879966825301561,0.004219859685214258,0.13553140506457378,0.24382598586768922,0.08865624609093456,0.03217769919400855,0.05619351689492285,0.020548371313078895,-0.029637051094089005,-0.2536587135039141,0.11949475250663699,0.032818831025898464,0.0890174827725768,0.03911655065824317,0.0011271298864426295,0.05063721944732012,0.21449795528214896,-0.002989322255322142,0.029475464259521824,0.06787137187872605,0.12384123581532071,0.009030098595108926,0.07436822362779863
2_1,0.07232713170675387,0.04287555822145075,-0.007701558594953939,0.059052476690414,0.048912569925418016,0.0592532312848694,0.00733556155888377,-0.04467262315879081,0.11817407243730114,-0.03452732510008754,-0.08226604565839739,-0.03222807100570195,-0.05135114085198282,-0.006739668009164721,0.08135509785502831,0.08444919096345076,0.01588674928682015,0.026055293482089043,0.09530870096750596,0.07403483719830603,0.10215954173521885,-0.0017622997767329225,-0.02207192728236137,-0.16624305118185986,0.0527851038921682,0.05171534519421163,-0.07461150954255108,-0.05239571141013078,-0.02581420775937586,0.050767075145141234,0.09326531259299418,0.016595358495409756,0.19536851183394288,0.21167502182029016,0.040050829635593886,0.07249301765779942,0.009579860915634564,0.020629600994213848,0.04678023019847941,0.04569255549568506,0.0381980010678147,0.020937798528432364,0.09617034543317707,-0.00020619446114916363,0.035648309172687215,0.041268573843861706
2_2,0.07462964030914325,0.011738222758916977,0.0009393871111801296,-0.01665301546637694,0.002750331417858521,0.06316597525456487,0.0034770312434646514,-0.009324596127623234,0.12724108144956023,-0.048035669140414974,-0.10329884494105022,-0.15265725697854582,0.0880563442390813,-0.004811551671747387,0.0794058296309653,0.06221030765188496,-0.012977642486800549,0.02950158931833863,0.10765047890438405,0.07960186460161899,0.02218949027532391,-0.0017958767390283147,6.266524545861117e-06,-0.19069754757847493,0.05985904944263266,0.09504017661984765,-0.06617598150607751,0.023959203233668683,0.015008429614274009,0.0160563443077538,0.10943708562164504,0.022338454074051765,0.14973347005091497,0.2112174677638378,0.043999486345655155,-0.0014383135637836446,0.027016138370499525,0.026466721828303254,0.04195704479591692,0.04934369579225565,0.0010608643660444676,0.039473366709245394,0.08026810215309957,-0.010117986818445166,-0.01044570997249152,0.0568697718303048
2_4,0.06896343540761163,0.062276589527844144,1.0913874878098334e-05,0.05570227859458675,0.039581407631520855,0.0612189932537128,-0.0007482640863936579,-0.01941909425874892,0.12057551995010043,-0.03865702684714577,-0.09114222922649796,-0.04378644903503113,0.06256976062748533,-0.007958442238948616,0.08362009348262267,0.11566255210946166,0.012960064318532256,0.027906744518799247,0.09159732081263076,0.07460414406977915,0.10106971709670165,-0.00541018701874137,-0.027928520971705586,-0.12382640379800398,0.06159765508820168,0.09399207363635496,-0.08392900451839917,-0.05493157153636464,0.006319902690552164,0.04291071315867708,0.08528146665798096,0.013092571695431704,0.1864452071141871,0.16526346440793863,0.03685159742396738,0.06666901217436358,0.016287953390496653,0.015364228380233576,0.04421868800885404,0.04228839177380989,0.03355820800917741,0.015854390824549328,0.093288365442764,-0.005628429550652466,0.03401531865902808,0.03863177733164135
2_5,0.07461272200691278,0.007187157390383206,0.006179608262841302,0.05910970139390865,0.014028333787475773,0.06226771899963054,-0.00017889838962929758,-0.005445046176426719,0.12026438139788924,-0.02664519830807058,-0.0739853455716339,-0.1567042875614346,0.07650326779354939,-0.004546357254232484,0.07474214869098166,0.06574176081825288,-0.0010904467832952196,0.030952697900822442,0.11111979891732945,0.07805026303800168,0.009786548486967682,0.0023654890752123747,0.0022498192202633645,-0.11057393257455153,0.05727732081686191,0.09985937650210444,-0.0713151300246397,-0.020153628296720627,0.07028349636765022,0.015200271786868825,0.09287632270279585,0.027408346312787414,0.1545187607585798,0.2111176175701191,0.042477006552355735,-0.004058908643682706,0.023848381690979602,0.04554342904670374,0.04480147707347855,0.04650454502406126,0.04790483096487318,0.019885265332958098,0.08123037304917126,-0.010328387532533045,0.03673084083660615,0.042225317292203746
3_1,-0.01185314177321035,0.07162194882311701,-0.01744013567668693,0.014860977408559567,0.03242516888686702,0.0010515286556970066,-0.014974855176681939,0.07295890778485818,0.053798540801628485,0.04474610754759439,0.0953365226090437,0.16922596163453452,0.010926560374103082,0.004076150407404368,0.06993193921458367,0.12275597992199705,0.008023082590762764,0.04104621053308038,0.034941952821198295,0.14076674833869082,0.07564756135473001,0.025634806256776468,-0.002116536197027274,0.06604343359174289,0.018158633234331287,0.10886540936027132,0.19927413595461754,0.07223852953759943,0.0049008711705342285,0.04024995386837155,0.018259477192479924,0.041213359908130236,-0.004623336773334239,0.07135961523009296,0.0519529270241642,0.10807664444080095,0.028886048692719556,-0.026472412394678013,0.033100951275667076,-0.02488929824896022,0.13269311312145046,0.002027432564464768,0.07557677726251061,0.08219443607224973,0.006859454742265969,0.10189364447412139
3_2,-0.011360921247863573,0.08361871244806332,-0.03212945348668408,0.0174982882569632,0.010247047679362176,-0.004863871077498504,0.02016697258183251,0.03491358807131839,0.06255513428091482,0.048728207815897914,0.09709176834996502,0.16771899408726101,0.013490995483110944,0.002557380469417371,0.08167510767569365,0.12497594537330037,0.007151718330910852,0.04257827760113283,0.04931972827683704,0.1576685297547775,0.06977537065889773,0.010999647175663901,0.009150121734901862,0.04471680093885975,0.02879553010610897,0.011143555163581363,0.22906185075722738,0.06577051560383512,0.006987869806178347,0.022958096042520325,0.020304280655823802,0.018856887034409454,-0.03210015231060674,0.11472644108497715,0.05496968665720728,0.10784559314053717,0.025085414443812407,-0.0038692366835415084,0.009802347389892656,-0.04133594357428499,0.06410223829767653,-0.0025865816923479087,0.0583889139714649,0.11005122624362372,0.00591518066341702,0.06348507469844655
3_4,-0.011368008729470963,0.07242645938380952,-0.02344055464260762,0.016953604594644723,0.03477130286280473,-0.015998559291176342,0.01756757037002333,0.07644755172202085,0.05531303285428199,0.05032011972656416,0.09086376037591562,0.17183219733171498,0.012642894294969707,0.002430763146431736,0.08200687546296091,0.11424985149644547,0.008906145373553076,0.058842105685285945,0.031590599201030294,0.1429058955588429,0.07827395134162522,0.015047355499342963,-0.001607830269594683,0.05776353626002264,0.01708288854286317,0.10229967092492476,0.19629405438865571,0.09010794339339387,0.006568237037436486,0.03646307334904857,0.02354525971783744,0.040194306823610026,-0.0003371480544979261,0.08855441186369012,0.05958557756198988,0.10631082194684738,0.026380980436490994,-0.03355738774756482,0.03944596861332193,-0.02937828318996605,0.12553037985401655,0.0041060869174574305,0.07782337905146479,0.0928365238543445,0.019104192024814837,0.10367199738521647
3_5,-0.013017382475926943,0.049788221680543754,0.07206056323156411,0.017350302191122456,0.02670650802112951,-0.030767179532287733,0.10417173388482734,0.07440477179496452,0.08505962570400595,0.044418716493040154,0.0956784368250578,0.14210593990930356,0.0066386890294714215,0.0027433065311621256,0.07360062562119857,0.08237874564333057,0.00802059699966923,0.04171892368419325,0.03682271151113443,0.10324567726453297,0.07405164624852985,-0.028868157811468276,-0.012250611501980943,0.04326938735631231,0.009523889909683163,0.11841176463236013,0.19704024719532864,0.07867760211766496,0.007201295692358031,0.03846994444708524,0.05247962775877831,0.040385201958311204,0.010232721153312935,0.08607757388434478,0.05436104946602084,0.09404782142724766,0.017986243471430262,-0.014463723841567817,0.06530385528794724,0.13740728997695612,0.12015690547430738,4.135680057297846e-05,0.07496433853229548,0.0638287231589803,0.007843356135834968,0.05227593548494112
4_1,0.00355612309431988,0.09378094162874417,0.08130855072775577,0.021332201616574765,0.04411875507799237,-0.04438585650192481,0.08130220653158793,0.07399367651608886,0.0887200438765674,0.05019261415837744,0.11064192829521366,0.15194892778691607,-0.010597517915522305,0.04558455748601337,0.05644272643478175,0.08988220615180624,0.01228745705429662,0.04202866084897286,0.0302108978640911,0.07839441539551514,0.06980887297644386,0.03568500002601815,0.006108115202582877,0.060010003492553,0.013531060162699378,0.11111742115997936,0.2173862463635882,0.11011241387734984,0.032532816201225744,0.07010055964170663,0.0748080459699634,0.03287479086101752,0.0033438555099871764,-0.052577850218333444,0.049590001908319,0.11266302641254078,0.01741604321866102,-0.009206092665421503,0.058124217925900216,0.13518017046312159,0.11785989054681116,-0.00026681040138791734,0.07150924285703653,0.09692021237795603,0.012382477964517838,0.07335403272781767
4_2,0.001248011867420717,0.09265316767802205,0.06678099160665373,0.0191614834011624,-0.05706095508228329,0.009566268024961968,0.07968468101529982,0.07704809917477817,0.08811803575686201,0.04659602493866611,0.10382654995441902,0.1357210170186648,0.002210558400604195,0.0024259122630911974,0.05427984960496419,0.08857494527885541,0.009910588102915341,0.04546660652254008,0.03317841912513445,0.10302158429131023,0.07228530326093431,0.021089663715861892,0.007896032995904698,0.05341150487852945,0.015383474194379201,0.13284281758027247,0.19310580159238164,0.08986397931452773,0.031080825266796862,0.04792264742350542,0.051608571663233564,0.03483685388254599,0.012088399413163715,0.08294841319782385,0.05094416534319156,0.07914625830919161,0.016292692891493682,-0.03930273161867371,0.06839045258310317,0.05930049707848656,0.11908436684259549,0.004048641883070855,0.06686221221977019,0.0673249558571506,0.009809284479066047,0.07609743618499164
4_4,-0.009325906804172323,0.09411991746403256,0.058445557447198475,0.052045523058700055,0.017390301917367915,-0.04866088522961768,0.07980579139087271,0.07618691810679742,0.09175858811700588,0.05169956043112025,0.10823644976237115,0.1551698844392191,-0.008282397659836925,0.002052614948465294,0.07509287915207165,0.08922363753711664,0.009775744256731214,0.046512677676140105,0.04090565431611926,0.10635467870192727,0.06950099222255268,0.03859560877516636,0.0038078105259229038,0.04643740975929384,0.010766160036947294,0.1318545629290169,0.1898604615855103,0.08250363830288483,0.03259117234613442,0.04994020890139175,0.04886417742664969,0.03390359395747762,0.02808699768851898,0.08333969243255138,0.052597802003709594,0.0942544675709185,0.01698921964848194,-0.024225243846170502,0.06728697785006599,0.12824082404791967,0.12134856933154008,-0.0033142180616507763,0.0737541844809134,0.0676621642603995,-0.008262774245093899,0.07434001002360456
4_5,0.003632767365421444,0.0937716157952414,0.08147913821323936,0.02134002794674679,0.044224667018118335,-0.043737602852996355,0.07828018223584438,0.07411630039558967,0.0886683466412509,0.049141346559806516,0.11004985131710497,0.15131775261870098,-0.010490931664038815,0.045629737295464955,0.05668379014253664,0.0896489403205956,0.011443903283245805,0.04552639177191685,0.030452751084507547,0.07767270880296906,0.0699191371388275,0.035756026761211014,0.006113124254427242,0.06000220370632282,0.01354894793528476,0.10768794514512683,0.20284160304598436,0.11007226187106602,0.03258596635047746,0.07054508121269003,0.07152271962555237,0.03243381500418188,0.02037269019205604,-0.05255828468416163,0.050644309384444926,0.11259867502235635,0.01733759858810522,-0.009154643022321099,0.05838368875954011,0.1353296116733491,0.11767503726527216,-0.00039966640787107217,0.07172231954809073,0.09697141670027408,0.012396587272219305,0.07342682402468251
5_1,0.013031119978080857,-0.004481087924057336,-0.02024235078829905,0.005979132797923274,0.05489835451591542,0.01664227739713523,-0.0023107941607730634,-0.0403473939442575,0.08383953607402377,0.07116499690157116,0.1130728380159257,0.09533259937649019,0.014635749355130422,0.027720536073878373,0.019466146135101,0.05004238571127484,0.020271017691040602,0.03872826534039932,0.006754105800122324,0.049313677063290165,0.08501706040426103,-0.03565506688414165,0.0025239118814642894,0.018472780241951255,0.002692611547200754,0.1505586687570396,0.10266688347630946,-0.019924785301932223,0.04786195699131092,0.05650970644940945,0.0903394773896602,0.06346998791797481,0.19246047082401263,0.18437955279895624,-0.1367186174567432,0.1343717068970892,-0.12342247248400605,0.03213611900550971,-0.003760078277045858,0.05966294805345,0.06260962372249178,0.08860322878495829,0.0487765886247952,-0.011917839719768909,0.009165274621770412,0.0824411556750382
5_2,-0.010815562586037239,-0.015535030808859552,-0.02594015270895473,0.003567309026837284,0.057432647182815724,0.011135491169686691,-0.012871185686090416,-0.017538942644578996,0.09909609791180875,0.09183103306113737,0.11145353542786528,0.12220086706804062,0.02149803134154296,0.01907732636416541,0.019713817611190877,0.035629335561007607,-0.07574586262950596,0.04472061491954972,0.028448635857357414,0.029806501556915832,0.0441517680885541,-0.04129148518051767,-0.00782683189401029,0.025639270724313823,0.0031905827276563184,0.13081335251507828,0.1686284780395202,-0.07748689956340876,-0.01611682329866155,0.061286316310276395,0.09204140497993046,0.06181578053313453,0.16521056019514965,0.1819070748873716,-0.1924222695174404,0.1567855058048761,-0.13744628201027453,0.02946054822113175,-0.012731521325421193,-0.0823241519205344,0.054767879014096764,0.08855555051812442,0.03254933396652388,-0.006479881597302088,0.00510083743855247,0.08137769490166867
5_4,0.012071784410749653,-0.00916165411190343,-0.021923859792785785,-0.012911218056778915,0.05939140248462915,0.013427630931095435,-0.003225914125687358,-0.03674394776235239,0.08524028616718105,0.07207756777197638,0.10940170644331566,0.0909198190198675,0.023792004280915924,-0.11961695980359989,0.016342958712752344,0.0295726831996341,0.011957476300455015,0.03464131584854396,0.0012695142439861625,0.0398010188724794,0.06600268938344853,-0.039522532420402705,-0.005311083036327891,0.006788388698402917,-0.0018261433466740676,0.13941406500794865,0.14174558893050634,-0.06239954558221808,0.04162471904742957,0.04043386446133136,0.08562337070064246,0.06393145538798665,0.17488355976648176,0.18559822466718556,-0.135035044952397,0.13631739062448728,-0.12558400041583048,0.022818371206591217,-0.005196266909173179,0.06497162901214996,0.05785632059552202,0.0928110215076731,0.037085405929946295,-0.009046829832998711,0.00415948310058483,0.07460819782928255
5_5,0.012914774342418786,-0.010824709383127113,-0.02032286009471121,0.004103764152878367,0.059614096996260746,0.014390187161870157,-0.0026051053048653052,-0.04090038728039883,0.09486362926890701,0.07039661831169894,0.10965058104224665,0.09492117183502076,0.017974017570267755,0.02923389868321928,0.01906449463183581,0.016104494942516704,0.011639357933554096,0.036747130461250305,0.005844053048621123,0.028253002155373266,0.07725741976685173,-0.02328296848461037,-0.0010358389336173422,0.011217187200288107,0.004796473916654066,0.13994460800247124,0.10033392260222238,-0.022701404696481887,0.04163488713942102,0.05703019660929638,0.1379769840113647,0.06414713170051928,0.1991788850396947,0.1431151023761048,-0.14233815772843544,0.12860630006761847,-0.12781544860538432,0.031972307343092525,-0.009703123499876128,0.05505358155682352,0.06526496818511064,0.09350963426502577,0.04811597107518714,-0.01614754646011507,0.006139887814818212,0.08318412930521797
6_1,-0.04412176831101727,-0.13365674662815327,-0.07366500554214961,-0.09441228739141766,-0.10067437933581264,-0.006096657280891749,-0.08392636199481168,-0.013536001009625804,-0.06947197251924103,-0.269436765256491,-0.23018262133514916,-0.27466000823043574,0.05433744893335251,-0.030206026494866603,0.056162398846943344,-0.03609813075427856,0.006718862540369118,0.020475649954343166,-0.053199776024441765,0.07229201194829372,-0.05914498938691038,-0.03522801871682778,-0.03013679217288774,-0.35882545382922293,-0.0784901875611342,-0.09245976927395091,-0.3537619976563048,-0.14611419955257215,-0.05286176363758124,-0.026180931993023102,-0.048436918617739216,0.0034612152745145223,-0.15437146403349827,-0.27687203822134654,-0.01994540293439798,-0.014870594633383314,0.004078414800084527,-0.15637349271423925,-0.04936651770317022,-0.12358969482151146,-0.10372860039957553,-0.004455252599244655,-0.07413253594087688,-0.08979029484152641,-0.026770812364208422,-0.011874581417620362
6_2,-0.04585378136840943,0.00733481284694484,-0.05883414373789095,-0.09678717382411502,-0.08700715729472853,0.008295773818464964,-0.13551289499872501,-0.03481514529583001,-0.06447980582021579,-0.24158344897256184,-0.24439560692553103,-0.24673292186531642,-0.0542279035112844,-0.024655403306192612,0.029071539328131477,-0.03858304659701585,0.00975119362630538,0.013273445270576962,-0.01764631173187906,0.058872911363778806,-0.05823182227648011,-0.11921960130144797,-0.03486928869215352,-0.41437369378453676,-0.017714753419378827,-0.08747528004914229,-0.41367052887193945,-0.12240339879182882,-0.04704742948713083,-0.02601694205047544,-0.014225046046873994,-0.005945307182320249,-0.0740516761423664,-0.9373784006121973,-0.012720653867424303,-0.015482356674720263,-0.002427853727539299,-0.15026581372482584,0.03550327221725028,-0.11191000386124599,-0.09672428625907883,0.002608585815960582,-0.057196271951421455,-0.09052945749822831,-0.024041450414604284,0.010630490576401508
6_4,-0.05816315827065529,-0.0663773342258997,-0.11166145349371157,-0.0790608267911295,-0.10109797067187098,-0.043629512145816084,-0.03707910967232562,0.005861178863815833,-0.03875689312337656,-0.21683561159689793,-0.20884722843092945,-0.24376946558543028,-0.053318833467228974,-0.07294394792878503,-0.059126208399608846,0.10105394209459116,0.010352958105770757,0.024496161259642962,0.03541845481596764,0.041765793123622434,-0.07777738709792929,-0.038399606470509294,-0.06546830306637041,-0.32737422529078947,-0.060578952349907934,0.012016503978771905,-0.378459776046804,-0.10221561032947743,-0.08232545187520053,-0.018446898914868018,-0.013526460749651968,0.018876646908046357,0.011749373934942306,-0.2824578166716662,-0.016611935549126048,-0.0760782009463882,0.03579805951618971,-0.07024512252782757,-0.021248087141388115,-0.1203217553066724,-0.07636475885224203,-0.026223903099646482,-0.08089807420287679,-0.08889885471452928,-0.026365793872364294,-0.020165448690276304
6_5,-0.04721296076929255,-0.041938352859942574,-0.06855480760840163,-0.09489862745332395,-0.059708676958720404,-0.0009778647092382763,-0.14878404504660597,-0.0198025067121548,-0.04891577737740191,-0.28454049744145454,-0.24454440269305344,-0.18504296725625358,-0.03223800509198208,-0.013860613624488363,0.03408617972205162,-0.05133124163683591,-0.03414859183115537,0.015094884211762416,-0.030837046499507005,0.05527481690565111,-0.019806217431880564,-0.11903876711840439,-0.015913351852032607,-0.2917060569028134,-0.03817992895579622,-0.0789302243830639,-0.4397397572908304,-0.1594815825357328,-0.046313671143665774,-0.07270199776232053,-0.02483846112297674,0.059551245176653604,-0.030625580718943748,-0.9549136622647172,-0.012708239116136855,-0.015402095169014593,-0.031204327726563903,-0.15600028871280874,-0.04337959315498365,-0.12202666445041731,-0.10441954348807131,0.0023041845446946617,-0.025917610890680082,-0.08605408803440462,-0.026632996329096426,-0.0007909016325658882
7_1,-0.01238013469410763,-0.03373153450240411,-0.0529946766922733,0.007861198567103942,-0.04837911993335682,0.008447246103313358,-0.021160704241087354,-0.005362553830489439,0.08501150256537258,0.016905016496856686,0.0597432610155477,0.14061591981002128,0.04223146401398133,-0.08385097373590639,0.15077068408213426,0.14263026675625748,0.007463122946866966,0.010119649994909777,0.06612925841686361,0.1596833683312118,0.047316554470516727,0.021102673642683114,-0.03554706752925129,0.06745203993654976,0.0013021372264146306,0.1326627711624718,0.1825936569958867,-0.13591641525110754,0.02127275439488642,0.040527423790568035,0.007224276168342639,0.01199892148045197,0.0031286314576146196,0.13532226916862516,0.007289961662459219,0.08931374077044087,0.018626270273438206,0.025313837232368467,-0.022918532898049262,0.0119076454132742,0.058623076021900686,0.04818993032693839,0.024833963613666705,-0.021675105203960827,-0.001703783308033269,0.04659638304411635
7_2,-0.017233854341532205,-0.03226225046274858,-0.04192277390881725,-0.013692235664822701,-0.03702075587674881,0.007947619098822467,-0.023917090246597633,0.01563231289451141,0.08081810494076058,0.018175847205215336,0.07424828697212064,0.12096233441616895,0.040577438532810206,-0.028530518781011933,-0.0033857604590661738,0.1640900605941912,0.006507770463095638,0.04788827917598123,0.058565541668670375,0.15040617900505363,0.03443993752040367,0.04125751575955979,0.010527416705447315,0.05531156533575282,0.0020688342760297523,0.1166523951586654,0.203777152180988,-0.024004411993745284,0.06630202873383943,0.02275482100955736,0.00546464362288944,0.04800744761832813,0.0050910244564856665,0.14404496389851548,0.0033958945265274393,0.08831975984771841,0.020073309437069583,0.0377657140074268,-0.023661842088867586,0.006972950719744242,-0.019620973559143592,-0.016332138397087935,-0.0003922267616012997,-0.02714467655375511,-0.009570125178855422,0.09946901242295143
7_4,-0.012707711237247352,-0.03628565604269081,-0.054953958747110884,-0.011806867904305374,-0.035812183073600026,0.011860616730160433,-0.02149194273807013,-0.01701440196665387,0.08486833246495847,0.018129013466963464,0.062366300715868773,0.16346582666469112,0.0338208781052202,0.005581321375156228,0.1342431608197048,0.15394216354510987,0.007832671805527191,0.0486609920820454,0.06895212117688125,0.16428216762116243,0.04329911740106877,0.02346758235403899,0.002491766216695917,0.06974831198825293,-0.007773033012874831,0.12517504808991353,0.197604348584845,-0.07105345287027748,0.02025948082305716,0.028903071395316015,0.007720935192701824,0.010870118555543526,-0.001015958187508217,0.14310988881958792,0.01266011972610968,0.09523980911971174,0.02072314002154486,0.03928953355382864,-0.02341245389440189,0.01482368664224649,0.017723861147564236,-0.01112754290709491,0.018295967470083593,-0.025682663467283047,-0.000812806467015243,0.0744961593677341
7_5,-0.015374084871195282,-0.03692365361723622,-0.04140961346541215,-0.014467450006531086,-0.03635440611909559,0.006964444518330478,-0.023470780377625223,-0.0028013753905108897,0.08012976621409472,0.01881410465912652,0.0759400889477968,0.12437382565663464,0.024105374304754006,0.0028155837606781706,0.13161681754100746,0.1705284046425814,0.008546944394215909,0.0505860758759152,0.08227479499896936,0.16520258078424832,0.041571621882402335,0.039002024549681,0.011564969151406495,0.04548071505328219,-0.0008795861019120672,0.12558508172546853,0.20218543857618396,-0.07117958052608762,0.07798161217950854,0.022687201427680433,0.014317339426626965,0.04538720785658472,0.0059294771678504495,0.1777694560291297,0.01430646388989915,0.08451614321264113,0.01997447474412885,0.04136121674642231,-0.02641320845282421,0.00843359773008741,-0.016628518796353117,-0.012914651288731345,-3.9298270343812985e-05,-0.02537784722731824,-0.008985499449465858,0.07865257104926854
8_1,0.002077689214523089,0.11326108657771368,0.17402865855982702,0.01714797841955516,-0.027453420770798716,-0.028254637331996017,0.033329136266725116,0.033748103766556514,0.03176635887713977,-0.02646016315991094,0.03943465686728284,0.10424369840946604,-0.004472126136697384,0.006617610716296381,0.07366577085313962,0.05769901642095391,-0.002241548983521727,0.04091571354782898,0.04399561915518925,0.10833995768198092,0.06501660570397468,0.0019559657596345966,0.000808693611595176,-0.009024357321690813,-0.007324951991388947,0.10310392780425716,0.18503904675764563,0.07139335659264463,0.032416298086847324,0.025399398668559284,-0.013069709849691911,0.027122423103097884,-0.03448065806421215,0.11139028428086728,0.025767264758127233,0.09448422224283858,0.015101280674164407,-0.029219038282034683,0.04540175267948055,0.1317379219775375,-0.00437879881319422,-0.0082662275413111,0.0449872575726535,0.07844196322429942,0.006976386549152386,0.044730609178453264
8_2,0.0025206819903101784,0.10762692148646064,0.17419892254288552,0.014682260542732167,-0.026816765638586013,-0.02705117459681749,0.03524713523701232,0.034167804063392634,0.032416834456358186,-0.023936779651358438,0.03588541191650561,0.10848586960599671,-0.00451216993950061,0.006875726932067459,0.07467125538022845,0.06417865943672585,-0.0007046696271939871,0.041529905627262706,0.044261169822926855,0.11059862014938161,0.0617450637791726,0.0019800022339951577,-0.006341988161262264,-0.01221247341884463,-0.024721572981258023,0.10345736978999148,0.18627903134461113,0.07162972461648488,0.031718998526128875,0.018928206491685882,-0.012561171101566553,0.027069062988573256,-0.03497395926092077,0.11125308798877336,0.05252481351051577,0.09517968324254834,0.019618757376388577,-0.02911225738905661,0.04589739765533419,0.14415270623704424,-0.0026429926083562463,-0.007567700192253046,0.044391430349453004,0.08105276565910337,0.00795608378679872,0.044076844296648
8_4,0.000139421757010901,0.11363620743700309,0.17421565117234797,0.0129408200158521,-0.026378329778486777,-0.025586038821997344,0.03132957042041271,0.05801268840504192,0.03148564208894049,-0.02600545275328424,0.039941354406297536,0.10542602705578906,-0.010424983720987878,0.006546433303480708,0.07616559702163803,0.06417557467232152,-0.0013557886730528807,0.04064468582094034,0.04364172871687179,0.10834761970376267,0.06673036683357078,0.002411177961826934,0.0010552677914773133,-0.01255701032605917,-0.010199588296366495,0.093074282237127,0.1849123151688828,0.07275113797504003,0.03156456017953201,0.025044274231284358,-0.01189104371628481,0.027084125903059468,-0.035168075073711044,0.11260446367758635,0.02559896689247062,0.09448301535758943,0.013857527104316796,-0.026874866195396276,0.04533213424135293,0.13087808252502245,-0.0040100999958372525,-0.00761923889893299,0.051008179705809585,0.07931763775214777,0.007416769724316533,0.044443105682890234
8_5,-0.003437286475281606,0.09701784132291942,-0.020527135623326764,0.017734025278154885,-0.01316297963032894,-0.08780588141332,0.060015237871317226,0.03685675545616285,0.04413568733075624,-0.02003764962276695,0.04327527195081001,0.044532213887796906,0.04270254286831155,0.004915826981428417,0.08252274776012558,0.11580311324174883,-0.004962797771738994,0.04315845084032779,0.07820259060940274,0.12335839935212148,0.07680562966355156,0.003332613578694091,0.007862413629858317,0.006686452868499591,0.010859842286316748,0.09236157664117096,0.19297072968632287,0.07972734296428328,0.03704494418757015,0.027365743376362786,-0.004530924151971932,0.012872658149911391,-0.02855575178700455,0.10207560694976459,0.02221449292802183,0.0965403260348942,0.015661333257109757,-0.018009951066578087,0.025447390496089118,-0.040709452317732785,0.05290488384975797,-0.003862207089176233,0.04224614641928735,0.08611078933158708,0.007712745559693305,0.07200515481447194
9_1,0.00028986245515291763,0.13853438678391058,0.13419799779019356,0.014833037640032324,-0.02957077055334695,-0.04356174326501098,0.00416961283283462,0.033345402658381776,0.03421351192994253,-0.026932420358432154,0.038823514658954304,0.11178949871037225,0.01442426305941422,0.008998330714929828,0.0759819864794603,0.045302045423794984,0.003937543807757781,0.041954282497772284,0.011092723831805085,0.10454529459112609,0.05894665346310083,0.015199687957212894,0.02102405740412948,0.03673913914236704,-0.004933178555467169,0.08311884782690981,0.15259027367988778,0.07895325206261303,0.02428593864981089,0.010015584043938989,0.00601581686760768,0.03274303866428188,-0.08861178532850801,0.11245235864296929,0.0283877223830886,0.042508802109645985,0.044612249876968976,-0.032845932266394096,0.06426271730791515,0.22148679177819472,0.00042269280604344207,0.017013799494026524,0.05430687831999542,0.08497189621978175,0.007141910534071498,0.030489635952616362
9_2,-0.0005103292094512804,0.13583467837875365,0.13271527992299278,0.021376062837325266,-0.031568327932066466,-0.04477920125695169,0.002266594915544696,0.03341096130664291,0.03481676443055938,-0.02060525798926359,0.0385825672592117,0.1131629885008531,0.014321051981681139,0.0028693200094013285,0.0762994100941794,0.041134739797253524,-0.00450378269578998,0.042191943830047964,0.0120797155551093,0.10875916428096317,0.059984251447501684,0.014902735137109298,0.019813830273761435,0.03511626850042987,-0.0007302753748639146,0.0826336065426288,0.14969605084127466,0.0793681904398701,0.020003562400406624,0.008933315755987168,0.0036960966453929442,0.019677005304757564,-0.0883634481180229,0.1270575001628864,0.027196138050916543,0.03761753638009476,0.04353177456163196,-0.032096047301085666,0.06164471563143078,0.22049082186127777,0.003200893480747485,0.01895456286132772,0.052680617812539535,0.07796167098569358,0.006581761343252265,0.029877730302608173
9_4,-0.0019462838618470894,0.11074103645205423,0.13732957820509553,0.0179976148664093,-0.019570785174505362,-0.04793701337202589,0.0021788468217719555,0.03009341260702009,0.036551451088415655,-0.02612401067480985,0.04272490675391013,0.11871256774205835,0.02040552803083053,0.004305032516751181,0.07319851621916094,0.08173254799083923,0.004946060304068579,0.04549028139573064,0.026275285596895456,0.10911381287428686,0.058076531000483114,0.015004365434774814,0.016646576032237473,0.03486725058871234,-0.006602286039793157,0.08799761682533919,0.1542146274438291,0.05977605417245676,0.020932084908850016,0.01018224229273607,-0.0061938060307259075,0.019229162471154446,-0.09465689028165303,0.11767860803486678,0.026293069896307912,0.04901218006059609,0.04432644481666725,-0.03129156560045071,0.06100115083804953,0.2151252322699108,-0.011726859156843477,0.01744513238462245,0.04820325193099635,0.07945844556571914,0.007120058025167543,0.027906777539193444
9_5,0.00016912410407034313,0.11642228805716652,0.12986565456494095,0.01690784276822237,-0.011553839560381262,-0.04751081492795368,0.005892479396034339,0.03311515712224509,0.032514122994758844,-0.021751987308054516,0.04182093090123435,0.06337357552924729,0.008624454152337004,-0.004157391469489837,0.07924372557527062,0.09866512458502741,-0.008341950532004854,0.04349167933885443,0.06252007942542055,0.11146941549532587,0.05960065308957109,0.01564084680641242,0.015941499599099965,0.0483332140865814,-0.0051507808452042995,0.09280497135638596,0.14880327504103275,0.05941989588975157,0.02370383895156276,0.012251410233084232,0.002649125506724851,0.02094931079121152,-0.09068401449341071,0.11773872442060494,0.027451621203596045,0.049755544657093496,0.04327552560480278,-0.03268874472527621,0.06413892684025917,0.22231563867855816,-0.008741786352769116,0.016792120010321158,0.048859390181034655,0.0791034947890071,0.007152551024448296,0.029661586625456857
