,0,1,2,3,4,5,6,7,8,9,10,11,12,13,14,15,16,17,18,19,20,21,22,23,24,25,26,27,28,29,30,31,32,33,34,35,36,37,38,39,40,41,42,43,44,45
10_1,0.0005330341609650454,-0.000864175763858726,-0.0022608044778371712,-0.005006366885001271,-0.0014345827575151248,-0.002107430766791485,-0.0031034011109571393,0.0024975185575097964,-0.004983797813659539,0.22677718563202062,0.029174880537814127,0.34157595479318814,0.0016565241737911888,0.008059243906109998,0.006607431065688038,0.0033993586603190324,0.0039000424995329843,0.005966590841825401,-0.0029809131070947046,-0.03742816532689066,0.02088667508772797,-0.0025871091104853437,0.07137771321239829,0.10598344004239947,0.0014458075272246193,0.8364476628748336,0.07903659731754345,0.017443337193511255,-0.033125466355352066,-0.025808304024644995,-0.0013670669016555468,-0.009540415250300515,0.0013170592073593452,-0.0004484846641652341,0.12524398147165902,-0.00039523257421356626,0.1093835831711076,0.004072205857691782,-0.0017396485589561434,-0.00294948705905626,-0.0025709451954793673,0.004669843106591322,0.0014771530716341488,-0.00423515095982069,0.0014222160821518632,-0.01917475543098999
10_2,-0.0006892774816032662,-0.0019815822617318055,-0.004690835092213988,-0.007816591666662664,-0.0050449841686521476,-0.003043458991491914,-0.005296310148337498,-0.0014954339332547168,-0.011036187243262734,0.14745988634710896,0.025349970714575634,0.33164356858621363,0.0022495876173732744,-0.005254976992059261,0.004502745742549631,-0.002814553996586885,-0.006580707807986701,0.00041970317956881517,0.005015354214287325,0.02031763017943975,0.001969793999318122,-0.010783862287772495,0.06157000103457015,0.04908784471978493,0.009937333459098552,1.3726363070929306,0.15626474745646204,-0.04043762731541981,-0.02896512891488025,-0.01714293284134903,-0.007538869163167623,-0.012903913591467982,-0.011995539354205142,-0.0014234624964044387,0.11325538610990298,-0.015224524032463516,0.10172764700991166,0.0012493076821328128,-0.0026887646149533497,-0.00648637093506975,-0.0018708889295897383,0.0011342282483146984,-0.0010228826695922214,-0.006417143145539692,-0.0025672832852435116,-0.030689531111616528
10_4,-0.0001722599323232505,0.004540264365346138,-0.0001479594659759492,-0.0003073523653388937,0.004700342348811464,0.0007677032526130031,0.0010487455086254506,0.0005326897988827258,-0.0070272623901259865,0.24200974062812858,0.07441406592761846,0.3854931057505933,0.0028190930696999684,-0.004747378473330303,0.005455127671154438,-0.0021805786341645237,-0.0009405826970482467,-0.001589291084786753,0.004675454476413983,0.021449048889022684,0.0003749350614915316,-0.009482604805382173,0.04687295109586383,0.11441917784985667,-0.003294523044555364,1.2405393095829889,0.2264107790636123,-0.03816445338670749,-0.05161062126732411,-0.01780150221035833,-0.011385379126324627,-0.01492043756340589,-0.014296905595880779,-0.0005494253580871737,0.09066500191176825,-0.015984651995085922,0.08589134957118197,0.0023603707843945286,0.006125864903502724,0.0017495747285476997,0.00016578469825868897,-0.0003173945852677235,0.0012953531438317668,0.0032022138375509754,0.0012480042531793556,-0.02846209537575196
10_5,5.056037029740377e-05,-0.00208139267157231,-0.0010285648556730839,0.0017178588868703736,-0.003629498364322609,-0.00196766978655125,-0.0017266990153090394,0.0005247585850484775,-0.005621349045209816,0.22195087987602446,0.06484625669010807,0.397080208482135,0.0029562299185116807,0.007953504348852619,0.002337546073659984,-0.0009697089877425181,0.0062884772854776725,0.005685276380479964,0.003662523381430059,0.017888345158760022,0.0006772425283411217,-0.007679754012864975,0.05417726275850826,0.11464363078180065,0.008762242893453825,1.4515391477220712,0.23514426534901942,-0.0307441987777954,-0.04980202542893166,-0.010961199647593763,-0.008268417478454847,-0.01177148619255142,-0.006126768900559149,-0.0005430331193014969,0.10541770178349402,-0.006922396474319938,0.10171496281023922,0.0010102671218795746,-0.0003619143027897362,-0.0020536816060041964,0.0017863971705585754,-0.0022559401582853225,9.926316700161957e-05,0.0007110817099470374,0.0010436768966060508,-0.03419711240898626
11_1,-0.011901478920030356,-0.010052608140580715,-0.002101221106596416,-0.0074194776184382995,-0.006014168533392836,-0.0017116971402242336,-0.0038768716678707848,-0.0016083799414804447,-0.012081838672336366,0.144022657302177,0.025399048107829794,0.31521850375582605,-0.001548615002748444,-0.00971410848740943,0.0055474093617742465,-0.0018800476756496405,-0.01951883533175721,-0.010753538855848834,0.0036774413171514605,0.027051003830317503,0.0032343615692625896,-0.015233866391391878,0.06747836571058824,0.08816354078586454,-0.00027716443627365267,0.7593239839218083,0.07539413730087052,0.017960560496493947,-0.028703046166514538,-0.020403878277895304,-0.016249619642940916,-0.021779486222800192,-0.014069520779333334,-0.0018060058639417728,0.11349328670106316,-0.009904081749476705,0.10010960247564617,-0.013461136108350036,-0.009312289554756471,-0.0045850775651337,-0.0029236155363409804,0.0035854132558438487,-0.003957577196170271,-0.0041626861300424756,-0.001757250556583514,-0.03464913929838761
11_2,-0.0053008131952931355,-0.0011262263169888888,-0.0027758907897131938,-0.0044729510163133345,-0.0037438936102420304,-0.0005338406197477975,-0.001737222827635641,0.0005127515087416279,-0.0022422928828898124,0.20925387492135114,0.04325854854912203,0.14986939626200793,0.004964283563497328,0.005897474494194388,0.01042849009291693,0.0023239865124798447,0.007135621455812397,0.006535060922877232,0.009440440873831984,0.042761423231766425,0.005405555894480687,0.0027979685097883453,0.08163489578797348,-0.014374355457503563,0.0005710683820630686,0.278816525098734,-0.014469928285359921,0.016030411588250356,0.02153485265304528,-0.006134706420959612,-0.003196707731505112,-0.009132371928114138,0.004324487316802399,0.003459261907275786,0.13897826929288587,0.006629081082943616,0.09902912569711318,-0.007307913547481889,-0.0006532605818945843,-0.0017888980249605225,-0.002207101841418696,0.006442125831013247,0.003230438670020549,-0.0016503275790925292,0.0015708304667896044,-0.016959788209651626
11_4,-0.000803961724220141,-0.0016740632416524814,0.00026680416250037003,-0.002473260456819659,-0.001285491035257345,0.00046188322549697993,7.238532670984132e-05,0.0010508711991684162,0.00816104006696704,0.19344608364400429,0.04215878807803551,0.15005809062390504,0.0034551251226500527,0.013726849257935004,-0.008073409358410718,0.005049100863118669,0.01026735938299461,0.003077990284344609,-0.0005122730707581333,-0.04156939903748377,0.010707509920771451,0.0020702874325958113,0.10687463177433291,-0.013797759466211128,-0.00597783937533427,-0.06836174095530635,-0.009387765354146349,0.08456842708011696,0.051533691695327996,-0.0010644957777082855,0.005974876215756776,-0.0026469901286332574,0.009784083991502176,0.009115069429018144,0.13514656303431052,0.013989348789580507,0.10285387500385675,-0.0003322259761601539,-0.0047501668640996305,-0.0007733835064212794,-0.0014693675138624648,0.0028178902110501474,0.0019293208177593607,-0.0026381524099605997,0.002096117166670019,-0.017138800567631188
11_5,-0.0009468478626315418,-0.002131618615910273,-0.0012404689518497195,-0.0038247010665018693,-0.0028374738063509392,-0.0005669440870329208,-0.0006269751712344051,0.001488676119359538,0.00782238483520322,0.23498002598749373,0.042273160065648914,0.14278253471074193,0.0017441378453718582,0.011615383444819672,0.004274289286313848,0.0018889601412564422,0.005194690510460965,0.0052393782508634475,0.007504607344048335,0.03797612162734945,0.005712485635277048,0.002663887416077213,0.09361892762213225,-0.016166792512968986,-0.00036408962665059367,-0.06916815377596854,-0.013992776910629756,0.1233230905916163,-0.036117200208734546,0.005291808878801901,0.005168216238870818,-0.005363041676695596,0.006069417435957977,-0.0012835546527998382,0.1380763369489623,0.02101459123432896,0.10056095191659607,-0.0015554942771606154,-0.00415827131535559,-0.00015075702691536166,-0.002148376438060296,-4.699777326490966e-05,0.002587014068985439,-0.0033005429630452374,0.001112780619378012,-0.02580093131331132
12_1,0.002208970708950191,0.0063416925320759565,0.0012878046228294757,-0.0018605535511636798,0.004273741395038238,0.0009811391640620684,0.0012390734130844135,-0.0004971244728308097,-0.010008183148682414,0.3046027403028206,0.12696901554230042,0.4678377081604055,-0.00044793909866523257,0.007292807014450945,-0.007376542856583214,0.003911663619144189,0.006946826218220582,-0.0009387057613944015,-0.0010970737188283463,-0.02659655270266113,-0.0017506702197540617,-0.003358601961367086,0.11265243967682773,0.1528753575591413,-0.004148099063509555,1.7333262253678603,0.298840106494572,0.10357052329074865,-0.04430426904247634,-0.02893549052396373,0.0036591687726963535,0.008477281305741928,0.00567310389960061,-0.013218572390663957,0.1266882601642102,0.014078235269502203,0.12200637290458362,0.0019947657321283696,0.006674313722745887,0.0020536639052586136,-0.0007524488533863537,0.0015432656131081973,0.001104131332970404,0.003422807856881921,0.0008365384549484401,-0.016731368762541738
12_2,-0.002443118683159598,0.004691841757666149,0.0014870294689348015,-0.0027196298334343618,0.0039007954008135584,0.0007542913179937644,0.0015444904538845677,-0.00031706914488580573,-0.005506667595157001,0.2946608906040025,0.12557035480212794,0.46176074293711744,0.00013799431547682834,0.006382233174835797,0.0057765534932439815,0.0029974034827015615,0.006735635520147094,0.002790051405592224,0.006521374897510732,0.02437366297903897,0.0015235791111238468,-0.012025031936492875,0.09364649784042994,0.15419680288094464,0.006611382575097477,1.6683149373220594,0.29000951092332145,0.026193941276628073,-0.05392744119416904,-0.009783549341831572,0.0075527495814171385,0.0031621156080071707,0.005587349525835187,-0.002890110157577806,0.1191338191429747,0.014829692919171656,0.11504219841652892,0.002408499718137313,0.006703865996316513,0.00216536142518376,-0.0011374140555250852,-0.0010254660301696758,0.0008484798510086976,0.0013869902415570888,-0.00022161545272333157,-0.023309333059347515
12_4,-0.0021798353765392466,0.0053782408033397735,0.0034626923264007674,0.003126944078753936,0.007301266182693913,0.001192322935569336,0.003910535656261079,0.0006027899565076046,-0.008565757695766639,0.308449554672986,0.1272884036774842,0.45297999945703005,0.002886295266541202,0.007342257385736048,0.004456642119813162,-0.001273564976086089,0.0022202218429856076,0.00134143482347527,0.004629437956976395,0.023220729277197396,0.0006031381229335315,-0.008315101945009885,0.11218416856773848,0.15481855328560407,-0.003183493030698239,1.6502968248922039,0.28664887865988753,0.1073575197425834,-0.026657787226878126,0.0012744436032232033,-0.0029731827637950086,0.008657190954216512,0.00869585640538859,-0.0020581764653129016,0.12836554451661494,0.01771493781755219,0.122401358438951,0.005727225756399638,0.008906358609575518,0.005296141630006888,0.0015075650362978517,0.0013853003170454109,0.005355340229082917,0.004475382169094903,0.0015159578981401146,-0.015309639632648486
12_5,0.008933732433164511,0.006743960332165651,0.0016605154891313218,-0.00017879717421938,0.0044778313614664824,0.0028085477235354254,0.0028911630519927382,-2.9964567497133785e-05,-0.004671698020731273,0.3114773257546682,0.12564416814670284,0.47184801995649045,0.008181283264146601,0.006929325936586755,0.007014239486009554,0.0027367682365883497,0.006844784724039926,0.0012669234923857495,0.0040362928179883215,0.02291566515075117,-0.0005114432947593607,-0.0002554782202467509,0.11712301954252326,0.16267467648219344,0.0009685301707848637,1.7117748345595332,0.3066087697262678,0.10659358059947141,-0.009842089510489753,-0.023651398009576045,0.009628138063852718,0.010147074267720619,0.009698627329741742,0.005056600638934238,0.13660584709676285,0.022558730769760157,0.12968141093361776,0.006535969512538852,0.009155983399745026,0.004445138847156688,0.00036883408083529176,0.0028009192861767687,0.0028335941543704054,0.004251843544297429,-1.2135557199282367e-05,-0.012060042780657691
13_1,-0.0009892941054848025,0.0004886958812818651,0.00047526966435498905,0.0018184552076768725,0.0002182327188934272,0.000518378695377364,0.0005632329900168883,-0.0003064716127683531,-0.024893795383983248,0.33398770298450886,0.06272650665378517,0.13889739746601304,0.005580100788962463,0.008676878731743385,0.010363925649352772,0.002576133037981962,0.008953346280965998,0.002286040051333632,0.012386931489297261,0.049814987551980106,0.014150330478354997,0.0061731177271480775,0.04008057511519105,-0.017196161470316267,0.002930834749094047,-0.1422355869963,-0.020295526112043417,0.0039579166476888805,-0.04354253237420816,0.000875733666819524,-0.010850128252834075,-0.0012990508648514352,-0.003562355302296259,0.0069117990431835025,0.08188900866125909,0.007878796883453599,0.07244565702621283,-0.0027699888030251725,0.002008064587964929,0.00022350892828435095,-0.0004522077188064461,-0.0012912085234853667,-0.0022281835041826196,0.0010483281877654335,0.00034913978046589514,0.28319203952841626
13_2,-0.0009205970816160298,0.0010882822761365716,0.0005322834702515377,-0.0032766516587348104,0.0027013745118016075,-0.00013587888931929938,0.0002000623020529731,0.0007066734033294944,-0.025800420209014366,0.3392808731221001,0.062152928336857864,0.14954773368944702,-0.003798310815571273,0.007073378082496031,0.011292348620791995,0.0012420495619531735,0.0075249054168818885,-0.008467457224453105,0.014309163603636885,0.05476323664954219,0.01065821052182537,0.006620196505850115,0.06279449744325279,-0.020185086966956645,0.04726416587518966,-0.13456128547960547,-0.019613665467881347,0.0113955276183895,-0.04285634297131318,0.004598696325308892,-0.011802444200018839,-0.002292395013968531,-0.006232954300809891,0.013826609460083662,0.10055297531735762,0.009455941848694523,0.07330466329050304,-0.0004269477631950695,0.0012453346777861745,0.0009214369899081138,-0.0025876767233889643,-0.00045444546559299037,-0.0014364203670443445,0.0009301769741578648,0.0006967003963901986,0.2739755062821868
13_4,-0.00300119507732982,0.004160586632202246,0.0021612376155882777,0.0028591022988323483,0.005440143068617747,0.001173620746328377,0.0028515006421674966,0.0003271905833391929,-0.02413787418723046,0.34954518784451305,0.07001618448540295,0.13835722227247713,0.006248990100066143,0.00538736284899558,0.00924972429769721,0.0036346904001219003,0.008912937297509294,0.004397275497987523,0.013322765479390007,0.06383248687599666,0.016172283241679776,0.006479242070831334,0.07494671775774203,-0.018406655874590467,-0.0005383855375515183,-0.13796105126446234,-0.019788560666476624,0.0018206864861280447,-0.03612844874440945,0.00638238277475015,-0.010627802035599833,-0.0011630528406484618,-0.002575298235952378,0.015625796905168632,0.10584128744410136,0.011532068314843217,0.09471949407955753,0.0030672845526291343,0.005622605981244206,0.0005063424993867678,0.001483434299554007,0.0006722007033524943,0.0015403058907867652,0.003336201340777085,0.0006023917928095565,0.28004600749228176
13_5,-0.004417023630505513,0.0019273164917055416,0.002047077914023871,0.0027397818113865107,0.006202246863978951,0.0009219195320710564,0.001976050600055296,0.0015012311285476742,-0.02338414057636068,0.36142562587554233,0.07070194191218096,0.13169370994245616,0.005168262897794011,0.004532404264783816,0.0142319417497113,0.0027918309335169785,0.005972023693002017,0.006151536679675048,0.014990885845625515,0.06484006022137075,0.013516030706886483,0.006277085556310735,0.08238936825513561,-0.019961710126164007,0.033743936468970816,-0.13557731196001868,-0.02181847023716611,0.0983077135191365,-0.033684891971364955,0.006355448278524938,-0.012577646638158937,-0.009873340705542008,-0.0060450836223507835,0.014814011327897104,0.1107517336624319,0.012337754596072847,0.09801055964491485,0.0028558121865561023,0.002978892317993836,0.0004605751823911062,0.0015273241503091447,0.0012240353360167247,-0.0005049728782815968,0.002587350678412666,0.0011800612983545679,0.21470302862300103
14_1,-0.005460903989223523,0.001967298164613481,0.0005608429788985413,0.0018211676692825433,0.0015961801818144218,0.0011632125769112452,-0.0014431249236424445,-0.0010347948948462313,-0.11232302628476376,-0.6584318383641082,0.03119827596271446,0.09536439275554728,0.0024325329926761343,0.002530366097577176,-0.013858446182528702,-0.015455557020366103,0.002231502590580151,-0.001996384768456879,-0.014661591025054042,-0.05941876931863223,-0.007269487838916351,0.0018762771807307723,0.029032302736119668,-0.04630369389295518,0.0191794311523866,-0.20064278225107807,-0.03765718146886598,-0.0693632411587262,-0.15951190290623937,-0.0408796393420884,-0.04909894589220952,-0.0331829621720905,-0.03685203396949551,0.0018245945101964774,0.07638747419402224,0.006305809639596675,0.04910305892922483,-0.008143175491283216,0.0016576172527722004,-0.0006585946083808615,-0.002088794254832329,-0.0014801010762302332,-0.0028015643028659965,0.001954483665207961,-0.002909518839075266,-0.023067532419824868
14_2,-0.024012020847904665,-0.002694305744594606,0.00036166359671080877,-0.001191330051285433,-0.0008257404642555001,-0.0002954671344578003,0.0007742137788140809,-0.003972258963640961,-0.12899383593221384,-0.6982732091978292,-0.15144765135780283,0.08584473247994955,-0.0012416204985124047,0.0019248416127142932,-0.01616814282947049,-0.011659341510423691,-0.0010156592066739981,0.0020415454470886166,-0.015574590146082219,-0.04864919154153187,-0.008307002856357945,0.0019229111832819285,0.02690737071368634,-0.04772577097556626,-0.00693337562784631,-0.23711402759016914,-0.04057883508270533,-0.07495841705431117,-0.1451482764848016,-0.08924114195373113,-0.06226469658043387,-0.05023831387151391,-0.06321986198129681,-0.020529387960539484,0.06601480898630975,-0.0027342546376817075,0.03330436938746311,-0.007867677572056848,0.001031133015938681,-0.001132105375320701,-0.000407022555202286,-0.01394007629873509,-0.0044209707838678705,0.0017991033383130616,-0.006584031140764563,-0.015348190035060853
14_4,-0.02610809813906032,-0.0012110132972252279,-0.0005924947783611647,-0.0037238103943681316,0.0001867691203845301,-0.0003354988277536482,0.0005527551877851447,-0.001180022989539151,-0.1362273097340334,-0.7094020654126957,-0.16155608267787663,0.0868178457769623,-0.03814288473435559,-0.08289155888142961,-0.009625038560523099,0.001382023282311845,-0.017297712809111007,-0.03946244304479593,-0.006460088961860198,-0.055278946165519635,-0.0034757962241027426,-0.06381742162808579,0.08278943570598239,-0.020944410768540304,-0.005598982053926744,-0.2360929726407672,-0.03624590636772383,0.0801057741768961,-0.14040111183214912,-0.006869734655167299,-0.06370107745493732,-0.058655530253632356,-0.07006746279242938,0.0026444660848601417,0.07773722364105391,0.007311122722300861,0.070547491769211,-0.009315535308826695,0.0017701006571909216,0.000674128626229898,-0.002144001011242564,-0.01502880649553299,-0.0033428699036792565,0.0009023791517344398,-0.0013777892130062532,-0.029462592734324354
14_5,-0.007650091027599472,0.0019498550775211949,-0.00036308282761897994,-0.004258724410657667,0.0004319300206408356,0.001109119173694163,0.0007464496775155983,-0.0008227535495601716,-0.12497631416392983,-0.6729108139923609,-0.15282085970011813,0.08394252448019748,-0.02684337350271162,-0.05381521179532916,-0.013808785688807744,-0.012748788368316596,-0.01009616736602567,-0.025679811156633633,-0.014492971214749841,-0.0580383396730074,-0.005968480739244162,-0.05919540421225072,0.051966737957226304,-0.04386467456139262,-0.017056433764444216,-0.21677251842628523,-0.03894731159940085,-0.0068758431314536,-0.13420668714500902,-0.02805325509957075,-0.06011500699770856,-0.048750655429827934,-0.06345707469991403,0.0007066900106019517,0.07702670995402808,0.007665499600322712,0.05106922964251001,-0.008413761065140428,0.0022909004094321265,0.00022063035763133541,-0.0018917705091030417,-0.0024236031685772397,-0.002255460495098462,0.0008549996949313633,-0.001040104056063902,-0.06602222600545375
15_1,-0.004539618094371168,0.005036597348853495,0.003245966463311977,0.0018299480784744438,0.007080212500854296,0.0008566361123363768,0.001307791620232225,-0.0004508760977424804,-0.0186899183301443,0.31891679428929,0.0641103397872649,0.11243051196599137,0.003877652940070142,0.010890161519444082,0.013819856171162123,0.002617500035264249,0.006967525011489697,0.0007443733768182221,0.014649266157052813,0.0680070404217991,-0.0025848821891691453,0.0007601639566424178,0.07793687602502161,-0.01666573272014454,-0.0005450619943342596,-0.15185645748819437,-0.022205429556111534,0.1272325634072233,-0.03935515250724206,-0.007640111608539403,-0.005894395757040356,0.001549298812615024,-0.0013953944090788306,-0.0034341482595248514,0.10913069329251282,0.007176744792384616,0.09937760607138701,0.0031878111537750192,0.007828406155585905,0.001769787141252739,0.00028376678524850795,0.002143515775999943,0.002584995163505975,0.003364726237268107,-0.001878346509748024,-0.022409625049261014
15_2,-0.0037844277074861065,0.005850300989567797,0.0025234942519449183,0.0015758099596136677,0.007283088819742546,0.0008137603064533903,0.0016622638364734376,-0.0005191306741201673,-0.006404781529740609,0.27759740369919517,0.05911605735271675,0.13761978352704515,-0.0005470843845087726,0.008788664958234682,0.01220982737762734,0.004548688912885391,0.0002452589308757123,0.004994718660290055,0.004396037525447157,0.06093222447885588,-0.009020663504492652,0.0016244878886774396,0.05574918412200436,-0.022485366471374255,0.03257423633739553,-0.15208192091655096,-0.02688283043826099,-0.01855289880513291,0.06693885309180127,-0.007807244062220332,-0.009256457371950947,0.001400487078341282,0.002223402463555477,-0.0037301451178034673,0.08954892740158471,0.011860416217874252,0.09734705568052059,0.002519143949369736,0.007718788096545174,0.002702376754478431,0.001402780251576032,0.0007179913544550663,0.0011024255653603638,0.0034655037536978016,-0.0010330301765502793,-0.04424329618938043
15_4,-0.004596347196819613,0.002471837093912031,0.002226413403689116,0.0019577389813217744,0.008738672986515275,0.0007620898385979185,0.001246968867604809,-1.434233977917958e-05,-0.014370844460562032,0.28598475159430126,0.059405905052207275,0.11108676998793077,0.0041768065519709255,0.012528862132164796,0.013149595312146267,0.002726885948956162,0.0023279220041138816,0.005539518619095834,0.015013374567037748,0.06963131553998861,-0.003884276743991287,-0.06851995208973036,0.07961105522639525,-0.020418620446907808,-0.0019714949072369772,-0.15463118002026144,-0.027779798549881395,0.12081141733122894,0.04500426663170161,-0.006602973976482726,-0.00599845221414612,0.0018067294094871946,-0.00608185075606223,-0.0033141105564185955,0.10871145613584078,0.007292008769491912,0.1062838387029136,0.003356955252116755,0.006998689342477873,0.0007999188915986155,0.0012358094288426875,0.0023411536766411657,0.0021936990016424617,0.0017446523677272484,-0.0010127542072267712,-0.03420167626790597
15_5,-0.003842545500467744,0.0015662742369679486,0.0015933672740099606,0.002664876498137556,0.00518401721257384,0.0006244750132767385,0.0012649352473362015,0.00019455433398106095,-0.008298955150850943,0.2767167627824098,0.05778510475320621,0.12603069664637429,0.00384814889551087,0.004630200503838696,0.010388686259665632,0.0030379704442653494,0.0043132892644741645,0.001772608761839228,0.002768542084107513,0.055861109637484266,0.0023078371541047625,0.000954496981267224,0.07845258323530122,-0.023301679970865727,-0.005487592802054416,-0.14650893432051976,-0.02814261518325947,0.11708587081515785,0.04319005311133276,0.0011473780966382602,-0.007115114340618823,-0.00038733024785609667,-0.0008843504352729816,-0.0031373430982156486,0.10031772896410553,0.009288207456537162,0.10023709389554737,0.001533550164608565,0.0035033769743424634,0.0002146103146335788,0.0004670718482392842,0.003023161896449233,0.000623848592567616,0.0017387921942491184,0.0008881885253544242,-0.029736991769482874
16_1,0.0007056500090608445,-0.0036083106525440756,-0.002248062049855167,-0.00406782976828814,-0.003838763861633378,0.00014770875921835748,-0.0012013092434983788,-0.0010722147462374218,-0.016363586339878018,0.12740917550479247,0.02097791372154094,0.12886586333867986,0.0047091637328109505,0.0027160260997412026,-0.012253289469836039,0.0001178874335303915,0.0041366245244044315,0.0031953142689213334,-0.006505408008842545,-0.05721583846798579,0.005893740049281907,0.0028040811137800374,0.09061716021978956,-0.015930066309128993,-0.007824030636886374,-0.17778539286335784,-0.02966228570809297,0.09910152414287962,0.031457470970858596,0.008540859189262824,0.001109569112668444,-0.007082655616562307,0.0025053365558216113,0.0064639101316811875,0.11133460971701457,0.0036485191098421014,0.11257183486926554,-0.0017586858517405594,-0.005651496963410094,-0.0016134550269155366,-0.002093715671827857,-0.0013447482873391084,0.0008228096646605225,-0.0027496255526762697,-0.0008469103283917596,-0.04189944548799811
16_2,0.0009791302209891128,-0.0029841867276234123,-0.002200146688916302,-0.003910011696947358,-0.0012877363674582132,1.640290489211337e-05,-0.0012541897416890836,-0.0010283156080085178,-0.016355613860485844,0.12645836882826375,0.0203687402423472,0.12946743221613213,0.0045389514776118635,0.0029841275185892202,-0.011572327252874904,0.0005071590789228049,0.0026785651407047087,0.0025978013495041746,-0.005979696261370127,-0.05567561379414848,0.005729346730535901,0.00333874903831414,0.09138426385433822,-0.015992689091995787,-0.012384531939685247,-0.1767346044520291,-0.028953003717603766,0.10053915753805882,0.03250767737081073,0.008577386298198883,0.0013137172209793375,-0.007425295123637616,0.0028947057417074698,0.006562405565988147,0.11258498841068357,0.0036546931605239163,0.11286877116604646,-0.0019292158935609025,-0.005655065118463479,-0.001512822918729237,-0.0020718400997987454,-0.001306461082184004,0.0009286115232113447,-0.002702106300345311,-0.0007876607512400168,-0.041992175549185905
16_4,0.0010645991429655084,-0.0034467336578603435,-0.0021738280536121044,-0.003982229453757184,-0.0009700613099643677,0.00030869285090877004,-0.001014102727863237,-0.000979209425231844,-0.01580496280450183,0.13088448094133542,0.020382666447262283,0.12934891262375572,0.00543968057657482,0.0038386872724896523,-0.011091025352448606,0.00043542953278500506,0.0030916626428723996,0.0026615964016947547,-0.0059475968436768925,-0.05574691468812427,0.006214808398045693,0.0030956802674128327,0.09084600248535284,-0.0155968329931431,-0.009232395230727622,-0.17627893763539887,-0.029003033367951642,0.09922047288222798,0.0323823755097955,0.008222240418111298,0.0014256980139182585,-0.006072903940173431,0.0022444595703668127,0.006632559349985936,0.1119325184954467,0.004013171651767762,0.1131732233374086,-0.002076844789856268,-0.005447414148283473,-0.0016810219514003008,-0.002277864925978043,-0.0012618748073540973,0.0009042865070875989,-0.0028452214386807833,-0.0005523414995223462,-0.04118018464697798
16_5,-0.0019371043771911128,-0.0031666553200231954,-0.0023318318582300477,-0.004129079972733699,-0.0013486066441050772,-0.00017299696527466778,-0.001317852193436091,-0.000948245985079857,-0.01634824377643557,0.12464497253103116,0.0201197765963564,0.1293358005579207,0.0024724611676439734,0.002835030146539051,-0.012238229317077505,0.00037600954659493583,-0.002695494216041375,0.003758684607811833,-0.006465964279239354,-0.057378712706370245,0.005590115008794828,0.0035415542628005397,0.0899106362906224,-0.01644056569348256,-0.013181190543630086,-0.17746941782781483,-0.029113680978551774,0.10000429921349754,0.03220772122253133,0.00806656408365517,0.000979122680768488,-0.0076182431411271154,0.0022095980906514734,0.006695654292211453,0.11179169985689323,0.003148362007623311,0.11351772591785221,-0.0032474550486774573,-0.005644075809103616,-0.0016242537113524186,-0.0020703350814041707,-0.0015342298778042857,0.00040579608793304907,-0.0026048908700358683,-0.000701319901373212,-0.042126479657542716
17_1,-0.003423462239371545,0.0005136302000148541,0.0006749360773150113,-0.0051208720596880985,-0.000920543192363274,-0.0006762668596523172,-8.875485877056772e-05,-0.0016113779256020186,0.029610946173289687,-0.41446584878712756,-0.09734023925774483,0.10311209131507504,-0.00013847538700268548,0.0035414684836057543,-0.010106232725093037,0.001943182905535544,-0.0007751045160021465,0.002127142193567885,-0.004032082380772641,-0.046217728112461234,-0.005899797009614071,-0.007665806005557989,0.026945299072291727,-0.02655607584577505,-0.009339174066085395,-0.19568208197356446,-0.03360872933199379,0.07515677755282141,0.04898538900532731,-0.026797331520771732,0.011861877602665803,0.004186390631855426,0.01082327194368158,-0.004195542654911204,0.08452545982739612,0.0012051953621014084,0.0826508169918822,-0.0037081009069431107,-0.00028627476622224244,0.0003266659665282723,-0.0029885189323657813,-0.0010644228939694043,-0.0010764898179624538,0.0006825300919290354,-0.0023571446681344265,-0.023833581704084998
17_2,-0.014986516658917533,-0.0019205102390788863,0.001779989475666418,0.0019536875556172744,0.0018933513959420306,-0.00048466747507599123,0.0007494802694100052,-5.270539094585506e-05,0.024071449882661,-0.4032398161110256,-0.09666393569688465,0.10658818654469115,0.003643629914379536,0.0047477178569590595,-0.011321174040871523,-0.010361284004657724,0.0015360166183422462,0.002218964260308802,-0.007099540506561409,-0.051947703908383165,0.0032298329186024773,-0.0019804592230290123,0.03795650616155844,-0.01998488010655043,-0.007387696977738739,-0.19601957829109867,-0.029187216204221864,0.07898895460768021,0.05665163565123379,-0.007664809160734173,0.015140828675444086,0.0050385354624524654,0.011777430594606165,-0.001815956910287425,0.08205671166831656,0.009072818839886889,0.08832239025854008,-0.007707298617430502,0.001949302403244987,-0.0004354690029692782,1.0611511330209752e-05,-0.0018654341435440382,-0.005346085826722447,0.0017182889262502832,-0.0029131874283850542,-0.018519849976781716
17_4,-0.007495573932182927,-0.0038318173952789337,-0.004097660773681113,-0.005191328208539515,-0.00581439470942846,-0.0027666786512169964,-0.002764456653981576,-0.001958116353258792,0.014798482539652052,-0.23796568649185162,-0.09799964510247743,0.11365491105495988,-0.004396244656562383,0.0025148181897488723,-0.015482544116218227,0.0011964550320215496,-0.0003838695659739878,-0.0017947165200591967,-0.009326999709483471,-0.052024177042357025,-0.008577989476775839,-0.010153886988148633,0.02422307065944494,-0.02948477213208283,-0.011455841137422446,-0.1982241186823594,-0.032770398398419665,0.06702857715481088,0.03119810062755791,-0.006667412961503353,0.007504960983986933,-0.0010776163671385747,0.0032602562528498687,-0.003999278721854013,0.10195139583596474,-0.0019443383678616017,0.10546993774338975,-0.010438630687089416,-0.004372202825732206,-0.0015587491713621845,-0.002904405321548438,-0.004250381028849157,-0.0024643639291583846,-0.0030183000799416334,-0.0026272600195178675,-0.028393572151115907
17_5,-0.012927166874074126,-0.0012724068689063286,0.0006639490095848469,-0.00048729728114843475,-0.00038954164887178354,-0.0011122115086655098,-0.00033621516176478246,0.0005121686733156574,0.025327746349948735,-0.4016767959783488,-0.0957169133359365,0.10441587743551933,0.002052063753250525,0.004228262650998805,-0.013024337688034751,0.0013642513074800407,0.0016159280939903513,0.001564324560766597,-0.0048289698228675465,-0.04795322223119602,0.005657922081238977,-0.0011902664110184935,0.0325341046727785,-0.016733210464215706,-0.009027638963874032,-0.19420888740448342,-0.03121203628687822,0.0821882284177804,0.05947852776719022,0.006288886124058175,0.01292377700637781,0.006530205540815511,0.01420308985146377,0.0019718155937212154,0.08306314349089829,0.009186643179717532,0.08954121946470014,-0.012558356786321249,0.0011803988545992473,0.0007240517630094467,0.0006456277167020836,-0.004299065740180576,-0.004455367234562559,0.000653355206118904,0.00080368383700196,-0.014010666062667092
18_1,-0.00017359650162974624,0.00024549067146570374,-0.0015567228585167947,-0.005617960704538811,-0.001632079773800641,0.000355847475163888,0.0005204621181114592,-0.0011906722178528983,-0.029649701176927428,0.15864055967312715,0.026573403669451382,0.11500013700315306,-0.0003874299955209536,0.00016971749185477658,0.005634229411424113,0.0013550016008936447,-0.0033717827357831417,0.0035922386897904906,0.009775402316389443,0.04197623697334798,-0.010604859939006372,-0.01674764412894061,0.07082736530127093,-0.029026380012591217,-0.01153903593359306,-0.1886386791970335,-0.03408306913873284,0.10499201278899015,0.016716705122525318,-0.011797018733676928,-0.001775320609905338,-0.011357667191160586,-0.0013922282638050205,-0.0062804908016797925,0.10034650871972439,0.004547795481862154,0.10066443809247236,-0.0010430576708180081,-0.0010484909883703936,-0.0003767784465115244,-0.0031159895665279743,-0.0035880350159023305,-0.0002652918243462629,0.0007089361820697863,-0.0009313277425724077,-0.053622509930454365
18_2,-0.0037677171122605393,-8.734019629710706e-05,0.00018833657624222288,0.00145574175529537,-0.0008493474401227807,8.17626336327002e-05,9.841088790393579e-05,0.0016509444839189129,-0.023923206359380347,0.14257548736208517,0.02291713225340384,0.116273352035432,0.004189827447989985,0.003385896370665889,-0.010042404913435757,0.00020220140513369284,0.0005054197592939007,-0.0009566206512832124,-0.007436311543382234,-0.061981110882782166,0.004185893357339958,-0.004482430051635415,0.07090840831123205,-0.024584582052914142,-0.009575622140261305,-0.18816453057395638,-0.030199943508396634,0.10213074684002954,0.027184435121780138,-0.004050338588534347,0.0012289266923286432,-0.01012717475892964,-0.0011507000049339978,-0.00236878005666409,0.093157987077703,0.00758466611345052,0.09797055378352548,-0.005475356122198186,-0.0006685769862980217,-0.0002505881289946205,0.0018483692520593561,-0.0026227754801383114,-0.001231394561513147,0.0011958226203668883,0.0011937743579710609,-0.040380761612730465
18_4,-0.002309649110241761,-0.00420693170964956,-0.004249078951744006,-0.006358392534550306,-0.004294830853901291,-0.0025264558168118715,-0.0026159368996156143,-0.0021224741565765504,-0.030917852654889142,0.1554245589779404,0.028437607008157083,0.11995909821023695,-0.0047990323535526975,0.005335609618923186,-0.012105737322922586,0.0006520732979994738,-5.2227236671789446e-05,-0.0017581997576954242,-0.008323545309954763,-0.06871550780969844,-0.010049325198331344,-0.01622491115572965,0.07055712511579436,-0.02989341557169441,-0.012115574420964607,-0.1571502012763899,-0.03351021899734125,0.09724417989124119,0.023191563924329445,-0.007360548565434565,0.00011929132730667893,-0.011907092182950576,-0.005567377996592494,-0.00521084795077528,0.11316690642972782,-0.0010143467858139679,0.11274467219269863,-0.0035634657197734093,-0.005299718556349479,-0.0019070016222443862,-0.0018229812517941912,-0.004203601650072778,-0.002029368025674394,-0.003063399207256188,-0.0015845335763268232,-0.04339496706743755
18_5,-0.0012358380840484825,3.051816525229626e-05,0.0005005222995285243,-0.004432151347685033,-0.0006669995467672034,-0.0006587587978917114,0.0004266899942743278,-0.0010154728333913042,-0.01915437631652626,0.13220642769940977,0.02090103202899433,0.12134622565096992,0.004734098038923338,0.002045595124308259,-0.009656277494188344,0.0007316474792019405,0.0021240425026605734,0.0009415219739648536,-0.006310247077625545,-0.06275928164937893,0.007808870379955607,-0.0005332985508924779,0.08280097356537185,-0.017221332581560958,-0.00806932183680331,-0.18990568930878887,-0.030099518562097534,0.10135372636924864,0.031045765811169464,0.0066104087980557195,0.001577977112882211,-0.00905331114888586,0.00017658288201413404,0.003297085871995096,0.0927302949207433,0.008135360005580343,0.09929741180332405,-0.002691595548957307,-2.043059509082329e-05,-9.245853984510768e-05,-0.002438459287782803,-0.0036999810107978303,-0.000644581992310292,0.0010377192086120108,-0.0023930083537839673,-0.042900221194495596
19_1,0.003329230419818387,0.0014780167429119938,0.0009973884141540976,-0.0020058722775821093,-0.00398372647796609,0.0008196559248117883,0.0007566125885841731,2.9580453758976924e-05,0.013810449877467093,-0.17822139693571562,-0.08361759964800418,0.11290870409797829,-0.003540214193244489,0.0031658240263345455,-0.01358208717770265,0.0027203871413837006,-9.013786006203664e-05,-0.0007732003019117986,-0.008541949002194276,-0.051091126382490734,-0.0062529782149011405,-0.003698189609730831,0.0966611931526848,-0.01693166799416918,-0.0015612069654173935,-0.19729534200535936,-0.031316653645558565,0.0879172911405092,0.03985684451109969,0.00264473044799222,0.0070436298081962235,0.0028538384138029256,0.005504445425056957,0.0016993599343370798,0.08808683569379591,0.015388320765980276,0.09284861641990708,0.000600106032829998,0.0013354309860566908,0.00033848833999888247,-0.0015411697537503276,-0.002830528418281189,3.5543203580713426e-06,0.0011512519038404476,0.0006582632601786631,-0.021255524349445706
19_2,0.0016686251985738494,0.001144493079201365,0.000763062989847553,-0.0009677570410044641,-0.004429677158408586,0.0004903831977412207,0.0005136954798024125,0.0009418937865669286,0.009297014746147423,-0.1140534590747382,-0.08370246305798398,0.11162933593919942,-0.0044863903492536475,0.003345737020993333,-0.016602670476995218,0.0018929347887898186,-0.0005560770425814712,-0.0013271604176067354,-0.00978415656791183,-0.05864833652434199,-0.008296359816181475,-0.00040455674616925527,0.09566105018425865,-0.017154993906748624,-0.009838951286974934,-0.19614241428778326,-0.0335354058825506,0.09007650673149063,0.03377319683805827,0.004882379728647494,0.0019011471496335405,-0.0009187849019750033,0.001730754734662932,0.0009487495675173783,0.08770587912156631,0.008669180787851227,0.09273258137680183,-0.0015480555798833872,0.0010588999144557764,0.0004361038750142917,-0.0006942661476362007,-0.0036773454791691846,0.0002038511535203843,0.001111937939038464,0.0019293295038292928,-0.022169181396783713
19_4,0.0034953210860252126,-0.0018923166521423508,0.0008351113819791677,-0.0019837939960014642,-0.0045680787613675096,3.818689069870741e-05,0.0008184990198352469,3.9025441918466596e-05,0.014461792894727323,-0.17325727322918122,-0.08240764841600547,0.11599277032731156,-0.0033914169445029736,0.003627812693650464,-0.01405989925991378,0.0014724913594967737,4.0966590585334584e-05,-0.00044479417962409016,-0.008369653704049752,-0.05012494655893163,-0.0050807007620950065,0.0012061049572265367,0.09683039851070802,-0.01682291654702426,-0.0050817960855634,-0.19636110430338885,-0.03063625084649241,0.09039849438566946,0.04548145015837533,0.0026026747164248844,0.0059100642366516085,0.0023299073889697466,0.004303546991895308,0.0017792698772641751,0.09325334786801749,0.00846652600808221,0.09669655247820388,0.0008617730844672142,0.001042727636450808,0.0008451092590281896,-0.0016367210873717412,-0.0013716145024213052,2.071804380479787e-06,0.0011638057666066208,0.0006301843332328854,-0.01791128621250258
19_5,0.0019622265765567135,0.0013795132835815417,0.0006671148975730739,-0.001896943529500381,-0.004784100675327213,0.000840496680159609,0.0006199968643012069,0.0009821197054786651,0.010859953087156921,-0.2427157265668893,-0.08851243673988522,0.11069386198947156,-0.0029617917929918073,0.0035552501713187637,-0.01340834411509306,0.0006679009645802184,-0.00019165273462413269,-0.0005699503848706668,-0.009471356815367557,-0.049589873402180656,-0.005495084411676806,-0.0014927422150912341,0.09624500998700762,-0.01801850636703008,-0.009447122940139746,-0.1978024818013215,-0.03276331778735314,0.08902119779820461,0.049196006221220334,0.004970540935680252,0.0040148472153555765,0.004612386606469473,0.0031478858665876294,0.002239927397345507,0.09005990454299923,0.00845221255050694,0.09141841280686142,-0.0020358147065899206,0.0008953121390714454,0.00042836046779763366,-0.0010185335602200664,-0.0022695247852916457,0.0001356788313760031,0.001233100730416929,0.0019758475082179553,-0.015785941720219854
1_1,-0.002269869949082854,0.013807230779870174,0.016706339376434582,0.016323018941473963,0.02162631057628319,0.0107990361859552,0.007934980719205358,0.011029183558246879,-0.08558387623286366,-0.4914531026364339,-0.07840832047631204,-0.5142789483362035,-0.002433338121014185,0.004419830773864233,0.0012319975514818282,-0.0074875374423544775,0.003153767478360895,-0.003579225714752849,-0.0072085675690067115,-0.025507473734648175,-0.00032410191145710454,-0.0007442140458285793,0.05968200834776593,0.005997854250076419,-0.010544869981160443,-0.17610522325005235,-0.02486115619002893,0.08226183909259777,-0.08096494972396578,0.0025890671385285814,-0.04360044182004743,-0.034579542530050564,-0.09050990147615885,-0.002647090942860148,-0.7662647250069876,-0.13829053791022353,-0.8254143418977637,0.004494215927275234,0.023514183521570295,0.005643732651591658,0.01355024218527984,0.008714604333964492,0.003777874480527102,0.018391273299922826,0.012329499389396767,0.0035320577772274763
1_2,0.0024140715748598362,0.009267366014514541,0.014218108160441537,0.013145308254186307,0.018882813560620257,0.008558911032299346,0.0054444221035360235,0.008966296211382301,-0.08853041723272963,-0.5443480410567344,-0.08955559414866508,-0.32831400251622067,0.003678367680749612,0.00020959733659716418,-0.00358734566205699,-0.003187241855261672,-0.0013783585054868356,0.0030172747753987638,0.004040272623825897,0.023183256338609216,-0.009931717085522946,-0.009688167513444595,0.03692756500654988,-0.0003074360825814024,0.0037701477387459205,-0.17962170943146913,-0.028739902213659248,0.01980506764276246,-0.12654237128687107,-0.0055889087884154354,-0.04493795638358607,-0.03600200887858311,-0.039374797819517034,-0.00041620588388586717,-0.8037270892942118,-0.1537122812976298,-0.8405693459900354,0.0008542076379385592,0.021677838276515683,0.003937412658540165,0.011392805083182377,0.007947564315727743,0.0022176268493875073,0.015059359025272263,0.009174867848324556,0.05403924961417885
1_4,0.0016665408234336585,0.010431839786118183,0.016048714888900015,0.01580228112297981,0.0221262913786972,0.010640629160650523,0.007535903005971454,0.009825825482426548,-0.08798251595768218,-0.5408099892914449,-0.09009190142574028,-0.5093490989081756,-0.0013239208618322474,0.003366713710633701,0.0011707422279681136,-0.0008203945490983417,0.0009372816470997062,0.0007099508404956294,-0.008279659568981529,0.018468895107500483,0.00044291317700047614,-0.0028450170277596453,0.039006051895795084,0.005052840035775645,-0.01722594744684037,-0.1737580876489491,-0.02439152876362673,0.026170062227930443,-0.08756615566853376,-0.0029691719010248607,-0.020724256985257244,-0.0336711267865335,-0.09066944848317411,-0.0041496969128625725,-0.7868712136243327,-0.15041503206653262,-0.8316461170881162,0.002587757096069343,0.02221002622055692,0.004708280718971191,0.012050223157009012,0.01394406253767273,0.0031945359257344037,0.016226062811275404,0.011330641240030031,0.07904227144276967
1_5,-0.0008697479251605986,0.010950639117893114,0.016119453621893595,0.016037136305432787,0.021188043442836497,0.01050560962396245,0.007425637297574226,0.01011961036259734,-0.08770290862270307,-0.5219673202557144,-0.08470249799852193,-0.4935254629587327,0.003939684342464781,0.0019124888514575778,0.008600894358008974,-0.0010043338038058208,-0.0001625440973549257,0.004866302867237131,0.004309318410148095,0.02221866616370358,0.0003354551528178378,-0.008969772160095672,0.04036213395254325,0.004589964799673925,0.007478783504354426,-0.18219192006260806,-0.02400507280686401,0.024446826319330657,-0.08791109488789611,-0.003899508150212725,-0.046087622113386545,-0.03878351523089176,-0.0943769871048403,-0.001221788422213577,-0.799694828737733,-0.15017095756348647,-0.8240329906275147,0.002794650270083247,0.022717042677886497,0.004534346721213,0.01266019510802048,0.008033420400890303,0.003495995859551048,0.016271537989348432,0.011736748923984476,0.04361669589763879
20_1,-0.0007628003976331651,0.0004026940109627264,0.000820303098470661,0.0006354363413495299,-0.0019439684189448345,1.6719116070391187e-05,8.63305636945981e-05,0.0001001931245310535,-0.023544298820430607,0.2614097401958664,0.044695178071601144,0.09531381910683015,-0.0018155324255403676,0.0038088385097383827,-0.010404493972652962,0.00023869510601082564,0.00046193388703899123,-0.0011104204484124458,-0.005102339264215424,-0.048050208170229265,-0.0024348605921767135,-0.0005960382402086269,0.06292281558830723,-0.027027441802679242,-0.008950047206387729,-0.17275139964028413,-0.025578249206599044,-0.048535148970543736,-0.04834260877535732,-0.0029917815488074615,-0.015761749165143328,-0.000749080875751325,-0.01008663254133452,-0.00192023299141935,0.03315192990329477,-0.005998086225850075,0.03321885872875557,-0.003635051696213314,0.0020718899207521663,-0.00031929042893925295,0.0010316993197414857,-0.003432140585761713,-0.001966205005695412,0.000912160868320312,0.0009904892076030582,-0.05233019149494996
20_2,-0.006338862442023756,0.00023527940071476277,0.000842586586674141,0.0017204151999823645,0.0019954346252929315,2.1885322088349587e-06,0.0006121977409579331,-0.0014235157821250411,-0.024939135189016515,0.2749214157186317,0.0487614737755599,0.09256291620855497,0.0005144618014750063,0.0002635051637295595,0.005808442929387029,0.00023136795826038544,0.003983326883649676,0.002426521033836448,0.009936739486280223,0.04084518670759328,-0.0006607472575609159,-0.0038517680091110377,0.05303834385299822,-0.028188530932097024,-0.01266245608123546,-0.17090757620196187,-0.02509222967348155,-0.05481017580030418,-0.04057308399406172,-0.013789648961124213,-0.013817119513056298,-0.002213628674135482,-0.007727708314114676,-0.006212024630247567,0.011268615720385355,-0.004293387535107722,0.017867293111761107,-0.0015777889579313036,0.0014437200355949132,-0.000865976665623655,-7.43356821524537e-05,-0.001437602760263107,-0.0031525970283762914,0.0005461856551688941,-0.0012030179830403236,-0.06032431163575272
20_4,-0.006087495145080515,0.0004327433000524835,0.0015570749054617788,0.001218363169757974,0.002864109559959544,-3.2072574988954474e-05,0.0015945783095144802,-0.0011038682525565343,-0.025701215729047162,0.2766374943608293,0.051034671561613405,0.09259638104809657,-0.0008478121140419575,0.0030042724638157173,0.007614087508281869,0.003235369590431336,-0.0033009374475635937,0.0014594884476672244,-0.002248550723799702,0.0371667617797856,-0.0037152725067811847,-0.003231862539592859,0.03962382606154468,-0.02828730155467158,-0.014139697046447212,-0.16973909734852763,-0.025695849426298666,-0.052301161702058695,-0.020637489790858773,-0.012362431715627923,-0.014427659427997596,-0.0018285073622863338,-0.005814836900938229,-0.006019889965038955,0.015095165433856998,-0.006658486182966459,0.017463443577469036,-0.0010137147797579654,0.0017265306853877227,0.0002486933488280458,8.241501246336319e-05,-0.0006516622019484845,-0.0009938453103011157,0.000585228361378458,-0.001320081688196789,-0.05796026482706701
20_5,-0.0008876398120113195,-0.00033565361480043646,0.0009202083806862441,0.0006819006777621062,7.506912768262414e-05,0.00027039617394974947,0.00020351494815145103,0.00018452909749716682,-0.024056581954475246,0.26184701482650824,0.044628941139398845,0.0952170224063952,0.00045191986262415847,0.0035005165667971213,-0.009217931972555977,0.0009873325538912912,-0.002304421730541283,0.0012967497759919836,-0.0050627792644022595,-0.04850276985677203,-0.010194985748323055,0.000271638656972841,0.06320089511485351,-0.026748001801531276,-0.008502269800607191,-0.17159209653203236,-0.025229138247761813,-0.04777335928461216,-0.05011362076012886,-0.00401032243863797,-0.010817227979624523,-0.000623183526783962,-0.007833958329543745,-0.002039934073474978,0.03399405942785224,-0.003910292422557021,0.03134672152498541,-0.0032481011241899025,0.0027181812846069063,-0.00037546161063627695,0.001221542437381284,-0.0019372331265834625,-0.0018131125467653613,0.0009652161401531598,0.0013011321213349603,-0.05077459685176286
21_1,0.0039010950191861148,-0.0024398186553678957,-0.002747563909116532,-0.003184636863200627,-0.0032723347024620165,-0.0009126013332838462,-0.0013479351226322236,-0.0001302381597563843,0.03131085402297644,-0.41685586362974003,-0.09257314227170174,0.1242724064921296,0.003175760216021183,0.005770886255786617,-0.009145694529764919,0.0014429008742065617,0.001404350367836934,0.0018187827415491273,-0.00424522833670734,-0.04043205205909121,0.005735389902146382,0.0029304965802591947,0.10116160722031095,-0.009959569403051923,0.001303209875501451,-0.1699834783002333,-0.025578535154837864,0.08461067321349398,0.05921860255051426,0.007537327496255752,0.01698558236358436,0.010093609969970718,0.018351634882246656,0.0010326058950960511,0.10759839612730693,0.007012338089201851,0.11520130535211785,0.0017219369618800694,-0.0031348396334407386,-0.0010502300121087275,-0.0014464415080267213,0.0016318557740798941,0.00047700558248678934,-0.002118696887094287,-0.0003787474436595938,0.08556736508980872
21_2,0.004257265594333737,-0.002139378749834267,-0.0025621109063073367,-0.002819972185315149,-0.002696125232730005,-0.0006285035984257668,-0.0010795755812353972,0.0001415571070062843,0.03187889433951421,-0.4049106135105327,-0.08517161332315076,0.12303207930658433,0.00043012196491735576,0.0062006097024555765,-0.00809307146407715,0.001886750750838703,0.0025845605373499337,-0.00031181209224080735,-0.0034132976031672198,-0.03757940050502977,0.005359248216983604,0.0018288435978918657,0.1029298760625792,-0.006281078075828706,0.00042938733585415833,-0.16873025451637466,-0.023241580456666543,0.08565057032150221,0.05997130424871847,0.008374609532866372,0.0177690976373533,0.011121248086820822,0.01975872072153919,0.0013726860295894987,0.10488920286448078,0.012613759845206286,0.1148943567816367,0.0017885390388814382,-0.0031432368027225215,-0.0008984303384382196,-0.0013277563595632778,0.001692547298518803,0.0006389921296746997,-0.0019222272378728788,-0.0002435210424801754,0.08766688338732113
21_4,0.0036007650336545576,-0.0018856041290663487,-0.002193608260116492,-0.002904162274957702,-0.0032228864937245633,-0.001101637817039111,-0.0013274070540775448,-3.6409026176314036e-05,0.029846865657837552,-0.4262511395526186,-0.09574180446589224,0.12196152785859377,0.0017566002383828164,0.0022075189736745007,-0.00961914469499844,0.0008707223413562074,0.002919497730792001,0.001997594201022507,-0.003303231471779125,-0.03892195932250886,-0.0013737159278715146,0.0016994833814727706,0.09466350310972067,-0.014865421773846586,-0.005778267375644908,-0.1713449995130881,-0.02784137263207283,0.08461487603570292,0.0579903014703029,0.007299433131834122,0.016971711940472787,0.010110568876653988,0.018449992855984934,0.0007590846527975751,0.10794299854352452,-0.0003903198340399355,0.11422226225313115,0.0014674213416734912,-0.0035350128422875276,-0.0008616618987112635,-0.0012242922347842006,0.0013558608954017627,0.0005591209100359562,-0.0024261678600920027,-0.0004938523878693198,0.08328204776946033
21_5,0.003219916570593495,-0.0027188516573430203,-0.0030778398740319325,-0.003630240712692471,-0.0034555965263323714,-0.0019195139558097077,-0.002202686560653234,-0.001278972982072396,0.028995691944250918,-0.43992797728397376,-0.0942160971370882,0.1223582833453336,0.004183109643892901,0.0028334499423718295,-0.0074459949701251,-0.004320760100654253,0.0005996005686063731,-0.001950027930722652,-0.0008078740014721023,-0.04090857053351362,0.0056785461918423446,0.0009015151025713198,0.09286246688749568,-0.015668471576441943,0.0007084832347260802,-0.17503266085609648,-0.03982574251505666,0.08397437171871712,0.05805138032858542,0.007366741814786413,0.016459119896488548,0.008911457031955887,0.0169245762211941,0.0007853866146752506,0.1046450906096443,0.007717067333244943,0.11371741844706104,0.0009809577364194785,-0.004366335211790969,-0.0011584162581957955,-0.001938770848673784,0.000742608178739566,-0.001411406102615698,-0.0026263578407695843,-0.0013211223296034629,0.08652511699203203
22_1,0.0002628595698006517,-0.0025309990731048736,-0.0029824502454365927,-0.0032757052923907543,-0.0032114249425131023,-0.003981732139496538,-0.004041962972329207,-0.000434304061174391,0.02659843846648169,-0.4231076502770321,-0.096296201267261,0.07181076134153616,-0.001692346845497313,0.002242961672545475,-0.00984755270116022,0.0008738436749259651,5.962570745494789e-06,0.00037534416669859867,-0.0036032693517063855,-0.03995922893607604,-0.004694239921204835,-0.0007558130230345811,0.09327880158102521,-0.013502676464631056,-0.0005404191490118199,-0.173711748223138,-0.029981243730717814,0.08455905423921575,0.05733806110016748,0.006566526072114427,0.016317780280256943,0.007992710933337543,0.015857905309218996,-0.0032704044035890742,0.1065406489872503,-0.0005588442560203573,0.11299138575383162,0.0008713255235483664,-0.004211989076509517,-0.0009659504685438231,-0.0016583441450893045,0.0009789636360334768,0.00043649637607270204,-0.0022270606460153847,-0.00036448820250837763,0.08025381997746427
22_2,0.004339410071912845,-0.002936788115994039,-0.0028719474500674973,-0.0029952658099062094,-0.0031792218796774198,-0.0019397161761503003,-0.001401136571091608,0.00011784584642374565,0.035281488947558615,-0.4343421857525657,-0.10182787974916362,0.1193965406489626,-0.030976239041502054,-0.054467164243251806,-0.012963051626574896,-0.007164435192555243,-0.014718563008815489,-0.026401336043998767,-0.007431062029538628,-0.04246245519991308,-0.004216147712604699,0.0034547718993404386,0.09212719784710806,-0.015037230027752311,-0.006243677192555888,-0.17765016940528225,-0.0347955614926542,0.08454148335828028,0.055441102630883525,0.006658242434472333,0.0163613261244735,0.010260228551571025,0.016552673780566508,-0.003930711217065149,0.1055160200271533,0.004703638487631798,0.11396768795957607,0.00109310427427543,-0.004738776267622235,-0.000937240237492032,-0.0014733938039710097,0.001592496376204911,-0.0009639258504437119,-0.0025440061782188174,7.732199267740885e-05,0.07835647920707944
22_4,0.003469072034402774,-0.0024897239962548817,-0.0029072032679666004,-0.003444856784946813,-0.0035981848291940554,-0.0006513913984013894,-0.004165665474456698,-0.0006024968765391739,0.033431398220011774,-0.4351283230731042,-0.10100008070879934,0.1059005951075889,-0.00046549299865044985,0.0028400961705621302,-0.009894407806382646,0.0014191560183845332,8.110722808008132e-05,0.0016073648011816512,-0.0035936658620221644,-0.04210043124478522,-0.0067951468978500315,0.0009350824739919859,0.09245153111734163,-0.015172780536223996,-0.0003480602370636617,-0.17551440576148641,-0.03665593037188798,0.08476638190693062,0.057801987449758806,0.006799566506734594,0.016645644938503512,0.008017933470257749,0.01579586377682649,-0.004434210369251571,0.10534051085828264,0.010272941929528056,0.11305467722616999,0.0009632329382958613,-0.004385068181571372,-0.001001304836289987,-0.0017041814004600587,0.0009967056886714286,0.000588680763724433,-0.002694514300026492,9.10455632688736e-05,0.08180884764142254
22_5,-0.000662732087142328,-0.0015260448216332313,0.0008282768148071508,-0.002054222081447149,0.0008491309748733664,0.0011652626535268481,0.0019376187665549399,0.0004844281622376636,0.02949130909080052,-0.47909556869052816,-0.11415670109529322,0.08284023049174909,0.003207639711430024,-0.003270153590387076,0.005436971062494148,-0.0029430744776501932,-0.00019733890358159645,-0.003910650799421285,-0.006621760524884376,0.029635850660019097,-0.008556900177331381,0.0009330543024063463,0.07632412314497072,-0.014415725678425445,-0.009459656172436926,-0.17834752821701025,-0.0328891030277862,0.08164787398758419,0.05720379944283695,0.005383361949330611,0.015349041664726651,0.006252186265453352,0.015507558010483667,-0.00768254843958336,0.09178428973514141,0.004127769671835682,0.09796850181830782,-0.004152403875397315,0.001064570316070916,0.0002585686266641804,-0.0019462118809474769,-0.0029469484105716817,-0.004665683849973151,0.001489894901460035,0.0011327416105963509,0.07368370892676454
23_1,0.005281348209389898,-0.0019167380698446087,-0.0024572249790978337,-0.0032721028778116773,-0.002831705265703561,-0.001735407837174716,-0.0014651178119967354,-0.0005797139463495053,0.03390358870239324,-0.4159692543094517,-0.09073556781249835,0.12091562921856668,0.0019975585922408752,0.00278664010076583,-0.012791508203333479,-0.009008056006142713,0.002097113715312527,0.001731798698340348,-0.006404912941656815,-0.04643558076873381,0.00569240941796617,0.0031504304618842132,0.09980699739138274,-0.008769626217176819,-0.005022965593115408,-0.17174992559845176,-0.02636119412333273,0.08584294999336786,0.06098895059384804,0.008191756183156058,0.01691314369199557,0.01077687563773543,0.0190168160127869,0.005196338039728048,0.10552817471084855,0.0022295170529779726,0.11307292031551046,0.0016815574490432676,-0.0038647499372230425,-0.0009317138806458472,-0.001630949081048584,0.001783623497627233,0.0005667037037360752,-0.0025547591137801405,-0.0005798246105083014,0.09213791878037252
23_2,0.005083257207060004,-0.0015444802570438957,-0.002395690039051521,-0.002957943092876554,-0.0032503545029576586,-0.001665819711366736,-0.0013675854582892377,-0.00040212983472343174,0.033987785252297224,-0.4104917187335916,-0.09036818364380395,0.12383056260020057,0.002264966152722641,0.004665809166753021,-0.012815299497034291,-0.008432005302967302,0.002567276908688881,0.001996731466716735,-0.006405135423554633,-0.04648926429540526,0.005668506796740604,0.003274234662174741,0.1009540289580856,-0.008215991278085814,-0.0035554412434681162,-0.17236753256818463,-0.025639629252856816,0.08588141658443176,0.061544884185886654,0.008257172328704146,0.017471083915629425,0.011018171335974042,0.01956031566784914,0.005448726728695876,0.10678417634952311,0.005996213152585213,0.1138445820302355,0.001996948944886868,-0.00375771183406315,-0.0009875129307873498,-0.0015098938903696664,0.001994795829019482,0.00020037588456705576,-0.0025220317918172633,-0.0005992674467275167,0.08996611592182426
23_4,0.005106881146529434,-0.0015616344238638539,-0.0024244156252273713,-0.0029412830337752047,-0.0032475573298996266,-0.001716710251565518,-0.0013399640718398454,-0.00034322115539202076,0.03421417330641722,-0.4120758857658926,-0.08898712360045874,0.12330819200095029,0.001891971752934456,0.0050259628702945805,-0.012810753713930426,-0.008522337943613796,0.002573784968315796,0.0025150833043397053,-0.006600580909895717,-0.04658622429025099,0.005733907651503571,0.0032180400995733918,0.100988623804642,-0.008165394179863119,-0.004162360018106794,-0.1722609862143407,-0.025896501779122425,0.0859397341315652,0.06132993020760192,0.008291024105496396,0.017470804712460677,0.011053523553048972,0.019413559953554045,0.005503408680599841,0.1063955593795709,0.0066566519605180405,0.11378787901384366,0.0019941131639117813,-0.0037528437482619733,-0.0009409753499002118,-0.0014909429371919405,0.001987217329018711,0.0002541405083603073,-0.0025435952217147495,-0.0004790916658158961,0.0911086127426857
23_5,0.005137125924941586,-0.001513851340337262,-0.002364780807984006,-0.002828485079000877,-0.003230542089899215,0.0005443613127114899,-0.0013921459741679176,-0.00036754619538725234,0.03426972459128815,-0.4103298527558378,-0.09059738013216573,0.12378162163334856,0.0026558679644070977,0.004948569533859451,-0.01262239080164336,-0.00847544072904121,0.0026420816421999123,0.0021670372727022264,-0.006175434132533258,-0.045774937839859565,0.005773134330139797,0.0033146668537814296,0.1010687511349817,-0.008178768889419584,-0.00327407939048016,-0.17162830504927923,-0.02572898385627655,0.08598720470122792,0.06157136654816494,0.0083251260408437,0.017468456624652663,0.01100444560897469,0.019582148740039693,0.005453169839448433,0.10694446830142232,0.005642485029366504,0.11380899036254526,0.0020464975592707764,-0.003748839979204275,-0.0008827488729699849,-0.0014621239523759614,0.0017760798410843526,0.0021232671548229954,-0.0022543312631201477,-0.0004339452561963154,0.09223866098789661
24_1,-0.0016842889031984964,0.0009107845950952845,0.0006348968781533451,-0.0017362784021928341,-0.0029584439905332603,0.0004908026086484284,0.0007777288500243084,-0.0010867639867588523,0.004929821149086383,0.20359127026094856,0.03579250402121911,0.1410964981254728,0.006135912011719862,0.0050782670956364675,0.009820239476749879,0.002920466300418484,0.002980618213077047,0.0013291513767859785,0.0078015181918901656,0.055875767413009335,0.01939157514908973,0.009165489841009228,0.08849121291469014,-0.011670952320871742,0.06300847831611994,-0.1251437203579554,-0.02421590123631939,0.10615563551500497,0.02884201981300911,0.006734079646935535,0.002407887766629357,-0.0038722587511470087,0.00011532704906128915,0.015017588381362947,0.11962142662924913,0.019207524212849526,0.11256001013498404,-0.0022254628621371105,0.0017896789316509212,0.0005792885192404833,-0.0016721737180362655,-0.0030628528145434752,0.0003595625883916078,0.00031793283972267214,-0.001810857081818413,0.22630845256613402
24_2,-0.0016830840205438904,-0.0032703638657691947,0.0006321648882062898,0.0021545260520285893,-0.004075065777970862,0.00044609142182442215,0.0007276716691563833,0.0007227972832048034,0.005734263678292367,0.20023834877779226,0.03588859168653338,0.13953194413410647,0.006090818481496839,0.00506918027001967,0.011078919627435542,0.0027743874831697222,0.0028956783034288663,0.0005252789388676268,0.011352079331275414,0.055374135348798065,0.018661193660476822,0.008679307254987906,0.08829525619982574,-0.01180011027399658,0.060441381339222375,-0.12552154421210263,-0.02424573366246137,0.10591554207769989,0.028965306370166543,0.007188716635862644,0.0016827297460436299,-0.004023069264919878,0.0025614185531057706,0.014503866908889853,0.11944652218783124,0.018928539372208793,0.11236720001305003,-0.0017520905004406837,-0.00299083723014852,0.0002071905768915278,0.0009605933995294173,-0.003011338033362888,0.00027700551248407046,0.00038899718033940295,0.0006411592245836121,0.22174837583771995
24_4,-0.0016813121830261575,0.001035211297593722,0.0005727682577078977,-0.002044316678781518,-0.004031169706716255,0.0004721033016210741,0.0006693603424905718,-0.0011371679783736448,0.0054109254446112484,0.19802707106668768,0.035930484271817324,0.14185857596206347,0.005597064301724567,-0.0016930256600830704,0.009142730043605173,0.0025682612883076643,0.0017228073889032926,0.0002830141045021621,0.005858949587995151,0.053541181933735416,0.018875475398514842,0.008758833340487387,0.08837853770242332,-0.011512032421076467,0.06353087221236055,-0.12535799025609073,-0.02474834961289041,0.10535616996898035,0.028909189960981335,0.00663328218944849,0.0017136979335322445,-0.0042424557448019805,0.002638856265049651,0.014846109103283595,0.11916811029343535,0.019126952481344897,0.11335253573831539,-0.0014027807520930905,0.0016910205352682838,0.0006348750590836872,-0.0017956972752904584,-0.003028618841224775,0.0002415231900430307,0.0008118650721722402,-0.001860398987412146,0.2226497594400599
24_5,-0.003135229020183278,0.0011160474131041021,0.0016750851418291367,0.0024678234035480293,-0.000159566158241465,0.00013617399675614373,-0.0008479849536406047,0.00040290440039426195,0.00342732765571339,0.19935790866472694,0.036189818171602446,0.1316372549272947,0.005569914977602827,0.0032656339570580136,0.009684877742679716,0.001635271339504277,0.007188366979844212,0.004782716518303223,0.01170148290878391,0.05849931749656057,0.01708127615103733,0.007572991872109299,0.07906036570111268,-0.012992186210532665,0.05804077850803445,-0.1373778774871911,-0.026567546851998764,0.11410029011023244,0.033115810070638615,0.006700666662443458,0.001798603152265013,-0.004645037821298936,-0.0005601687467391778,0.01366311219756987,0.11332605722681263,0.02101479339604288,0.10691610929538004,-0.0046452588781909715,0.001191751002243159,0.0005958049939808536,-0.0009146084645291876,-0.0016962522949144072,-0.00039242979271646654,0.0009702467018323993,-0.0006593855805230327,0.0992231030323915
2_1,-0.0021439844072025207,0.0002851127880788317,0.00025833696292310027,-0.002520176250664064,-0.0007250077763708695,0.0006551146074053825,-0.0002804962989943438,-0.005196656795244189,-0.0006514333967903493,0.2575780039803754,0.03430568872530386,0.12293209228394938,0.0047174597498977604,0.002584277441317088,0.00466846774685085,0.0019089408942877396,-0.003326311122925794,0.0021566609018469646,0.005291651218695393,0.01890198318792442,-0.001865507629669764,-0.0004614975310695946,0.06357254295457106,0.04879601377407819,-0.012387285941304641,-0.15865688022276064,0.008980854642491464,0.07409686387314984,-0.022908790153339523,-0.005828703703499429,-0.0008163344773045439,-0.006344447521739123,0.0003604603401710151,-0.004084233606293488,0.010163891868402998,0.009181212314714946,0.04947177812881557,-0.0037598345720477313,0.002597208458490656,0.0005469014219237473,-0.0006412691091420682,-0.001456612782236451,-0.0019167966007147255,0.0020531830423598774,-0.0012870645758854807,-0.04936687617239512
2_2,-0.0010557505096706141,-0.0033296263931247624,-0.0037537638392258683,-0.00897471434544263,-0.004138327437289178,-0.005707717957371686,-0.006114789350085991,-0.011608559705870951,0.0004147804657958671,0.2501961161923453,0.03527527452075498,0.12238343895698517,0.0036440904729032487,0.0028190156041758138,0.005320708993103569,0.0008602196418493948,-0.0007346940237667767,0.004147856139060263,0.0052063561197703105,-0.03037524374231223,0.00018750455692068,0.002053376760331401,0.09238459969922293,-0.020136027196577314,-0.006727252458857961,-0.157888150394145,-0.018259458053409346,0.1037917125237082,-0.03176503808530796,0.005928655446137514,-0.0010688128715346315,-0.009101902206099362,-0.0001410376881010134,-0.0015769395101263204,-0.16300992019730076,0.01498617437161667,0.07871485863995727,-0.0019784919872264666,-0.010748740290820305,-0.004791582054718953,-0.0017096242486223697,-0.0012357693175463974,-0.00226201672123402,-0.002082276036345353,-0.0008648552853338343,-0.04311053248648055
2_4,-0.0004698466292241842,0.0012788578642909463,7.534613701660137e-05,-0.003094046500525313,-0.0035534992257931137,0.0006075319790534131,-0.00014750894912154755,-0.002386181544984036,0.0037884417281652165,0.1874727540194442,0.04034976354145699,0.3425348205364366,0.0026618799297136943,0.00617680400219527,0.008371284476445716,0.00017491077206035544,0.004133289135902957,0.005880742394391644,0.00841454731877379,0.026475560157854693,0.0021478927394743435,-0.005511720929699396,0.04481035197779973,0.11883938052475393,-0.0063871587094911485,-0.15507833210164326,0.19487208054193944,0.002554962527240609,-0.040071099527183664,-0.01579983690239589,-0.0004403683701911888,-0.008628061154412994,0.0016774361035043247,-0.001157847039541453,0.027856953626784715,0.010138101875041616,0.09055153838264962,-0.0010135985877221972,0.0039651689783718165,0.0019260441730407072,-0.00111650908212637,0.005006563145564283,0.0008776509085731952,0.0005424065503063291,-0.0005485596448083147,-0.04706240119948006
2_5,-0.001309316011977787,-0.0032012656113473317,-0.0033551947658950025,-0.005172033155553093,-0.004176714443932191,-0.0015084118504362998,-0.0016615898935955905,-0.004525389525634965,-0.004540923665818567,0.2413735690941416,0.038853424267195256,0.12126139560127186,-0.0023050284305097288,0.0013891632356011134,-0.0053535938661722305,-0.00043031855591096083,-0.003665982085695064,0.00307424424508766,-0.003149620533904249,-0.037149353420654306,0.001775503175376991,0.001405774405912661,0.092398067987977,-0.02337382387089474,-0.011980074807329301,-0.15808598847370062,-0.018621097709822086,0.10235095297707018,-0.034506724834893164,0.004728828188517419,8.480631523043343e-05,-0.006934570984133297,0.0017901729036676767,-0.00432219500136549,0.03608042088819782,0.01415978684339696,0.0785780883747126,-0.0017680078252833612,-0.005174029007098153,-0.0014559555600503948,-0.001866711334682618,-0.0020433831235851887,-0.001171716589413131,-0.002482139091131596,-0.0011000685190395807,-0.04698445208687688
3_1,-0.005043167660155885,0.0010351118352579349,0.0020432852323936683,0.002871694621943276,0.002360252608231385,0.0002576042702197426,0.0009597106232788192,5.563243537214047e-06,-0.010928165776083795,0.2727890320918531,0.05439794416039416,0.1235814394630404,0.004229777329210432,0.004889504814391004,0.010317388807992415,0.0037060481899838143,0.00502676482598161,0.0020538919550794565,0.013493971995959943,0.05050072437851734,0.011158927291072155,0.0007148820680650819,0.06099255091500737,-0.024639177325363772,-0.011791401125671655,-0.17887674154542182,-0.02806996822909708,0.09964308364500647,0.04022800711759657,0.0033264068272011163,-0.009793105595738203,-0.0016501562029062804,-0.0021163153645227476,0.004278233401151656,0.026179651335682123,0.0031719053212610144,0.09707227830078258,0.0012924344420649435,0.002069155113198261,0.0006284617089425557,0.0010402092540010251,0.00015482615128601616,-0.00020454850127831989,0.0017629309054960787,-0.0006310876326909841,-0.001862700417352309
3_2,0.00031203265562832795,0.0010003525756955129,-0.0013673965157120437,0.002450846535887606,-0.0011020313921503884,0.0007033736834074038,0.001208659803681191,0.0002854495038850209,0.010326463899544688,0.2561873411664447,0.040238841415793675,0.10934609505114296,0.004642841404399498,0.0023866774690696774,0.009460535128544615,0.002240963502299929,-0.002260522122059744,0.00045322323064487375,0.01015110598406309,0.041480622018900154,-0.0006445249466365676,0.0014521590182634359,0.07203019814548264,-0.01953334841182001,-0.008422504031871513,-0.15024562471233735,-0.022208039549763428,0.12285789595047275,-0.029881590652327067,-0.008442333017492176,-0.0059593164899939014,-0.004116897762856923,-0.01058081244597757,-0.0010343672594027567,0.0429743287457058,0.013480417058665567,0.0971327287668293,-6.04589623563938e-06,-2.3632257252007104e-05,0.00022858779713448392,0.0019552084290956817,-0.0022137693249021408,0.0006896000979362864,0.0002914694882144358,-0.0002864817637219143,-0.029003340200534116
3_4,-0.0007587368582111896,-0.00021843962264564177,0.0016166163306436678,0.0015031949012407884,0.001448078004303625,0.0005908670762260226,0.0005098321182864275,0.0005753874154200642,-0.008639908051046915,0.2801593722349516,0.0544176164158078,0.13189307696687005,-0.002337221182448755,0.004960729015147131,0.010776447524794452,0.0021466471418829193,-0.0053213934824128855,0.0038453102479992516,0.011751423015296669,0.04214782404380415,-0.002642760485635215,0.0004594487920761987,0.037351129831533714,-0.023927697126138854,-0.008450201372632785,-0.15755928650789314,-0.02969691497578403,-0.014308480450281444,0.024031229104110444,-0.013217992371185674,-0.007776281175569166,-0.001990013302093367,-0.006745158993993024,-0.00492042142998448,0.012171821200211775,0.001258449756142146,0.06697352586127592,0.0006892312495827385,0.0011714758536885501,-0.0003374386872913342,-0.0005204070495362961,-0.0032968166649791544,-0.003341647294919253,0.0012521092186417247,-0.0021903572382974985,0.07149363938991803
3_5,0.0003237332594781914,0.001190063493863585,0.0010234533578990812,0.0024956468246425064,0.0004002645257724039,0.00029757355707397395,-0.00016589145938700184,0.0005313956091644186,-0.01946643660695571,0.30889905134188894,0.05568788656893194,0.1022614743052611,0.003902321959564799,0.0032851772649950908,0.009114914934214945,0.002870132359681145,-0.0008916636791317489,0.002192446857684068,0.010077586193891541,0.04178474231678736,-0.010482380262162565,0.00026607430176392856,0.07236444508592524,-0.01861063927928653,-0.009861263995862532,-0.15097242710353428,-0.022192724473946875,0.12240585418448462,-0.02256286973304346,-0.009081798754618897,-0.00801967301434929,-0.003383491395988294,-0.009890038628834632,-0.01962605964827572,0.03614174885621886,0.0098335613243067,0.09272839223589868,0.0020478237246808256,0.0017455885451226345,0.0008558801070934651,9.656553766393611e-05,-0.00125500719409972,-0.0010945538045406085,0.0011601410233810457,-0.00104737885913616,-0.03011230910844266
4_1,-0.006562652360959079,0.0013349925117560198,0.002268823321715188,0.0022637177707218003,0.007069714327704161,0.0006094993268783782,0.0010514433733776751,0.0007469418653999773,-0.014884766731403017,0.28056476182963885,0.05888446258286539,0.10744271601211977,0.004874503137581773,0.006667235845158534,0.007720923529306422,0.002661005588288887,0.0018220829404282353,0.004340229812184577,0.0018505159428116725,0.04792332032000368,-0.005209005435817441,0.0023958502499144946,0.07993713490008045,-0.01797711014217266,-0.0038915541858922033,-0.1501190333956522,-0.02848707638064432,0.116233742822016,0.04149738027889611,-0.0009914732560885459,-0.00750485730216976,-0.0005370654487868488,-0.0040850596157646375,-0.00028987137941720623,0.09839578650584009,0.005892497200861043,0.09638832420851123,0.001858591258252613,0.005842980947246536,0.0008666357406625453,0.0013224980246210288,0.0032783129297394727,0.002180014718216827,0.0016114205814413722,0.0006319377963503668,-0.021574364906243305
4_2,-0.006605951044408151,0.0009617285584770362,0.0012950438895039048,-0.0012270389904526658,0.0057999050050574616,0.0003312333276330253,0.00022990262150799352,-0.0003350951795528644,-0.01962448469932586,0.2916628494706813,0.05712861181664576,0.1111784566571457,0.004250049702438211,0.002647364463484362,0.0014736166253768869,0.0023099283679438426,0.0003988460456722199,0.004854398022199868,-0.005423114246357194,0.046507451077269446,-0.0036923570687377523,0.0018123107045575025,0.07853579740614153,-0.01914617565354144,-0.004284467180492448,-0.1521428719914953,-0.022950689337481678,0.11755527520841698,0.025608516043014846,-0.0009236764205475084,-0.010357650980874714,-0.004920833320434406,-0.007796989117504052,-0.0004424571844967722,0.09518612390903398,0.007914379028441734,0.09712074427973247,0.0014705343007343856,0.003461015916965702,-0.00021763564932838475,-0.0009419739147543298,0.0020114548404747135,0.001542218839582959,0.0012360890045686333,-0.0012094809651153873,-0.026308121942578182
4_4,-0.005039892443900346,0.0010890702525446004,0.0013927498562319482,0.0027379125651935056,0.0025483834253190677,0.0003719427742796265,0.0005479882509865865,0.0006341771829526602,0.010528204263189515,0.24458966597198994,0.047541934019427065,0.10672278131660361,0.004126610349843624,0.003861364429960251,0.007829779871078938,0.001596888954337175,0.004192389707260625,0.001244038791503306,0.011117895092061238,0.04890392717869343,-0.006748017331731519,-0.0003510543960067543,0.08097497985999579,-0.01897623438308716,-0.010337532857531063,-0.15091381614573646,-0.02620051347276074,0.11828630854152863,0.04186238818286876,0.002871156866509945,-0.005476243872922915,-0.007020177200340937,-0.009079744051884765,-0.003521073922824565,0.09952403695548398,-0.003027794650268542,0.09861407942777642,0.0014841534930711846,0.0034073954794411453,-0.00017168447664784358,0.0006648588689949966,-0.0005291582382622787,-0.0012350461122176306,0.0015081600485814162,0.00029075926618190516,-0.031129952678995626
4_5,-0.0008859521650146216,0.0009173250637713674,0.0009461249562746245,-0.0010886787440608366,-0.0011328892072234662,0.00012233030651673366,0.0010470786444787606,-0.0008122431643767079,-0.007111397382480048,0.24836630555123854,0.048491542319304956,0.1129520774253907,0.0034987043322091084,0.006162332431138748,0.013023527800384726,0.0019884775911198148,0.0007619122419743954,0.006004416801870267,0.010715072802846507,0.050907489505615265,-0.009617612574796585,0.0016461049595748326,0.0790582148231492,-0.017218173310486067,-0.008151943073965044,-0.15080430184534996,-0.02507601614425117,0.1158543165215241,0.04099411877083232,-0.0026376665066594716,0.0038118476851362014,0.00077989678756844,-0.01182833237602277,-0.0031141004228405766,0.10590076524103452,0.006419089517863004,0.1061294422928546,-0.0028207534345710394,0.0034027961352939215,0.0004126576323594044,-0.0009233023169054916,-0.0016821295079685618,-0.001424320045336847,0.0011955346343844894,-0.001808924813844175,-0.02571530036686813
5_1,-0.020843480603439837,-0.02471327989390755,-0.03331127532655919,-0.03854589177092076,-0.038086590623158834,-0.01730949661501614,-0.015523624572294455,-0.021029165781502497,-0.023120054751563143,-0.2627530564325038,-0.08224721093321732,-2.223720848877401,-0.0031614179827426283,0.002186026694990159,0.0019583242265185426,0.0005327578579638296,0.0007034281906357153,-0.003933839540905755,-0.0058777451675942815,-0.017426856415300666,-0.008863614154061106,0.0023226139362628132,-1.2569251707942761,-0.04666326038400886,-0.0165275695839823,-0.10625172445619188,-0.014337011788327757,-0.9916900574511495,-0.1375780649036836,-0.004036235795650297,-0.037326768817673196,-0.014718529811329688,-0.033183862915093724,0.0020863003503990038,-1.0679759534595485,-0.01532143746858984,-1.1554021840312374,-0.017125221535611496,-0.037554645665133154,-0.016060989821255634,-0.024517196808730303,-0.02743926621861641,-0.01509217085086418,-0.026333568637477062,-0.020397842773111328,0.029102872909226134
5_2,-0.0206865622843614,-0.02436497679751596,-0.03298771751513379,-0.0385336720001593,-0.03789059542767817,-0.017012638981679942,-0.015183339583899017,-0.021312120019347527,-0.023042045839248296,-0.26894775628214995,-0.08360231120903512,-2.2285304708374403,0.004050309200761879,0.0021005926381955117,-0.0023735537341491417,-0.00028065118676096117,0.0007211979236164133,-0.0007232737464427319,0.004435520523511499,0.010709716881192597,-0.009231151741749545,-0.0041119551204449765,-1.255534295504162,-0.046247122944441006,-0.01649380806308214,-0.10483989824653223,-0.022283881486850208,-0.9975883708827584,-0.1391056426032515,-0.015698602176588715,-0.03676989997003993,-0.01443175909875288,-0.03238545741588263,0.0004633156454067009,-1.0849112352353198,-0.015080653609502892,-1.1722920912189565,-0.016815257650959082,-0.037201032089027045,-0.016069836913679813,-0.024755830956279538,-0.027131709139188512,-0.015002137794916154,-0.025945696120386337,-0.020644818366798694,0.029436212280092983
5_4,-0.02088215259245413,-0.02454944668474315,-0.033269571693478876,-0.03855289166140319,-0.03814928688804514,-0.017325001991438726,-0.015405089471122993,-0.020778838605192532,-0.023046015169813392,-0.26455051945237307,-0.08271099511859549,-2.2253819899447347,-0.002351350596471038,0.0016728847091725541,0.007091983389226155,0.00036836214542212005,0.0003242574171146925,-0.0030718929468130838,-0.004887630003875517,-0.017265909307054735,-0.0031325047661928756,-0.0032054316512910687,-1.2542396164420195,-0.04658536298307565,-0.016344836166579793,-0.10602883084368485,-0.020451424050776,-0.992383098658557,-0.13736923058174833,-0.005152229918921023,-0.03718028171400553,-0.014555864558873897,-0.0339382336701505,0.002322107562843438,-1.0755616207591367,-0.015548406746940436,-1.1568691239368734,-0.01710211053765859,-0.03743906925372867,-0.015966250508937033,-0.024583330545462086,-0.027385958924631783,-0.015008493985611056,-0.0262829993136825,-0.01994244403702695,0.029287740406301145
5_5,-0.02102561334190391,-0.024272141764576958,-0.03304036816372675,-0.038592551661911244,-0.0379716179291242,-0.017186921543374836,-0.015259491581663898,-0.01100916989294542,-0.023284587080387914,-0.26815886470746125,-0.08319658676300869,-2.2325381985179176,-0.001053842397654349,0.002076424024186175,-0.0076229821650381354,-7.367750710175213e-05,0.0008471083796261289,0.0005198350044765813,-0.0005473000854647659,0.011055668512199484,0.0028119043642008635,-0.0044883225380351515,-1.2591691076324327,-0.04676201083460199,-0.016469836843986993,-0.10576007025734464,-0.013778329084871933,-1.000230451889841,-0.07275515991198706,-0.01578659670516794,-0.03693694842525483,-0.0143418992979776,-0.03250047517834159,0.0005472411544617811,-1.0874897155039418,-0.01476483572313989,-1.154208981603983,-0.017044098302846943,-0.037492565469346546,-0.016066030705917046,-0.02477996707062433,-0.027295067267943632,-0.015030412770484695,-0.025938818081908583,-0.020740404229113447,0.02952587861897099
6_1,-0.0010544786299030704,0.00036026827274981347,0.0010022824956152758,-0.002144456027799707,-0.0037831247277400333,0.00041830813086627885,0.0009435940346928862,-0.0008098998071489331,-0.02275958083470517,0.2553821145635147,0.04540373761299843,0.10882301885920366,0.0012763278160611608,-0.002252918790330898,-0.014931833647237694,0.0030782233637907455,-0.009989997508834173,-0.007555613630173784,-0.010920754691886194,-0.058236602877028205,0.001829551333982682,0.0016402775421811644,0.07099313232623179,-0.024466276066450514,-0.010377487776388554,-0.16846060288209444,-0.022807391603884102,-0.05519044297173099,-0.08372388509363575,-0.0018704071708205488,-0.0019330807222033405,0.0028584457386803307,-0.013357599972483885,-0.0029763494943195134,0.09900979769804817,0.0033449456729085746,0.0929189955010017,-0.001789578305492102,0.0019002625633695114,0.00033230024301248915,-0.0010708375142846876,-0.0043046642998828665,-0.0015527947101896277,0.0010299482991992228,-0.002497326450519572,-0.0549778876117854
6_2,-0.004899534942954159,0.00219896867795384,0.0036816106781073364,0.0010939997535808973,0.004778984570493215,0.0003905135258791295,0.002059775732291277,-0.00023637840561800292,-0.025979798715550177,0.2760738562436128,0.04893349148212453,0.09339159918853175,-0.0027142287271483077,0.0034310165439639844,0.008831581709168519,0.0028158643194100626,-0.00018290797865745692,-0.00037733526468891046,-0.001372202156345909,0.03869142676016431,0.00048693252200431296,-0.000766041740120798,0.033353276387838325,-0.024608547390304807,-0.005768082275168894,-0.17205441197493956,-0.02214727737181096,-0.12244980003108999,-0.06620980012910183,-0.03133706908102735,-0.013746680738274371,-0.012870702428776538,-0.014633774669191956,-0.004591495003326116,0.08394069128150647,0.0006804504790497829,0.06647667975800119,0.00037252522810021565,0.006375234649590999,0.0026635544187356545,0.0018342040760353732,-0.0016891671885691803,-0.000311977533766604,0.002503193251817407,-0.0010640714503279472,-0.056870933083965076
6_4,-0.006148055896466013,0.0008410914215199442,0.0017175643908791693,0.0011416333999040157,0.0034001410911373296,0.0006470245637959292,0.0014131673114373014,-0.0020319167988496474,-0.025184356371466304,0.2445395595956738,0.04230379481407804,0.09362378052823968,-0.002796879552608726,0.0030910981214960064,0.008636975418443016,-0.0011488914782817978,-0.005659825418624298,4.967242439335529e-05,0.01025292732753394,0.031738256080546756,-0.017659382483534297,0.0002235457179674207,0.02977454039092388,-0.025222704000363944,-0.016528582533426366,-0.17854016292502184,-0.02621540915645743,-0.1457468559629451,-0.15847824298298652,-0.01220181693700805,-0.01232273555194815,-0.022398484083710757,-0.004124471424996678,-0.0025137503758033363,0.008656517197505414,-0.005118699311470867,0.056543108932951155,-0.0008800866386870726,0.0012606982701224752,-0.0003884245267427058,0.0001638583377832566,-0.002104166877926264,-0.0005813261506637806,0.0017268912760241043,-0.0005388904099919401,-0.06090683290324875
6_5,-0.005496611458677127,0.0006716477893373071,0.003873696434848704,0.0012431553868945118,0.0012343355206799293,0.0006755512669532541,0.0019960974996163163,-8.107311099197727e-05,-0.024769006007400184,0.2755613194896643,0.04914885376858242,0.09582689527166291,0.001125383536316462,0.005922460252262008,0.008333084606138243,0.0005077400503572398,0.0022393751083823574,0.002805223807266866,0.005185312962439851,0.03139043045900645,0.00672187786703285,0.0006846725009167809,0.03342014262967852,-0.02624471691599367,-0.009973256290657935,-0.14584760157871238,-0.02231084683347167,-0.12887791527481865,-0.10142966657347975,-0.017475632259583984,-0.013994902265909468,-0.0010015021051501568,-0.011516222340614973,-0.005039594707781027,0.014124952872691549,-0.0015401192493381794,0.05810088298548379,-0.0006513583082780184,0.0015134794417061258,2.8382431991338453e-05,0.0013950958955883368,-0.002607452130518449,-0.000727250276715065,0.0014235532113101997,-0.0006641460674949974,-0.051007856410253634
7_1,0.00019044431308383456,-0.00496762335460672,-0.003480250634924637,-0.005289309531949041,-0.0014422501580180689,-0.002689243780467148,-0.0022355730673833734,-0.00010817995780602322,-0.00527914021705629,0.17830353003101154,0.025625736460044082,0.10462712730278666,-0.002990507831038431,0.0015882657682440512,-0.01691097399775787,0.0009744147458819757,-0.004585287437531816,-0.0005973097612461341,-0.010847328531184681,-0.06838205824431003,-0.012592180393236143,-0.0012687375888040323,0.08641037967603626,-0.027319886976917326,-0.015213399602197522,-0.20742074390479256,-0.03651073221677036,-0.06882114918585631,-0.05818625909414252,-0.00604818199324871,-0.005052245043330847,-0.01385161820553792,-0.017730713887546344,-0.002978642281548051,0.10276088215338798,-0.0019091482098993868,0.07644683646050043,-0.002045282414168426,-0.005804359719589747,-0.0018122939421743966,-0.002396653561293724,-0.0035139380039372684,-0.002340804856169668,-0.002683785674735423,0.000718732643376994,-0.05539413458218205
7_2,-0.0008660849092984471,0.00014525355947682487,0.00025317853127297576,0.0005165615176171314,-0.000791932015555138,-0.000980876786517207,-1.1468194236499622e-05,-0.0019341771723608225,-0.017153048762196494,0.19219336799787426,0.024764926230014306,0.09647658613751665,0.0001577079152869059,0.003062028569510869,0.008322857885035048,-0.0022641792510587786,0.0013185692739973033,-0.004310762581127041,0.011485874857299629,0.02596536369699628,-0.02679963689990614,0.0026110330444683322,0.025289387117063723,-0.025915254253949138,0.01817712739856979,-0.17825456826178132,-0.03638036728633869,-0.18018840036551903,-0.12428473874583836,-0.00485175150347395,-0.004351119403690418,-0.021703973657933442,-0.016599040251147983,-0.0042401401068754155,0.023718633827769984,-0.007032530422769651,0.05052627955730296,-0.0040102477402449346,0.0002074868348322834,-0.0011724618740300212,-0.0020279732888266065,-0.0037177505204487584,-0.0022758001440934214,0.0005266315106396877,-0.0012309517899312997,-0.0690582002166737
7_4,-0.001962719195749954,-0.004187790008974688,-0.003263924667869368,-0.004169486282951749,-0.005886028020766895,-3.0966881672561566e-05,-0.002350230543240075,-0.0017874500149238407,-0.010602809573805378,0.18689568599465892,0.022439536653813107,0.10766644832568154,-0.01948473547591188,-0.005901397794467906,-0.009466179586794299,0.0011381680191646431,-0.0020951635427840366,-0.010173809978715502,-0.010691971176362001,0.02602963016885719,-0.020696996713795806,-0.0031407261070558663,0.07155602388940957,-0.03269988079547482,-0.024599410530929403,-0.16714973626824228,-0.0335748532611238,-0.07268509551770072,-0.0575939130088619,-0.0025821137912261575,-0.00485399798489195,-0.02035899100569297,-0.019905695472367025,-0.004059838603046666,0.10719767351318545,-0.004467653811645591,0.07301894022693622,-0.0023287936143675985,-0.005668710535637342,-0.0014994475965446662,-0.002488741210001222,-0.006680719980788886,-0.00046553866376367265,-0.0024365369323044064,-0.0024706784780001577,-0.07445279393977441
7_5,-0.00201907783738299,-0.005256631346162388,-0.0039040112892871847,-0.005343951126896722,-0.0040372537702282295,-0.002543669144646691,-0.002366814834267773,-0.0015834789702136789,0.0007474941035712553,0.1880999996085111,0.02554235799434942,0.10599429534778054,-0.002249568500763778,0.0005381074907527313,0.0013310754588866064,-0.0004672472261119145,-0.0045746124440049305,0.005376144914656113,0.0004894001444699047,-0.06294945849513471,-0.0251029911517816,-0.003270083598938083,0.07302353723590499,-0.03283139310398602,-0.011892753038897187,-0.17485156804018995,-0.03481581055529242,-0.07072224426154397,-0.05654586942922098,-0.0038400539880756126,-0.00568277979857483,-0.01682302995774379,-0.017031081151357007,0.000793335787592376,0.10964079473976016,-0.0013311637992327718,0.07963460095788859,-0.0019496811054372835,-0.004825981631010287,-0.0012916824575144748,-0.003190711998732139,-0.004722757898582528,-0.001646212080401171,-0.00238255286035444,-0.0024332572882354037,-0.05500444190172949
8_1,0.00034675942677273687,0.0006351232318491054,0.0011931519881558275,0.002252971183589427,-0.0002627545534103986,0.00047538169237174813,4.407930146956419e-05,0.0008174926482534378,-0.02214058447899234,0.29908754938400284,0.05445095468979193,0.10275913153976061,0.004459005474320892,0.0037199275864350976,0.008732675834063279,0.0021724246637776215,0.0002907576668661918,0.0013877321886568005,0.008125497580071311,0.036210774541674394,-0.007948894844314018,-0.0018902292795874736,0.07718374786468071,-0.024684316011119912,-0.012739810950481502,-0.1596776412125685,-0.021784702176208596,0.1158474111136431,-0.001075125230644344,0.002888200874102296,-0.011025004640034948,-0.0035971829116621186,-0.007951182925681088,-0.003144278355296119,0.08259716765736042,-0.0011685086901272424,0.09190719712753205,-0.0022274063154966704,0.002442238893195923,-0.0001640044751256613,0.0009873390163395045,-0.001649990231106696,-0.0018729334594693606,0.0013742845023528647,0.0008010731495031341,-0.04674425285690534
8_2,0.0005974938317459876,0.0011802948402032851,0.0009182729964148006,0.0022626036292931508,0.0006455624600270175,0.0006965830979511453,7.724471207975755e-06,0.0004426061376995855,-0.022080735873567497,0.30564317424678217,0.05513781909527797,0.1038690998511618,0.004606113907776908,0.004237904205055325,0.009590040613794202,0.0025703419048680965,0.00024445966757678924,0.0010285219773800702,0.010056411014646091,0.03757548034073561,0.0003345147514329027,-0.0016705098475309902,0.06075292854608699,-0.02260946361978578,-0.005160918853300625,-0.15727718619241265,-0.0207154439107954,0.11279556077636356,-0.0354782757720621,-0.0018470560100920664,-0.012466096042747843,-0.0011919026335565246,-0.0049198927823365475,-0.00492601123145596,0.024905838934565563,0.017518785152328874,0.0679872403492949,0.0013184833791547112,0.003479694167675749,-0.0002559901934836265,0.00010544880266999758,-0.0023438158861701234,-0.001588796208596812,0.00110671229195656,0.0006002732234952187,-0.038505928195309604
8_4,-0.005638776261969097,0.0027464292618779875,0.0022823582611736924,0.001985185875035776,0.006452171700351388,0.0008350046558008132,0.0007948133027002734,-0.0002799039626006256,-0.023656872122537538,0.3117322237899401,0.056783943217574386,0.10143549262457766,0.0020441183075926173,0.0011902512683146954,0.005340101660524901,0.00250052106114487,0.0006350385500084448,0.0030296958202636667,0.007646216473877051,0.038032966838362235,-0.00929041249436518,-6.612671264335734e-05,0.06666912095168881,-0.023577919882083215,-0.003869270580563026,-0.1620014130428645,-0.02267184069883725,0.11531002249486284,-0.02087982284994102,-0.0014367724068009527,-0.03557362805272382,-0.007714476117440599,-0.009769841297842644,-0.002952655284447691,0.029602733212850566,0.011361198966804839,0.07094986624784023,0.00114787515845604,0.007446822251217145,0.0020611799761645812,0.00068530487956196,-0.00026169029848687337,0.0007565142312899023,0.0022110392681197514,-0.0008359257193507188,-0.04499839209229825
8_5,0.0006438621533343446,0.0008950351261864663,0.0010903591319492813,0.0006757311673680174,-0.0001459940684719861,0.0006951693607909516,0.0011717208198870877,-0.00016278366396647704,-0.022819884454439006,0.284755512041249,0.050920423061977124,0.10713752445006997,-0.00024125912111794842,0.008093472241699366,-0.006346834239237304,0.0020265599110039396,-0.0004671303164081342,-0.0008261620751773659,-0.002965254296628829,-0.04109585751660371,-1.67074694165109e-05,0.0013957437738104804,0.0702389978476773,-0.02252531128793906,-0.006876874399473288,-0.1606411080662921,-0.02103062358251351,0.12149666716405533,-0.04096820799901288,0.0026127159949189036,-0.00833090073762538,-0.0013313817374111785,-0.0006203652208323196,-0.0029265381646138566,0.04217313804232257,0.022405441442256296,0.07298992523129236,-8.080549500730415e-05,0.0009768754730127077,0.00121087906583953,0.0012276278432018155,3.0890209525298693e-06,-0.00013586304749685398,0.001365632913067617,0.00043242435113393095,-0.042826033126166625
9_1,0.0008433054538726052,0.0018468970617151414,0.001110355404499185,-0.0012127223579072174,0.0036805209939084235,0.00033422344850246816,0.0013571435821394895,0.0009297038831692347,-0.02187598948696621,0.2921957312377626,0.055540527276933614,0.1092345154047403,0.004314173382491625,0.004153651220578523,0.01359034988523937,0.0027576992834874863,0.0060890513492000775,0.004638954096251576,0.009987816102645543,0.05256810496693155,-0.004902048491622113,0.0027015643103903797,0.09621050702126391,-0.021910264738190167,-0.003342199383907252,-0.15124915563817765,-0.02055880131763473,0.1185420673242854,0.021386090505873808,0.003646255706644041,-0.010514180052463707,-0.003488013031285414,-0.0035283786915908237,-0.0026699128988637026,0.10874864327713943,0.024407757653612572,0.10086119912936395,0.0021418825040449693,0.003662516530788618,0.000537393791713486,-0.0010860788123654252,-0.0005723424897367464,-0.0015620252385492887,0.0016203777677249627,0.0006473804648943053,-0.02222262109782254
9_2,-0.0005956183092854857,0.00023126797723750696,0.001194221288805645,0.001841710598472696,0.0012897863898804131,0.0003863697294206464,7.565725111459483e-05,0.000643808488918949,-0.023904530707392468,0.2896740517999227,0.05621348311939441,0.10575615138519101,-0.00045489760823535716,0.004714713888093772,-0.01222862472843852,0.0025243452271494432,-0.0026933053822940927,0.0037533158573926553,-0.005570654657810949,-0.05749015904891342,-0.005794014034901127,0.0006660634574486005,0.0881954593906036,-0.02397814786243828,-0.008826121266914174,-0.16711305976427038,-0.022730977339619155,0.11103639135255582,-0.001715787651914691,0.003756269101631814,-0.014000078513502814,-0.0025448665129653857,-0.01256433196285284,-0.001149675706198093,0.09436155854401435,0.0069858046878212635,0.0924731611715999,0.0005980857521188944,0.0031171312020767863,0.0003258836949736464,0.0010899282684193612,-0.002697257319353846,-0.0015576575893996888,0.0012814208274882345,0.0008465664402980253,-0.031839429581526725
9_4,-0.000245433707907891,0.0010362820677134632,0.0007128595800345245,0.0021414518804186017,0.002226364315803304,0.00034230434554323073,1.7194013994534567e-05,0.0008065330235135349,-0.023669188943746193,0.2955101629167177,0.05347873726152742,0.1034967628954175,0.0042088036583175165,0.0036930631228281052,0.010225207847055455,0.00213709554220094,-0.0020780286811555608,0.00036063950972108007,0.008959093582363653,0.03926730472332809,-0.007465631255357534,0.0005988658699960686,0.09002436287448558,-0.02066314836050042,-0.009868838878092798,-0.15956263229758869,-0.02218100676030099,0.11713078209911591,-0.015879689852694636,0.0018055645336456435,-0.012244656942502102,-0.0027864194106969466,-0.0036186716199453316,-0.003061789643171085,0.1019045358327853,0.016237284182662483,0.09626285423310443,-0.0004549241885508742,0.003584238207431291,1.3762536997339561e-05,0.0014567860421051554,0.0001648473043893072,-0.0016512941456656772,0.001525195930660042,0.0005857078450773409,-0.029371498764404022
9_5,-8.493577225377666e-05,0.0008650299156507478,0.0003001543251150224,-0.0023987165530072845,0.00205577630665037,-0.00015310813966592618,-4.945184534569399e-05,1.0324756112405293e-05,-0.021767137989991792,0.2882597323769317,0.05239452414926273,0.10712465104510047,0.0039061218736947036,0.002208220405863068,0.008471870307630152,0.001883358774241549,-0.004434456305065306,-0.004705443249754454,0.005738835551482475,0.038030100046444124,-0.009418038316452005,0.0011330920551021685,0.08958680230598452,-0.023843130672706523,-0.012315339519788648,-0.1625989946199754,-0.021199950641758638,0.10790371057114441,-0.0012397186657670482,0.0011527414380621346,-0.010387639648569848,-0.002875042711647116,-0.0059278143099952465,-0.003590900800798672,0.10467839943029912,0.009668141959067972,0.09634549656607604,0.0004776142581981296,0.0005607989520077664,0.00026324088528641273,-0.0018556342450037839,-0.00034705925911977163,-0.0018879613765076793,0.0012714828429693714,-0.00042111067464140696,-0.028891404305174673
