,0,1,2,3,4,5,6,7,8,9,10,11,12,13,14,15,16,17,18,19,20,21,22,23,24,25,26,27,28,29,30,31,32,33,34,35,36,37,38,39,40,41,42,43,44,45
10_1,0.051948384102463205,-0.005868397792068495,-0.08620697615552506,0.001163592258140109,0.016265162174061078,0.017386438055744528,0.009878111327966108,-9.289349077548636e-05,-0.02119704346573153,0.37099142007585095,1.0256578395674598,0.22029054733213993,0.0007412726088754772,-0.0007411413659611744,0.01064927419242431,0.006350787947125898,0.005829846596915414,-0.01632916006751049,-0.0010814092698391595,0.002944060604510179,-0.0238926137928634,-0.013348131490202982,0.05377745375627982,0.7216104148270385,-6.553355627367146e-05,0.09793245710834558,0.10169788060589101,0.026882009181784922,0.009859413407783136,-0.041285155321399196,-0.0005515297926036757,0.0038496243890925146,0.009452795020190849,-0.000980247295575346,0.0012312798256409424,0.04105530530016381,0.009266610299391749,0.0010968118245144672,-0.003105489782068495,6.287637780326216e-05,-9.317490316548902e-05,-0.010812974334963161,0.0034852979548331076,0.009667605316043836,-0.0058385401027107,-0.007518965547403719
10_2,0.051165238986373936,-0.0047573326254414395,0.018874070245919933,0.0007570744111475723,0.015755428569108935,0.01650873811623563,0.007340611387292403,-9.749722157835033e-05,-0.026050557975728857,0.368725517632279,0.9597302261108077,0.21992807850921983,-0.0006910866550111161,-0.001385931997310878,0.009986017151986177,-0.00489101299516764,0.006217765749992081,0.005052201558776875,0.00035830041076636123,0.006358201802247689,-0.02516142639613718,-0.03175636673854673,0.06200856050311951,0.7146106094890639,0.0007031839201539713,0.10028174181027188,0.17479135696537948,0.03380512998133511,0.004676039348432245,-0.04287151139776931,0.002113184721475052,-0.004466958169961003,0.017367090702842175,0.0015414530213733431,0.0009149246446971985,0.026988865032169795,0.009909894962788731,0.0010689879437223025,-0.0030708107104309803,-0.00033830185912889893,-0.00019341474522117008,-0.010812403468867091,0.00343144535529674,0.006154903767871765,-0.005833726512554513,-0.006476055685041459
10_3,0.04558633418520411,-0.0033048927024026,-0.030558882666909024,0.002384332570067477,0.002946147634780827,-0.01692635001274936,0.002110011717873226,-0.0001641246653200923,-0.02782141181736785,0.19188771350450806,0.5686795728268147,0.2401891273872226,0.00027421648583240803,0.0001346901176624525,-0.012139104986810657,8.86971868870437e-05,-0.011713314578800978,0.10014086117059827,-0.00021071262797254923,0.0022197400484915437,-0.022148077015632567,-0.02810640451971292,0.2355994620164639,0.8256619970286296,-0.0004557651111151166,0.11421417506107198,0.28504624161816766,0.037448898807672173,0.014184480941035232,0.05149611426846539,-0.0037133158597161516,0.0032932651081726723,0.014992370713449627,0.0009017789618979531,-0.0009220412659133494,0.09282785745956326,0.06712261797222188,0.0011435472202837899,-0.001273991549387365,-0.0002676673806870001,-6.879411611006997e-05,-0.010823358988221128,0.0075672210603969425,0.001010533228349091,-0.0006850872232321468,-0.005474018819598317
10_4,0.051662676326888854,0.0008699381227103096,0.022392678296644566,0.000597293804721124,0.01433785342831829,0.015285234020391121,-0.010197819389528346,4.399144859820595e-05,-0.02667677787845744,0.3843939820459169,0.9670667561092257,0.22463109572734283,-0.0004968219088638011,-0.0013815940787806312,0.017249287774171774,0.0076271988818934116,0.006007695982511744,0.005239353361405523,0.0011228011968198695,0.01145418259130803,-0.022932063374466603,-0.014848321018006575,0.07095233106929244,0.7410238069391591,-0.00015395993563116248,0.11314389069106258,0.1599968341316004,0.028049762848013898,0.006463478021539654,-0.044437269206952776,-0.0016841051200512554,0.0031614727982195207,0.01957852212823958,-0.0006450088666551543,0.0017914980060539224,0.03938726279351859,0.008493584453933698,-0.0009491221584862632,0.00036589859109320425,0.000459156891678928,-1.962411537248087e-05,0.0016683988117512836,-0.003368866728317443,-0.003417305916524579,0.005598619964548948,-0.007312205888395936
11_1,-0.17712625420897907,-0.005356154912956521,-0.08865639100793127,0.0008478700617945299,-0.08725220455827463,-0.10299119517010263,0.007149114130518778,-0.00010258599897495932,-0.03737473002143739,0.12837969960809734,0.6589995129276873,0.18080874187994717,-0.000523637849254706,-0.00459755596888721,0.009938302213577315,-0.0007723269744517377,0.005991542040556927,0.004956126716065552,0.0007493651542401108,-0.00137791952734462,-0.04087776657692089,-0.04323324956604167,0.042190331313429544,0.6391048587670315,-0.0002425416785653735,0.06947201533989478,0.06110138899048148,0.02125326623720691,0.007094247299979097,-0.04251587600585215,-0.006520103900720451,-0.11473150293144485,0.01855181030387068,0.0010682248837913452,0.0025984886831256237,-0.0038072261594792947,0.021816970300650374,-0.00133673526470311,-0.003139970720296873,-0.0002802892715403813,-0.00017144707885441416,-0.012202618787970985,0.0035116314991511747,0.001655693356199586,-0.005634769400525724,-0.006475121989232869
11_2,-0.18494138261419643,-0.007003534838464143,0.004740917820001798,0.0004079738357682076,-0.006899127284657205,-0.011573975729549258,0.0025597054027653933,-0.0001308837159211644,-0.0350304239166551,0.12856595864517928,0.203455676087321,0.23902940860858393,0.0005637382919791538,-0.0075285798793156816,0.010006561258832918,0.0039220093491336575,0.004578879568028681,-0.048770129690407255,0.0008094892871500078,0.0027081621895768703,-0.0455162589816854,-0.032343976245610126,0.17646799702009064,0.6886101653905385,-5.013250719462141e-05,0.08348099005494139,0.3103346223627491,0.01531478793504746,0.014240877541599998,-0.04026831764162344,-0.006007380900034561,-0.12577811335779931,0.020542636756211072,0.0013648709478335129,-0.006445163971461943,0.014409507401737439,0.02994030564749081,-0.0007200267708967804,-0.002411222653939368,-0.0006408702255177696,-9.077498602403625e-05,-0.012218341627886877,0.0032663976740600403,0.0006636630047494358,0.001127672492676362,-0.002047066318912349
11_3,-0.15991261448953784,-0.0070167157320160725,-0.08721337728927468,0.002308726545364161,-0.006716806402362508,-0.025020552462848168,0.0020270767573468814,-8.882097189506381e-05,-0.027117916060866144,0.1498817563595862,0.23734858208856938,0.23022245602991798,0.0005770025600241426,4.681906424824564e-05,-0.008354744488573707,0.003836485243333017,-0.013783565801748656,-0.044034305267706575,-0.00021778368325034653,0.0032800887177966307,-0.037619523262325066,-0.04072827558331456,0.043352193579141524,0.7204433903898899,0.0012988117543554119,0.0785445482179359,0.13544998938118302,0.01891233996809862,0.006491704082157013,-0.03794986436555816,-0.00638953236734989,-0.11626405785232874,0.023323217262703286,0.0013286635474430175,-0.00028706755308543304,0.0137563888902597,0.04892289944948994,0.009836538248909824,-0.0029833130178307313,-6.46332710666074e-05,-9.182159661816556e-05,-0.012251077647050848,0.005300274387765185,0.0006636630047494358,-0.006518271668728957,-0.0017219366785877024
11_4,-0.16828984598217905,-0.007117362796275688,-0.030496910658421715,-0.0009976638015497087,-0.006573813754374525,-0.025773066952902393,0.002230360396440382,0.0001478961621411549,-0.027616017429501465,0.1400680103261845,0.23805633487364888,0.27619368223643087,8.800743369547642e-05,0.00334264642427266,-0.008553981925769305,-0.0010748525511435735,-0.030187982334560548,-0.04563803843753081,-0.00024051605974369596,0.0023493249206420824,-0.037204964831334106,-0.03145272892289545,0.23091767269018507,0.4295476459434623,-0.0020446143861373714,0.13336206964669373,0.28684430293633045,0.03889311569336902,0.014465051615382906,-0.0340936090237111,-0.0049522949620846475,-0.1170748087895701,0.021961450486165827,0.0014243783775208093,0.004216764943322205,0.001193418523326418,0.047376260132337665,0.008204662527521719,-0.0022470751158337574,-0.0003845546455366127,-6.105404088919909e-05,-0.012263586867658882,0.004265727289713542,0.0005256610802952884,-0.0015255334225225759,-0.0024119208996758222
12_1,0.02804019699269829,-0.00608495816335786,0.013413675779273868,0.0008108044553774018,0.003986136896781219,-0.003493397871368649,-0.0008859343781973173,0.0032346790505025616,0.08511667585096071,0.4789649219463134,1.4543346722229706,0.4877729845147484,0.004135590421310373,-6.817952528057839e-05,-0.015976787597757964,0.002808243616352884,-0.015326413246362375,-0.014670946994581956,-0.0003562405606957189,0.0037499281360985357,-0.021861017350352,0.12161481754608822,0.17046305491995722,1.0663663853544698,-0.0004134135246158016,0.2261917043704615,0.35367906678984723,0.03930730993759406,0.006275059694638315,0.08037843866783063,0.002250593793359999,0.004233149499265644,-0.002628183039110857,0.0032292771619568147,-0.004289791560397622,0.007602339932397651,0.013139423969869246,0.005426405587803808,0.0020662209200278513,0.00050174596919407,-6.471873727094011e-06,0.003314242160782994,0.0008394946517450818,0.0016061958061767056,0.0031477835989667555,-0.0018602929185391349
12_2,0.013785029624396055,0.0010189690840534489,0.011019230878000134,0.0005389973510684854,0.003949411322071206,-0.003255423460256903,-0.0004713730558648608,0.003280859265131242,-0.02809208052748394,0.46181616203120895,1.477047264993049,0.48395477982626894,0.00026164839125553173,-0.0014403617411778238,0.01487599470626035,0.002998236957045473,-0.0005564465314571341,0.0035202805903798333,0.0006065640338575205,0.004100612623854526,0.0980060132772048,0.10238806424810677,0.17070158635912785,1.1083786987259339,0.0012222966841969282,0.23433593873103573,0.38260908589981363,0.032467130930812424,0.0033518117339945345,0.08087050598273528,0.002263723376507565,0.0065948460492295065,0.0011568579648623676,-0.005066866281255588,-0.009377208636594438,0.008013591908284268,0.011980285012987422,-0.00558433655331749,0.002159207543982541,0.0004848949948913099,-2.2669245431660356e-05,0.0019429712040518517,-0.001493238901689287,-0.00819735063495608,-0.006411446945953365,-0.000944727523517516
12_3,0.013821878741327358,0.0013265577151756038,0.007669521721293297,0.0007287105933274457,0.003758675014942299,0.00307135996110068,-0.006654185701552121,0.004257421334569288,0.08155609258900531,0.47720934358879746,1.511532454867343,0.48932115691608685,-0.0017102249301251672,-0.001152585991551245,0.019300475943414334,-0.0023231030088059134,0.00976627505919856,0.0035297213454673223,0.000630229408299451,-0.0030616318984788894,0.11103646518253733,0.10215968859543387,0.1837171949701011,1.4263262457073909,0.005251740699243548,0.2548969947984496,0.32751022436794935,0.03748074972531483,-0.3491710566281868,0.08104984480016007,0.0020319648154690385,0.004445742503534571,-0.0012196245077969066,0.001750064119102846,-0.003575073326068895,0.012919826038602516,0.015476735695625058,-0.005523950292572032,6.859044519162412e-05,-0.0011074433348994587,-0.00013549933945440065,0.002857385862465695,-0.006901321336212631,0.001445520038963955,0.0007236903740518111,0.0013120405263483555
12_4,0.013820570705122453,0.0008168739974997012,0.007697577982338048,0.0006096035456102455,0.003863511655285396,0.003041824796582197,-0.006635785963730184,-0.003499209388974968,0.08868104044277185,0.48589771429418677,1.4807573601418804,0.4851335365747182,-0.0017143497339748635,-0.0010863633730563236,0.020255278819385644,-0.0023242196920063114,0.007195055538041117,0.0037342688739829986,0.0008342599197542402,-0.00298934468754397,0.09822545468101536,0.10249449290641754,0.18796964623761217,1.0276549607239112,-0.0016548108007227143,0.2517066444042511,0.3293380097121123,0.039573171177487064,0.007420772535876883,0.07652826284684622,0.0030136606570548025,0.0043023013640285926,-0.007956070742776248,0.0017650204699854433,-0.0057087935113357335,0.009264262948613204,0.016155404800707568,-0.005523950292572032,3.3206875859344504e-05,-0.0015316768206355435,-0.00014405461555347778,0.0028688176337086178,-0.006841126240762089,0.0005712353595548397,0.0006418919210526269,0.0006899363969236945
13_1,0.0020487983211887684,0.0009866085769579848,0.00039281785187367257,0.0008732141588670399,0.0005298777746612509,-0.0015137677847800479,-0.008658231767684925,-2.7114155895220464e-05,0.1041746763554588,0.22158385173747897,-0.2350669572184198,0.2860536910647477,-0.0004663963375640451,-0.004314043393867484,0.06078407285725186,0.001393887406970549,0.0041047226382659695,0.005651971668135648,0.0003554044269337684,-0.0010503965707687993,-0.01373719997805182,-0.013333188406088227,0.05972104426270562,-0.08997934410336797,-0.00021044251539522105,0.24365035677366711,-0.02269922830964036,0.020999165524097717,0.01942596750659896,0.02434850141346396,0.03975195959027453,0.009956186798354402,-0.006159811819167052,-0.0003846272988213586,0.01561994130723282,0.002938010601363051,0.042729758582389164,-0.00012772923930484277,-0.0007627184863197605,-0.002151204883847218,-0.00011947447769876233,0.007256656123525672,-0.003831259203062068,-0.0003684634202260641,0.003093763818092022,-0.012971360795892731
13_2,0.0027900480664703564,0.000539380537899183,0.009307763755739815,0.0008939041938883288,0.001067339949720121,-0.014163721353759505,0.001137128761080592,-2.5579620189882218e-05,-0.003401338494084146,0.22293675618472703,-0.234950445477833,0.2879253937882718,-0.000536024787413157,0.02380221325482153,0.05474165535348639,-0.00037799952984160663,0.0031532709725585347,0.004855776761105457,0.001494715896071772,-0.031375883448102486,-0.014921922849934422,-0.008022312379228617,0.05805377615535094,-0.0874501272524419,0.008870526684460358,0.20192147962331025,-0.022536629537938,0.02046578162676238,0.019459676959029695,0.017279755995550688,0.03702766881738063,0.017773031305947824,-0.008168418433932415,-0.0003372871333768619,0.015981500819337097,0.0026947414025432666,0.08199606133249085,-0.0005075845179486549,0.004485654766607379,0.0010989759422928294,-0.00010396699581988509,0.0023189861702108744,-0.0005319827827533245,-0.00031442937419135257,0.011665037093397832,-0.012666314068631328
13_3,0.0015532633351231547,0.0007844475927104618,0.0012086529554988928,0.0008693529521614802,0.00045309282587968706,0.0005300329120865948,-0.010582980333022803,-1.5937940905116454e-06,0.2057021305357476,0.17317786515685218,-0.24567191996972323,0.2826854618289488,0.000676577889173021,0.0021717708535137037,0.05813825727227469,0.0019763527213876022,-0.0003392626639476643,-0.042880401731503454,0.0008791577411846729,0.0015560920065185988,-0.006581716664314187,-0.011476537779410127,0.08829427210227317,-0.20586968089816332,0.0010456601034070435,0.1666955854840592,-0.02695203369720343,0.0196750195940555,-0.8376068828832098,-0.013637608022217144,0.007209969064572795,0.0031905502032575908,0.05465051346691015,-0.0004416512860572745,0.0030835556412809545,0.0022175587718006474,-0.058712511638074075,0.0001002956067391432,-0.0007799776856983576,-0.0016029791059894568,-4.3225949350545476e-05,0.007315305421833971,-0.00423633284910967,-0.000683270828725075,0.00018700192301323616,-0.011039674823375064
13_4,0.0018622389392096612,0.0018380364691130652,0.005960440582182063,0.0009254263440114947,0.001483993072481767,0.0058925979272368085,-0.008279846541761575,-4.234464983853529e-05,0.20376542724969768,0.24689627753870128,-0.23382003663521628,0.29031651736469566,-0.0008259992760078919,-0.0014808033995295077,0.05665553546454753,0.001374886732291188,0.0031752317382881764,0.005625063017455837,2.2451379923145182e-05,-0.00040240336104648564,-0.014909564933551389,-0.014534262501016689,0.059400188928636105,-0.07955685340432166,-0.00018297832881855413,0.247868290707005,-0.025188412351908118,0.02630587107746265,0.021056104371306263,0.05948171064879404,0.015576805766096827,0.00447827169903212,-0.006356045870100152,-0.00034990727715125864,0.005146615916283316,0.0028207534037226305,0.043818473853545856,-0.00031883613536205725,1.628495016191213e-05,-0.0023503966896242946,-0.00017744163051552453,0.007570753123261168,-0.006730880515866162,-0.00042276515069150666,0.0024944624725917164,-0.01701481726467479
14_1,0.008377662203014233,-0.004410836478383525,0.003938883364888424,0.0013267943350388813,0.004226633148310037,-0.009405430268998708,-0.010880137445282108,-0.0003191771448834027,-0.0015562184777837458,-0.3859272703970728,-0.2883460556849028,0.26677514241653966,-0.0004384230032148183,-0.0021461853755610732,-0.04537702598582048,0.00046566069331389036,0.001479309197710874,-0.002577375301848911,-0.00040966662422307334,0.0023504018377304486,-0.005898045862763741,0.008674949853100966,0.058415088223889626,-0.20394535538952507,0.00036890351154477904,0.14997177090135622,-0.053115498438183265,0.023572958637065496,0.0035174809366625022,-0.049189553452733466,0.014505234061355978,0.004012763437321049,0.01905400287576766,0.0018555653117757628,-0.017781688839761816,0.0019031821177891805,0.019705614501196456,4.29379854756474e-05,0.006140105489613752,0.00443105836554838,6.640528176169065e-06,-0.0746940775181421,0.004105035617151778,-0.0024814802360451473,0.0012997672596735304,-0.04248326122616508
14_2,0.006629129368802024,0.000813036058129415,0.003372649364447983,0.0021692625156229084,0.0013983239180103708,-0.03679803252647852,-0.025961702915891824,-4.7470292203124305e-05,-0.03510376130946553,-0.33341134345592777,-0.35875805465266697,0.2566484699170791,0.0006880927838533069,-0.0005147797336992469,-0.035840436367857706,-0.0005799245797831009,0.0019678558014781596,-0.006944854640588971,-0.0003824878471889691,0.0024106149618168485,-0.0046713477049581216,-0.007133840521102195,0.05767427166002197,-0.21463372685522433,0.0003265666373801769,-0.2493516414593929,-0.04732346806369122,0.02311127840881738,0.017041989016535534,0.0013724033929976031,0.0171156617808627,0.00422779662192459,-0.0016213319461171238,0.0017760308908652228,-0.0246979050309764,0.008411744013567745,0.003138610176031929,-0.0005184439759152531,-0.007474676576902188,-0.009144602588676746,-0.0008111564351916782,0.005617392262561137,-0.02084724225478151,-0.0021912911811004434,0.0017871345302159494,-0.04458983188957996
14_3,0.007290070307397649,0.0017567877344392257,0.0027191744432594075,0.001922077715161251,0.0022342948626176374,-0.03489045809929138,-0.04071906600139027,0.0004736914346410875,-0.02444189464234777,-0.3405615603382538,-0.3362261086419504,0.2581028457946205,0.0008413690538793618,0.001245534750192746,-0.04884065132344019,-0.0008129579726438522,-0.0045961570901073626,-0.0077234173190598165,-0.00014960735816052203,0.002141704572300334,-0.003381953056225241,0.011348141178100828,0.07478068093131765,-0.20603427717036357,0.0014175214732934844,-0.23707893753056095,-0.06176678296983256,0.02962496441212014,0.018749600150176057,-0.005132409901723764,0.0004854878744730406,0.004033223303219906,-0.014289440630125287,0.0014514493356259717,-0.02723755193300498,0.007807713676688971,0.0033782310860469445,-0.00040790460643742843,-0.006829498963672399,-0.00876235294737784,0.0003227818218159142,0.0025436637789998506,-0.018738392671037576,-0.0007213551451799047,0.002035508271300853,-0.04916916663848013
14_4,-0.026680555869407374,0.0013854674456478917,0.01043625523778918,0.001711598185165644,0.007249965004680651,-0.03542493446968381,0.003713857868003962,-0.0002812560122513203,0.023241382860527987,-0.32330247045687627,-0.3172193681265367,0.2603440430297835,0.0024432284974704394,0.0008892128316380045,-0.04891124913625613,0.004672327623965359,-0.00493838033295093,0.055048038902918955,-0.00017658047995411505,0.0014744801953715816,-0.0022900058591632127,0.02611823647430311,0.06989700913963945,-0.20843673363894508,-0.0011519684351285885,-0.3162985800207702,-0.07481689332457431,0.029032139048799713,0.02101987505443769,-0.007578861916562902,-0.005336776843541015,0.004244405873242758,-0.023065473904715056,-4.87005653988543e-05,0.0013242637337818964,-0.0009854085424158784,0.007499589784966251,-0.00036375941021565134,-0.005125097908606893,0.006406609415751817,-0.0001408554262737375,0.0041440268342023065,-0.012634158337419744,6.666297449153076e-05,-0.004361230283979995,-0.041142944106322785
15_1,0.002882172872764463,0.005124731740796171,0.00487198747464981,0.0008433370094656791,0.0001243850143284628,-0.003495639564747322,-0.00022588683791187182,-0.0009645316514376104,-0.0028872877212529346,0.11044013161734899,-0.24854319576188208,0.2814192092998219,0.0007694102273888251,-0.0026875384546139985,0.0561580224868442,0.005018161339791872,-0.002715474719221682,-0.01860695901375459,0.0005116638298009847,0.0023680200487475843,-0.0013316255833318825,0.0030110287815107517,0.0762151650272997,-0.10958320793274777,-0.00011315738946739238,0.21233507032443016,-0.047818497587092536,0.02908043793887924,0.015410912080110977,-0.021380840606168846,0.0012627310190008634,0.008976944686668419,-0.005238867959189449,-0.00011532089430038871,-0.0037806637979417965,0.0028812205610132553,0.04005283172174531,-0.00038715083048308086,0.0019369502330766697,-0.0023244178328565525,-0.00019084399328536515,0.002506329468947712,-0.006957590698371083,-0.00048466523598640556,0.0055068312251539235,-0.011247656127635095
15_2,0.0020896386020638064,0.00035554219661216614,0.019366326306032636,0.0009293698811822975,9.944838116555227e-06,-0.0034266034837122693,-0.008451953369492341,-0.00024705393736166264,-0.05017589549917183,0.15237780210964555,-0.27051414483370484,0.27767242395506364,0.000538331553077209,-0.003195948413970302,0.04487516136197292,-0.0012107145274959665,-0.004691000020306317,-0.016692355131596497,0.0011731845727587526,-0.0297771658997319,-0.005365221017736403,-0.005794510541420426,0.057406252424938894,-0.15816096042114147,0.008971895328716362,0.13351579929148472,-0.03037259446941506,0.021205870726284562,0.026093476692524497,-0.004393844118929072,0.0013959305970719618,0.008303765860034349,-0.007836484207562054,-8.259405998302003e-05,0.019619707677914478,0.003006869353016483,0.038518407106123996,-0.0004939651286148611,0.0014273107215203853,-0.001744563686447799,-0.00018910081393797294,0.002908434933642297,-0.006577099178489644,-0.00048466523598640556,0.004798182665888554,-0.01194061216625289
15_3,0.002635854224988643,0.0036304450269019914,0.018018969363001493,0.0009463900417271418,0.0030289741769089855,-0.0021555761250722843,-0.008622239216861942,0.00015705311993590066,0.0007683547804091025,0.1670220863923301,-0.2583307457902883,0.2781843112626486,-0.0006421797139043409,-0.002783596639856355,0.05708554754229949,-0.0014187481072765293,0.0012621864296628502,-0.016754396842581492,0.000696960913036873,0.0011193488526535476,-0.005068840618708009,-0.006122198073082303,0.05948461584755241,-0.1545070108696822,0.00017168885524914546,0.13827304806373775,-0.029478750698482645,0.029215341361140824,0.0281506358431757,0.0019377031938736357,0.02732238188267204,0.009226979945003088,-0.005936179698851152,-0.0002495905202168342,0.019302248844246674,0.002754628925011441,0.041693250976932675,-0.0004996750901442742,0.0019241323580312976,-0.0017033775466971726,-0.00027684910560282885,0.002300501246317647,-0.007054850556530681,-0.0004663755404905256,0.006317890201799557,-0.012579200318537445
15_4,0.0022320585317087607,0.0019603610913275,0.0049268266268262355,0.0009066408908618953,0.0005773480998272585,-0.003474862953473096,-0.00895349767037912,-0.0012627949100740797,-0.042051299834312536,0.10883170538143695,-0.289856314031637,0.28046113990897914,0.000856019638829491,-0.0027236357101217156,0.0404627924048275,0.0054045918315860746,-0.004532540661918078,-0.018372741333688433,0.0005194987585439136,0.0028552111578309157,-0.005610233852021619,0.024300799175441878,0.07308339512918112,-0.11153386106764364,7.594753514158538e-05,0.11732512413858841,-0.04804479422226326,0.032743540612884044,0.02599553187745574,-0.008479407472911003,-0.001982587302987577,0.010252508244848158,-0.006774349054571641,-0.0001130777693174768,-0.001506764154294991,0.0017987878672356974,0.03176637107674867,-0.000946866793999436,0.001519101888550799,-0.0021490517721700353,-0.0001691810274896782,0.0025552169650115654,-0.0063453034162538995,0.00032198228922413613,0.006007602747558054,-0.01199284735085997
16_1,-0.02489095902257187,-0.0038870313722046855,-0.023391483774102318,-0.002946114630722042,0.008614822505848045,-0.012153533592511515,0.006181380045083485,9.456133203844183e-05,-0.05740302811165617,0.0881497911414098,-0.22705614024006004,0.2545176942581939,-0.0052216714164890375,-0.0008087252972389435,-0.026600014422720676,0.009458080290749385,0.0020293022995039487,0.00037890970078671487,-0.0002410705171218264,0.001666150398492563,-0.008241450331141459,0.0015658023978193372,0.0732766541406864,-0.17544413016011873,-0.0004934884829704878,-0.205204832751151,-0.054956517810434896,0.03696939407868888,0.022773238851307328,0.013867063074337181,-0.023727115210237005,-0.04568520925254747,0.011332935195081273,-0.0006066991196054404,-0.03493687316183789,0.000566922450916884,0.01801072162582493,0.0040593728276576,-0.005517040045291666,-0.001173222746754812,0.0015957563035306726,-0.011134889344535185,-0.0067583105216992715,0.0005160676788284317,-0.025610423284025997,-0.008435677136851968
16_2,-0.024236776014965464,-0.0030549565839046123,-0.013629103157848257,-0.005751607831551093,0.008612769341297982,-0.011363644085431517,0.006596004265452017,-6.696466740526612e-05,-0.05514166988521668,0.09615965368435751,-0.2216995134831095,0.2586177932547173,0.004645078449355274,-0.0006252272954386138,-0.025517768744050935,0.012876093328258977,0.0020293022995039487,0.00279778553496422,-0.0002410705171218264,0.0016648358174736074,-0.002661226558720544,0.008294652852501215,0.07308266170170014,-0.17176766036784152,-2.8354881700102868e-05,-0.19327887184544898,-0.04745254788121799,0.037015090557597614,0.02319476310296011,0.012271870075392984,-0.020260628601157137,-0.03472732003576349,0.01576475371034964,-0.0006304142259437279,-0.031454960760230494,0.016631183716482312,0.018573830604748005,0.0014294845001368009,-0.005623903765622497,-0.0005950109453359863,0.0002659336655812544,-0.011835295435220728,0.002083289938241656,0.0005160676788284317,-0.026256550520064557,-0.0062972276860654266
16_3,-0.025199034364666032,-0.0038870313722046855,-0.026669471903404816,-0.003843889911282994,0.008614822505848045,-0.013134698690600024,0.006118659172530955,9.456133203844183e-05,-0.058760590345143845,0.0842389938736909,-0.22887899884264518,0.25413709814437047,-0.004308968880406125,-0.000981084870509707,-0.02859513905300752,0.009458080290749385,0.0015561144440272717,0.00037890970078671487,-0.0002410705171218264,0.0016317179152619834,-0.00706214815884728,0.001253625707689907,0.07306074761802789,-0.17750783208392878,-0.0008367332997139313,-0.21331340671192695,-0.05328660066482283,0.03696125404798846,0.022773363579706458,0.00932197773229073,-0.021964886369980046,-0.047996617181108696,0.011335373415821411,-0.0006227729511821381,-0.03499200035222477,-0.00653713048351055,0.017978070782534532,0.0016644428652596804,-0.005280717453304102,-0.001173222746754812,0.0015957563035306726,-0.01111126544625089,-0.007070375606113664,0.0005160676788284317,-0.028347751672267302,-0.01555803841567893
16_4,-0.024622234486045842,-0.0030549565839046123,-0.014426992550363943,-0.005751607831551093,0.008818169202253957,-0.011363109783982452,0.007122064156543137,-6.696466740526612e-05,-0.056270104825571425,0.09142106158459011,-0.22357724604720253,0.2553987926285818,-0.00511238423066056,-0.0014068423846688993,-0.025321125677414125,0.009563012316558548,0.0016949108858796702,0.0029910703336609662,-0.0002410705171218264,0.0016317179152619834,-0.0026626580648008566,0.009089147383919197,0.0736738207229077,-0.17335444714123485,-6.788802784802152e-05,-0.19395866318681823,-0.04819287366211695,0.03705912630661266,0.023153571145410588,0.012016614749366859,-0.020369762740597732,-0.04430933010584387,0.015665736439814986,-0.0006380019287886315,-0.03386582844485821,0.016624068938028768,0.018028199393589812,0.0015892910524229233,-0.00524736283667789,-0.001652333094401317,0.0015621497199270439,-0.011570351580269875,0.002087749028042174,0.0005160676788284317,-0.02361309898210638,-0.009568629592401253
17_1,-0.025107307074381517,-0.004595583805353142,0.007313975306011947,0.0027860873483280596,0.003764564125507615,-0.02984193550100444,0.0036976276436436464,0.00022209594453372235,-0.01995222110818098,-0.2740330725528912,-0.2984022466543074,0.25924497392857304,0.002463813344140948,-0.00040651723902952026,-0.023716835718675704,0.005205181626010013,0.0025838750946800596,-0.007785464364714249,-0.00011534295613454312,0.0020962760373355216,-0.0010379997635497572,0.013851091239781088,0.07627272428146081,-0.19862071604733703,0.0007559499577397336,-0.23512335203354703,-0.07192518757225855,0.028662971266848518,0.02286368849984354,-0.006683839572199827,0.004169809644161781,-0.023575040952656612,0.0120100952117423,0.0008788618490836793,-0.01609044065351845,0.006370271839521971,0.007924406177861524,1.5715661564772495e-05,0.0006483588168545071,0.004590615993483309,-7.87141733833022e-05,-0.0018954792465944782,0.0005604126333479459,0.0025364349297825983,0.004445610820543922,-0.03545387904677649
17_2,0.008394863265126782,0.0005568149562140282,0.0021959460955447985,0.003192234477628603,0.001855937479889818,-0.01977361552675415,-0.02605811968562367,0.0006895477360627828,-0.024698069725548562,-0.2558013436780883,-0.26610206760883925,0.2583364801604541,7.162129003300771e-05,-0.0011838434862000368,-0.025144624198895665,0.0028902030633019323,0.001864245520095543,-0.0003958061694179862,-0.0001712448508579159,0.0018398509082258358,-0.003323590040233332,0.022874604413605698,0.08718575642573814,-0.21083670597750426,-0.0009264577303674936,-0.24221191512065127,-0.07069750643383041,0.029396488105752586,0.024185740210070035,-0.006896182325039068,0.0030957287175900766,-0.023637742064966414,0.020290620070600535,0.004809142602254359,0.00036051936182565907,-0.0015700330254692055,0.012983458760869574,-0.0002902671578104742,-0.0006439344798353606,-0.012753806521963985,-5.670579547207774e-05,0.004123367414733093,-0.018955858549113396,-0.001678676194109238,0.0019189563151531053,-0.03852912206303649
17_3,0.007977999018234537,0.000786301205004889,0.002428047068207753,0.0032258733650373534,0.001473871219583636,-0.023089121632712074,-0.03765571816200171,-0.00034168259792854527,-0.028172364171845318,-0.24367777042409913,-0.3062084198202587,0.25737602083116984,0.0007574248692428259,0.0009637105588142531,-0.024783226812382618,-0.0009857905392995866,-0.003824465611980225,-0.008456149104776123,-0.00017195244824405207,0.0017348799149936554,-0.0037236320702490437,0.06294449709640468,0.08576268448635734,-0.20870552584738247,0.0009607377487814523,-0.22752146237681964,-0.06344818132597417,0.02926727289697917,0.023808682935441507,-0.011786309505862515,-0.001329401986993185,-0.017355609573990752,0.019688236160240465,-0.0012263445421659554,0.0008410474414500789,-0.0012711592720016291,0.011227123686653974,-0.0009727350329695127,-0.0002636093322998603,-0.011873387185101811,0.00032536256156198706,0.0041478293299916265,-0.02151101215191765,-0.0018555756599695952,0.0020565324729283365,-0.039238622785768514
17_4,0.0005897614621432968,-0.0045985277800065765,0.0016898379083884188,0.0008115086304003383,0.008292534515618148,0.002711597454691176,0.0027802358214900303,-0.0024749531433650154,-0.021708492401227072,-0.2619423701048662,-0.2877500392101329,0.26115133698641546,0.00034386116593734545,-5.223431759132993e-05,-0.018300791062904474,5.845478334807943e-06,-0.004945868434423728,-0.007757392317794552,-0.00011629487766853797,0.001701739591103753,-0.003951878943245452,0.024948060004437746,0.07643438768989705,-0.2007286241008297,-0.0005719127958016046,-0.1536572917651423,-0.07862910099579586,0.028326667365851828,0.02096643984321038,-0.004489793541572746,0.0028793906776608527,-0.02226345904127909,0.0034389194385600584,0.002800897431298987,-2.638593544377222e-05,0.00872714526736853,0.012878704229689982,0.0005761034111711853,-0.0004215520437475728,0.001895312610184945,-2.459166190190592e-05,-0.009941292964126332,0.008533652004303756,0.0021085645278494463,-0.007059616321419157,-0.046895944666240974
18_1,0.029793744835374312,-0.017979492742648005,0.008392482011458272,0.004674677337287718,-0.0026192950722324334,0.007674273950818633,0.008421115667143417,0.00048357092844936937,-0.07306310099297213,0.0826585003643796,-0.2541325810325177,0.26810633727993877,0.0008700380659052665,-0.0007680111596592308,0.028351501487041294,0.0022111106864941086,0.00391848127979132,-0.008254674730200327,0.0006370957175097012,0.0013872919806426128,-0.006564822420070901,0.024957920022975158,0.07645728948348268,-0.12186435607556463,0.006874684715553187,-0.1262526907638127,-0.03629728889131621,0.02571496126134791,0.024311164809802218,-0.017064937974590487,0.0005511079896214732,-0.030885951150923265,0.005259550705459037,-0.003010196688462877,0.0008845722419677061,0.012730771862308478,0.026453298202489626,0.0006414757595849184,0.005579791070896744,0.0008372841938695393,-2.234528307588202e-05,-0.0068895203187508405,0.0012778462491202826,-2.5496831690515354e-05,-0.02032595150877045,-0.013734048096311548
18_2,-0.002570378440623582,-0.00456188105648871,0.022238030493210062,0.008216917416404748,-0.0032737004904976183,0.0012426259871563582,0.005895863143993484,0.0003336551200102759,-0.07114340036798099,0.08859304981095953,-0.26423461487730143,0.265363226860323,-0.00019055716686435138,-0.0006137182104904129,-0.019001817333143888,0.0013536855983865411,0.0023105665810597416,-0.00030540824722522994,-0.0010089091757707397,0.0017543448098324794,-0.004889795065997559,0.02328314134433717,0.07053282385481918,-0.16949264505982437,-0.0036061739804830522,-0.1563657735117717,-0.04221503850195152,0.029806210398674447,0.021405831530117797,-0.0042657402686877635,-0.014424574186440116,-0.04021894942085789,0.007678520772709801,-0.00035095595428327134,-0.034176196760878554,-0.0021054027480638675,0.023591422620135978,0.0004699537900086175,-0.01123397752173872,0.0008438453688642807,-0.00010236459934846926,-0.00837649108567874,0.006104231083327102,5.91900775425095e-05,0.005917052980305301,-0.021901049822303523
18_3,0.0038881397265851836,0.0003133524416559612,0.01872617813836397,0.0016142919463748705,-0.0036438707492824655,-0.002738326064037652,-0.008363928247309338,0.0012803812107548469,-0.1032679833969649,0.062022983645038096,-0.29224903156198645,0.27456580633178396,-0.0008859559989057211,-0.0005010132183330411,0.030185465669739845,-0.002075932889471801,0.0016073190354881563,-0.0025149594510002777,0.004782937744630064,-0.02822612251541112,-0.005048139735423592,0.0348139517104888,0.0721769409228965,-0.16438627183093943,0.00886883821667694,0.06599384685587881,-0.05084874467112098,0.024420755016850787,0.024163255222303563,-0.04759649951697174,0.003109713567459876,-0.0270774355135439,0.015062336690416487,-1.2609125281322115e-05,-0.05405009379913468,0.0048948890949357705,0.03198047381805885,-0.0016459676296131326,0.0028776668136686586,-0.0024817925753536944,-0.0002474241868871443,0.0025074157533309565,-0.008660065586648549,-0.0006362199395702798,0.0057511149005620614,-0.011163738202336784
18_4,-0.0007763352923590055,-0.01750904255068162,0.0010900599296470488,0.0010116035994613313,0.016287757412010325,0.0013013471377994455,0.002146048435743263,-0.00024146354849171117,-0.06364040581145859,0.05295906051332647,-0.24373605995123523,0.2788301127696456,0.0008269160245626384,-0.0007129235290633488,0.019232343969167568,0.0022660066190240457,-0.00481410785580566,-0.019800099164885357,0.0030661526063074005,0.0036067290079861464,-0.006609674680269302,0.0017876034330270734,0.07446070394283617,-0.11884010956872784,-0.00045801450358047015,0.09129065166260268,-0.050913423396094136,0.02813209792992445,0.027278648811811863,-0.013620112214341614,0.0009170373605408494,-0.03214551759607155,0.00908947596902751,-0.0029327184489135,-0.03618132714108114,0.004429269023063181,0.021617015670529587,0.0006586510544022716,-0.0018027689033224571,-0.011982889035163403,-9.684132968551312e-05,-0.019826160216118695,0.0033841218227259723,-1.3371011753475232e-05,-0.015414750190771822,-0.012601772250677445
19_1,-0.004456419007540302,-0.002627622484023772,0.0071916515070062515,0.0029293366366595413,0.011219689500724718,0.003361490251714707,0.003267849434162041,-0.0007064874425079266,-0.017740256065507158,-0.2557195161513226,-0.31557229128682784,0.260449512943428,0.0007630617942543539,-2.62898140077556e-05,-0.03176999970796674,0.00457284152601505,-0.00497791726750951,-0.007720719064403065,-0.00017064611460810859,0.0018932064370360958,-0.005273893310218941,0.027346786512493667,0.07518857001982862,-0.21147511390093013,0.0013521239878437636,-0.20609094009677686,-0.06666869383849153,0.03488347208059767,0.025923065647963282,0.007902508019387793,0.0024689546723196043,-0.0013214804687482068,0.005039625233620061,0.000914480825890815,0.004942892736416081,-0.0004899164858689583,0.01048198609084614,-2.4078880230774793e-05,0.002132345725878328,0.0070599661724806756,-2.1240657683326697e-05,-0.0020187339492455324,-0.00592862910815429,0.0019160247175884163,0.003401496796617368,-0.0507228756811625
19_2,-0.003275716372780629,-0.002599977617361029,0.007286672352487139,0.00196896535619285,0.006478176812848662,0.003507806595406661,0.0034859073312843523,0.002118143991760668,-0.026677414270010337,-0.2707510889147597,-0.31357818851087177,0.2612124452757227,-0.0008627786361013225,0.00011577392214488129,-0.03586793915736252,0.00676941900489543,-0.005016158593727894,-0.0072895157302635735,-0.00011415496120930355,0.0018927083132823093,-0.005027847912851165,0.026109653567438027,0.0705693120814523,-0.20937141442894555,-0.001039507393817589,-0.2060230765716407,-0.07656833743030403,0.034923441647343616,0.02509792412123536,0.007258468519935332,0.0012023843460149451,-0.0013242479292722709,0.007270596227119056,0.0005551385316621303,0.01135456215613576,-0.0014987825292706266,0.008145334894444087,-7.686979686802016e-05,0.005586192348672577,0.005412262978442686,-3.704715740500408e-05,-0.0020899254247054144,0.004774989826348768,0.0035362273020549412,0.003400271412329882,-0.039359155233602755
19_3,-0.002786874949184125,-0.0025086444721215237,0.0179319379947519,0.0017310601840645754,0.008910510315148765,-0.015591252393658757,-0.028368826026280127,-0.0004048035762597796,-0.03341638349340605,-0.2899095938553159,-0.32515242988961296,0.2591894375794851,0.00027345447988440415,-0.00024341704190649358,-0.035751463520771756,0.00607172488866544,-0.005040692551113324,-0.008053575137393082,-0.00011569614141873066,0.0018887240724329572,-0.006885519802919906,0.018019938007195528,0.07485028894969363,-0.21448371217621562,-2.4408548198275037e-05,-0.2402951426574861,-0.06277952839062878,0.03511986173761759,0.02477399255666745,0.006849147115488862,-0.00014991532038436512,0.004217393445857103,0.01831294297117681,0.0034729357916749278,-0.019770966480684198,0.0014629624846259535,0.012091472791563125,1.7203690260352922e-07,0.005560360336710242,0.005782134244381693,-7.538743886739176e-06,-0.00972112454280144,0.006594700044718666,-0.0021610087440812695,0.003465232910873195,-0.04104694731010535
19_4,-0.0033684948627683,-0.0025786378120532974,0.007199818592333076,0.001970047770465849,0.008736892176807514,0.0038576430346505793,0.003482529569659833,0.00019006096789991704,-0.027275334607878857,-0.2661525690201939,-0.3212817065803299,0.2617727601017709,-0.0008627786361013225,0.00014810860354489861,-0.03599446405758026,0.006429257082085918,-0.005016158593727894,-0.007349597252338304,-0.00011415496120930355,0.0022491355475705603,-0.004828740777100852,0.008779673826721856,0.07490126624043329,-0.20883215008195619,-0.00044908555012997846,-0.2151603780267325,-0.06628865996321515,0.0326695374380714,0.025162989512224575,0.006340032911141317,0.0018366205313777066,-0.00344287282871506,0.00623854814675208,0.003043173218025687,0.014195389948423703,-0.004397056283351117,0.007903430346374066,-3.1325919011527864e-05,0.0026806482008012366,0.0033834425546320334,-4.2571013176806796e-05,-0.00789600834441897,0.002285249947509043,0.0022306777418693354,0.0029212339806717162,-0.04453081898441811
1_1,0.005010760500727261,0.0008305885351127392,0.002366559832014871,0.001654880783319305,0.0015151745547640465,-0.032889566699241986,-0.03907027716811855,-0.0002377968136931764,0.06770217937942047,-0.36990718206021117,-0.3052770821966451,0.2541883641796073,0.00010997729484757098,0.00135001731645314,-0.02106216046117361,-0.0051575875043718186,-0.004496074798946606,-0.007100243145539618,-0.0001064836094366319,0.002046676686426571,-0.007014233042903069,-0.026280691437518194,0.060906039413127035,-0.2256801628827973,-0.0006655307797323337,-0.2667087886937696,-0.046091414283208135,0.02973823514298181,0.01751731081549458,0.012054252216536762,-0.008343377170595854,0.0022298048884485493,-0.016009130064850736,-0.0005349423069856427,-0.0049567413468723735,0.0023233063717359257,-0.08036668737661735,-0.00038549929121873666,-0.005354357182622517,-0.011138455289330256,7.223803093220392e-06,0.0028535468681965136,-0.008637339315658323,-0.0007060132182197846,0.0004989352973833699,-0.05262931721015743
1_2,0.0045057175539173116,-0.0003033079941450953,0.003304908366630955,0.000945035083658354,0.0024409752894571086,-0.012647234833601707,-0.03692895836626373,-0.00028046712508262325,-0.010717090539667563,-0.31937718216900285,-0.3386233040235821,0.2558154066857526,0.00037945130979953666,-0.0016558280715257248,0.02091136180797673,0.0017582323762604009,0.0036532633080136484,-0.0013647647455118737,-0.00012982653090014545,0.0013498076110795745,-0.006361907428980167,-0.035211576005239414,0.06787500265677582,-0.22644727827109903,-0.0002490067124125477,-0.2084880865998127,-0.04734870186725135,0.022919942781118148,0.008597947757894547,0.009358527718195942,-0.0049712534333505596,0.0024884325258370237,-0.009920279899296074,-0.0003957655967471198,-0.0009321922537346747,0.002583297519181519,-0.18300531501618927,-0.00038357798634763407,-0.001311176737633478,-0.010278510632292626,-8.253792204892586e-05,0.003393600638902587,-0.010622673585667474,-0.0007507347795280845,0.00031510904594329913,-0.050514508044011086
1_3,-0.02461625614702753,0.0006167169572261798,0.0025329712596700023,0.0016684837254975955,0.002004544131328206,-0.0005497691405627343,-0.02456795617028988,-0.00038146075717568253,0.06958468306482306,-0.4064859919652518,-0.33914112425052145,0.2557086373649216,0.0014648289446277224,0.00011067666689276723,-0.013534262120240398,0.004574110762400773,-0.006521974899338355,-0.006676815427243275,-0.00019183711270932477,0.0021738045491640763,-0.004408618656799715,-0.028917230697502416,0.060340868860561836,-0.18059801096785358,-0.00012779175623524276,-0.2449872737981907,-0.048761094043631055,0.025508235427930716,0.0184485096763852,-0.010640078242594907,-0.0036508285411242574,0.0020124492096919334,-0.0026409768942449578,-0.0002063729545440518,-0.0035099401253002567,0.0017020517391867127,-0.07217079141992633,-0.00029799125799089324,-0.0026706177182555767,-0.010672202451346069,-0.0009264338766788792,0.003963787860520829,-0.020069205069527248,-0.0006847347863596146,0.0004899694129951756,-0.04116223330949435
1_4,-0.020068410635417446,0.0003627992663534818,0.0029612704610681518,0.0016328843373202742,0.002433538240433779,-0.034982026882754584,-0.026823715767984948,-8.909085923268847e-05,-0.03278874092672882,-0.2971961096727859,-0.35200247605150553,0.2519582270919709,-0.0026024320704276837,-0.0037744675312229928,-0.022635421053716857,0.0040329677476232265,0.0030260710127590737,-0.0012469625965108198,-0.0002037726373596096,0.0027063343269337053,-0.00570302196390398,-0.026187201407957942,0.05288169669341161,-0.23010863852006158,-9.821908757378332e-05,-0.25792744182390887,-0.051811339335897044,0.023726607188606842,0.01889225393632012,0.00898070143830473,-0.009903567711106915,0.0023907443968512456,-0.016255783152992358,-0.0004856567495428478,-0.0014088738495884332,0.0022612518195479457,-0.08561797416797429,-0.00039012346129818404,-0.007184143756819743,-0.011636615734598506,-0.0004382386881204919,0.003284812030899255,-0.015095686289566652,-0.0006887176237252003,0.00029697892888225653,-0.05374222821117116
20_1,0.002502396199844978,0.001154190395895745,0.007896902634326046,0.0015222748529970557,0.001573083231455099,-0.010495389379998476,-0.008650105479323664,-8.70507859891192e-05,0.11806186436269936,0.13458136932208958,-0.28773761191975805,0.19024606335864053,0.0006100058793852791,-0.00013487448282890066,-0.04379605541139077,0.0015416771480716253,-0.004468486918994474,-0.034023338640537554,-0.0001757542356869194,-0.00027799400361587685,-0.0020774818890803627,-0.0036462529918661725,0.030108315302369716,-0.1276935578922911,0.0005864587387443347,0.11817073526586254,-0.11723228448613991,0.03199040605143396,0.019018905960927684,-0.03397509941206668,0.004325904009740937,0.0026957648533253963,-0.010558369294488303,-0.00011315194987928507,-0.0009295429336982138,0.007256084878385008,-0.18316923450258654,6.635462629490114e-05,0.006488622152716667,0.0006982355373307969,-7.5514948569935e-06,-0.08674888276407945,-0.004372859638719737,-0.0005024762459139361,0.0009807925977102815,-0.01245718721093921
20_2,0.0032518163693115508,0.0012654875652271104,0.005500803898124992,0.00097681191402022,0.000881030658814144,-0.004724747491272616,-0.010902955459538349,-4.318402251586383e-05,-0.04905785659863977,0.06671883806542192,-0.2876211918669785,0.18663990829713265,0.0007385096988804531,-0.00037873863816568045,0.025238628726686228,0.001599004835481675,0.002368015034777279,-0.033652740618578446,0.00341254573670238,0.0008158805149255028,-0.001695022511904304,-0.0044857606296759495,0.03039514303328792,-0.14838221855220235,0.00038278207207874404,0.1263917340090796,-0.12567209874983545,0.021348378986152244,0.023379477274678647,-0.037464612054708586,0.019968444431256546,0.005690000164334888,-0.011808447914370341,-5.516819152189125e-05,0.001121506348396944,0.005431681677252777,-0.38091006512976183,-0.00036478531590071727,-0.0004008638502732747,-0.00326888503390043,8.46731084195901e-06,0.0024111189392212974,-0.0045245257086701345,-0.0005296407754565929,-0.003553941081601355,-0.013854799540446982
20_3,0.002760673760203978,-0.0003469882854217443,0.0035447400246811332,0.0010257697255448232,0.0004161928938495397,-0.0032788551268425215,-0.010235351589005176,-5.348653453510183e-05,0.10183851308432626,0.09342477120294931,-0.2795708172708858,0.1926142890517074,0.0006050985331218406,-0.002053615737768469,0.023106980047819643,-0.0004061120585655552,-0.00061422821240796,-0.03331678458690781,0.0010395339359839653,0.0006104023965586222,-0.0022145977272900732,-0.004454257291895998,0.029646106835487802,-0.14951271875867378,-0.00028527410653357994,0.14208919143684368,-0.1199562177869545,0.025243213281177963,0.02371292358262649,-0.03827761881414809,0.011310931770605222,0.002593805154099053,-0.013417601808127616,-5.516819152189125e-05,0.0010176172767386925,0.005441451111434169,-0.3559481578123659,-0.00031461663748381653,-0.00046202028340757985,-0.002371584735149519,-0.0001926150355169765,0.007498169553972983,-0.007395591737474308,-0.0005296407754565929,-0.0002461938986549001,-0.014360762335626779
20_4,0.0031801915682339236,-0.0005748576745032907,0.006095900912734257,0.0009003748915368346,0.0009730538903413798,-0.004711103704113916,-0.010419579932549973,-5.348653453510183e-05,-0.06066925421855322,0.06961423899104867,-0.29430196721247204,0.18868842638709732,0.0006050985331218406,-0.0019196400469859757,0.025896541293023295,-0.00047736597089058873,0.0023521160788134167,-0.033233898441124274,0.0011701575783105564,-0.044533084206505445,-0.0022145977272900732,-0.009263887810018634,0.02960251385835267,-0.14464343490389728,-0.008417424401388466,0.11687523467719811,-0.12772467801709259,0.024680087663144605,0.028889639146880346,-0.038281325898774025,0.011119530261574813,0.006091475613259628,-0.013190237782349642,-5.516819152189125e-05,0.004141359491478537,0.00473706674254658,-0.38179818403748056,-0.0003544887609321703,-0.00036041943166735253,-0.0018049521530659456,-0.00019398881127734763,0.0022450270085987204,-0.006807526427375824,-0.0005296407754565929,-0.0032521501990686297,-0.01397381364886252
21_1,-0.02526738388362681,-0.004225011454328755,-0.006486569319368716,-0.003855540993462649,-0.006279172721162847,-0.012910818019856201,0.005628573808823993,-3.450019652120385e-05,-0.020216280976617526,-0.20970589339088805,-0.21588671725565395,0.25788961762662505,-0.006188688460048128,0.0015880936308096966,-0.029193892240199523,0.010982249846654954,0.0019528675978299937,-0.00330004981140446,-0.0001394054459977021,0.0017977800125278348,-0.006185903336292045,-0.0021919776933109402,0.0678665014381331,-0.18655983301831444,-0.0005569713515130487,-0.21460325049623302,-0.07293265728306735,0.03312683134497837,0.019854665497940075,0.009734783400743845,-0.006914042805692945,-0.02573077464117077,0.013842303858792378,0.0012856218404363358,-0.02166474463423831,-0.004492334938206978,0.008975993676772084,-0.0002063002542086888,-0.0016737691166181737,-0.0008690726862921794,-0.001946917502059798,-0.012644383738511598,0.0036347898987611526,0.0006238775437362389,-0.008244733848468582,0.07765497793711522
21_2,-0.025097175027781995,-0.0007073141959260005,-0.006486569319368716,-0.00378540509166577,-0.005508845858987846,-0.012676062066994193,0.005909936557220725,-3.450019652120385e-05,-0.02017661153371183,-0.20488610441263486,-0.21359151660096326,0.2596391412627693,-0.005314714028867229,0.0032200379618947915,-0.02889003472967092,0.011651149474821487,0.0021764989948166603,-0.0018476393762143699,-0.0001394054459977021,0.001802985364915082,-0.0060752368134137915,9.814930256092386e-05,0.06839475428602027,-0.18146799456421522,-0.00016703844840267805,-0.21173100265529438,-0.07185624365017299,0.03642112319384783,0.02110625949632335,0.009730959871853101,-0.006752562703913381,-0.025646237406326215,0.014245452047613683,0.0016996404613459776,-0.020541885805972184,-0.00410300757206981,0.009652375756239348,8.042812961692311e-05,-0.0008844118459726304,-0.0006794205934426282,-0.001132618694314492,-0.012170611240944249,0.0038565762973034956,0.0006238775437362389,-0.008243730710888951,0.0837585876257253
21_3,0.008966511983534979,-0.002405004355985243,-0.008440113803107652,-0.0030640160698475224,-0.005207264578046411,-0.011976995917691578,0.0063172324415204355,-1.3035006178538583e-05,-0.019632725413898485,-0.19801806452142864,-0.22994302689051407,0.25802069389531224,0.0037607840637735044,0.00010993233631367881,-0.024359149254392153,0.015297173857409014,-0.005709626632778291,-0.00517409301178865,-0.0001394054459977021,0.0018352208065317492,-0.004796230286796525,-0.028356641385438287,0.06950037122543753,-0.20491629819956078,-0.00013971795558243743,-0.20350416881725028,-0.060457507469829905,0.03441750540821495,0.018594388324819165,0.010262498724816976,-0.005936917322556576,-0.02392303209653048,0.012778606113521235,-5.4399531945351597e-05,-0.02277208384488758,0.007726926737006102,0.008912126688408616,7.683241650845857e-05,-0.003355684237453741,-0.006615422627452094,-5.0974124081285574e-05,-0.012865479894742238,0.004050377131776638,0.0006098085254269176,-0.008468713073748779,0.08355881396058823
21_4,-0.02491815604070667,-0.00353746799907085,-0.006464291381720252,-0.0064328874565816345,-0.005726343391980147,-0.012334500798356152,0.006240457613778669,-1.3035006178538583e-05,-0.01947280796316378,-0.20101955955912018,-0.21088613707385184,0.2592192797153108,-0.005300504852933323,-0.0009199101616907228,-0.02772974951444161,0.012315329167335302,0.0015350575991256229,0.001223226786442312,-0.0001394054459977021,0.001802102904320127,-0.006126285771086296,0.004081417222123795,0.0687101285232294,-0.18528150439851487,-0.00016162352407706805,-0.19956537631978016,-0.06401646278181268,0.035185439238723464,0.02033069044561604,0.010093589891445515,-0.00683259456964644,-0.023792788241116695,0.015067334818943304,0.0011397386921162024,-0.01824321082930706,0.015121682956425552,0.008823427524389815,0.003402926758889923,-0.0010833054953510147,-0.0010319389303641393,0.0011412411987895771,-0.014133364460162032,0.004933530717839515,0.0006098085254269176,-0.008230353255733949,0.08114356617928982
22_1,-0.02349424898557801,-0.002436223179687546,-0.006492196014206069,0.000505898257693053,-0.005416495803169544,-0.010032267310478403,0.006457779589687664,0.0005049355525603184,-0.018557777878202005,-0.16507278186349808,-0.1974252286966531,0.2640457836390794,0.008643655069612148,0.00217950260932885,-0.024975598076562435,0.018166357530497664,-0.004331004662490316,-0.004453235743640995,-0.0001357469210859321,0.0018558724421748759,-0.005102701770205767,0.026165751566362392,0.09979542966295867,-0.17464013792965077,0.00019307349086234414,-0.1737351880287821,-0.05470414635581786,0.03510695853778419,0.03574173457647025,0.010628528367225169,-0.006782108680734636,-0.022974218141318618,0.013331894541255346,-0.0007232381500524568,0.007954134607955524,0.006852485027338611,0.008739147716362831,0.0004983851554362486,-0.0016663869484522822,-0.00110917120253199,-0.00033086301445603785,-0.012817180230788015,0.004676463105068719,0.0006424382661649971,-0.008659514136831008,0.111897287699894
22_2,-0.026575197646490096,-0.00204436559625338,-0.00654101965087566,-0.003583066857152111,-0.005203645279111545,-0.012784104601012031,0.008262305657912689,9.445903545639918e-05,-0.02056419749669783,-0.19936813898398956,-0.21100379961021512,0.25758042905436856,0.0013310897394973936,0.0006261236888445024,-0.027233882430762718,-0.014813840868782603,-0.004331004662490316,0.05130482538252855,-0.0001357469210859321,0.0018329793402231355,-0.007337396380928359,0.00040214621302906133,0.0783728714025001,-0.18163336389808632,-0.0020057449660930062,-0.2645772408809838,-0.05809181116225785,0.03431958402875212,0.01865470644059469,0.009810672532835529,-0.0068679832340045694,-0.023296181039446938,0.008667854323956597,0.004658809622368379,-0.02041716214629027,-0.004115184048169156,0.012199917304519742,-1.2964762031463396e-05,-0.0028674692297760568,-0.0005988064517330955,-0.000128166462706923,-0.012644383738511598,0.005134135835755973,0.0006424382661649971,-0.008552702818626336,0.08601030464849722
22_3,-0.026195137321627687,-0.0023547856170534815,-0.005984465533373532,0.006254685776965718,-0.005401176054154957,-0.011548747667703875,0.006435002937016233,-0.0003032564214472057,-0.01870727040008219,-0.18841064250028924,-0.21086195503892305,0.25977678843780483,0.001701371134503366,0.0005134629376053728,-0.02294306028391127,-0.016989114239658938,-0.004331004662490316,-0.004453235743640995,-0.0001394054459977021,0.0018558724421748759,-0.0054015801384693606,0.022103465978294677,0.06920747205763397,-0.17674498678462658,-0.0016809183139660715,-0.18907642247628278,-0.06017776837942045,0.03488627752789567,0.02032895733987729,0.009750705378760539,-0.006782108680734636,-0.023247761798433127,0.013309618773595721,0.002874789145925936,-0.017920861225338144,-0.0008881187810982044,0.01227607883524239,7.647461562284089e-05,-0.0022517632201519973,-0.001255782811659221,-9.550655055362935e-05,-0.011280230026259205,0.0046013765727346235,0.0006424382661649971,-0.008175650982226806,0.0865298978692357
22_4,-0.02474638920912918,-0.0023669340293023867,-0.006829716588642137,0.009030657204070754,-0.005406850655341509,-0.012527638938711705,0.008238339121703816,-0.004640397162970438,-0.01817312712300115,-0.17826381585314438,-0.1970207619219228,0.25908989374724584,0.0065283503488070506,-0.002914159040584044,-0.02377884146693007,0.015977986758256155,-0.004331004662490316,0.0006885848132919198,-0.00011802176388866548,0.0018536309758662621,-0.0015576411247851742,0.030437676858651046,0.0944443424104609,-0.18866045309744936,0.00029109263488910197,-0.18586826182267271,-0.059421618144543255,0.034948562835296175,0.03069459290923058,0.013163501083277202,-0.005213731005997029,-0.02328304988894263,0.011376469821062767,0.0029589469428618047,0.0005680806042475785,3.2443020778541486e-05,0.009006743847178143,-0.0004569878722330109,-0.001866293306943656,-5.8579515268780994e-05,-0.000365772367525628,-0.01236284647775413,0.006320684673576413,0.0006424382661649971,-0.008277608954447815,0.0997124826664484
23_1,-0.026043852589073,-0.0028628243221804537,-0.006351020808024836,-0.0015307551318377377,-0.008660557953475242,-0.015800249248617317,0.0031718792926757272,-0.00015561728052445028,-0.024540798622756942,-0.25491649773270764,-0.25729784505241077,0.25513822355542365,-0.0015000909619691683,0.0002599590362876935,-0.034763454785501316,-0.013307247056632995,0.0024437308465054333,0.0003634854425196075,-0.0001394054459977021,0.0017976044881430199,-0.02704023173218502,-0.06106750271527679,0.0737079748999637,-0.19919772971905958,-0.0002249607164637624,-0.24743310104643013,-0.06657393105434688,0.0345545780857118,0.021799326085527853,-0.01969406832480623,-0.007871207918778078,-0.02661288177228752,0.01494677989375854,-0.0019738323248987425,-0.019184741164365648,0.006398175388727785,0.010837392327643377,0.0010723992009422192,-0.0009588875084612918,0.0015618888587333951,0.00025026443705406193,-0.021925067435764434,0.004657226142774958,0.0009450962138191203,-0.010369204215398192,-0.034877083157946034
23_2,-0.026043852589073,-0.0028628243221804537,-0.006351020808024836,-0.0015307551318377377,-0.009100834341295144,-0.015823519942624695,0.003274420828156024,-0.00017708247086711468,-0.024488248448444813,-0.23912308276548225,-0.22581154052467844,0.2540531215829094,-0.0015000909619691683,-0.001494295949805458,-0.034763454785501316,-0.013757652785528568,0.0024437308465054333,0.00013265305193885203,-0.0001394054459977021,0.0017976044881430199,-0.026488238639589372,-0.061311000199359034,0.07176937341698368,-0.19975172747513947,-5.176400727060376e-05,-0.24439665863337603,-0.06659519047702232,0.03508243828524113,0.02207704830153356,-0.019679355722738972,-0.005985730260160475,-0.026167524601216366,0.015295877795544588,-0.001514625405988756,-0.018997864032042813,0.006178072679201983,0.010581968427853685,0.0010723992009422192,-0.0021427850191349553,0.001221659953760051,0.00025026443705406193,-0.01958797265176166,0.0022255778141547417,0.0009255051634342892,-0.010257994729952171,-0.03678466687144213
23_3,-0.026043852589073,-0.00296669913794499,-0.006351020808024836,-0.0012296947486813764,-0.00926506305468134,-0.01610582878403342,0.0031718792926757272,-0.00017708247086711468,-0.024679235598076887,-0.26432676218826373,-0.2584406707385605,0.25332681123338063,-0.0015000909619691683,-0.0025029471839138383,-0.03541127369333026,-0.014037744307032874,0.0025649792993583994,0.0003634854425196075,-0.0001394054459977021,0.0017973652443375918,-0.027639357263548697,-0.05829829957489708,0.07362972948126117,-0.20009343212853986,7.40641508734769e-05,-0.2502416502831302,-0.06845969903265525,0.03446894813395088,0.02192454694766267,-0.014469133716436239,-0.008044166815359176,-0.023523005317280365,0.013945813788472056,-0.0021709876730379354,-0.020494886758699603,-0.00010914241294004198,0.010423338901149458,0.0010723992009422192,-0.00283416185963414,0.0010859235629164807,0.00025026443705406193,-0.023131794964010237,0.002863637419811683,0.0009450962138191203,-0.008522672441335028,-0.03632040934109345
23_4,-0.026043852589073,-0.00296669913794499,-0.006351020808024836,-0.0012251776812977882,-0.008703336921423995,-0.0161290994780408,0.0031718792926757272,-0.00017708247086711468,-0.02426423995771958,-0.26165890253289253,-0.2571722341781001,0.25527545481553726,-0.0015000909619691683,-0.0006680432731673608,-0.034782386981036646,-0.013751387554307503,0.0024437308465054333,-0.00017194003756556457,-0.0001394054459977021,0.0017976044881430199,-0.02766874455620443,-0.05612126120066905,0.07373132586603408,-0.1993124007921514,-0.00028787479553580154,-0.24836851300569887,-0.068289908732752,0.034449516625586415,0.0217968834552419,-0.013126066680079904,-0.004166181287248344,-0.02334442192127612,0.015026597456856063,-0.002096539359063611,-0.01939924216194251,-0.00019245605908609683,0.010585834014559111,0.0010723992009422192,-0.0013045192267124516,0.0033070808559231496,0.00025026443705406193,-0.022142226266439205,0.004517203956813018,0.0009450962138191203,-0.008522672441335028,-0.03621517645428083
24_1,-0.0005984466727316764,-0.0034366879941067083,0.023616953813696006,0.00255083302981474,0.019732445093727333,0.00037531396909134184,9.92047611659961e-06,0.0009599942951083991,-0.04495346049017947,0.09282474265558181,-0.2526425620953,0.2805437684367017,-0.0004916785935625501,0.007244587366873549,0.0289098300168411,-0.0013530248329524292,0.0032839041468256396,-0.0033544332507993435,0.0004986343002400515,0.0012560194590254259,-0.008904754611814425,-0.005569092107489274,0.07550027827970533,-0.17022216418078925,1.3093962735238527e-05,0.1038097462119058,-0.046340345366774505,0.043843511899622184,0.024432321015424082,0.026191404107218937,0.002074034886127626,-0.019202971221532163,0.01650414124350176,-0.00046012713404486446,0.013378760103270526,0.002051040212744886,0.04123274922974955,-0.00014663379782462794,0.0014344110321220715,0.0018342790934481063,-8.396209706984297e-05,-0.017590553201406064,0.003038161708568023,-7.786924846784867e-05,0.0077350514869514615,-0.009688260640875359
24_2,-0.00046987316859173903,-0.0027515527761533976,0.023164600419019302,0.002516779328889329,0.019710053682998867,0.0003697416110509961,1.7155781957407985e-05,-0.00033554327932237116,-0.04565606429214772,0.09280428135818532,-0.2530073700430775,0.2876827913426654,-0.0005246412752597333,0.006992538347714546,0.02888659645401525,-0.0014167114375279685,0.0032839041468256396,-0.0032731519930766124,0.0004986343002400515,0.0012486129010213422,-0.008904754611814425,-0.006616876062050966,0.0754987191513712,-0.1707827858299118,1.3093962735238527e-05,0.10378770290073619,-0.04680294914045602,0.04479709895994544,0.025149944068855287,0.026184971941493336,0.0015838603881535092,-0.019202971221532163,0.01644424272320546,-0.0005160335738884059,0.01287179335590905,0.0021224798730691895,0.040747810673601725,-4.098655287573783e-05,-0.004720950395422986,0.0018267339559894999,-0.0001055714502546112,-0.01913222790209854,0.002791276889115797,-8.945108402696198e-05,0.007309075508045189,-0.009730847753078245
24_3,-0.0011759858398084377,-0.003102499975478089,0.02063119196896223,0.001408221055431369,0.019343905714899315,-0.00843155367046874,-0.0087446614607004,-0.0004061597045077915,-0.04341323426871803,0.09294834669338657,-0.25547892983286136,0.28010495430036136,0.0005864856358089531,-0.000651095337395699,0.03724735398426011,0.002780653009408512,0.0019381916066904758,-0.0035455628250765855,0.00029300828170949686,0.0024716779339798434,-0.008391883045291508,-0.010651940676603923,0.07416337514513399,-0.1714988071781632,0.00019329069613530477,0.1344177510196238,-0.04911938610640039,0.04615765607447357,0.024994104062845454,0.02535585186900006,0.002523308949804152,-0.007152918628238292,0.01776269696308845,-0.0005348305878989312,0.011093235319023814,0.0026343409046559966,0.04072489951386325,-0.00023128199775712612,0.0020652116280372164,0.0018092750456622482,-1.1035647638431767e-05,-0.016264953255082155,-0.0010927986200226572,-0.0005754047747257489,0.006844341043055982,-0.011627149698092802
24_4,-0.0005984466727316764,-0.0033361734956433237,0.023832332771687333,0.002543950799678484,0.020373778223797014,0.0003697416110509961,0.0011278930657843537,0.0009599942951083991,-0.0428276787137698,0.09614886992318399,-0.2540205592848273,0.28077784124842364,-0.0004916785935625501,0.007244587366873549,0.029507171141697132,-0.0013530248329524292,0.0032839041468256396,-0.0033544332507993435,0.0004986343002400515,0.0013870267484418844,-0.008904754611814425,-0.005197087550949244,0.07564418172160661,-0.17006358484925518,1.3093962735238527e-05,0.10511417223312156,-0.04600344042472323,0.04480740714811578,0.025890636600672538,0.026560052958762632,0.002074034886127626,-0.01815064371242715,0.016405422481757748,-0.0005160335738884059,0.011981795473595236,0.0025150866057370713,0.04142982463712504,0.00014605834135149602,0.002522582812231575,0.0018708280110073337,-9.066134317331324e-05,-0.018151778354477816,0.003785410688021623,-8.945108402696198e-05,0.008007888949212175,-0.009484542506188647
2_1,0.04170235259339838,-0.002347219377039355,0.02232414001181677,0.00041505919785233175,0.013695482884099348,0.015093970279699902,-0.01023600188941717,9.404818930803052e-05,-0.01969594908405681,0.33911030616434495,0.9169258305718525,0.20774321707579776,-0.0005702614621830123,-0.0012007589989523615,0.013669987429169509,-0.010176208373307152,0.008383134070395764,0.0044062258224191,0.0003431117547112502,-0.004570143167842874,-0.025807850824940883,-0.029896551591232282,0.05607921848377087,0.7206073344880533,-1.5190646322317764e-05,0.08539587142717829,0.17533079400225754,0.0356896289328105,0.009009862617682343,-0.04057388794992565,-0.0034354003066286907,0.00393287651422198,0.018146097971157193,0.0007792514565186671,0.0020334975682874622,0.0004778624751102245,-0.058178564234234564,0.0007366802175160785,0.00111446528502625,0.0003050458723332523,0.000332677571522588,-0.009697256779678625,-8.143558165412253e-05,-0.00530273714246155,0.0017154474824788123,-0.004008786272326439
2_2,0.04606711960173246,-0.0017942420310949072,0.005976889370714547,-4.2948739974451515e-05,0.016437820786365957,0.014547532741720109,-0.004452922451613185,-0.00012341442211735455,-0.026040461587882632,0.34339711533447087,0.9409829573568576,0.21312676602940495,0.0005326812304732684,-0.0009325717560181579,0.015754735744304693,0.0065169543162549096,0.007468461710515675,-0.015193800613340613,0.00013016676244535438,0.004720600314646005,-0.02160284716634206,-0.033699603608027665,0.18218273753620387,0.7242285934822346,0.00013095982393823154,0.07711957940393671,0.27002994030061417,0.03959493714601095,0.011609964015945756,-0.02610213543615663,-0.000513420049309122,0.004226287111636147,0.01172445736610464,-0.0004837899289092274,0.0032315407103236924,0.0027025433981302735,-0.054515979545313835,0.0016574357550892768,-0.0022234868536290223,-0.0006954464542160577,-0.0002915296046931275,-0.010841675362264847,0.007222505960305403,-0.005680990014515598,-0.0007985637120740238,-0.009562158065614222
2_3,0.04147228128784676,-0.0036728987910336925,0.021523062962826432,-0.00016083628582205486,0.01588390092264091,0.010566481204019137,-0.004275436226161601,0.00012540254904546875,-0.030231022191307074,0.19668106147483802,0.9792889388745941,0.20796164006663911,-0.0006404724890556016,-0.0020566849239292,0.015684064410095816,-0.0008187854769646901,0.007199984533231283,0.004346028391806794,0.0005717202084943866,-0.005269503178326036,-0.02600563735376731,-0.029986807449810332,0.06724614325371,0.6981906273659665,0.0003457758023284033,0.08226577743852413,0.17342073142279155,0.023476033862054126,0.008385578788309297,-0.045113420214136224,-0.0014120590174136805,0.003923206570980297,0.016593106046430585,0.001069898717931326,0.0002257312796138397,0.0006557130247802079,0.03968505299904171,-0.001417663516512321,0.00147159572757232,0.0003275610717309855,7.596927341997693e-06,-0.010755423929431886,0.004840553293199791,-0.0047274017653932045,0.0018838174836453472,-0.00485503464592849
2_4,0.04138188603200769,-0.005395338088643608,0.021826285435367864,7.09841373048518e-06,0.015026334684389284,0.0145535298361544,-0.004638435915334784,5.0986655506718014e-05,-0.03173242339129077,0.124204352529239,0.9175220540674064,0.20880793598459954,-0.0006435644818749869,-0.002891257198914046,0.014110479238155029,0.0009257581816366866,0.007279197174737051,0.0043452871576009355,0.0007065156139572809,-0.010476038761058418,-0.02636067270993297,-0.03569023136158746,0.06255211716555556,0.6677842602877572,0.0003457758023284033,0.09479553630231215,0.17567635194673212,0.020569454001470835,0.007170774706525144,-0.04538588766008664,-0.00129030322687269,0.0016333866259457559,0.017721744383455754,0.001072566246507902,0.002797747636269527,-3.0694443224330015e-05,-0.0017694534728357274,-0.00390696274678761,0.0016166274048654043,0.0003466602025691669,1.204612722236994e-05,-0.010791916403917887,0.006910059080515127,-0.004162037311408494,0.0025825420840975694,-0.0057403328260581254
3_1,0.003174829772316698,0.0009279440457759126,0.01866011743211855,0.000936038537568535,-0.00025077524928005684,-0.012573589708832851,-0.02340525641926106,0.00036725056202578844,-0.03327078094283037,0.15783638664392652,-0.2896252930092997,0.2646199343889937,0.000929311380612352,-0.004714845240214285,0.049387362583562536,-0.0007204651490028179,0.0026558244317799093,-0.0012980794045765742,0.0005079902033491728,-0.00033912573150251114,-0.006953706763983358,-0.023262869152832853,0.05722986183834847,-0.18434751865202353,-0.0004979383547069434,-0.20617887619524555,-0.030440466270927776,0.025770184834793437,0.025486694997297034,0.006152813292121627,0.0016279496416049988,0.007943104954470951,-0.011472187190182129,-0.0003813667591156662,0.01560303638749255,0.0027052741716865024,0.035925651131316245,-0.00037963962335474453,-0.00044214257585916436,-0.0028985068570319002,-1.830422079736858e-05,0.0011992452752363828,-0.004632214929192614,-0.0004663755404905256,0.0052480468118111506,-0.013627365659493936
3_2,0.006833138951532966,-0.012518831345803613,0.009165165026915657,0.0009756086068134825,0.0010106292959668852,0.0027457689863265157,-0.0010158446066078747,0.00024330781049374103,-0.02295190109305976,0.04999757603776299,-0.27412764992775224,0.27870074381471954,-0.0006216993226562956,-0.0015262942252909908,0.03768872716677983,-0.007773500131149334,0.0026228791788044967,-0.0032298739584193424,0.0008292020480039821,0.0018755652946156704,-0.002105071180585161,-0.006996052175197078,0.056654174173046176,-0.11091751715168957,0.0007294914039528158,0.08008300013947112,-0.028171724826397525,0.027985906286773388,0.009386056833761086,-0.03193327376749921,0.0035454850997391984,-0.004231667566050615,0.01690237814635207,0.0036585031754312286,0.014624718566852817,0.017497646846884703,0.029602992760847525,1.5217863101489734e-05,0.00412840232518508,0.0014234496315348377,-3.054078974012119e-06,-0.01754986674304972,0.001522180343697941,-5.506972973091462e-05,0.008314595682070462,-0.024121822796905272
3_3,0.006833770609674258,-0.012447005552547876,0.009446220031501288,0.0009890091020062848,0.0007707817807302275,0.002629889671125115,-0.0006044949398738959,0.0001359405528481984,-0.015418261808397771,0.044164153440403336,-0.26733552144191675,0.27975080472199726,-0.00048275082151863664,-0.004545147984170548,0.040356685364760496,0.003762920713274207,0.002206028384130842,-0.004336700937190552,0.001019978667515252,0.004245647056287471,-0.0031106085566733736,-0.0036653720270602053,0.05832237753210535,-0.11334043624814252,0.0007575893408985321,0.09114383661041747,-0.030093859591234392,0.027682715103609076,0.007323786348366744,-0.026304977595822312,0.0007609351676412875,0.010521843012100218,0.016619192938276243,0.0037755633725911858,0.008093127750581902,0.01563035630869919,0.013180268873911563,-0.00010804535247635336,0.00425070265617865,0.0023750681993326287,5.5997143675481464e-06,-0.017001588852343232,0.0018805373442749517,5.07049817598461e-05,0.00807723747760093,-0.01482488055708255
3_4,0.0017705477969635105,0.0018484749534175577,0.0037249797487492802,0.0008777017055570354,7.51048755283171e-05,-0.0012388992240336086,-0.011334844799884246,0.0001734761578944492,-0.043838372119568696,0.10966599142290924,-0.2561123710335333,0.279536953188822,0.00039237393535071876,-0.0031512590165235356,0.047526386773173494,-0.002039320352852308,0.002514200530388103,-0.016741416761355467,0.0034071961073683004,-0.0007743751635058251,-0.006119025914454434,-0.009679233463762748,0.058046329521010825,-0.11059957439928274,-5.839455225565014e-05,0.12941014689320918,-0.028086219659538666,0.0203776817022457,0.027053959305793705,-0.018546106128495447,0.007725883441747024,0.008124293691321763,-0.005475933050849976,-0.00014341185117044627,0.014677167543925772,0.002286591933633137,0.012585990407073065,-0.0004697060556986078,-0.0002523647574215052,-0.0017653806941476439,1.941560915663188e-06,0.002287675679251579,-0.003802556925560605,-0.0004663755404905256,0.004764400051936242,-0.0012892931562162487
4_1,0.002728175382602645,0.002415241033890844,0.004989920900288799,0.0010290871561226976,0.0005037376972156461,-0.0035120603349702104,-0.009691939241434184,0.0012569539605779422,-0.043590203594731904,0.11756889173853728,-0.2513685293935852,0.28235218473679774,0.000644751589544515,-0.0032834118874278677,0.044904608766280406,0.0039067923505936054,-0.002547445629700909,-0.018288369980325958,0.0004381237321057028,0.005055411358147451,-0.0001909575332901087,0.0021112943827415304,0.07273629046660939,-0.10874544112558578,0.00017742939914874585,0.21001040555306677,-0.047484618872887505,0.05336216202794599,0.02996382835611357,-0.016339249461673262,-0.0002412773055606209,0.010730355656170467,-0.0048792577327406205,-9.027630728670268e-05,0.0010261860265105365,0.004876621608665926,0.040522138427260906,-0.00039062817781518143,0.00241153009204867,-0.0016442043113994395,6.92463126724112e-06,0.0025054816950180487,-0.007273399839331877,0.00032762905142288273,0.00851383871124626,-0.014093025304281205
4_2,0.004626004874969218,0.002530886001628138,0.0043802041965939325,0.0010285825872935355,0.0014520325092692,-0.0034636689935841547,-0.003965721063565264,0.00019872074870668345,-0.042143520261375536,0.12439100930411391,-0.2464432345753653,0.2832325926271114,0.0005193849761196574,-0.0033675449979656646,0.04640630844046403,0.0018786032590094198,0.004825700792578396,-0.01655453605414808,0.00044127723735499494,0.00904587937770261,-0.0018382025895188417,-0.0014431281230209054,0.07292030026592046,-0.10349947686315712,0.00020917333022016206,0.2076851548418831,-0.04776009866571588,0.04699610689239576,0.030512987222290105,-0.015135157692687848,-2.6249533500960313e-06,0.01035464412703358,-0.0018514863835782129,-0.00015656046007425244,0.010148286615887526,0.005246422476428704,0.04350090798496806,-0.00039062817781518143,0.0015445594794953766,-0.0016049011322797927,7.66254836874862e-05,0.002891318159937065,-0.0073132444577826625,9.209103167599764e-05,0.007664867969267549,-0.01024778614745869
4_3,0.0054867345931796,0.0019397216509914779,0.009332367864346165,0.0009911218905626078,0.0004112467160283979,-0.011013863090141565,0.006509331482522016,0.00014064755165358483,-0.012201547128671945,0.10446836182430357,-0.2491653269965289,0.28078068045218335,-0.0006090655641649807,-0.0031317775820880146,0.04060206880214452,0.0017847152514661462,0.002206028384130842,-0.005814183441796638,0.0010157317903323583,0.0021929390711674067,-0.0013706135405162998,-0.0010246204842009248,0.05676584972228764,-0.10607758332034874,0.0007294914039528158,0.11999811542552001,-0.027234764925656837,0.031899803310426904,0.030811125819902575,-0.01920198505486112,0.0002190372344117457,0.009548385482170034,-0.002698619652214267,0.0007177282971724816,0.014469439073648132,0.0012967957614204366,0.036978443331281814,1.3308264625802542e-05,0.004664102651505461,0.001726550544928671,-0.00013855118688039549,-0.017825273002033563,0.002084995944359938,-0.00011665508051404705,0.01105269759523341,-0.009147907120985179
4_4,0.0035808726054126455,0.0008631861778692659,0.0029762951974294394,0.0009645080393128752,0.00045363999284237454,-0.005244935117072876,-0.009644731336901755,-0.00016636901495206685,-0.045160670852003475,0.11933788686409937,-0.26153980667633364,0.28164872380513756,-0.0007941609573604901,-0.003446181199861846,0.049395407796009,0.001854101830344948,0.001812178450291644,-0.006152084001277185,0.0005291510551737339,0.0038775444233529136,-0.018786397998305122,-0.005151811035868002,0.07294208926807916,-0.10159833948862283,0.00016269403197697802,0.13699951209192635,-0.04651394959273107,0.05261611995097132,0.03007209450832927,0.027706911786595314,-0.014344067359114516,0.01287726567260967,0.004260067565826071,-5.008565725472087e-06,0.013186965285516739,0.0054702946249203625,0.04139697320630522,-0.0004052082234726316,0.0016966843038914697,-0.0018641664493281216,-8.591596715646125e-05,0.002283669797257753,-0.004373260255289576,9.209103167599764e-05,0.007679981668543458,-0.01122017943531151
5_1,0.006074210952574087,-0.001292306252179631,0.0015144073447992215,0.001740178127854637,0.0031300191524997758,0.0014748753816842743,0.002279592995431859,-0.0009028296853824095,-0.01839427180132312,-0.1252340169887936,-0.14370235443849524,-6.169351043478155,0.0006008159774712775,6.907572601654401e-05,-0.006732112657162488,0.003321609480017925,-0.004155998536011506,-0.005230611470539753,-0.00011381167224641469,0.0013747519551926368,-0.003662903999956442,-0.010255482246387853,-0.8514263760776236,-0.25138400845357156,-0.0002237070407797476,-0.08938302468915324,-0.029902428256842282,-0.919404536619199,-0.756137384054408,0.006153124674327663,-0.001177659138060455,-0.0009713356982170751,0.004089456403077317,-0.0003935953538058328,0.002150709676020681,0.0007921045590391508,-0.055746889966942575,-0.00016771112242523626,9.760411984545848e-05,-4.416913071499996e-05,-6.376039115315983e-05,-0.006582765405434093,0.003009576141261244,0.0011531936690072804,-0.0020163133584318936,-0.014948099485607606
5_2,0.006280672927047419,-0.0016831043152902097,0.0014830126959699027,0.0009231672010894137,0.003319404629055361,0.0004932812972169751,0.0020568537502358344,-0.0006023951163460098,-0.013422521056297688,-0.12781144630589925,-0.14061397276378265,-6.164910197633409,-0.0005925049006674657,-0.0007961262206382341,0.00804844373206257,0.0030587241369938447,0.001811592439695561,-0.000213090172168792,0.00027204041546535036,-0.0008513726247559429,-0.0032922693297568685,-0.020850279358061868,-0.8541664534226531,-0.24388037300124255,-0.0007299016772666042,-0.09412100556699249,-0.017861271261098176,-0.9197884413589617,-0.7578327643459376,-0.007001198203754174,-0.0004196887813993043,-0.000983369004615048,0.007136850939818776,-0.0004833832044030164,0.0020231126602822057,0.0008775445256631873,-0.07314354228899408,-3.6752515193975944e-05,-0.0008238296183560043,-7.793660011104638e-05,-0.0001441395597878908,-0.006582765405434093,0.003240819851907626,0.0005019182143261277,-0.0019109206724359246,-0.015876624264001698
5_3,0.006282512952454199,-0.001689080621465589,0.005014586788449777,0.0009233841483408005,0.0033180869927027564,0.00047500312415627,0.0021032078439639948,-8.065251556643629e-05,-0.013516406443296236,-0.12917392028321428,-0.1404513168398807,-6.167874528587796,-0.0007136270895281358,-0.0007865282850359854,0.008160846039617637,0.0017928245613799121,0.0018107529616934624,1.489346366317099e-05,0.00027204041546535036,-0.0009197855479557207,-0.003253005767870843,-0.020898429326198065,-0.8541503838113742,-0.2431216653700143,-0.0007299016772666042,-0.09482979251946022,-0.018456495593124442,-0.9193514200997855,-0.7580199836716579,-0.006483810724984726,-0.0005389112718432296,-0.0012254278907238862,0.007134840902940518,-0.000492141697711913,0.0019950582533824423,0.0008814180074740612,-0.07626921026938673,-7.813709725291106e-05,-0.001008543536658759,0.0013746378459632714,-0.00012222110406182735,-0.00651844234965686,0.0032318690429150154,0.0005019182143261277,0.001154913686208675,-0.01566522638520284
5_4,0.006117387997020629,-0.001290785257768511,0.0015144974131059779,0.001016825068541034,0.003122908736816516,0.0015463690189411186,0.003150296632722729,-0.0006023951163460098,-0.013368556265191513,-0.12534488913906733,-0.14144226619169678,-6.188044153862795,0.0006008159774712775,-0.00033078485542799643,0.007877744273311862,0.0033533490893808064,0.0014571408115910955,-0.005393124892687945,1.285295014616058e-05,0.001332788281183855,-0.003976136580514906,-0.009653161943472231,-0.8544574739964688,-0.25110209306233927,-0.0007376249213145737,-0.08947458768591277,-0.020616359729758848,-0.9197788775484871,-0.7579828893930889,0.005868447622662193,-0.00118175984998633,-0.0009713356982170751,0.005736572127471549,-0.0003836138958003372,0.002350492457224738,0.001032986405869852,-0.07007354816247824,-0.00016902875877784036,-0.0007555661340108285,-5.528455936795588e-05,-7.848725686111313e-05,-0.006582765405434093,0.003277419608845692,0.0011531936690072804,-0.0019092612944425925,-0.01474147781648432
6_1,0.002969099953114513,0.0016129407258148598,0.006169677150421828,0.001047317233052627,0.0024449386010349824,0.02327322363796721,-0.011139197791684449,0.000608271414498363,-0.049077598041397066,0.22037053390104355,-0.10409825525025186,0.2570002209454659,0.00018344436158111753,-0.002660169340766846,-0.01595599705987462,0.00017948615232846535,-0.03895973276752085,-0.05505132464138006,-0.00042669153680018534,0.0031221352665921367,0.00839013752393302,-0.005053289389642698,0.05992141253285491,-0.10952363677770907,-0.0003140740204643788,0.26540524888266614,-0.06292092975531888,0.009314494851522385,0.019003763862694468,-0.02312282550907986,-0.006594800438316718,0.00992710768435961,0.004090159864573524,-3.880069685877638e-05,0.0035187438559277267,-0.0014331110988567036,0.026327996255195975,-0.0002614040847744929,0.0015695845656213186,-0.002609504939670155,-6.322397334054125e-05,-0.017451241628301216,-0.00453146939984198,-0.0006141741065170115,0.010370630395215505,-0.017479002955561297
6_2,0.0017769537519383846,0.0022849229715827223,0.0061985200931284,0.0006565612017211438,0.0033690731650521115,0.01796267713214507,-0.007893111321408153,-0.0004196686031825068,-0.0600249370411087,0.2280560451326559,-0.20883895738892405,0.25967874984472294,0.0006062633550571598,-0.0027473731699304113,0.020767335432904446,-0.0004267770714803884,-0.03165286565551526,-0.05471718737513688,0.0014741958411307625,-0.029834942793917754,0.01957258551345193,-0.00906151058814842,0.060331958178855075,-0.0979582673303533,0.008685963648757958,0.2655440323774368,-0.06000554015243742,0.02415261028043522,0.020853133249888436,-0.010022576108289685,0.03034194532389404,0.010864802938836142,0.004656371936055474,0.0005788183960980911,0.013539649821008708,-0.0014802339854831583,0.03146848705617118,-0.0006287911581225478,0.0021833945380781887,-0.002567384268878445,-0.00018575099254948042,0.002533643136957092,-0.006150641007630064,-0.0006222911354688283,0.005415025533745723,-0.01596884597042757
6_3,-0.0005518836072682491,-0.02025275102747356,0.008672560541013136,0.0008712570698435292,0.003074226972584163,-0.02498278967951089,0.0016262130036797775,-0.0001281673418514566,-0.048540565632169845,0.21470992982400264,-0.181670561307274,0.2604058421828976,-0.0006943138318254974,-0.004485090570810124,0.014790144428826736,0.001246516393571086,0.016758974596531747,0.017977283761144977,-0.0008276630076614016,0.0007697257600736259,-0.003625884638022615,-0.009725116937567953,0.05956820284216604,-0.11106913003834845,-0.00013007298493145975,0.30421548913073665,-0.06103344167783949,0.01600707076266649,0.019609854427599993,-0.023583793640200773,0.008128816710984955,0.009811445560909049,0.049451282449888584,-0.0030003099430973307,0.014256960496940673,-0.0036425771456257126,0.02286551460005494,-0.0003601043849089643,-0.008715650346403946,0.0008210228552863463,-0.0001030330605587043,-0.017749421962437877,0.0042683189605213535,7.144928373865921e-05,0.01481413927689044,-0.03123736663090327
6_4,0.038140269661455214,0.0029786177647158595,0.019165609496796885,0.0004947066280820693,0.0015728889414760522,0.027475422656521142,-0.005278770836779815,2.675016736776746e-05,-0.02220552997062292,0.16743654020729737,0.28853820650402334,0.281561742821211,0.0004051496184316556,-0.0013073071390588406,0.018947036139735307,0.0015537482208212673,0.024248586051700497,0.01760673508921054,0.0009903100440682,-0.012109501471657189,-0.019909949334930902,-0.005558599342057096,-0.004157543590337475,0.7308785371043638,-0.000315430477721441,0.23363892764973487,0.16786047139977608,0.026957230396845555,-0.34482496650985317,-0.022366095740199984,0.0030306352262901744,0.008492862957749757,0.05030660156748156,-0.00018317093916364943,0.0012090099263523339,0.0009382908882168725,0.010445979659714598,-0.003058812477083866,0.0005525404391677626,-0.0012559250340691192,2.784177690266505e-06,0.001665935518940538,-0.017990451158131856,-0.00048696570649333216,0.0017157714979024082,-0.027025162992776318
7_1,0.023733770490834246,-0.004494941556759444,-0.0056501860563672925,0.0034570413182886473,-0.003786316085181977,0.009954620186417068,0.005782835836772263,-0.0007057189997358396,-0.06161792820418671,0.0913967139754573,-0.2871245861587883,0.26788158334746237,-6.926298489695441e-05,-0.0014455179315556754,-0.020200238538811057,3.500099892274366e-05,-0.00435214847209029,-0.008658709200358484,-0.0007810065346315447,0.001507311008354494,-0.002677563299099238,0.01563815728912984,0.06553625398413782,-0.17825785383132856,-0.0023262859076552183,-0.10962701389673772,-0.04108575100916899,0.022823439915535627,0.0190191024557735,-0.01097287215576125,0.0037579396186059348,-0.002697567468711903,0.003034646021404864,-0.0003549932594397562,-0.023791099349315673,0.016769835620120833,0.02135923141606662,-0.0001042076707722054,-0.007560273702623897,-0.0026874685123856558,-6.0333238043576475e-05,-0.007831309031258933,0.006473121087315733,0.00011926252516483845,-0.017934138987660803,-0.01159808029520499
7_2,0.0037976752397693055,0.0004945579938627018,0.005891272297250868,0.0014189363886683466,-0.003534908363298547,-0.005253103286183994,-0.01103990493408108,5.8243716259444745e-05,-0.10211623138322501,0.07298863532521269,-0.2596966072861158,0.280846816931225,-0.0007194578813499723,-0.006356453161789701,0.028531573796464378,0.001581405078688342,-0.0007046729030337807,-0.006743201757134228,0.00039516727567845585,-0.0006542201346778085,-0.006645243861380357,-0.005870502187317088,0.06599583981842082,-0.11212909689301195,0.00035339744207094173,0.18958122806257996,-0.02994032971542044,-0.005671114004052837,0.00497809332424234,-0.007896463028501086,-0.005987203383644972,-0.0147304620633031,0.003038734892259789,-1.1027130418783562e-05,0.007631026342181855,0.002892505932310354,0.03770842567087974,-0.0001640270244741094,0.0029426962566343694,-0.001257268407101632,-3.318294725542111e-05,0.0023771510977009386,-0.005613065582081994,-0.0006706531780037498,0.006053528477263127,-0.01500498321568982
7_3,0.0034048019340458635,0.0006316675921106264,0.005452552624371984,0.0014107630424060884,-0.0029643460567592866,-0.0033213729354723623,-0.013247012295875299,8.224060203401137e-05,-0.08115581933959529,-0.009919582368057336,-0.27296636488904535,0.2730971520848936,0.0006600683703389394,0.0020273245821491605,0.02870183629993424,-0.0009278769008872341,0.0026431666868030218,-0.004288040612306506,0.0009375334679422027,-0.0007225679573341138,-0.0018482824521434498,-0.00432338552614095,0.0805053028251929,-0.114600679910412,-1.2209724694229056e-05,0.12471100855115119,-0.0380054005308838,0.004298951825545591,0.004280876463297682,-0.04074028561777477,-0.006800008605642581,-0.002017966302294824,0.010150281124315142,-5.5048884355486335e-06,0.007743730061171159,0.005321819257245878,-0.17225418434034517,3.864746029941623e-05,0.0010482450158331154,-0.0030226222810319425,4.97031299395762e-05,-0.01584901973130448,-0.006848999786510422,-0.0006963981956941096,-0.0032956131148169643,-0.015229250471530047
7_4,-0.00036037940542365876,-0.0052401842548932005,0.0008488539091125291,0.0026136876671963693,0.019578562314747847,0.0005432729019880589,-0.0010712960941447827,0.0017056367829892207,-0.05374118011575424,0.03758590917878133,-0.26265503797190654,0.276054363264345,-0.0003211883642639437,0.007328352965419591,0.022460216616218616,-0.0005414960045344448,0.005322805582190488,-0.0029193508082943197,0.001246083281528177,0.0007348109966738409,-0.020169557245361788,-0.002077394245725671,0.07276231899736116,-0.0914860464389769,-0.00021126268916182977,0.08602146936128648,-0.04853892177293546,0.010234131538089096,0.010080867755064393,0.02925453390485297,-0.018978380808134566,-0.024574946765799435,0.015575126728011632,-0.00048334753768793223,-0.014755805792805407,0.002312339947635529,0.020788138765854856,-0.0001544969944091491,-0.012207365651374811,-0.012277461211799871,-9.468709634800378e-05,-0.018901179163495017,0.003770245294068791,1.5318069748810736e-05,0.005945825738779109,-0.014009722045527556
8_1,0.0028954491526901683,0.004319185589834993,0.002216129224167986,0.001075260566825895,0.0026727763346633504,0.021227996628925765,-0.008449300507652158,-6.608016454576297e-05,0.2054525247595737,0.3045907668981881,-0.1401154930889623,0.2677243063808094,-0.0005792927282061373,-0.001390457021589569,0.020649378771361877,0.0012252377539150564,0.01450105325452648,0.008308693493367535,0.00036226910450806943,0.001576249057865743,0.015572927845976232,-0.012714945407284016,0.07728706532179956,-0.0685929765622604,-0.00024564615918398514,0.3308046152624377,-0.07274112661884481,0.036075837484395336,0.02766574474363429,0.029761540102953572,0.011543181267988284,0.003812381912668504,-0.006767148930060173,0.0006798363498983078,0.0013260042735642485,0.001528256157005407,0.0336660144475934,-4.086467576083387e-05,0.00013858536705418662,0.0009080819619950986,-9.227846456722594e-05,0.007671363304151039,-0.0054330729781722886,-0.00034778910444790653,-0.0007869956369212575,-0.021209299154965527
8_2,0.0023497163894311696,0.004306102149237409,0.0029275012927082976,0.0004548998199059521,0.00205885138584494,0.01655675196837209,-0.009085146687845054,-2.0563002686600914e-05,0.22411503558397772,0.30713319987074605,-0.14002747881504066,0.26649913615571985,-0.0005650843605797411,-0.0026352374993212583,0.019269049727897575,-0.0004712717342487511,0.015692347982925823,0.007577374445798538,0.0004927899450007244,0.00016003736680137012,-0.006582299069389078,-0.012876626252531307,0.05985942529327533,-0.07160090617656338,-3.648278615288862e-05,0.32882756217012077,-0.059476036655856025,0.04184014530518933,0.019442702453242502,-0.012989552076559305,0.008024325975900748,0.004221584016916539,-0.007520484484308238,-3.656399602466328e-05,0.0002740825579229276,-0.003111195537594793,0.0493893189448225,-0.0003701020088120749,-0.00014441294473939697,0.0007138037724637653,4.239252015849075e-05,0.007452083602736775,-0.0055856767057893865,-0.0005111903443427541,-0.0032779620601824794,-0.02122848902041765
8_3,0.004149622833304519,0.004023202314828005,0.0027642440464096182,0.0007187889933564077,0.0012182982054384016,0.015706040728778757,-0.009734575071555772,-2.661432101609733e-05,0.1813708183713062,0.32082826990565605,-0.14922397386015124,0.2667272639135761,-0.0007799816856790527,-0.0016175578753318196,0.01944435907626223,0.0012258607164255648,0.014003326616066545,0.007189232004343108,0.00029654351408497535,0.0024036537849995055,0.0008927365008815828,-0.013760752215566545,0.060318414204523094,-0.07480447232065285,-0.0002235503412044187,0.3274589979717927,-0.05894205473141514,0.03329701835956369,0.02022610701403584,0.05094600211330524,0.008882846813093218,0.004685551091321165,-0.007715988601461478,-0.0002963125728554224,0.0003192597625308012,0.0010144712755259812,0.04519673252345971,-0.0007713873314331815,0.00017541952622812944,-0.00263077169676487,-0.0002969370998861731,0.007378065976052079,-0.005393291607943094,-0.00034778910444790653,-0.001284922919056096,-0.02367045067351107
8_4,0.001399240799242643,0.005161975632642291,0.0036364246779810373,0.0006423519708730224,0.0012243224882899487,0.018933812008754075,-0.008037725327219865,-0.00036780796033789644,0.14631586190138007,0.3247505174180737,-0.18196086608473172,0.26806459306910235,0.000523916512964809,-0.0015503895099428702,0.02070771666747528,-0.00018483081943715916,0.017302757106814875,0.007402422697493895,0.0005340533955281884,-0.0007858282547289701,0.020645029482046412,-0.017232790039038413,0.060279758823700416,-0.10349873967034572,-0.00019608615462775184,0.3341887000441082,-0.05511517711434323,0.033526311103505416,0.024461855166464954,-0.03576050057786917,0.014549137404957169,0.004526491149325708,-0.007310147244109694,0.00041516784501336254,0.0035955077857938596,0.00019638996251048228,0.05213496261801477,-0.0007783179783355145,0.0005556097092402448,-0.002781053290083892,-0.0001505812857308571,0.00746334103933049,-0.007676450436089819,-0.0005282167323850172,-0.0003467428008252921,-0.02012598383816793
9_1,0.0038648434571658505,-0.01770194342360289,0.01811365255848896,0.000721988386546694,0.0021234912218596985,-0.027635059808393085,-0.007248059633295829,8.239925121559274e-05,0.21494530639085455,0.29294122006969486,-0.16260412394514767,0.2047351146941385,-0.000688579914034612,-0.0015498858259150945,0.01944960645809759,0.001185172979849743,-0.0015346821465553136,0.002326772374611955,0.0011483708714236087,0.0015679901577354063,-0.005764281092846572,0.004024843657656485,0.07607774053623534,-0.09645058710323755,-0.00017692206192396502,0.19919421429376072,-0.07436617431742351,0.03909641424164261,0.027716842516499963,0.021663235479677294,0.005531258365525498,0.004636356269610489,-0.007655861148600336,4.2086724679937684e-05,-0.0131350689463731,-0.002702139274611576,0.03166097990110031,-0.00039462802529923314,0.00196036301692648,0.0012110108874845982,-0.00012469461546020663,0.008179981318825726,9.705969176506367e-05,-0.000688566044508933,0.004139510374772368,-0.008042183141732974
9_2,0.0038421924190921064,0.004526546119566009,0.002577026831691309,0.0010810563454329996,0.002143152454477861,0.009644725078950459,-0.008616715569138182,-0.00015243121362209177,0.20077826904291346,0.2961636084978627,-0.08550908517450283,0.2675343460846162,0.00048033187761637917,-0.0009712296151128667,-0.016810080804622592,0.001327858919173506,0.018213398101041275,-0.029571460198268257,-0.0001727562251676376,0.0017483158950250281,0.01734615475148806,-0.003189861913004399,0.07646881148831138,-0.07551874033353052,-0.0006788271846274894,0.322309388593625,-0.07252177246916605,0.03783631679213877,0.02900412145925491,0.030061071536371275,0.012613701473987715,0.004676774407096727,-0.014327335899399817,0.00014563315664985535,0.0035176427198263063,-0.0015264755110191625,0.03283902748539856,-0.0003910800788158098,-0.00037561175722410447,0.0006722989089290852,-3.396956003041192e-05,0.007619116508488394,-0.0055468235977723015,-0.00034778910444790653,8.958717880926115e-05,-0.010182063809177144
9_3,0.0033517815187580004,-0.022366712003668528,0.01759830942048567,0.0007405997270581696,0.001649640447027028,-0.02544367652113906,0.0010425015138714397,7.299818841253515e-05,0.18851376625299138,0.30315025015163044,-0.1586562654135245,0.20506682378628,-0.0005792927282061373,-0.0015214698599265975,0.019437696245118034,0.001172636275971738,0.0033149679639824735,0.00722539021319539,0.00036097208173340193,0.0004909411056324724,0.00997612329414842,0.0037578264278964046,0.07833611014619975,-0.08189504045989965,-0.0004041407535565547,0.19167074584562277,-0.07092483644243035,0.038871766306890536,0.020719244225744612,0.037692369525536965,0.012910777786227292,0.0048178149303569,-0.007796004403424535,-0.001046243505506637,0.00401785892754619,-0.0029779654883487464,0.03214522493369581,-1.4682218281158603e-05,0.0019187454699839263,0.0010999490658440245,-0.00011975002840800193,0.008453229761701002,0.0005048759418632625,-0.0002086448140456948,0.00413785428998012,-0.007736518868607994
9_4,0.003694625177383072,0.006299588916869367,0.019066881524964423,0.0007842398271399284,0.0021751471120829585,0.00985739167779251,-0.007800729581308935,-6.957085741272928e-05,0.2548291304511033,0.32245544646815844,-0.13193054823629838,0.26966370139006424,-0.0006186284850792734,-0.0015155472110401562,0.019402762567651437,0.0009968812268093552,0.01714446429941179,0.012114216927652122,0.0013929749731723916,0.0001579634538274928,0.02155632173567811,-0.003315895238232199,0.07829805227526142,-0.07067389684245991,-0.0003830243578364285,0.3421219962144405,-0.07014834370907289,0.038568813560804084,0.027703380393668892,0.06296008074265903,0.003628168583966182,0.004622940490536112,-0.007060455294520358,7.945292912885777e-05,-0.013201182690354188,-0.0014191015822764036,0.0354496475769509,-2.2431085428647096e-05,0.00196036301692648,0.0010481084609415229,-0.00012614665503964259,0.008179981318825726,0.0073640693250849616,-0.000688566044508933,0.01272836126590477,0.019241014969326443
