,0,1,2,3,4,5,6,7,8,9,10,11,12,13,14,15,16,17,18,19,20,21,22,23,24,25,26,27,28,29,30,31,32,33,34,35,36,37,38,39,40,41,42,43,44,45
10_1,-0.006079163675787662,-0.01072659377281919,-0.010970397978742144,-0.012729282960891023,-0.007037734901706595,-0.007755454044268321,-0.015309357019976745,-0.010114982064202365,-0.003554660323887518,0.9996753728648943,0.9282893069947613,0.19278605399962082,-0.0036132477893026298,-0.001323100984339767,-0.002399173459708703,-0.004153005106377556,-0.005993131928443339,-0.000710250811792963,-0.0002339729358039115,-0.0028489058041182495,-0.03596689591309059,-0.012323242264632545,-0.007062932904447313,0.3659747577313899,0.0014983664381293769,0.2795460010042401,0.7904334379219389,-0.018396461772581797,0.000643650908130229,-0.019628662652193856,-0.02879903939137434,-0.01214734848871271,-0.013467153549482018,0.005201888099736742,-0.014494649207586264,-0.006872748511617812,-0.01835115735781057,-0.0111854738815896,-0.012456002313456217,-0.0099772088083041,-0.011602588730323975,-0.013069823225621679,-0.008586371230550394,-0.015580800165181232,-0.008401479469087285,-0.022763884326132522
10_3,-0.007205199854922285,-0.011973486577964198,-0.013279089425766931,-0.003541826850862606,-0.0078041409099162806,-0.01012015330580123,-0.016046647304931855,-0.01030640598481272,-0.004712943141838167,0.9932485855942398,0.934877484998997,0.18730133895401196,0.0006878512021010593,0.0018896621836088524,-0.0006995580641990268,-0.00014564423311300083,0.007498530789051714,-0.00032395766154992404,0.005621560123646963,0.0003681249716342729,-0.038132875887807255,-0.013346632114290618,-0.007822575950238924,0.1677195399875553,0.002491651992121432,0.27782286147285845,0.7949590687604032,-0.017068922852108388,0.0006395681871219565,-0.019179741008732307,-0.03435063135523142,-0.012417950589259166,-0.013536636692016102,0.007716714241871166,-0.0157688261832658,-0.0015395413276649826,-0.01871960287069866,-0.010572143828009145,-0.014460711794592334,-0.010499330703777046,-0.007944693517214352,-0.013737603001526962,-0.009572693929246808,-0.01577752790977111,-0.010454016180630722,-0.023804597668627088
10_4,-0.005797084749993434,-0.010664051286430125,-0.010685661467287298,-0.012544446943412705,-0.006906582837630436,-0.007593301789311059,-0.014431132403214444,-0.009874918579492782,-0.002918504249804,0.9973665298817275,0.9288423219955333,0.21288314808213826,0.0004393517055899252,0.002183965030098467,-0.0009806026385625409,-0.002732399466788117,-0.005006329840329585,-0.0003322727450899376,0.0013839014447367157,-0.001944180113609266,-0.03707287647660302,-0.01130662131758554,-0.0057830110440809995,0.37009113026049334,0.002063365188000648,0.2871412332451518,0.793724176840009,-0.01637602367949271,-0.0011074698807602883,-0.01889863073397237,-0.02935375098726124,-0.01089062489749063,-0.013029797597049099,0.005393621535463313,-0.0157486311881898,-0.000791545593405117,-0.016070580848478164,-0.010937630746160672,-0.013232026651664142,-0.009637972918937388,-0.011260332309070763,-0.011974039002182125,-0.008426325721817698,-0.013799663532061163,-0.009075997081366858,-0.02225483618620693
10_5,-0.006021773231299337,-0.011014617521197671,-0.012086291973451799,-0.012583735093451603,-0.007362100718470255,-0.00809542207265771,-0.015427077468384925,-0.009674605526138408,-0.003592068351951767,0.996172303733462,0.9247004882367456,0.20985400391902512,-0.0008054898614950961,-0.004137853738180913,-0.002456925518659362,-0.004411699449362351,-0.005966248924849394,-0.000808231898251599,-0.00033076873455836916,-0.003485036541909613,-0.03713974389079858,-0.012375569255965349,-0.008062309636757,0.3669818844308252,0.0027457979981994392,0.28471989706033995,0.7897705690609812,-0.01768916964574348,-0.003208441372640712,-0.01900422818363963,-0.02805332193199023,-0.012322576796149575,-0.013161819064582338,-0.0008918574856490117,-0.015849125488492884,-0.006762679263744441,-0.016823294480705197,-0.011374346078395157,-0.013879729599747394,-0.010266755210696287,-0.011709627946148748,-0.012222637228281256,-0.008880611350190642,-0.015308689975184028,-0.00980371666612486,-0.023703563923976805
11_1,-0.010965791152374513,-0.014776702495335747,-0.014558626195682836,-0.009680593565450393,-0.012309888471223739,-0.012473407027678086,-0.02039585529006588,-0.02251759418775031,-0.007708498506972279,0.2860527163900179,-0.06248834265528034,0.10069037397420467,0.001549844456606007,-0.005276241766985686,-0.00205367174490157,-0.004616585800224456,-0.00040906053113107065,-0.0007679270266047557,0.002796813739772774,-0.004244407174074394,-0.08405796868323187,-0.004622523075145038,0.0007279671746052929,0.026189931102846137,0.00027859415920676096,0.13603256109521122,-0.0073228689277338105,-0.023313130291783786,0.004595047141950442,-0.03517668920727817,-0.08290750630047297,-0.021123571076238048,-0.02017661741082046,-0.052266945960959585,-0.012201939170747968,-0.010103221542638983,-0.022043719038093677,-0.014742783851777325,-0.010085840404414804,-0.013635177099336863,-0.015125368317576996,-0.025575273141580174,-0.01176465264186379,-0.028398046087276734,-0.01831233147698669,-0.020075521067502718
11_3,-0.01174416627704585,-0.015439303940852085,-0.015210114619812976,-0.010494168553392705,-0.012973978548672908,-0.013553931774819311,-0.020565150428661142,-0.02320872411284324,-0.00827420245247658,0.2913367800980517,-0.05957178081368248,0.12568845098577477,-0.0014810777910253894,-0.003586991072294641,-0.00212824150132853,-0.004717398570898908,-0.0042251342932644155,-0.001366654156323028,0.0026261115524165105,-0.003737850351180302,-0.0822664114388729,-0.004732585324576731,-0.004592946435805413,0.09404976880269844,-0.0009880425647144856,0.14060437666890613,-0.005557751912414842,-0.022380756784738835,0.003919029796375828,-0.03742520975438728,-0.08236305423912475,-0.022341919227426597,-0.022120944443639837,-0.04825068604156005,-0.018349616058375002,-0.011417948605467831,-0.022986485152415043,-0.013964342836959113,-0.009840599278534264,-0.013984461426291703,-0.016211057513391466,-0.026570195595320794,-0.012278754422142001,-0.029342848754694662,-0.018573571974113082,-0.021695747311965854
11_4,-0.011525290887073195,-0.015011979517660753,-0.01594502771058226,-0.00994845599227677,-0.012624977805394913,-0.013394393445479514,-0.0200792319860147,-0.022807059602582228,-0.00717174689815197,0.2876664117982368,-0.06388475519773404,0.10880677243488547,-0.00036819425776355217,-0.002485353274000275,-0.001135703821304943,-0.0004876995204139503,-0.0023922474293892313,-0.0010002678531420583,0.0030685008263549207,-0.0003791955542567838,-0.08228988644052333,-0.005078093212289686,-0.005069938986977136,0.1391970362987632,0.0006171012594183172,0.1602594712421638,-0.007047815408074516,-0.022369234939882247,0.004037870990344469,-0.036075973122635434,-0.08178974001557902,-0.02171796465854807,-0.021003423372124984,-0.046568985856588474,-0.016959706922576954,-0.011208579327601905,-0.022995834674675406,-0.013973040004481753,-0.008849496164078834,-0.013828916067983196,-0.014802792286825734,-0.026261787463833754,-0.011199659645186209,-0.029579360208392153,-0.020129431681107555,-0.022262287681609906
11_5,-0.010432967785276335,-0.014761905173673515,-0.014844747419678929,-0.010001285350754634,-0.012506890277418175,-0.012887684208468822,-0.020756145437181513,-0.022553158419276645,-0.008665395144095802,0.2852733841312421,-0.06549609481930942,0.0883121994304576,-0.00011253750025421876,-0.005161581947953672,-0.0014716360748166547,-0.0025459547818189776,-0.0009643890533932002,-0.001600822523510451,0.002186454671329739,-0.00044654397403828664,-0.08564549441190528,-0.004755919850391222,0.00022879100724659655,0.02582795529381422,-0.00017109460964191483,0.13537549820543457,-0.008576280335366884,-0.023316142915825115,0.00450938786753817,-0.03660392098182781,-0.0840880333860079,-0.021258227883335534,-0.019526021410630562,-0.052539087715285177,-0.01254549285382024,-0.011423451166470113,-0.02243815024540311,-0.014897266666877384,-0.010178855136774365,-0.013830384235439402,-0.015384815352346936,-0.025989735857764103,-0.011928477081389435,-0.028671257792178145,-0.018611341878130593,-0.0209764881617893
12_1,0.012395314485849162,0.018054441661755287,0.02110546389284217,0.03155480558071129,0.011898917035844033,0.013869055847517535,0.01688172465085396,0.008794011943862982,0.0023241530574123906,1.2186468005093414,1.1538683467159334,0.2927724143281784,0.002280999931865713,0.005272740389623109,0.008082379604808778,0.003751086511968271,0.006314439441399473,-0.0007682111509040744,0.009886309681409588,0.004025376093341366,-0.001989660852972104,0.03001133313212234,0.018666056561438302,0.46904852272917474,0.001846821546190358,0.375084467519915,0.9988337581160617,0.021027303585530326,0.015015684952760676,0.0041366399374766745,-0.005025090226878587,0.007687172461961913,0.01550470878064078,-0.004896677170568893,0.018605042232313795,-0.003711130234101241,0.025570234543477,0.017197745546458608,0.024581245257590787,0.017122210129040073,0.0192913377340357,0.017284528365949414,0.013230043073438828,0.007484466886604281,0.0033970274571313505,0.01393340014338052
12_3,0.01174251290299762,0.013901914397620826,0.006622867500144282,0.007533907589882328,0.00964843643009468,0.010005321110776589,0.010693835172496832,-0.005464693429053556,-0.00028972088552990373,1.196491256894897,1.1375564556887552,0.28533035734679896,0.001308873448970312,0.005379576507343376,0.007459531050208785,0.0028602414294138356,0.011401026276261982,0.0010537877008860034,0.009399922842048292,0.0038349753829283444,-0.004076486057660689,0.027873517509938227,0.01787794445325185,0.4786554844383049,0.004026053826572663,0.37074468907707503,0.9820095848939334,0.019374373789717344,0.000370322555570468,0.0036267513845981134,-0.017090791467953306,-0.0038766945766811026,0.011976676809506889,-0.009027007996493391,0.017736167089198184,-0.0033931318255030016,0.02520118379980351,0.013663861728334914,0.017554843094219768,0.0017619052944584414,0.00430269449913378,0.01358659143120303,0.009358372582544688,-0.0003996528565204136,-0.006569976815300667,0.013818357102469292
12_4,0.012174864910708082,0.01722806696375408,0.01779177286393468,0.031423866605262946,0.011948835905174905,0.013778383420382304,0.016679605216705754,0.009087836081074357,0.0021310245677153886,1.2193821535015295,1.1628004374598462,0.29292946167795453,-0.00012529337627610983,0.003215949431277267,0.00045402158113817234,0.0017345780867376393,0.006502519214833014,-0.0011264671668016263,0.007749743877382313,0.0021557116125377287,-0.0019426786310490364,0.029809536045237155,0.01826624790908648,0.4837114194478631,0.0016473099805240335,0.37714708104570666,0.9959332293218004,0.020036230937738347,0.014695708131815218,0.003931267057295062,-0.004929614522092405,0.0076536519265591515,0.012665004542910916,-0.005069132054794231,0.018306442866998396,-0.006447191442269345,0.026659581830203144,0.014772518778367006,0.024085931346454266,0.015003022517576058,0.018519190819528603,0.01694591482960311,0.012235428440578374,0.007179711936772279,0.0034355314116973424,0.01420475264164889
12_5,0.012137500830427934,0.01770955184231457,0.020572332095826144,0.029005717081636292,0.012266781341607767,0.014716055245877628,0.017796461946445772,0.00789809350158053,0.0026685555416215423,1.2140423702177097,1.1521888571703292,0.29199070001100874,-0.0006394679051680638,-0.0015730088632408665,-0.002208414221490457,-0.004109966686848445,0.0060726199024965,-0.0008488493536306729,0.0020125845115549538,-0.0024607326647268853,-0.003850750362045825,0.029418638829484433,0.018222593079372365,0.47755882662990234,0.002101258606123383,0.3734486109890209,0.9843475390777049,0.019925402949756435,0.012822278316771296,0.003903406409869127,-0.005101503056383841,0.007664417543699173,0.015803066848243646,-0.0086019872635634,0.017999583518684525,-0.004562302540951899,0.025464727870083234,0.01709142061778464,0.023966007579845915,0.016648926722352436,0.016913813889580888,0.01856363599335951,0.012755445492179699,0.00897505739537454,0.0021456114594823735,0.01395884522749458
13_1,0.0017137612153583141,0.0031083611132380925,0.0034915697649494813,0.004902824976279118,-0.0014787853294909693,0.002029910857515798,-0.0051120385178456225,-0.0006152489418506346,0.00808869017467769,0.3518102092655665,-0.06975854689427857,-0.06651385967768836,-0.00020596134393936966,-0.0019141403090099775,-0.000543745856058724,-0.004287796249574501,-0.002862281047872143,0.00022709485865008282,0.004693431292200829,-0.004637097989731078,0.0198586949427592,0.033117372352898355,0.005456396109349976,-0.10096441506967685,0.0007327873685816593,-0.1040764116535757,-0.013113325707164612,-0.007083947067858113,0.0032824992429843296,0.01161972264555271,0.02063131057019806,0.006740976966677786,0.004085640331276419,0.0035595013923234624,0.01537994183935734,0.012559747690236031,0.05831863185691754,0.001988805945809114,0.003928906806206659,0.0036841753389753235,0.0034767317803889256,0.0015665126604951908,0.00041186950877416194,-0.014116641572026122,-0.0033817219153361787,0.0178715714747543
13_3,0.0012066824162988952,0.0032410238246363848,0.0034257314626841263,0.00460635198656445,-0.0009928232733435805,0.0019501973591148343,-0.00456850822714554,-0.0007039768001051344,0.010664304546390956,0.35843318887783554,-0.06601769007545773,-0.06673832387803962,0.00015641116302172868,0.0024509124479686704,0.0004524499755202713,-0.0019516707557446457,-0.0031607110451377964,0.0004959189393160154,0.00663078816870029,8.033741041316648e-05,0.01961479057147683,0.032231546649655905,0.006541166443833593,-0.10035124624892937,-0.0024493999708464823,-0.10195197743196717,-0.014518871050060847,-0.003665482814024786,0.00333349433814004,0.010317803613321002,0.04263119524811832,0.006585455439603214,0.0060020638829158465,0.0036673450392156457,0.01537810750085208,0.012431595995568987,0.05631264451229712,0.001963004959926653,0.003886146425799284,0.00349014961195528,0.0021293549977733717,0.0013826089057866501,0.00048654065728341036,-0.013613060648478085,-0.003391583596621917,0.020400672601745305
13_4,0.0016083143705044936,0.0035432837587801034,0.004045075581011548,0.006107172289264531,-0.0015727181732791125,0.002293393933632028,-0.005044252246926472,0.011759512476402226,0.004433134626145749,0.34649271543627713,-0.07337370513748682,-0.0732711949950163,-0.00013564942778243833,0.001729827998263902,-0.00047711792017882413,-0.0037281532804315765,-0.0007908303645066734,-0.0006307209872587128,0.004255120095405008,-0.0042839215116333585,0.01935615357738454,0.034337465626849764,0.0006328018222297831,-0.10272051776601802,0.0007343351941196467,-0.1079437561255686,-0.01818243859434443,0.0010220539603884022,0.0033741856459086495,0.00987899066086257,0.047425103489721,0.009370120974552561,0.007139239732946926,0.0036421820243882483,-0.008965481847582894,0.011553013338133267,0.0430140440105841,0.0027657617591808946,0.004118783697062018,0.0037206974535864534,0.00356244926899635,0.0024348167018500887,0.0005543331896678857,-0.015342024911289559,0.0158139028392219,0.012283269447263224
13_5,0.0018469005148943713,0.003486733887242402,0.003846129751936491,0.006454568889437617,-0.001505515581918509,0.00229666865097328,-0.005138247308357607,0.01121380381756459,0.008562506884193764,0.3512247068890594,-0.06980126071579111,-0.07198806841529541,0.000446804479827559,0.0022482642938287762,0.000155479282324555,-0.0037149496774453845,-0.0014215803052451223,-0.0005552278683217654,0.0051919906518933506,-0.003578203937427208,0.020023399408871788,0.0336916910311825,-0.00013928539288610175,-0.10145700313683119,0.004491554927575053,-0.10826523608326433,-0.022507010320200742,-0.0024088647098153186,0.0034093525519100676,0.011712513327841548,0.04644006505309643,0.007650258156291138,0.007058410434225169,0.003742521304361314,0.000757511562284485,0.012104826145874374,0.044263183521958974,0.0023991643465216474,0.003942509120903834,0.0036045206724768675,0.00283712035815324,0.0021716744393015155,0.00040024389936297667,-0.014645579073304637,0.01604238369078461,0.018108944535839604
14_1,-0.002225762249067317,-0.004083602738125579,-0.003750668854521744,-0.0015973331400146397,-0.0032875009081306545,-0.003667217952143758,-0.00577137988047992,-0.004631029965239961,-0.0040657547238628616,-0.552316473216663,-0.2380029659998405,-0.07216367378708366,0.0008465208965849973,0.0015152280976602624,-0.002122136723849967,0.002463069593970142,0.002821047947665083,-4.9127746840835044e-05,-0.002959166883932594,0.0022263345473480063,-0.02041206898787981,-0.0038539059810550145,-0.0005292761917320549,-0.10471978577959162,0.0012102438917947647,-0.1226502928424638,-0.26494168790648065,0.003410768901405273,0.006683138180363275,-0.030595599820564374,-0.023274769033507985,-0.005931869352295686,-0.003655242031113031,0.0027155897312983925,-0.0017357164592797694,0.020636082709291025,-0.00021949667725018097,-0.003933151516760957,-0.002728593906597069,-0.0028345873605088424,-0.0026973468093847352,-0.006693655538621568,-0.0019383531240204468,-0.009031466057440844,-0.004441384895545701,-0.05377413481147777
14_3,-0.0022879337053343723,-0.0040993806225279525,-0.0030760047947189185,-0.00112601429773079,-0.0037662755979866666,-0.0036375705942818886,-0.004840406304032738,-0.004175088527565273,-0.005478062422665685,-0.5606138723780925,-0.2395800537475794,-0.06774721142253179,0.0011466186232692032,0.0031855932851739487,-0.0038544635058112226,-0.00019115749689036594,0.0036315902209278117,0.0015953263977013072,-0.006790474631913796,-0.00022843526082294829,-0.02055267946728191,-0.003709424593219769,-0.0006463214994806218,-0.10538749807535547,0.0004919337019399448,-0.1223414805462163,-0.26731215277636866,0.003874951028068939,0.007483821209223017,-0.02959769319939748,-0.024990534114685152,-0.004458007683187527,-0.0016866170295564943,0.0027561259465027363,-0.000840606638127242,0.019292474607373582,-0.00020787218243662072,-0.003901096043251323,-0.002466831836805576,-0.0026130021245508867,-0.0017882608094227537,-0.007054881818654503,-0.002154096402798544,-0.008441812376190606,-0.0034891225199032583,-0.05359378101406903
14_4,-0.0018641608551040376,-0.00133774134426594,-0.0005595490222753158,0.00030417502312208607,-0.0024407990815281653,-0.001225458069783522,-0.0025820885311618803,-0.0009614989083590282,-0.0034068802528550847,-0.5628546030251202,-0.24544293422235283,-0.0721642370502545,-0.00013228982467805724,0.0028576289124311633,-0.0032634645306615943,-0.0004785015751143069,0.0023762383720352873,0.002569168665935037,-0.006226905520243324,-4.0453522039375636e-05,-0.020395310147291807,-0.0022485354016970414,0.001985497525738954,-0.11006083897979008,0.0019939447701933302,-0.12106199060159623,-0.2707809453466595,0.004055682462201402,0.007756923348654843,-0.026537865722477315,-0.023798700417561946,-0.005196676549569312,-0.001889238472028398,0.0027099837554063672,-0.0002267189956624217,0.021023729521586546,0.0013087653979538209,-0.0023804870406698582,0.0001327860182532169,-0.0005687937036813846,-0.0014975171104367351,-0.0055956107108491235,-0.0005789804511556476,-0.006825481485164233,-0.0006107933900064765,-0.051396987169026964
14_5,-0.0022997012715542616,-0.004128174674117564,-0.0036052056232591546,-0.004076147626040928,-0.003577899896783374,-0.0031765227781791485,-0.004966990932185389,-0.0049952374749102114,-0.005495093997226242,-0.5511111638790301,-0.23519804576767353,-0.06742739371887733,0.0008369507749571289,0.0007461752696416874,-0.001605764079856755,0.004794488745719631,0.0016300696845560148,-0.001379764083868477,-0.0018141090752861074,0.004167116381249532,-0.020611086681605727,-0.003985447804053138,-0.0009038975337742404,-0.10536191725186875,0.0013387388211701938,-0.12267985034918194,-0.26444417974915113,0.0026002106989990335,0.005143844094063565,-0.030920110948755998,-0.02281305292200586,-0.007730428430986682,-0.0012520515994458104,0.0027422121494413004,-0.006313808999072502,0.02079924033321645,-0.0005496149147258377,-0.0038663237646341464,-0.0024194070301466236,-0.002908552602919354,-0.004789640257374216,-0.006868365649418058,-0.0025950654815108803,-0.008358042940492558,-0.003982058263642436,-0.05516518958165223
15_1,0.0020098348889366277,0.0012238076091355406,0.00153382204569037,0.004572372406680633,-0.003408499036868499,0.0008379700024375663,-0.007425771454737804,-0.0039491665322934355,-0.0014547554430650435,0.31147253454151247,-0.07394456051796207,-0.05869088382356324,-0.000629518895177714,0.00012164133099508483,0.0009709285411030686,-0.00035899341480990664,0.0016153406427201397,-0.0013217639568689884,0.004944282741701138,0.0009004341282965967,-0.024520417013380563,-0.008036829380573166,-0.003239419827474152,-0.09337693390571723,0.0011001838975993974,-0.08992266606650033,-0.018986441938374704,0.0027296214118206854,0.0019735489224792834,-0.02127096855209304,-0.020305092787030434,0.0002539701669347478,0.0015940655352390811,0.0035149743593291473,-0.010917718038118168,0.01010985814172404,-0.02213219509590517,0.0006693076703764805,0.00227163506109037,0.001943702086539906,0.002767819409986624,-0.001403465523044318,-0.0005351422290413285,-0.018946772095722226,-0.006298969642824114,-0.024199346622758855
15_3,0.0018437547074878818,0.0030240407649671543,0.003964804983772819,0.004598746135859861,-0.002103048593997572,0.0022055215583893237,-0.006187559143656087,-0.00231017453384149,-0.0008581491649919536,0.31667192707660863,-0.07363941701734643,-0.06710550573007176,-0.0004851414184534799,-0.0045659297339943295,-0.0010878463796014407,-0.003682037758324121,-0.0022411084473446603,-0.0003882896967113367,0.0045580712209384805,-0.0030320710874328707,-0.02418825283424858,-0.007524385032433401,-0.002819370148933564,-0.09965593974947644,0.0005182424626872597,-0.09573338857986183,-0.029058530219260904,0.0029142169752926534,0.0023328769735949774,-0.02170865622266319,0.018979066849361795,0.003445760643593136,0.004066784457795049,0.003405509528804938,-0.013670095177636484,0.010752634386004845,-0.02222168418347302,0.0022743340125216155,0.0033821827749461624,0.0033006251576619228,0.002561015751385829,0.0014138552955649893,0.00037605843345832107,-0.016791621749827557,-0.006610042305579335,-0.022698490346392892
15_4,0.0018335210449816344,0.0010688384119405482,0.0014569787548043753,0.0032472974880986424,-0.002180354967324514,0.0010553518553932284,-0.007352185750610956,-0.003934392012454324,-0.0037391133096786123,0.30744201689428413,-0.07641873976168367,-0.06254395999247411,0.00012861163816389658,-5.067579292511921e-05,0.0002449221467396183,-0.00035652168055382727,0.00036704258804391444,-0.001558853344179121,0.0047629868818645565,0.00014774474022714304,-0.02544755961488534,-0.008245961698477917,-0.0035067405881710773,-0.09258493235296542,0.0006790382747217064,-0.09304766949455354,-0.028136656023021123,0.0015764771963312982,0.0023372365779794433,-0.02091880952341489,-0.006620602391790188,0.00110331806684842,0.0007028439200489342,0.003485217882365812,-0.012319972412409487,0.009339390789484996,-0.02299709886978636,0.0005014046684330925,0.002301162811201051,0.001858323670828191,0.0019057477814083232,0.0003399152354995073,-0.0004810239393185791,-0.019060784664603064,-0.006496625248133101,-0.024024835360664125
15_5,0.0018445004348455565,0.001004111673616151,0.0011781709286315964,0.000492263133610547,-0.00343068485423708,0.0007762053347744916,-0.0075178399599691885,-0.008354791099233459,-0.0038300595977188282,0.3283133596109982,-0.06883539121967112,-0.04924536573068712,0.0003351780560696705,0.0009035264960324864,-0.0021858060282399804,-0.004363419431012347,0.0005747193386689268,-0.001784660204535519,0.0030405972707522946,-0.004649424105841022,-0.025670566641190766,-0.008484325389789875,-0.002736806711670141,-0.08852106575633843,-4.134790806605549e-05,-0.08730313223834149,-0.012277499206104643,0.00261817889935591,0.0026744275565686176,-0.02028834069563036,-0.028555066663959978,-0.004810314983498439,-0.002715406598367956,0.0031875674372152676,-0.01059468529181145,-0.005659798276941572,-0.021925663645257002,0.00027775950963253987,0.0018117192043263228,0.00026239975053920074,-0.0022464518772978286,-0.0016215577902430765,-0.0007065689053301799,-0.01970262354302016,-0.00847721217823787,-0.021196937665792084
16_1,-0.0019201580044863379,-0.0029992667015105883,-0.006358630885267272,-0.0050536558129626865,-0.0021026028705343593,-0.003069796782099877,-0.008642194043389465,-0.008511176716080102,0.003628694891113614,-0.5982393913355396,-0.2877021049247847,-0.09349793235399832,0.0011054482252155348,0.0034858755889025698,0.027389400246274304,0.011013313102197846,0.004409379359416662,0.003980757203524225,-0.0014583891272348358,0.011802271273795795,0.011167979929840633,0.00038649400715745115,0.001885508165929018,-0.1138685210445693,0.0013257410597982049,-0.1281592353274942,-0.2667185666998617,-0.005145794752489064,0.008123601357328323,0.03267305143494766,-0.009014340308231545,-0.009133119708946447,-0.007092969586671792,0.0033553497935114407,0.0014909484998162157,-0.018993337249140346,0.00961907627109493,-0.004634126833972182,-0.0028849164892287334,-0.006234200573415509,-0.004803402837942312,-0.004316873332684491,-0.004683947020528183,-0.008736585320550792,-0.008194773833340323,0.05378488912726393
16_3,-0.0023634868181129816,-0.002892036317808346,-0.006431568864328671,-0.005141233283013867,-0.0026708018800615093,-0.0039372829628844435,-0.008474608675192908,-0.010017583835786844,0.0020822391778410384,-0.5954562010142774,-0.2874319686182684,-0.09199641303891419,0.000984547407714767,0.0031624529627024443,0.026450638532125075,0.007116296993839969,0.003989397307664173,0.00376175735027383,-0.0021730951229970794,0.010665981134991053,0.010977808890328285,0.00028111209989838956,0.001594143541684394,-0.11396641979255664,0.0053619931671338265,-0.1279607232121329,-0.26580495546770966,0.008687515419577447,0.009502368539688645,0.036902454485343385,-0.008503530648511183,-0.007985648002840214,-0.00673265227270193,0.0034657023348301126,0.0007567301267880443,-0.01933558118060935,0.009357423945365779,-0.005499461004535021,-0.0024026778268787883,-0.006252257438921524,-0.004878188431421805,-0.004784114489490865,-0.005395352343311759,-0.00957349322633477,-0.009297753312014212,0.052763041113538564
16_4,-0.0033126328010752593,-0.002836193251709305,-0.006403191228417936,-0.00584260415141416,-0.0024931272631382832,-0.0035174044191882067,-0.008517429850496189,-0.01033366976732577,0.0030983751170547457,-0.5969200667147803,-0.28873322490076236,-0.09108371757676735,0.0011129849385772836,0.003094507018640944,0.027354469001996517,0.01076293408194296,0.004160631321577697,0.00292148849609175,-0.0020848501138426598,0.011516605706121142,0.010903812415464127,0.0003697372727259595,0.0023651717283120714,-0.11446554444946613,0.004603948135155399,-0.12909748517755207,-0.2802134457291467,0.008566877326134438,0.0095829524136007,0.03259634750750592,-0.008121186388382412,-0.005816023639040948,-0.007016115420433372,0.0032428839560563532,-0.00045461050909034544,-0.019657641993313282,0.009980818990050802,-0.005508231204557526,-0.0025964103428818015,-0.006367198270748469,-0.005784053083198052,-0.005046436633402675,-0.005619025347221386,-0.009620988228848416,-0.009372779049615074,0.05449956433330511
16_5,-0.0018107473769402478,-0.004242297850962392,-0.005247296901274102,-0.004954268567466932,-0.0020390271720019336,-0.0037321066821614664,-0.0080880434588442,-0.010255752537485984,0.0032439777176856283,-0.5953865730335676,-0.2870527130935174,-0.09194020946536521,0.0012073530737884155,0.00329634250551868,0.027289886532508367,0.010804551872291335,0.004289208358752982,0.003939530994109948,-0.001636832673427465,0.0119272715627206,0.011196732461290663,0.0006409494498590762,0.002477875224543832,-0.1143053745476994,0.005581207112055486,-0.1283283749264742,-0.2763968731154265,0.0089733441456907,0.0082033841382855,0.03688559637270646,-0.008979218517854676,-0.005590361465064342,-0.006521876121400739,0.0032072120521332197,-8.116489527868578e-05,-0.020456578134555977,0.00982918629408251,-0.005041996693096287,-0.0035376214162277046,-0.004979825657882111,-0.00508279442907293,-0.004309545892958852,-0.005017984228531337,-0.009539512235954459,-0.009337597790065575,0.05631386129337908
17_1,-0.002179645387954137,-0.0041947996168283895,-0.0029885340321042383,-0.004900778140840966,-0.0032110774278917673,-0.003376272938372348,-0.006733729953523964,-0.004647447056648001,0.002827314369361658,-0.6410214447167416,-0.31596668493050384,-0.0999246525003281,0.00040386670904749136,0.002627502432865737,-0.006510428831617153,0.00038355213563927266,0.0032634183005912426,0.0012930856993796965,-0.006301852053461576,-0.0002999222270521228,-0.02250796828374301,-0.0026926751160215824,-0.001252898540300935,-0.11907594754035615,-0.0052831175030100845,-0.12844836170675364,-0.2908483198172668,0.0017462313543641845,0.0062064083936993995,-0.04384865387664676,-0.027034268992140623,-0.00582522241404634,-0.0056053857119639445,0.0011403234542606685,-0.0057303058030402,-0.01663220638092883,-0.0023979766450786676,-0.004462792159743076,-0.0030163915326081,-0.003241945666967562,-0.004966890198354038,-0.0074407586016206635,-0.0031522943550329665,-0.00919760566637099,-0.0060778014955517635,-0.06396227511822342
17_3,-0.0023247454584757765,-0.003782279986683422,-0.0038134056050263356,-0.004152001505516687,-0.0023856708432542627,-0.0047083039654744925,-0.006955210806282425,-0.005088175716309371,-0.000980137118755702,-0.6307357648345564,-0.30953646280824726,-0.09619232998415314,0.000823534886684077,0.0023188293462178687,-0.00514455844551659,0.00019145682981187365,0.0028624699398794194,0.003709988007948823,-0.006328143009713568,-9.806276197534804e-05,-0.022539361816172485,-0.0009934971554536396,-0.0017232960416947959,-0.11676274201018591,0.0010952397564643263,-0.12535770897453347,-0.280628371147251,0.0018653109171563643,0.0038155039745196365,-0.04291275201456883,-0.026753357499159792,-0.006361119157056309,-0.005450647846806904,0.001071098638890712,-0.00924844500353953,-0.02684446528981891,-0.0017184280884697458,-0.003699422501952166,-0.002909788813617996,-0.003693970403223655,-0.0042544330835275965,-0.006237551346237232,-0.003908046104480018,-0.009782398627954925,-0.008122308029651908,-0.05555185739789378
17_4,-0.00042786665975311564,-0.0012225019848202795,0.0009087572687532942,0.0021094870564634625,-0.001623998643440969,-0.0020249255035791384,-0.0028729578805680193,-0.0015814280334402484,-0.003416732692818098,-0.6525384417287593,-0.3279158169446413,-0.10775585010644184,0.0005005127861074956,-0.0001600863663843414,-0.00722254977511579,-0.0003890531241434354,-0.0036460574161159124,-0.0036192858857720107,-0.007285641949653214,-0.0012872934657984893,-0.022378556852025847,-0.00031673917606415877,-0.001180114066450401,-0.12310213532644555,-0.0018519496830061522,-0.13045791706340557,-0.29739412263121945,0.0038584991384050774,0.006031052868552572,-0.0452187033045573,-0.015562267624699283,-0.006947998576592504,-0.0037570780301191976,0.0013638474404394129,-0.0030803070951292634,-0.0188296008340334,0.0009770763930417553,-0.0005948305035711591,0.0002605501217332232,0.00015556598778933452,0.0008216276402748035,-0.00568529047769046,-0.001980882908709344,-0.007285289089350447,-0.0005263065931914853,-0.0683398792306992
17_5,-0.002241540896667055,-0.004659179226258275,-0.0013848257570477662,-0.0010621284964069488,-0.003509143401623252,-0.003601867856889394,-0.0039776982176595145,-0.004297639444942704,-0.005484418431287027,-0.6335837619566783,-0.3124918824315655,-0.09107832695994142,0.000558628613883801,0.0016709720075216504,-0.006027807111511716,0.0005151513209977122,0.0030190732362578815,0.002659920732100356,-0.008310756243288078,-0.00010031609566633983,-0.02289151430373396,-0.0007439174911822474,-0.0012469299344348293,-0.11834303668499009,0.0009568381295611495,-0.12743124425505117,-0.2970678681800271,0.0026986972646451117,0.005856192839628541,-0.04111450873221478,-0.027022335759829527,-0.006341682963767609,-0.0049682794113479955,0.0014825429744797416,-0.002877967034687386,-0.027646232831739385,-0.00239156460256162,-0.00416179285077933,-0.002768966485215253,-0.0015597998623740378,-0.002712154139471534,-0.0076002775233965664,-0.003870155595880437,-0.00795320598478653,-0.004563879131346326,-0.06040499817290908
18_1,-0.0022108370414965824,-0.0039199536726619195,-0.0034997381915652962,-0.003169212556426162,-0.0023150591172587088,-0.0029321862933458427,-0.0064933041911649095,-0.0035586629666504027,0.0047947334504408095,-0.5495293706411672,-0.2347974946252986,-0.052360659575112864,0.0007721599974856216,0.00218316964765116,0.01562000989257114,0.00407832157831568,0.004223927850213342,0.0033925130436375335,-0.002855490197405191,0.005067757136344658,-0.019265545042938977,-0.00022148535152207832,-0.0009730825970499042,-0.10252574323310083,0.0037570886642806457,-0.11539671110746669,-0.2611218129351366,0.0027970616877447375,0.00834978986990141,-0.023425840681516867,-0.01278147031535662,-0.004141268483314555,-0.004481241003067263,0.0017697624575216996,-0.005203507630825682,-0.005841464163144538,0.00041609558287254933,-0.0040935069491907835,-0.00323701599858613,-0.00304720211563228,-0.0036772815697666264,-0.00598757709431581,-0.001972707769560095,-0.008831058058809913,-0.004238256467123426,-0.03788038757846708
18_3,-0.0025666641268430293,-0.003629294929998398,-0.0033363355523963615,-0.0037254485161952286,-0.002023952099495544,-0.003641111956839366,-0.007593047088959165,-0.005248504277783266,0.0021445121359083496,-0.533429987535002,-0.046305507720523484,-0.046836344047331765,0.0014168636189250646,0.002053207006609055,0.0009453069402330705,0.004724416484232331,-0.001262296248032381,-0.0014501621227298919,0.0005932359056972419,0.005962183842182638,-0.01906320163026405,0.00037278238839998903,-0.0006972845335370182,-0.09628573386114062,0.003621054812218974,-0.11382973286361614,-0.2581539833521698,0.0035064102385592285,0.006953499782688368,-0.025045438872301554,-0.009556571089078867,-0.00477529773299417,-0.0025422460666209715,0.0018015683641995654,-0.004333620568959985,-0.00614132412770544,-0.0014192374910328707,-0.003634175589769199,-0.0029726373171974248,-0.003628362816983877,-0.0047645514100728885,-0.0060590758491775,-0.002049915658531009,-0.011081530979226801,-0.006029946793680113,-0.029191009902723306
18_4,-0.001856147238684182,-0.0013228539769727244,-0.0008917993142432215,0.002223018598036991,-0.0033186962650079725,-0.0014762758734145956,-0.0026617902900137615,-0.0013258566591914864,0.0055618485447605,-0.574475605183387,-0.25383839556244264,-0.06823490608374058,-0.000248809352638357,0.002027499646440302,-0.001441284741432005,0.003827587117280639,0.0024658856068549367,0.003106771287203617,6.502842634502646e-05,0.004436544650154688,-0.019424955479984966,0.00046273413091671466,-0.0004969343004245402,-0.11142919187935703,0.0014477801037870346,-0.11859855404546603,-0.26982813740872136,0.0041426681910857995,0.007948560772807577,-0.029598200833296336,-0.008967537037096787,-0.0048688548399066,-0.0027916550837880066,0.0016822308156093108,-0.0022395478924355765,0.023723017076628928,0.003870124498353617,-0.0037777727467983137,7.515733404061417e-05,-0.0006022411088497033,-0.0005516685762609997,-0.006665603505034106,-0.0006714531877690503,-0.006619101115746941,-0.0005567390232451931,-0.05091675232310415
18_5,-0.0022639021245417865,-0.004245575773508807,-0.0030249141446269737,-0.00019696916680242714,-0.0023072333982528215,-0.0037880207393052854,-0.0065521363998439,-0.004532433152901129,-0.000611391838643048,-0.541836419174735,-0.16087712809681473,-0.04874328070484596,0.0008422530204955176,0.0003760796151970749,0.0002769835988422075,0.002491178055534315,0.0017155220796493968,-0.0022778684557518887,-0.0010981670117641482,0.005766065209831494,-0.019524598479425986,0.00017331293222610093,-0.00042300202818907804,-0.09565717430230962,0.004052624567298322,-0.11376547339034772,-0.2576397911242246,0.0047899229831469044,0.008546528441781897,-0.024197110881481843,-0.014079892181039921,-0.004667521742095046,-0.0031715720252310266,0.00183784896779046,0.00017067724373705907,-0.01959158366813318,0.0005228329550129607,-0.004026750511522175,-0.0026889295023907003,-0.0031410630077282303,-0.0028738373640273076,-0.006217795348721674,-0.001694507715775875,-0.009676008485849163,-0.003502952118641148,-0.0355933983723066
19_1,0.0024088944553320446,0.0012718098593269742,0.0034539539399324275,0.0059912127949372325,0.009264309683850676,0.004704042411357826,0.020083256169523934,0.007776773408969791,0.0004195390019461038,-0.7512235441480463,-0.352278254272939,-0.12377182798812596,-0.0009974454307033799,0.00091339626611642,-0.0004023475179998433,-0.002926639456784738,-0.0010171481336157724,0.00027250404841173357,-0.012752455940156044,-0.0055009046352635016,0.014469949226828767,-0.002893673605982454,0.002205316781181216,-0.13933941525697224,0.000687228718714952,-0.15866440031268086,-0.3316274881444131,0.006657797104490094,0.008236900829970008,0.003921697917696102,0.008654727799015032,0.005166293063583455,0.005070278836723488,0.0031374756541132035,-0.005777851072079246,0.009993284366959168,0.006588766980214803,0.004640938149506427,0.001076527270007395,0.0030064787518763935,0.003560678457755218,0.00851001031166477,0.00614581074440659,0.03566020389992256,0.009410998252491505,-0.07870058911024808
19_3,0.002242899980733926,0.0013087122385246432,0.004081999873220643,0.0067717639468500585,0.009502927720079726,0.002932033443039616,0.020236279824572826,0.009186620595907056,0.00012326230722958077,-0.7471865220130595,-0.35285442942491013,-0.12370214032294283,-0.0013986562857400422,0.0015705417955435563,-0.006387905056836464,-0.002378403866024825,-0.00024416951100286174,0.0017619351337489994,-0.009814791056726474,-0.0034481171339477467,0.01761322768008151,-0.002648922235083263,0.0028199624934925134,-0.13959198796650557,0.0021647000254266776,-0.15936447160049508,-0.32122462955146086,0.006435839052780872,0.008299888201939732,-0.015972127587974096,0.009689151902179567,0.006403717833511279,0.00531620523944707,0.003414469112034149,-0.004995022606973926,0.018592061622315133,0.0064932978647937005,0.005163110113394755,0.0016088103428711319,0.003961340177049297,0.003972584316235088,0.00834451246283575,0.0035743349949539133,0.03582601893337527,0.01116859095005143,-0.07354254854030857
19_4,0.0025255453480691236,0.0012860142107740994,0.0035570520384359153,0.006119034848952746,0.00941793835373006,0.004920068147281413,0.019991049861017556,0.008543492589718257,-0.0002326079482632943,-0.7466672536541489,-0.35084647054043405,-0.12290121006415675,-0.0012325893003984289,0.0011087963461197596,-0.00027726032907204434,-0.0028000480990547126,-0.0008597106104926579,0.0002714078666925951,-0.012441338084274523,-0.005061113676924345,0.01495545613822739,-0.0028221593913625334,0.0023003225676442546,-0.1383877095000236,0.0025252672015950205,-0.1582375968218111,-0.3304463162110876,0.006845745885702316,0.00826589664397975,0.0043514914066554175,0.006659045594276107,0.005794408143167527,0.0051791391951047675,0.0031632267525999475,-0.005454477334641787,0.010845050400969603,0.006826384083531506,0.004759345563300986,0.0010640469095095793,0.0031414055177801173,0.003733484816103593,0.008734482374135532,0.006369259814554925,0.03607554199698072,0.00983122143198909,-0.07854297580330057
19_5,0.002570397667770434,0.001197955417958935,0.003526371023832777,0.006048306843230908,0.009841982499986666,0.004755947427975102,0.02001865139962731,0.008003434217198803,-0.0001401057197626502,-0.7496469826862088,-0.35283007842056024,-0.12345877858205914,-0.001231535248614486,0.0010669172779048074,-6.928213741709535e-05,-0.002877351329178792,-0.000950641137011067,0.00043907915076748556,-0.012870324681797423,-0.004650568660571146,0.014419313079375704,-0.0028987544226968,0.0034989974697191097,-0.13914927970718877,0.001349653531740868,-0.15832612171646696,-0.3313535777238478,0.006753870825841274,0.008160058730624895,0.004178946831011432,0.008881860325666562,0.005257050005120915,0.005181736884801693,0.003165358464613538,-0.005670519658751713,0.009590604551838425,0.006696194583330759,0.004746099537577085,0.000977483233262549,0.0030742437696155084,0.003624685746840901,0.008578314056392661,0.006232283764264993,0.035780686066503975,0.009577006845873688,-0.07926211928918117
1_1,0.0024322778425733224,0.0035326959350728067,0.004604637173078262,0.009260662931401273,0.0020854691360954517,0.004581475837896384,0.0035775230863633553,0.013038156823071897,0.004403930116734608,-0.6375345412655742,-0.27184671511938785,-0.09976360970336436,0.002229576010159712,-1.0469876660633929e-05,0.0070496150357800555,0.0007885720485569913,-0.0009056697262346677,-0.00038411014656121163,0.0022724673979531533,0.0040436690873443286,0.01652491946363141,0.0037585518512157187,0.0027888574421123815,-0.12499218610822706,0.006706554881827159,-0.14167228515524366,-0.29127081932495497,0.00520081995339856,0.007629264318083655,0.014286894868579345,0.0205587763195454,0.01211547180710069,0.009450886454891309,0.003502417407327134,0.0034625667455375152,0.03765996871514997,0.062068910524794144,0.0046579720075857955,0.0030151882741302153,0.00434743802907439,0.007395621485817628,0.004567047092844178,0.004213226713265948,-8.546920521998019e-05,0.014266775440097969,0.06065940699298868
1_3,0.002474354284638386,0.003279535543121191,0.004623247714566934,0.009147393575120405,0.001741845077940218,0.004153594924271164,0.00291981767572871,0.01319286659042923,0.004560151471277593,-0.6377989071959321,-0.2754741235653067,-0.10037306541877745,0.0017665218302407404,0.0027106848417497017,0.006580259054370788,0.0007761430976228928,-0.003626267964526083,0.0016695239361443834,0.01688016860330447,0.00833622108514613,0.01545115221703688,0.002371480121487927,0.003983598747812989,-0.1251089305061963,0.0038621437159912287,-0.1432467838754587,-0.29185807543670506,0.0048973165558337025,0.007748900412887382,0.012483168938537728,0.019613025432373973,0.011935832871649578,0.008886432943124465,0.003375064950157589,0.0034251145034119605,0.03752074310291126,0.061403232845233975,0.004156583242823375,0.0031147639324033724,0.004339052156135804,0.007138746640758557,0.003911846277394963,0.0037918317253429587,-0.00033134667605673495,0.014127381093778153,0.057661793772706006
1_4,0.002435283983770063,0.0034383477935883253,0.004455022990261185,0.008786419502624253,0.0018687765571243182,0.004029151945467008,0.0027292027688751467,0.012723990821448018,0.004826252578683343,-0.6432347934560829,-0.2765864566020595,-0.10121494732071297,0.0012650092244574352,-0.0025033264632702114,0.007672404454410203,0.001196813921685757,0.0013028357579652637,0.0013321811028326608,0.016086110188586474,0.006466182948815206,0.01513376504081767,0.0030336816046849097,0.003646555728765929,-0.1262681127297223,-0.006167084954759313,-0.14412805665835668,-0.2933345651157357,0.004838414672968673,0.007262139828361326,0.01193145629440074,0.019165159550331424,0.010386563639886513,0.009140981237435846,0.003279334580402836,0.003361103699262047,0.0357653892465114,0.06136844491925027,0.004108555096975238,0.003150982797555418,0.00411177196294784,0.0071571397574848525,0.003844641350352274,0.003858681998543911,-0.0006009612162732445,0.01396727607402313,0.05428972222909321
1_5,0.0031330962700621885,0.0031160326434332216,0.004474076453650026,0.007092618767464396,0.007779756974611469,0.004390755384985491,0.0024256236691622118,0.01149867525806412,0.00315119712668381,-0.6509321952689324,-0.28469059983663,-0.1026657570525016,0.0005993531553047417,0.003544782801654396,-0.002176639501611438,0.004651495968521033,0.003677863950032853,0.0016228637612237143,-0.0006792232150944893,0.0038969269847121727,0.014770420670832536,-0.00674362824854412,0.003570249341402466,-0.1268641659983604,0.004528179032407869,-0.14522557462774052,-0.2924674540859033,0.0052860835753000155,0.007557569181993217,0.027743996087596503,0.018189988810433134,0.01054818262235078,0.007699071354611915,0.0032815785366332667,0.0023311197248985526,0.03242731479675661,0.058171907922094424,0.005352317839699997,0.0031487046183511984,0.004330284876512815,0.0065427013779495,0.007803767004889959,0.004174327786763894,-0.00036040152055154495,0.013989115828621454,0.05893203568245493
20_1,0.0024612084406433615,0.005335029694833788,0.004025318231008177,0.005004793177632405,0.0011327866605325085,0.0024173221783734848,-0.003288424892167131,0.014226058063044564,0.002726433458519054,0.44558538944337095,0.037758576795231834,0.12679238355309422,0.0012182133567616585,-0.003080207291937744,-0.0005516709911184073,-0.0016901980679275062,-0.001201670897307362,-0.0006150424487645507,0.0027000608677608525,-0.000412027440410456,0.048942786979163024,-0.0015620154767196654,-0.0050422851037083775,0.09242382351035439,-0.0005765752277489334,0.204939880610205,0.08864604030552824,0.0033290384693739614,-0.0008892024566902704,0.011534280827197058,0.035535592384415574,0.005178426320793588,0.006467653106506525,0.018705102245142623,0.008815892201838038,-0.0051529623908037215,0.15488561925536637,0.0028015685229323337,0.005641398310035627,0.0038256685560535976,0.0019351906415133067,0.0076771526931469275,0.0009881183044116303,-0.009612789851973362,0.012953074158753186,-0.005930495840781767
20_3,0.002186662513032681,0.0053178246135459325,0.003958588197058778,0.006265299127721071,0.0008460801600000556,0.0023889114265437904,-0.0029860632076036072,0.019900308013905774,0.005251012875583933,0.4497607668079777,0.036492183808473036,0.12645135501128935,0.00023740149590045502,0.0017253258281747523,-0.0005546790034478207,-0.0033844869330663585,0.00028849712863661506,-0.0008752782134408146,0.003442186844747859,-0.0025738845970464897,0.04908641964213573,-0.0019999118582298666,-0.005093240997303569,0.090063282094115,-0.001137362995119891,0.2051838880469931,0.09049798714764362,0.003172042413298968,-0.0008703904147508648,-0.019769053133877775,0.052944946431698135,0.007169046591790249,0.006780011839457869,0.018763450967730223,0.008725441490437502,-0.004750653402484401,0.1568248397195724,0.002652299487975114,0.005566450975441321,0.004082496977845885,0.00553935122201412,0.007843359998829501,0.0007608969350757057,-0.00965390604802129,0.023817043619476626,-0.0047049377665763946
20_4,0.002563155031475995,0.006854984876082213,0.006509150998855993,0.005849650254920757,0.000985890560719161,0.0025489613889914716,-0.002860102483195722,0.019291843208301348,0.003345204774434691,0.4559874610874585,0.0424697826915168,0.12883763818078153,-4.820494768640679e-05,-0.002045542168719481,-0.00012841341337789614,-0.001038308080978007,0.0022570487957030297,-0.0009179783945357569,0.0036079048515218273,0.0008383559869383715,0.04958654835663402,-0.000589339664104813,-0.005698719406060501,0.09384864508905437,-0.0008617643622318517,0.20718344642914643,0.09345395779197506,0.003157744620697355,-0.0012481686228687338,0.006721187146264201,0.05386784758176057,0.007871640939973236,0.007130682363073551,0.01882730915320399,0.009428273721016109,-0.004000015642369225,0.14955962294643482,0.0037781495828046246,0.005927578833088386,0.005744723708849726,0.005461525461740406,0.0076979599549714854,0.0008741702692311679,-0.009300640281577203,0.02342132058464941,-0.004412239077593093
20_5,0.001792974347994219,0.00513567505790385,0.003916095351960685,0.005865184562116083,0.000680623148561034,0.0024469102224850625,-0.003020189898380123,0.019248888712441004,0.0068090676697106015,0.45672307850313093,0.041380246999970366,0.1268666013931544,0.00010064673892827726,0.001884598181991063,-0.0009526515586528094,-0.003609600995170652,0.0020938733725292583,-0.00013807979610114417,0.0025731545023549417,-0.002453294520570524,0.03941765313395203,-0.0011101143408346007,-0.005519555660788934,0.09317394197539841,-0.0011628769270321927,0.20522905114475096,0.09276502895255728,0.0030931177917260947,-0.001374411414506487,0.00631799908344274,0.053407295993027806,0.007748665858551474,0.006734690241613124,0.018659328024302636,0.008773622076331847,-0.004570047681939696,0.1523510339636299,0.0025683070258987,0.005455554108760756,0.0034622887130861084,0.005366015858829942,0.00735049513946925,0.0006954059286161855,-0.009148553219901627,0.023247238212430833,-0.006003473063909188
21_1,-0.002129177218172634,-0.003307131102178333,0.0003562610949483812,0.008438599002202944,-0.001942222965378047,-0.002609540635013446,-0.0014298677278022347,0.005935709919447172,-0.0002848712093998413,-0.5370865597728035,-0.27357486580953233,-0.08130566451748365,0.00226845348611856,0.0028882424205923817,0.006912292137451339,0.004441161403990072,0.004733764719426158,0.0005376135686524958,0.019130954124438323,0.009538031158808514,-0.01809723702356994,0.0004975093387641011,0.004557730029660936,-0.09969009841938159,0.006069200502603231,-0.10032114918234813,-0.25246309730088085,0.009378927029976263,0.011749686518876068,0.0451671186441035,-0.013693925499190565,-0.0018978352326123678,-0.0010812231543922345,0.0011519052129441596,0.0034002777342457356,0.036539801431700714,0.01321987920960132,-0.0035505985916671327,-0.003322932201441421,0.00024089212455029256,0.005459140444662289,-0.006169054065615703,-0.0007975109497931602,-0.006028019538427354,0.0047169611946832534,0.08835064918591747
21_3,-0.001451535692023551,0.0005795211321503043,0.0018837256102663324,0.00888580780240548,-0.0019094809463061602,-0.002247714568418831,-0.0015225250907666306,0.0061639501943964205,0.0010058005124725057,-0.541280810136111,-0.27675005829746163,-0.08186394482607207,0.0021834078390669458,0.00322436583442052,0.0066412623649431315,0.0036355103652359923,0.004729282089345822,0.0006833300049454692,0.019239454379413504,0.008555909011070026,-0.018542796011865124,0.0019796298850935576,0.0040780110435953585,-0.09960945775826596,0.005686660116454872,-0.10063023399880124,-0.2653825705716045,0.009262524048199213,0.011627380501188446,0.04410112584633385,-0.013396842873670118,-0.00296794700454861,-0.0034066261940886794,0.0012845575790418127,0.0033304712216548457,0.03721122873652312,0.013390610805543945,-0.0019151157763945294,0.0014429900485756451,0.001200488499596494,0.006251914317699111,-0.006003490886920056,-0.0008496616767560447,-0.006089786450426567,0.004941521541164677,0.08971324763416853
21_4,-0.002175176635455846,-0.0034030715285102006,-0.00022953078532145433,0.0064325570752177715,-0.002043915429011664,-0.002641428809085654,-0.0013451485097754538,0.005161561217784636,-0.0018721742537866199,-0.5379286796776629,-0.27463033992410557,-0.08126677712095269,0.0010820215200921669,0.0022540303183887765,0.006904909247410044,0.004133226360096564,0.0037404781445159493,-8.416730822029199e-05,0.019017663943301816,0.00972255985969286,-0.01884450605714476,0.0013031612710821465,0.004103777049794859,-0.10195612108696826,0.004281365326647884,-0.10036409839103272,-0.25572053005262857,0.009252771195767891,0.011385941117102874,0.04388424029841456,-0.014032554646684991,-0.0019703163024453,-0.0016927415667290925,0.0010022149596793308,0.002849138589528624,0.03481668827781599,0.012572356999261064,-0.0035642662240258,-0.0033570308887786574,-0.00047769355885168374,0.0045392364978038965,-0.006097101325826672,-0.0010465185767614708,-0.0061253069643505565,0.004538739115632189,0.0863646772102139
21_5,-0.0021161064480834935,-0.0032153237519723142,-0.00024610338418970784,0.007684027757183459,-0.0021154646832350047,-0.002737754450084195,-0.001692257487582245,0.00649758083361297,-0.00011578872161522279,-0.5440915912379588,-0.2762309806268568,-0.08229709567272236,0.0018150082908216557,9.943678718902749e-05,0.0017660847278603564,-0.007877627176416454,-0.006456977497586182,-0.0011980992352036252,0.016959166516644066,-0.005294556009997153,-0.0177042625522596,0.002352442779261517,0.0033684494412926976,-0.10042793247741617,0.0014574623381478835,-0.10127047365945471,-0.2575882588107839,0.00932416165138928,0.011639609694730947,0.041606723553155485,-0.013857257310530405,-0.00259288103425466,-0.0010652628983129474,0.001294157120798339,0.0016101925108551157,0.03764649508609701,0.013149851733028288,-0.003611183146181568,-0.0034767291617146157,-0.000809678706271136,0.005578628898001892,-0.006314621428376748,-0.0017340915487087118,-0.006276295857561359,0.005237301175164436,0.08389321356340394
22_1,-0.0018957977865937713,-0.003340010611740111,0.00016970644069961676,0.007431663799221045,-0.0019747971771645746,-0.0018567825229234005,-0.0011389671105066388,0.005815793124940223,-0.0023968890689359174,-0.542428824088191,-0.27759338512599474,-0.0812841913632349,0.0008827688881250185,0.00293035915169764,0.008643426346468941,0.0040335234222020466,0.0048612007178456245,0.0017911481772439934,0.021643597912408757,0.01098861172413777,-0.01561467125282516,0.0019410559775957948,0.00412183641712072,-0.10161815765392859,-0.002683681004184758,-0.100970117666417,-0.2670826630202732,0.008340943696199836,0.010546863705210763,0.04196987654379214,-0.01955359507466711,-0.0007687171880662892,0.0007290004598899701,0.001671627228587603,0.003160660807274748,0.03844813692681422,0.012422758554473822,-0.003413888237303365,-0.0030032345221369895,-0.00011687862020417456,0.00493261425252535,-0.006132657903031172,-0.001212283260020005,-0.006221812777218623,0.00491056730668701,0.08619102770792501
22_3,0.0009180905612466788,0.0011944769833123672,0.0023089725796746592,0.006714477719857735,-0.0020145272685675028,-0.001348013740177612,-0.0013153622859133636,0.00493022310879255,-0.0026275991999405324,-0.5544909334200889,-0.2821498264315265,-0.0817865799746458,0.0016277606737769555,0.004514562774229228,0.009716607315361366,0.0050990383581434795,0.0055492500703156165,0.0017597481477393323,0.023040999087743916,0.01261690258736163,-0.015647875595686082,0.0019868895999058758,0.004208510967006908,-0.10451870844701619,0.006668323868043036,-0.1020963800940987,-0.2677409571685875,0.00834309305228561,0.009535501969157098,0.04175990954470722,-0.019313927396553496,0.0017803803716987168,0.001016167620627868,0.0018569959919776113,0.0032066464692714195,0.03598113966290717,0.012652833648785118,0.000359982946517271,0.0021725862542187682,0.0023855471886724414,0.0045482993920188146,-0.006140503045018016,-0.0007691132149238115,-0.006225185087891794,0.004581109269535057,0.08712434257667813
22_4,-0.000887517293342188,0.0008279115716840717,0.002253913186899401,0.008742056299220409,-0.0016296704496777132,0.0007461459652005231,-3.0565754288743644e-05,0.007716378511219349,-0.0025626390107724812,-0.5473201091862476,-0.2801811476860417,-0.08392418064136979,0.001257661817375119,0.0030141997036505605,0.0070854601383059995,0.003916463792302343,0.0011139564365353026,-0.0012259191554313954,0.02237245157076792,0.009521991800007422,-0.01558048857507259,0.002514858814663511,0.004372582789259689,-0.10227168223890712,0.0064784834879867805,-0.10023002175120738,-0.25750820550201114,0.008608938806536907,0.01076704013670598,0.04451041451413779,-0.01939494781318149,-0.0004734903640653441,0.0011229047869938749,0.0020614038315225525,0.00295708266523337,0.03900111778961465,0.012914430817318714,-0.0007811132417703615,0.0014931509086245419,0.0027072287379479804,0.006411584887470053,-0.004676949103950648,0.0016134391362784984,-0.0047144792941505274,0.00632615507550666,0.08872671553949782
22_5,-0.0017126636961247888,-0.003471401180565481,-0.002171223644734661,0.0037547359863456375,-0.0027421053947031732,-0.003854071798942237,-0.0019515563060160676,0.003629288768766308,-0.0019226191374073296,-0.5450511037084009,-0.27650458279955353,-0.08250837240714173,0.001255539088849906,-0.0074893621082603576,0.002677816061321581,0.00035044781312375733,-0.0035492012650836027,-0.001615939159339231,0.018296806740932762,0.004552117860989725,-0.01570218760608507,0.002501334706602516,0.004024766450193916,-0.09970695773104161,0.0059219088570065075,-0.10069207399964711,-0.2543544423722507,0.008382716029321316,0.009682055629150513,0.038536237876635286,-0.018239878443077197,-0.0015765324789372122,-0.0010245262369921193,0.0009333012013514876,0.0014327258432745267,0.03743899863167384,0.012682160120684018,-0.003393629479055561,-0.0031065823639225454,-0.0021040522305447867,0.0029443926951532857,-0.006014143288371299,-0.003707299410125763,-0.00731426110566602,0.00490282211018314,0.08575443954004396
23_1,-0.0038364140616082712,-0.002821105481434163,-0.007585705665034473,-0.008354538198229192,-0.004471343030194785,-0.003808222804074595,-0.010573272308899246,-0.01707799484134187,-0.005872543699370157,-0.6920269874695822,-0.3251945310843276,-0.111135877253232,-0.0034109327525546954,-0.0040301377148173135,-0.014926382869024693,-0.019570311817839362,-0.010643524292853989,-0.004514928603265748,0.002520931225859011,-0.022540781645784692,-0.002617495917062725,-0.012648942782288227,0.0011024369744914871,-0.12866852169062595,0.003347036221462382,-0.14277303730069762,-0.3150545626130612,-0.008866055647225136,-0.044532860322798073,0.014637833633241075,-0.02192930777811981,-0.011593337463438137,-0.009620313964808771,0.0027231966978410777,-0.006302904234317292,-0.05165625575081661,-0.06447327048107104,-0.0050991444283523925,-0.0039020591483016924,-0.0075918151655707655,-0.00779435454849629,-0.004798522345826408,-0.007421974995087762,-0.011655339832969947,-0.014598540487673574,-0.052658067035860755
23_3,-0.004773166100709747,-0.005488873625715139,-0.007653112978254982,-0.009757353386354351,-0.007104678044427624,-0.007324049731553886,-0.010499072322182511,-0.01781065207896051,-0.005829142078928476,-0.6977885654361582,-0.3287753099842281,-0.11145470224426435,-0.0016877831612901258,-0.0024265982428306903,-0.014066246387366668,-0.018403410411754622,-0.01065944870141796,-0.0047459595696843935,0.0028049238392084106,-0.021526908298873774,-0.0027334550710185826,-0.012453053072839062,0.0007431102972448242,-0.13006219395866891,0.0033766866797434215,-0.14263039947801903,-0.31382666476359394,-0.008839830056167746,-0.04469044374745398,0.016674967802278364,-0.024031391346590426,-0.01185660548314093,-0.01016756043937512,0.0025458674448860462,-0.006675547698592712,-0.054723354281633586,-0.06468235369407895,-0.005334128652592521,-0.004593983077433313,-0.007606035496455001,-0.008821014268910054,-0.008064048414630225,-0.008996241179858673,-0.011735393448001293,-0.016394184099813428,-0.05278556147425413
23_4,-0.005070806968961918,-0.005029063155865528,-0.007657466151159638,-0.009769389864347642,-0.0072077038872882145,-0.006973001158038155,-0.010794042197788047,-0.018045845852317832,-0.005716203407382779,-0.6997984827722664,-0.32844658628760615,-0.11266542598477293,-0.0014490884555930722,-0.011587378030472127,-0.015044458264785471,-0.01868849094789814,-0.010777131246509872,-0.00471483752689203,0.0020232888655756505,-0.023311364390191172,-0.0027154952729860353,-0.012604825419996843,0.0004491954215048259,-0.13040776386790112,-0.0014839238196275397,-0.14550764322123919,-0.3155207449099812,-0.00897281601808898,-0.044149753149662116,0.015938898478974478,-0.018864660586873326,-0.011754735688802476,-0.010064921615106266,0.0025424557047420498,-0.006739240199692472,-0.05340905572835561,-0.06512448507453074,-0.005483892479963308,-0.004736876766353923,-0.007550517333776738,-0.00850737038684553,-0.00808337897311493,-0.008274423813934631,-0.011786952457990562,-0.016303532018538323,-0.05220851024437875
23_5,-0.005802267287781928,-0.005637059204306958,-0.007689521691317921,-0.00946148056579427,-0.006791486052143742,-0.007265474297673004,-0.010505592108526633,-0.017603700980891535,-0.0059739514938709935,-0.6927761217453688,-0.3287379276647076,-0.112075963896529,0.00026988394329775014,-0.011198068730565362,-0.014415742487151826,-0.019471385345264033,-0.010179957502217937,-0.004552019358247321,0.002479236261685787,-0.023052647644236018,0.006580655332491722,-0.012820326397167636,0.000613374823041036,-0.13006419682443737,-0.0013274691474637773,-0.1433640209548314,-0.3158894643807224,-0.010931644255707107,-0.04543218465835793,0.019082541670307703,-0.019390526287987903,-0.00835151443654469,-0.009574528773821554,0.0026700762563890614,-0.0056611176513217095,-0.04604808247160031,-0.06568965501756337,-0.0051584575212402445,-0.00446135572234503,-0.007549072652643825,-0.008904666563003405,-0.00814574410752518,-0.008785514004109308,-0.01177327790780456,-0.015664429933918277,-0.05253932319084358
24_1,0.0026855193941173945,0.002518288997940276,0.004107575981705611,0.005332423884119085,-0.0005898561274601305,0.0028112513597797584,-0.005005387684481089,0.00932430904187052,0.0015850040685228722,0.2775584176396999,-0.09709096582604894,-0.08692207547689701,7.66561928990405e-05,-0.004209690806247522,-0.0010830198615409475,-0.0036514184189501467,-0.0014904698618401677,-0.0010718136090059633,0.0029869913601810183,-0.0035486444904074556,0.0104064043165807,-0.017185979998830002,0.0004333182506411774,-0.11912542768738878,-0.006492567482907032,-0.12029323460565147,-0.051288468177012804,0.006301042993996702,0.0037714078882791135,0.011677764669793318,0.015724654731256168,0.009381040670545288,0.0023735384913584076,0.0035392968124905062,-0.016590787393600134,0.01064537310114149,-0.023062264701506904,0.00463268443999314,0.0021876295126450297,0.0034530280327583814,0.003697222125748919,0.0023351569292686053,0.000983736132097399,-0.01629510050024142,0.011689233929029413,0.007148074507843518
24_3,0.002065850630215795,0.0022519676334883344,0.004030895131219146,0.0052634550281890095,-0.0008393891719830549,0.002655113204123378,-0.005043912004877009,0.008581740327682899,0.005079973487821197,0.26646765394233407,-0.09709329288359918,-0.08661323087103592,-0.0005714303717192602,0.0009222306014606235,0.00027302526003577875,-0.00018363948170657825,0.0002667684247052571,-0.0010656290135650107,0.006817239754598495,0.002432347751618,0.011889935370429903,-0.019126885362052624,-0.00036993142133664975,-0.11915416123363322,-0.0066895878737033435,-0.12053076263367257,-0.0540065516408544,0.0059711222858864115,0.003820933346842394,0.011698083578354754,0.014897285269110296,0.008942883137107964,0.001882263680834976,0.003475590568968411,-0.016455702521980378,0.009072629170016246,-0.023669530497423735,0.0028434141104138554,0.0025700946544922883,0.002920686559286972,0.0035056655537632595,0.002015586006721302,0.0009352113034486449,-0.016647079986335574,0.011348303741575723,0.008070253575795733
24_4,0.002112222814345325,0.002398977593909962,0.004037301673034522,0.005331019905299048,-0.000904107408726479,0.0026725950588413054,-0.005257423041612714,0.009244411678387125,0.007591335727305429,0.2766347097735826,-0.0954796977281842,-0.08643748789739482,-0.00030075069161563013,-0.0029403865328978002,-0.0011932795020718101,-0.00400983263242054,-0.002521372386457756,-0.0015523188572619405,0.002922592956696716,-0.005747704450089143,0.010052025069218772,-0.017672584894954307,-4.879456023688502e-05,-0.11956413662518244,-0.006578319418993659,-0.12045068665940795,-0.05102812166783341,0.006137373632005015,0.0036869147140181943,0.011475887047076295,0.015350832314008245,0.009119232274935652,0.001945176692631132,0.0035479367445390144,-0.017767314261851817,0.010859537936795845,-0.02355138344213231,0.0028175358184139893,0.0025338510490239773,0.0032951013489579835,0.003618354795615694,0.0018281983865688052,0.0009374081451185518,-0.01679486923817915,0.011327082308192056,0.009179348113250305
24_5,0.002814924119619081,0.002636469773447737,0.00412839999167367,0.005331482487535238,-0.0005574621184348632,0.0028222997182291297,-0.004996175002662968,0.009316153325172218,0.0023250689170691745,0.2755098566961476,-0.09781980482698308,-0.08642372949112034,0.0006012779182452715,-0.0019719950858683465,-0.0013911634215598911,-0.0038872944956309763,-0.0006473010117386883,-0.001450376600021682,0.0030350299728756918,-0.0033979040871039063,0.010192089067585983,-0.01750604942014674,0.0003924235552588715,-0.11952320630960328,-0.006340664016127296,-0.12037503419483496,-0.05069679029907246,0.006287217593481039,0.0037356964743134715,0.011664178109584936,0.016456143749607327,0.009364182018349947,0.002327441908918369,0.0035457361131611474,-0.016261779282568105,0.009448498901006283,-0.023132298861768465,0.004623869792593736,0.002169272813643391,0.003426927387911786,0.0037368646767633068,0.0026813121563897813,0.000918380451338179,-0.016267654557472064,0.01163463321744832,0.009331383645148301
2_1,-0.008347500238758455,-0.016431420207832514,-0.014741357655859382,-0.014596792087896404,-0.010718436897496474,-0.013379428884918197,-0.01972925990879566,-0.011922922537169513,-0.007643785927300419,0.9591650020136925,0.8758107932410777,0.1880655117227405,6.268262557474383e-05,-0.0027175917049120186,-0.0033474206902939607,-0.0062404455618170675,-0.0056324785159726,-0.0009516086981785957,-0.001452575290730845,-0.003942583677279092,-0.03601488562579887,-0.006377723997731506,-0.008719752444681237,0.3459485112609581,-0.002605431932522054,0.25357484309056866,0.7499765311870982,-0.011226830054975798,-0.004385983324673397,-0.023360540473982994,-0.03719567889531566,-0.01642041007256662,-0.019944237427565265,0.0018015798805636788,-0.01050005756096664,-0.010999618799125189,0.001097524323548745,-0.01469627296765693,-0.01784009705720176,-0.013403468681957098,-0.013358670623777304,-0.016687547605998432,-0.012331940125780098,-0.019391056290851846,-0.009515795275944035,-0.02198667849548563
2_3,-0.008334621320585005,-0.016227017786960504,-0.015322204212446247,-0.011585517057050172,-0.009980583232802258,-0.012968330063883825,-0.018312373505579297,-0.004878474575136571,-0.009199266358240832,0.9532655778086124,0.8569783945958975,0.16772514323269483,-0.00020265187729481276,-0.003745295843900753,-0.0034645176247294646,-0.005451688762227302,-0.005732273587694792,-0.0010634806863063383,-0.0016000393838008324,-0.003703458780831838,-0.033872212037621176,-0.0061890309308651964,-0.008794066798230873,0.3452037267530832,-0.0020972471665660778,0.25397615401330975,0.7259667897789942,-0.006466850208920967,-0.0035739450593805454,-0.02209077178594321,-0.03319447771012287,-0.016322062153171796,-0.01875047645703415,0.0026455970371174267,-0.011062484683616135,-0.01050386464759176,0.054079155871706676,-0.014700936139814684,-0.016532749099671427,-0.01428611890028028,-0.010581397531343639,-0.01639964182715568,-0.011837704772628767,-0.017499063085784874,-0.00634441819487625,-0.02067351818852389
2_4,-0.008593618320071165,-0.016762049332112925,-0.015581731229819455,-0.01468559184121176,-0.010967184225544956,-0.013391681419706272,-0.01984632920551001,-0.012027268410235069,0.0005219688656949667,0.9600007305007503,0.8819218908392722,0.18850937921524666,-0.0010186428038221178,-0.0024340109703814465,-0.00340657924012126,-0.006255564020488555,-0.005543542302481234,-0.0008564081590730797,-0.001753196716234355,-0.003921187151347793,-0.03609273928361197,-0.006489155492240796,-0.008523004615570585,0.3493367694998207,-0.0027548173720334294,0.25522894014363473,0.74972619434516,-0.011321777450659543,-0.00432797556112139,-0.023571730279657224,-0.03740067404629145,-0.016541473854859413,-0.01956287604939373,0.004446677588325108,-0.01000236371687155,-0.011142941457033888,-0.005086968701600217,-0.014876126319984672,-0.01816411962052802,-0.014910496416890366,-0.013485562583044262,-0.017135710259970367,-0.012073104067251907,-0.019504687937872345,-0.009601727120731398,-0.022017037006570896
2_5,-0.007789682431250314,-0.016127344021972648,-0.015428181099619711,-0.013993336025177645,-0.009942575929652865,-0.013331980487415112,-0.019320702790796392,-0.009010018231278607,-0.008511124620541079,0.9422140658818592,0.8653346988263313,0.16068684524736193,-0.0006510534046932053,-0.002254750763027513,-0.002791108054945936,-0.0054865314185354236,-0.002818407970763,-0.0010978740817103394,-0.0010051772161046712,-0.003233341328351607,0.00964224661719363,-0.0049436853260157055,-0.010822972689597461,0.34314520798239234,-0.0014371677626328595,0.25616305412319645,0.7263280322266615,-0.005500593662889557,-0.0017888105522306885,-0.012119339586462214,-0.03721252851898211,-0.01676543898825888,-0.018627399898663844,0.0029832416388318062,-0.008921181736400392,-0.00926738432981608,-0.0010304011124253065,-0.01460801304416173,-0.016091232807346666,-0.014051034705876937,-0.01287438074556693,-0.016307768430017834,-0.012188301612626786,-0.019116544905903515,-0.009071741118495484,-0.0180627510032001
3_1,0.0018710392613778058,0.0033163002782670248,0.004315731263020597,0.004773358276699033,-0.0012557384433853878,0.002052458431091736,-0.006014376986792398,-0.002494420566251448,-0.0022979327795962807,0.31940998377260094,-0.07219845559067924,-0.06328458003901796,0.0007318528222691596,-0.0002954884636562729,-0.001400984562477338,-0.00207947703603137,5.3607900269147015e-05,-0.0017188843209496663,0.004181221860079735,-0.00015994317857989643,-0.0258236463466153,-0.009489674050009533,-0.0029083975094781347,-0.0973368941359642,0.0007019956106918766,-0.10195997202480674,-0.030932911948973296,0.0025486077988078966,0.002931159504779203,-0.021337397861443494,-0.012848666839224279,-0.0017678716307444554,-0.0006232430183641595,0.0029635216371715198,0.005534350892215149,-0.011470230158141683,-0.025181840445326904,0.002113464577923397,0.0034994776910072154,0.003615795674764974,0.00318072207596999,0.0017809289662060772,-3.134100232531679e-05,-0.01675441358065033,-0.005480483953648323,-0.02332864785751742
3_3,0.0015270646203783564,0.002343411926969951,0.004268054764896356,0.0038980594563330314,-0.0011401017039536642,0.0019274027349860151,-0.006040474286638806,-0.002752607133041009,-0.0025858411231488463,0.31384757194069013,-0.0738331378343115,-0.0657430212958143,-0.0004713808506345773,-0.00041995771075713256,-0.0014438270412139803,-0.001998042141887214,-0.00012432184545597928,-0.001911558748631999,0.004057394027283864,-0.00031592008528746445,-0.028985274294773267,-0.010042893016831,-0.004753269431431808,-0.0988539137775515,0.001068360451710246,-0.0987901838988648,-0.032801658319782635,0.0013981948311169938,0.002635342326712118,-0.02198402739031877,-0.001973213927726521,-0.00689496603641738,-0.0008213755817070542,0.0029831122109157697,0.0038984543302392444,-0.011837556391044194,-0.024956659227671683,0.0021791862533772125,0.0033753780321188567,0.0035446994244334013,0.0027907136076013995,0.001645545774991398,-0.00025803782997358343,-0.01732484551739786,-0.00587489060634028,-0.021506813306782578
3_4,0.0018907489819500983,0.0029949622186422917,0.004004692097118028,0.004942013400711664,-0.0019343968550610548,0.0019651103487898624,-0.00595039899407731,-0.002759742248158749,-0.0037919479454952476,0.3211610204878564,-0.06720262405912378,-0.057778053576199494,0.0005758035231416442,-0.00015233036281892277,-0.0007070752690001808,-0.0008112147639800946,0.002459809100188656,-0.0017739724923761496,0.004347687376296027,-0.0003457993995494377,-0.028426554561610244,-0.00950434021231533,-0.003961371808582264,-0.09173980158107915,0.0023663887092425957,-0.09538197317714632,-0.02596280288371946,0.0015609382518520084,0.0014279074453450633,-0.021331949595117493,-0.029130742143342353,-0.002762107665333253,-0.002568961370826412,0.001481877692611259,0.004475156144242925,-0.011044492892798184,-0.025479720016807827,0.002254612853413787,0.003458176238456068,0.0032893234617062225,0.00352653187967192,0.0011820984720884867,-2.9387764189007675e-05,-0.01660911643692103,-0.006926243757910412,-0.023347471295781137
3_5,0.005404605520215915,0.003216190331656826,0.0050200357767991735,0.004843412661374156,-0.0006834512295592333,0.0031064821037872555,-0.005168425396346703,-0.002888935906468225,-0.0037862115650678574,0.3198212956148623,-0.07164868654213244,-0.059179166192450935,0.0008572264181485745,0.001826929422542432,-0.0007251349217716405,-0.0007574874044603458,0.00038774964588185885,-0.0016642241150959037,0.004148472475617821,-0.0002431299901115936,-0.025378260917168362,-0.013421933704436267,-0.004213927617221894,-0.09215609573556109,0.0007778180149676952,-0.09399168751597872,-0.021030838193154707,0.0006972855381749942,0.0018727992129952316,-0.01972444587000295,-0.027913476512516543,-0.00520500415861559,-0.002681936143880456,0.0016837551281323215,0.006796010898991351,-0.013420987092597886,-0.024923584681130716,0.01015289024747928,0.003364045375325868,0.0038936935377318206,0.0018306487348881194,0.002072188739456367,0.0009559086394802217,-0.015813093956390703,-0.005817926983930286,-0.011292379233774671
4_1,0.002572739695958654,0.004253894250466786,0.004586042153091661,0.004481212559734208,-0.0009184514558953232,0.00831917437399163,-0.004759242338179101,-0.0022785964924850214,-0.001851751015055004,0.36144818014489716,-0.05330794193539037,-0.05325631547125538,0.003285659390009865,0.006726218607430617,0.005004114260743155,0.0025284225358004906,0.006129579507086573,0.004365291595899633,0.01001948008441825,0.007040135554457673,-0.02449164009647108,-0.006448835258989442,-0.002141611951618614,-0.08430381376926077,0.002089222680725081,-0.08771311928514768,-0.0005488016832980085,0.002831030667327094,0.003514041382249743,-0.020485369272516745,-0.02464628850247756,-0.004722478687107409,0.00029825750932315745,0.0013464047955425293,0.014692466616115956,-0.010584679134009328,-0.01861256515580722,0.004837664006700975,0.004853046968443981,0.003930576717135689,0.0030463262360000565,0.001993496322686653,0.014808296553107,-0.015498303536355456,-0.005486795556378468,-0.022032354460761953
4_3,0.0015372149558174205,0.0028808377289089296,0.003902290955366009,0.004732724372602174,-0.003126028092533559,0.0011587877483367677,-0.0053789486853723254,-0.004169325499657011,-0.0017711799869360428,0.36272166476959716,-0.050796036914425885,-0.04759049376384877,0.004097347321381441,0.007260844832466889,0.005676533480557542,0.002990725477235843,0.006397929679734515,0.005047059619774933,0.010786245268270801,0.007726563144069084,-0.025152060967954953,-0.005858292584617292,-0.001993816256721574,-0.07872612521547713,0.00246419852615126,-0.07964120220031037,0.0032584719570385207,0.004617005963533894,0.0034927895586460587,-0.020587729706425285,-0.02488663522209777,-0.007008859840687022,0.00011236761660481323,-0.007296914650262605,0.01545499008698151,-0.010224664328536337,-0.02036507950318226,0.0004372420284313485,0.003631536407435535,0.0034350637423408797,0.003159880174464788,-0.0019586793385485512,-0.0008389806331778834,-0.015771470816753397,-0.006798449036135981,-0.02174444427946109
4_4,0.004825713264290423,0.004137546510756383,0.004669272482604733,0.00456521174953083,0.02460468654290857,0.008666898631065435,-0.004560520440212292,-0.004705915155924446,-0.0019986706335089746,0.3781765106087398,-0.04672428077744361,-0.05076212194921231,0.003833782953895919,0.0059901906093992015,0.004849395650911644,0.00268714405024797,0.005998021072362555,0.0049178002978243,0.010372517634049625,0.00692684523265662,-0.024720935518125875,-0.005895225914036556,-0.0016993566505915485,-0.08290039171676483,0.0025491973060770778,-0.08788748341482398,0.0007087660084081668,0.0023266831090801477,0.0035357686940274777,-0.020977491076442284,-0.025112178646302667,-0.005032584639824905,0.001625167301910062,0.0017012897261866372,0.012392839594949495,-0.010361899242889936,-0.017611613213892447,0.010706863452820643,0.006954882836704477,0.003963089584481633,0.0029359979447804254,0.017613971236757182,0.01493698704788013,-0.015380824070114426,-0.007385852349425372,-0.0215186301642934
4_5,0.002655731788259071,0.004332108593683572,0.004607801445953005,0.004564541418590936,-0.0008808887902865834,0.003421912231137628,-0.004664041077085132,-0.0017086023207259534,-0.0017356143979625777,0.36154009628291583,-0.054263456368187066,-0.05265728655448201,0.0036999848901279496,0.006922947106256724,0.005454538161431469,0.0027630430280569723,0.006461755853007431,0.004821329475801478,0.010446365445652452,0.007420048730802864,-0.024824555826657487,-0.006274625472765837,-0.0020250925484903083,-0.08276508813350615,0.0022990734445710224,-0.08693629058182349,-0.0004334967777356387,0.0029427443768077093,0.003629916227257537,-0.0202143413935131,-0.024664711060428623,-0.00560818865529242,0.00028533624063531795,0.0015064151288206634,0.015276585296120509,-0.010508260045939802,-0.01817256223610679,0.004824923554183434,0.004955250561152021,0.003945728480324551,0.0031205051018182947,0.002106387077609132,0.00465803957051948,-0.015279806483737843,-0.005454966420675308,-0.022047796718960438
5_1,-0.0028913192208643267,-0.003996905294941426,-0.0034053346378360044,-0.005720297102995191,-0.003291787274661693,-0.005212447266931543,-0.006401475604910271,-0.011937085459791004,-0.005196036274964255,-0.6930754246110816,-0.32419473483997924,-0.10192914731122772,-6.936220082722774e-06,0.0019630297518046817,-0.007459818142149958,-0.004360622515952533,-0.0027064810373545072,-0.0035391714700963597,-0.005437194790535797,-0.0035703389959575245,0.005011568616243776,0.0008216517930117991,-0.01131827683739777,-0.12383236330078098,-0.020164070549670524,-0.1398152974399302,-0.30193657848175043,-0.01672062001736933,-0.00561753755684094,-0.03513176273804263,-0.024064324491453314,-0.007457209457400848,-0.007443537203573028,0.002783349211701567,-0.0010957315893462773,-0.04342266067326192,0.06043492114075199,-0.0032497213314727626,-0.0025041754489636223,-0.004323835340190227,-0.005070117251580027,-0.00589912735057091,-0.0058883511089584655,-0.008117857347303905,-0.011636695678815541,0.017599696451048988
5_3,-0.0025216141206410893,-0.004173335065794223,-0.0028706073011306775,-0.005700852635092762,-0.0030515865577730237,-0.0050195836466650386,-0.006960242392747218,-0.012037796375192675,-0.0052971586569258424,-0.6837714040007776,-0.3195115783578556,-0.10056373651691151,-0.00014477405202533477,0.0003290583299604952,-0.0009164812665466085,-0.0019529314735160076,0.0027375147448563796,-0.0007403655632672371,-0.005401337087735338,-0.0034011276875800626,-0.021044448401053427,-0.0007347770364183374,-0.01037585696223589,-0.12157216942452272,-0.019831638686299745,-0.13233122610186984,-0.29829360777680664,-0.016916608825132913,-0.005899746977323836,-0.053900061483489324,-0.02388999489104301,-0.007120948698807536,-0.007595167282381544,0.002804480968967362,-0.001578639649567761,-0.02886833000494536,0.060665114404551204,-0.0032592187237925315,-0.0033534181367450926,-0.0028287689342018515,-0.005803152197831747,-0.005905508957772745,-0.0067081047223630464,-0.008584538143601307,-0.011896776668165026,0.017604551500403246
5_4,-0.002507467757633228,-0.004593626047839058,-0.004079377988415147,-0.005586508334490018,-0.003171885118462037,-0.005701927657910682,-0.007078421755732767,-0.01042333665147829,-0.004592354537260148,-0.6885503731521423,-0.3105476879327288,-0.09828355300056608,-1.276003812351008e-06,-0.0075914237510245446,-0.0037279729691828203,-0.0033049155922659427,-0.0022810208612605147,-0.0035458717279858057,-0.005023987605855829,0.0009330399069605227,0.013656937823861704,0.004854348862306682,-0.00773363831858199,-0.1179176094190707,-0.01578500009821197,-0.12554944335651913,-0.0070449788399207635,-0.0143841498613576,-0.006284561897743869,-0.04573864200389255,-0.02392988062638217,-0.0074559661210108555,-0.007264012783808377,0.002759409439499162,0.0021539084837197925,-0.04245471953791112,0.07710191418168867,-0.0032355898612761516,-0.002729623875170553,-0.0034865728912049634,-0.0056936479868127535,-0.006343015646599705,-0.00575390891481088,-0.010237813330157814,-0.012343615327702208,0.015710930403382475
5_5,-0.0027499136659571055,-0.0012010431036159827,-0.003029058969999422,-0.005178199875036618,-0.003151241772076979,-0.00242029637233174,-0.0060661246352267245,-0.01067459936616389,-0.004684566407558555,-0.6787572728081676,-0.31809350738166303,-0.10103795143912722,0.0010563124502281677,0.00164285048977593,-0.002315513888158002,0.0039013404831499308,-0.002015470140284782,-8.03219494241523e-05,-0.005077700661207504,0.0022839196672187504,0.013343649750238693,0.0006785012479724768,-0.010227509620517083,-0.12086138778205358,-0.018688572652681038,-0.13698007312284508,-0.295790685601355,-0.015895294521812812,-0.004202643802653266,-0.03652208647706393,-0.02418464545210811,-0.004920466423763996,-0.0052671302748805975,0.0029603217931470777,-0.0005936633706589574,-0.03969886300288977,0.06049569188988351,-0.0028987126755347617,-0.0006922977382836881,-0.0033670300034290565,-0.004800917901129486,-0.005612671997249007,-0.003915468908944572,-0.007512781410390036,-0.00991477379118193,0.019164042609035214
6_1,-0.0006571197667621124,-0.004558475641185321,-0.005069929300877682,0.00040934807021676635,-0.007557907122290388,-0.0024823166647592655,-0.010772244025762009,-0.01147366584602483,-0.0003178029558488038,0.3658478999919762,-0.017290298549631447,0.11658059647753631,0.0009625858404665128,0.004305097931152495,0.0010381890729651902,0.0015602597059448126,0.005630305518778303,-0.001099123508930018,0.005899139524456755,0.002896232266869061,0.05184293389722947,0.00011063687984537684,0.009467119329980478,0.06438928838300395,0.006086722080512455,0.18452359543379304,0.05229881931295444,-0.01720084243175912,0.0021327143499556387,0.012539598796737429,0.05262300149631762,-0.007606908243783898,-0.002010655257605837,-0.0033078688038001734,0.02025343358842357,0.01337370702199857,-0.010270447464998575,-0.007524103744353912,0.0003383754097257082,-0.00757180696099449,0.00031369355253610425,-0.007736500896238145,-0.0027549224702542786,-0.018452360568878244,-0.01024440356261307,0.026054760645475492
6_3,-0.0043358659860613415,-0.005466960597408914,-0.007617216297821493,0.0011829203843762362,-0.008322970631990556,-0.006912372846453843,-0.013060387522741284,-0.012471747964896219,-0.006927898057375247,0.2844366265497484,-0.07010299034920299,0.08408949217506836,-6.1722976235342e-05,-0.003627618391239211,0.0003763805810589265,-0.0038253175036587887,0.0010298881838928606,-0.0005747411682435216,0.002361712269883001,-0.00275326800612826,-0.06926967014722728,0.006154851006182472,-4.016741425296724e-06,0.02979408581121176,0.0013723985442016349,0.1405700663800859,-0.0056256405229115035,-0.014961840202130768,0.0009633295330193141,-0.023140634777872267,-0.07291658150733658,-0.012858314445289332,-0.01262975627329473,-0.047607113683365516,0.005921749942522163,0.011332977172297115,-0.012599612874053171,-0.0062169956791228494,-0.0032707662606216085,-0.006159410807680979,-0.007273231668875548,-0.0192105032269892,-0.004373021017544754,-0.022154419544090823,-0.009717732342701586,0.017801636901976055
6_4,-0.005933016134216687,-0.006350436505932544,-0.007773229902727432,0.0005872151778287656,-0.01088428611799657,-0.007290948176517023,-0.01396718601460325,-0.01641631703616558,-0.006821902032852117,0.30212604496531215,-0.051643308468472766,0.08977384710628841,-0.0017877020145823333,-0.004806086028291308,-4.204879422962486e-05,-0.0036553054087601843,0.0005550145251737872,-0.00031128405914576706,0.0031921794945096093,-0.002259692791605183,-0.06798006444817459,-0.007492667964279878,0.003932263257662927,0.039416960409766555,0.000787280538673442,0.15489989334777304,0.012247509953642424,-0.01985705944872112,0.0028798441676923716,0.0031024879881689105,-0.07424826330675324,-0.013591546858453055,-0.01244199048830883,-0.00477576250136073,0.008613420595824818,0.009543107631257541,-0.014444435041580453,-0.008744291423648472,-0.003865755817902275,-0.007367943785241697,-0.007844722513185813,-0.02127583078100024,-0.005086236930733154,-0.022395298932062522,-0.010375085436089435,0.018877475529452705
6_5,0.002521974861826986,-0.0027911188534378503,-0.004238303742903476,0.002479199996583415,-0.007236351104954638,-0.0011762001150452041,-0.01154225561886813,-0.012026498239982154,0.0038279326835691393,0.2860680115191301,-0.0659787048527851,0.09389337577983256,0.00023590718771507194,-0.0029194019876205768,0.0006453128308254439,-6.412053857775531e-06,0.0031969352459077973,-0.0014298558520171552,0.004051894774787368,0.0012908017193093081,-0.08135858769428538,-0.007776812155251219,-0.003506087884308236,0.03715073546547992,0.0008198955747943459,0.14959469603191192,0.0004524501615853816,-0.010628257429364749,-0.0004294333049628839,-0.033899378989904805,-0.07539699105041625,-0.003702464715170346,-0.0015290741500504578,-0.04400975268921526,-0.00931387104665032,0.009797053036682967,-0.01649852562087984,-0.00478643485896538,0.0013243385616184633,-0.005061075284223488,0.0019335757145210234,-0.0065147971418798405,-0.000920215286776087,-0.02076558928554665,-0.011864442391311628,-0.007836674699334762
7_1,-0.0043995593240332325,-0.0074228851981194485,-0.003311661177682684,-0.0020038054558336126,-0.007382870517486922,-0.006056889912122855,-0.010444191970778956,-0.009563931595391309,-0.008558786283463841,0.3166369220429682,-0.06504057832149171,-0.05262150467400324,-0.00213023817815133,-0.006036410201229188,-0.0018296704841125012,-0.005404467411664421,-0.0038448424502821594,-0.0015604564774529908,0.002977543062871776,-0.005247442030430804,-0.023070699389851755,-0.010863048660387412,0.005022749619235066,-0.08464658856634626,-0.00038764211737309106,-0.08675392023645784,-0.010158457442625274,-0.009088287427508744,0.002404600362596749,-0.02137507211158013,-0.03298018891142681,-0.0076963945740691425,-0.003746708078196101,0.0031045551918382447,-0.009237855147397294,0.01122374496706962,-0.020111819486690732,-0.007028892386889026,-0.005841101369175695,-0.003658639899703455,-0.004382188450022495,-0.0105718115620354,-0.006956053725549601,-0.02308458679826535,-0.009905315034360321,-0.010155975234036876
7_3,-0.00389978479198426,-0.003797655208353794,-0.002491746087457113,0.0009926408676411247,-0.0059081406620117806,-0.003690282256620954,-0.009699420559871896,-0.005379129930231604,-0.006442815387001027,0.3116816187662317,-0.07339953444621301,-0.059440205573710395,-0.001558475622741188,-0.0016886776615765457,0.0002330720370198666,-0.000693596231481967,0.0007680436351094903,-0.00210877451845889,0.0043080315708774715,0.0010405855554897292,0.02264103211087879,-0.008834744065031194,-0.002229815610656107,-0.09176378336199549,-2.5058363270764303e-06,-0.09600490720754691,-0.024876918634156607,-0.0037833467499719287,0.0032712986441024816,0.003662297411165725,-0.03312189395180602,-0.006680808482298195,-0.0023785214875395246,0.003414844910242505,-0.01345603134240676,0.010872486005710176,-0.027023856099097687,-0.006293540589511732,-0.0026124870569808954,-0.0021303526673263793,-0.0018779582703578354,-0.008062020246483444,-0.004472034955146387,-0.022927164238518524,-0.00692917209638124,-0.020739756964020865
7_4,-0.004464411590935678,-0.007418666458884018,-0.003516896845996221,-0.0021519967999581325,-0.007412574496771991,-0.005477790667729333,-0.010786787639498726,-0.008786699362453727,-0.00886896383674775,0.31592583990804873,-0.06388421093195587,-0.05325559857483382,-0.0026110197225622717,-0.0034169305905466054,-0.0013535099033185412,-0.0027207078233353154,-0.003805549240474254,-0.002309606763568471,0.003240168690186424,-0.0013391461814447362,-0.025239512245691806,-0.011411415708453547,-0.004045878939144076,-0.08518722551925428,-0.0014430951193003959,-0.08763081304312893,-0.016170465379567026,-0.009051767203664594,0.0027950099883402814,-0.021781056480197805,-0.029942820569316263,-0.00789256997590406,-0.0040408920652918534,0.003377353053732535,-0.014646561082825119,0.009464381665211326,-0.026265042405602665,-0.007022294588080308,-0.005784737216446222,-0.0033596274007844547,-0.004323825842663662,-0.009996614471978336,-0.006515183917794397,-0.023419193227878738,-0.010163531210478768,-0.022503751063611268
7_5,-0.004187888070410421,-0.005824482077732106,-0.0028172989144929763,0.000520598563661136,-0.007238140459471419,-0.0038949715034159414,-0.010534176356492944,-0.007425897695119127,-0.007475923074505192,0.3119528964627257,-0.06950732542628763,-0.057511844541813587,-0.0011366874472364219,-0.003132356989085161,-0.00023191634090201151,-0.001977131356509007,-0.0017003900677492836,-0.002310403701105582,0.0037096098767452094,0.0006461466228504517,0.013620156831077115,-0.010391844764797676,-0.0026119237492763098,-0.08935413132196937,0.0005948639585024282,-0.09431405659120028,-0.023143429743141774,-0.008707099918280265,0.00232939284697468,-0.022766341495569848,-0.03107464541006203,-0.007140353127500864,-0.003600034681348342,0.0034428661071079954,-0.01522967922073911,0.009905930758392911,-0.025860156651846107,-0.006633238160548693,-0.0046466696373928485,-0.002795590634053279,-0.002356227220029876,-0.009980067742214757,-0.004853175879453386,-0.022902156854623396,-0.0076473080099493515,-0.020728319784952223
8_1,0.009117987908187042,0.007909189203834157,0.010755378621689925,0.010812303767970596,0.024624388981091136,0.012604665582149096,0.04879154481748001,0.029047299887881125,0.009089764682702495,0.4844427748780152,0.05729280498693528,0.14022990685895864,8.485407295610509e-05,0.0010591729672321324,-0.0004031697498311434,-0.0007119852256478503,0.0014251501560768455,-0.00030108535408626956,0.004016345462991352,0.001995924369055771,0.056019284235241974,-0.0014575335567416025,-0.001040632315802915,0.09934225185489078,0.0028393450718409274,0.22242904108798114,0.11761054075259827,0.007479060267508212,0.004418167312765567,0.010357892857984012,0.06400323892997944,0.0172183561863936,0.01595920733167015,0.02073934996739774,0.006893438242508762,-0.0037847689637744066,-0.009847416995524407,0.014027316713237863,0.008444989078225792,0.008724381669314977,0.011521443722398899,0.022861680902661517,0.015300990010289192,0.08717581040348923,0.03142163903749802,0.015991581254119452
8_3,0.009543675372862792,0.008135217000869818,0.011421312079304892,0.01065543678052346,0.025280540321630074,0.012454834753460582,0.050775458088425623,0.029332826965192262,0.0071347087661007445,0.482403467339481,0.0551918608349554,0.1409639589443342,0.0009780803281765106,0.0015767657811526304,-6.609902104946587e-06,0.00012408101878907477,0.0013125956213206305,0.0001006700164390476,0.004463319922076848,0.0025605019969277268,0.054861302086122846,-0.009753684811497085,-0.000633127465210712,0.09949326380856785,0.002544884189379875,0.22264192411938966,0.11636837177307051,0.007907807281437139,0.005282903916030943,0.016542734573987698,0.06470041366145518,0.017597989401912782,0.01604070999516004,0.020890720669041178,0.006905808416373446,-0.0037826543278425767,-0.006618813040332903,0.016043169089678632,0.009147414423033537,0.00911817387795246,0.01177446967283297,0.023465007911896225,0.015905274815898283,0.09040399712774688,0.032092975999199476,0.0161582793671823
8_4,0.009223660406305725,0.007880690220671248,0.010830137424207305,0.010637653202046887,0.0245728102106969,0.012590629602996443,0.048889798622199915,0.02899961260121584,0.008973254071254185,0.48561724391354527,0.05707933555977794,0.1404174717811095,0.0005440957959314154,0.0011165106398100357,-0.0003132314397566626,-0.0005194644263403057,0.001323759842663393,-0.00025405786567278576,0.003983607192592611,0.00228875489703603,0.054871585851241564,-0.001193203620855618,-0.0008991420602146366,0.09961635991278868,0.002603080771578254,0.2225236260044599,0.1175848039575418,0.007498900655391956,0.004524696361115647,0.013308122274769145,0.06412815570020935,0.016831655069897446,0.015539932840388083,0.020626585742478096,0.006758551972417805,-0.00329959164564206,-0.007519363373254196,0.014076504451756474,0.008695971334791528,0.008990052795282083,0.011195233144545565,0.022841389540941948,0.015300060384445214,0.08899047812605218,0.031572571100834584,0.01572098492451915
8_5,0.006283080525853651,0.007261722664248554,0.010321329222125131,0.010754003407881255,0.003965000518320135,0.007078828168344231,-0.0008907195009796573,0.029354870891978944,0.008255944689858881,0.4501873332286121,0.05056758575701111,0.14407266908672628,0.00011779456318508408,0.0031646901793586798,-0.0009462066868850288,-0.0017637826102763299,0.0063454530681690755,0.0007379273340488204,0.003903152262044906,0.002888053137818267,0.058729872313723945,0.0005722740160610961,-0.0012997432909372408,0.10596470605584132,0.0034689688396532725,0.22484893866225275,0.11688420677770833,0.010937123077412613,0.004908062641699108,0.028499706252122597,0.06086131259194526,0.023045565869119385,0.017107116510422588,0.020533750679776905,0.02781061055888879,-0.0014569978742605503,-0.015093174538945972,0.013018588042799931,0.007267347513271422,0.009652992989819057,0.011356739467591631,0.012252022237412622,0.005010540659030044,-0.00823053282898197,0.032991246483476164,0.004256869191717437
9_1,0.007908975912041353,0.008103421644673836,0.011650990491047553,0.011512570199876516,0.029254581928253476,0.013039637025190244,0.056915835746336664,0.03173587773570118,0.006045403964741938,0.49160517720065033,0.05822313966179253,0.14492230263465664,0.0002798772336712014,0.0013306909073044207,0.00043344797943018637,-0.0004681750132372494,0.0005516739173780943,-0.0006623745088997447,0.0037938255596038457,0.002984230730189389,0.05883058529936819,0.0009682858522414149,0.006884087629557521,0.10477865416116977,0.002972165713791277,0.22719567514299083,0.123387981966483,0.015017342950557237,0.006599791570297928,0.019322103560451703,0.05918616973400499,0.01827732866165246,0.01640357167619577,0.021408851458283827,-0.008155306497282,0.0078118283949814545,0.0030038224383554437,0.012654423433180165,0.007674938233682801,0.009459199380986806,0.012087744794760914,0.025743643769508787,0.01658056061291756,0.10749597227404711,0.0333777249067343,-0.013175732621539047
9_3,0.010633190226453204,0.008395375421337508,0.011992727779400476,0.011819557272017691,0.028609652083017995,0.012473072991427522,0.05875114098618302,0.031986568260366104,0.006471739008272245,0.5008322153758725,0.06469291058007917,0.14664851341213028,-0.0018071451951714272,-0.0025978657546313344,0.00030084442021947286,-0.002483277145172951,-0.00037700839580750246,-0.00034454258820621717,0.0034671649145273584,-0.002112401943563786,0.05778146269570829,0.00045234109739178895,0.007277547605712861,0.10659076620726396,0.003155123986432826,0.22920263945926872,0.12784536236216917,0.015238876950542733,0.009361943642433134,0.019636864262141538,0.05990508360349411,0.017943812208759263,0.016979679475058965,0.021719574806972192,-0.008083706755790454,0.008360732908194664,0.0032595043495683975,0.01675729788332015,0.00809546421257965,0.009697435857144903,0.01237124416071164,0.02603198536132271,0.017081287955357755,0.10895135519828432,0.033298684130917085,-0.01246721060533099
9_4,0.010308242513898553,0.008000159845236667,0.011511874586772278,0.011549779492661815,0.029396182413359624,0.013058387666264456,0.058461669270339245,0.031967219663545335,0.005971508800519426,0.4950424193532056,0.05992091528033987,0.14474375024206837,0.0001498079937977301,-0.0011973260088752188,-0.00040288130672963714,-0.0010407008389485737,0.000845971456128816,-0.00029957584706665397,0.0028880276886036746,0.002042810990932057,0.05724385387846575,0.0002522164639088646,0.006949976655806128,0.10661916943571405,0.002997251077267768,0.22765533770973176,0.12446275358004448,0.014979208002834813,0.008049431431273193,0.01665614151331305,0.05797911361955862,0.017314614633707946,0.01627266818947624,0.0217565610698766,-0.007929457796643665,0.007873293732678987,0.0033266017481490473,0.01663287583212818,0.007642199331727635,0.009569758707829093,0.012056011204817687,0.02579759388914736,0.01654114553099406,0.10841961830486829,0.03242336528319051,-0.012872406681923776
9_5,0.00818979617374638,0.008379318926091365,0.012067660599262939,0.011846391186529944,0.028837864004043725,0.012713888117776285,0.0590495035798443,0.031919809537840294,0.007839240966594163,0.4975488585995511,0.06378495466253549,0.1458385767904365,0.0010573525520932172,-0.00020648786025797514,-3.0155837088722864e-05,-0.0028798504601447827,-0.0002069553465926386,-4.309029284901692e-06,0.0035073625090545125,0.001275557448928926,0.05868640714410343,0.001503446596782438,0.0076274645723662885,0.10804500354209085,0.002603208291304901,0.22878458306045196,0.12813150638839765,0.015305431117919835,0.009505770402494304,0.020553541211083347,0.060017994552824416,0.018613125427373006,0.017018931679197918,0.022035148337633675,-0.008005409401616578,0.00835093730319207,0.003741537037856451,0.015523070314363901,0.008325666194882416,0.009984918770783476,0.012406156620342317,0.026110245346931814,0.0170481561704211,0.11020839137861997,0.03326962838190242,-0.012592590990804238
