,0,1,2,3,4,5,6,7,8,9,10,11,12,13,14,15,16,17,18,19,20,21,22,23,24,25,26,27,28,29,30,31,32,33,34,35,36,37,38,39,40,41,42,43,44,45
10_1,0.01783301527491158,0.002884975488007693,-0.0037654263144410224,0.008108080946115122,0.03814476674138703,-0.004811511815916293,-0.004289910993091473,0.02366617739805272,0.060775950571045505,0.2747575581287156,0.35363898629950025,0.11924645154425054,0.011017379712207669,0.0021588570858868286,0.02810559814827416,0.05011398241439549,-0.0026389988363969418,0.027345963102930575,0.010809051517245868,0.00117133293666588,0.03112948320204892,0.006683532921522539,0.06734898401132475,0.2646591561149757,-0.014848734426322974,0.41991664510488147,0.23573925930870307,0.005779644758224854,0.051867661983783925,0.004523322554517892,-0.04321552000887372,-0.015498258810015448,0.03315651429340871,0.004061660074127597,0.08711512352388656,0.010384596405472265,0.03970124653824669,0.03907006803961997,-0.01185737325118496,-0.013450713924886329,0.008672090161008745,0.006501909105073316,-0.008411395136410243,0.00036114402272735286,0.009153719246031361,0.003469217573983458
10_2,0.012738706109402023,0.0006819075216167797,-0.007450803317621147,-0.004829353922066233,0.032105805380660817,-0.0012853244717424643,-0.006080598947465245,0.015320303734298518,0.06064454332298758,0.2598771702294373,0.3446044050631377,0.1598376034730779,0.005531966918834116,-0.018182783588940765,0.026436348569592413,0.02392767947129824,-8.996359594941339e-05,0.007257170975518796,0.01418721601629424,0.022812749763807774,0.04438844605830524,-0.007345416780244908,0.05509297918089421,0.2478395439048783,0.01986287901110201,0.5578611000911321,0.27428126768011757,0.0035063389984989466,0.06414463196830807,0.007686942185825927,-0.04773056276656821,-0.0258748250771886,0.028397185353152235,0.027470095577515195,0.08532275966783834,0.006812406834447285,0.05018417022655281,0.029433845605183872,-0.0020709561363794044,-0.012900692213162021,0.004893507232366728,-0.001990473602032177,-0.0051629556017231985,-0.002785199484879601,0.020205834510476153,-0.009598560242868082
10_3,0.029937702265930424,0.003063278315440969,-0.0025188318801516916,0.00801826875817502,0.027674658946694408,-0.004586891261743183,-0.004570138957818744,0.023764529958437773,0.026003710879361187,0.1708683508805092,0.3226954740056114,0.13007344662048895,0.0005372120392186726,0.012391551156904011,-0.0281225369706833,0.010663211324089204,0.03638817772738783,0.010338069244952468,0.01894798570492255,-0.022956789465584774,0.003666204832884683,0.0048429949102648,0.07983663849233602,0.23901339310874642,-0.003802141630286473,0.28828579380891894,0.23644814989961557,0.04665925859192122,0.051036975377304436,0.009530458156468902,-0.04389821666696585,-0.0014173967331219046,0.06374975377164425,0.08595297265090662,0.083805197957294,0.0048077159781882255,0.008742773918694716,0.03295426168951819,-0.007364116786025342,-0.01061680481248989,0.009292997286014867,0.0060405870701667405,-0.005502052912593309,0.0015821004595648613,0.015826359841423478,0.017826223992642835
10_4,0.003387620309419898,-0.0009236399169938708,-0.0011346651271363253,0.008846822988762559,0.0064669170948067735,-0.005908347353160925,-0.0039545980528878765,-0.0016017448883626415,0.029739630910206937,0.33593272781607514,0.3974918395208289,0.2143229935750844,0.0036177512628110028,-0.0030709578321219074,0.027117727927808408,0.029525067911131853,-0.0013195738935948258,0.00525308954135155,0.002024137860151534,0.029008182725017973,0.010900651637777639,-0.006624974461518888,0.03814662538055661,0.3227544631781032,-0.0117211844972234,0.4994467399218024,0.2613685771041375,0.0027486807397871555,0.04761398430165198,0.01704260679911028,-0.06073175852085701,-0.005626582891743828,0.00899914330041004,0.011519221840172494,0.07377241667808458,-0.0008606946083038289,0.051345451986477865,0.028918118832343694,0.011403935027704544,0.005857708864601058,0.01827545844080727,0.015298029422556779,0.004807086608143998,0.0035161964860618952,0.00034819271332585714,-0.001909899660847515
11_1,-0.00542869316792924,-0.0008930055908168294,-0.01028650228804858,-0.0044077118469585145,0.004917629108581813,-0.003297205698019091,-0.006437644319080404,0.022422112977602136,0.036853845990489964,0.12007731718055324,0.26537584470967546,0.14489420950469845,-0.00444046732046125,-0.010747964656806854,0.02030426457974974,-0.009138430405569926,-0.003850797470389979,-0.011218905236919695,-0.0028288225234669793,0.010055300321664495,0.017707461720872557,-0.024874367179333536,0.06804438693288427,0.22112758646868322,-0.0199812201346446,0.3615713046251699,0.192280456084748,0.0018760251305623243,0.04931912156958243,-0.01068422951012242,-0.04142865448607895,-0.03832760248100312,-0.0024751544445746447,0.0439417846950628,0.07949033533687398,0.0051876454817254385,-0.023472677657404354,0.003188995692055085,-0.017691199805938192,-0.01242585223692792,0.00319363307067417,-0.007196318809947445,-0.007743095502157959,-0.001852109462051937,0.005669210957151372,-0.004732093728140467
11_2,0.002946092165239718,-0.0035949960456891908,-0.0019597189685828364,-2.148066472127526e-06,0.014650341217561213,-0.004040239932570432,-0.019737430716003094,0.003805900107537101,0.031082978497216713,0.08213216847565372,0.25845460598912895,0.0978613425651191,0.004583116824284757,-0.010024121328801238,0.03154983719415536,0.02001385247380847,0.001509727223311157,-0.0010960268587373388,0.007084416274417041,0.0202380721885609,0.01130702641367314,-0.009268359568848649,0.07573987275199134,0.2344774612865723,-0.021730437696305737,0.2303917929556603,0.1405679306493317,0.01248459342020876,0.04919935429868701,-0.008745368301787975,-0.04183961271292372,-0.041645961332226075,-0.006818596291959458,0.04026905362618677,0.08667755142080552,0.003959908545852065,-0.020552591986070626,0.006048834120628814,-0.019472666673180126,-0.014664050460236453,-0.0028428733461242015,-0.0019108657844157612,-0.004651961624629728,-0.00324909819141376,0.006165091664933083,0.008549487143859473
11_3,0.0015632301344812168,0.0018026771393435195,-0.0008431951341921114,0.011549245178833833,-0.011722694594939166,-0.005368225266614931,-0.005751529754720555,0.020518462155470363,0.02169141767301513,0.1112756893707708,0.2722350268533726,0.15411251061361864,0.00276480412806529,0.001737939704344159,-0.028859274367515616,-0.002459906931749274,-0.0021009375985026457,0.019142905341108157,0.0005820870874104113,-0.010446764318139236,0.002441670813242826,-0.016463259167864865,0.03424840186692445,0.22900520133810437,-0.026074595071284616,0.24241971794149814,0.2014673301606891,0.012031225155521005,0.041706256141455726,-0.009360560117973232,-0.04175359574780266,-0.04409300547330104,-0.017531792633702473,0.060447517589168595,0.07423419692561523,-0.005665978366878082,0.0115380428157152,0.010661081086929725,-0.010250343902170476,-0.009969004660204813,0.005845634338799234,-0.007992946901976808,-0.005771588955516292,-0.012709349058237233,0.0071336694810793504,0.008252172178480696
11_4,0.019991246679333288,0.0037480444588881695,-0.0011690676825271426,0.00142828455934759,0.005553330394920075,-0.005825295785826132,-0.01654856053052633,0.02118145266368118,0.037418248862778204,0.10011739448632287,0.2576027967631495,0.11027197038844823,0.0032263628789528536,-0.0015291211883691571,-0.028554255117477678,-0.006244923988688614,0.002183321968206787,0.008790961571197216,0.0021501147839647393,-0.028197997944099475,-0.005100525845311432,-0.0026868770079295167,0.08851901350756831,0.039113352509561224,0.008390200887259901,0.27501618843039893,0.14854931259709225,0.03705078063719041,0.048568591837482314,0.004392200017164589,-0.041127995968410276,-0.034042603153017804,7.671949881123529e-05,0.07501348807742159,0.0807251925812062,-0.0031892370311474906,0.007499415784341986,0.01026281064207812,-0.0036025358125728497,-0.009512612220670208,0.009810013597981377,0.0018470131353373908,-5.9879870730351604e-06,-0.009480942499764115,0.006388569297951751,0.009639731955497464
12_1,0.0013402192757060243,0.0007737560172075644,0.00038187566708786677,-0.0005936989162631925,0.009338724830702564,0.005328202631750864,-0.001858068430646681,0.002722847162779273,-0.02316378369414586,0.37061769399536004,0.4548674723889871,0.2528495011280687,0.002997068973764276,0.0023050146878619156,-0.03095886379746762,-0.02186739017872384,0.001075187603532351,-0.008791442998353608,-0.002480514983154764,-0.0005130481469000296,-0.03786892881347687,0.03571075958767276,0.07876023901951551,0.394927463625417,0.027259328111382257,0.6625583479669919,0.35995753828961724,0.04910603925432793,0.0516786865352246,0.09516373843522687,0.020580270968951382,0.05202049394732425,0.019611395132693835,0.09041710952291389,0.08300518178747428,0.010172969480053622,0.0895720907596444,0.036292285692405335,-0.006960404440428131,0.003368870238376486,0.01604995442281809,0.01016133379700801,0.004130673442707279,0.0018882614799010996,0.00032477175623950083,0.06332172785556864
12_2,0.002264620369214144,-0.003100216201844536,-0.003222420962205027,-0.001381006681645294,0.011260757730077228,-0.00040864318577708055,-0.006107305535629325,0.006515148466649318,-0.01811316577061696,0.42208107415825175,0.447176442513986,0.2248754468766626,0.003076755691271427,-0.0081952318821171,0.03473063189324353,0.02610727747035084,8.981777306940834e-05,0.0019974220488281993,0.017999858333697154,0.019134407031404708,0.04597285932820086,-0.009708443832990661,0.0786570555965647,0.40763071647157617,0.02976777152715461,0.6725040786338206,0.3828816923717257,0.03493039741962408,0.04183503326352293,0.09532626293281646,0.019698802435167424,0.04467931378853883,0.014136568672839474,0.04529771867214322,0.08619423570192794,0.009286719798259183,0.10341141063090568,0.036475384737646305,0.013460703994456678,0.0008209062358468457,0.014560270593886806,0.020409143898067732,0.005876695890895786,0.0016806219285764006,0.008669417118240298,0.08945368762124976
12_3,0.004731537861958787,-0.0004912962508777704,0.00496174958197978,0.006696006823645937,0.008968989311565409,-0.009407423142008238,0.09202787034801418,-0.0005195459478461284,0.03874409615685796,0.4436066620403584,0.4633535751957844,0.25005548169485864,-0.004310591566439511,-0.010227479396967174,0.018125753175462583,0.019598031763501673,-0.002776210767715396,-0.008192288985389097,-0.0036579758190306687,0.015440831782729187,0.05531506907809968,-0.00046809773100397876,0.07875262398355169,0.4897757860098232,0.02726752150431109,0.6073568196109507,0.37598796750859,0.05003806104090216,-0.5348078681297297,0.11658659495648742,0.014748505941794204,0.04579234698454163,0.012088119492724413,0.054203767676649854,0.07232523676329684,0.012273857017482686,0.10007353598766563,0.034532220054163267,0.01857254609133477,0.0122166373773063,-0.01032135822758556,0.014603933751019876,0.06179491680619864,0.0006776210933400492,0.014475918510963479,0.07932113255128359
12_4,0.00578152249292689,-0.0017601965547387308,0.0045741136412627585,0.009769615673984869,0.010001841038442665,-0.011289559064338334,0.00983755486520438,0.00015905598813583218,0.03106506342651693,0.42401006233768973,0.43072582065032095,0.2520333255079942,0.0011069413963759025,-0.007027174067460068,0.023614786965298194,0.01802749129646953,-0.0013226048630398835,0.003851502915975671,0.0036397879438723225,0.014499921258948776,0.056340806391668025,0.043867533531927454,0.08278593274966643,0.414921557048267,0.027802811950493948,0.6619595267051863,0.39341955243176085,0.056622962034339266,0.05540982617877231,0.11418292707946597,0.014085603266258198,0.04123511645966155,0.010810004379724436,0.053771106732655664,0.08295153792470926,0.015570395520121667,0.09997497640343088,0.034540269326346816,0.018357037640488294,0.013348981560335723,-0.005521111217744341,0.019866180397197664,0.003926959000140717,0.0016711048461525958,0.01433609915482299,0.10718331184910089
13_1,0.001361006234957689,-0.014608588613402963,4.388956470955318e-05,0.0013080643708332446,-0.0013818304388268374,-0.00362930161570136,0.01422242229075003,-0.0012306046624788285,-0.019740149215358858,0.14283077353728632,0.14924590992597372,0.06987412830464794,0.002644551665434533,-0.0006562824692367923,0.08943270150855843,0.04617787386097292,-0.002898435086975258,0.014501744559936525,0.023268679071503182,0.0492116966955572,0.020344893228783887,0.0074034419035643685,0.03314580805078679,0.02802004124954802,0.013194734549390791,-0.005658852250705209,-0.01848404050016628,0.007411890444222366,0.03208602237625481,-0.0013650971737632085,0.020852491844689684,0.01122629711654971,0.009132820264010504,0.030771514088102362,0.05499661582266641,0.00714779448849389,0.029633595215796563,0.022809332742416137,0.010394604249135419,-0.008363432407022328,-0.012349617981099207,-0.0012988734330041704,-8.33295510113167e-05,0.00042867488522050365,0.002278256728127019,0.1288433505043001
13_2,0.015620194954608741,-0.0065072052454551955,0.004358208451434172,0.0034782193317654314,0.0005321139864597312,-0.0025513722522030957,0.0013843547446895559,0.00017522492901194322,-0.025314954048069657,0.13487328546863905,0.14781721692236238,0.09298066666587988,-0.002164993350845351,-0.00769182558491393,0.061088810738801916,0.011721166399271198,-0.0033762385045801612,0.00101070720873693,0.006328742111647176,0.03638770703932773,0.020730698436323473,0.010483501321886999,0.04955120910275139,0.0006745234531661185,0.012190339770846857,-0.021225962948470872,-0.016242614884961086,0.010890041814080565,0.03847057824443781,0.006671782587634997,0.021051683595734127,0.017471131123799732,0.008130186829432654,0.024453375722052247,0.05612228457586025,0.0024571765205059415,0.014665924318745908,0.03837303192916211,-0.00805351092665706,-0.003460763036193841,0.009475527621547509,0.0014714348054172385,0.0009125921479979516,0.0007866142619035266,0.0013943740705577655,0.09954488194573058
13_3,0.02017700199314519,-0.009345536950793184,-0.0011137762293613723,0.0017345778395494553,-0.0076107177405506906,-0.000922225007156592,0.011163169599253687,0.0006552205391877722,-0.020890558167990347,0.16170380565842746,0.14505081138885087,0.061236293791887005,0.00399988593469385,-0.0011129705502680512,0.09413406634077216,0.037443350382926184,-0.0014767268083306585,0.002346275624190983,0.026328315161840157,0.045008566834224724,0.016428592083689828,0.0033802451197020023,-0.5236351923164222,0.010648182972790118,-0.044480307918465536,-0.018304946840938377,-0.026116824953746398,-0.34602931916708746,-0.35900193945334286,-0.00779999519591811,0.01993542651181096,0.010600400747650979,0.010952767437041013,0.04075247700001255,0.07193217613884925,0.003179669424466728,-0.013688531329344174,0.020758667747904094,0.006211822491746912,-0.009027122986394813,-0.019871056149649194,0.0015525420924981787,-0.00011519673176144031,2.2663242301430625e-05,-0.0030014782016363666,-0.16792030915544587
13_4,0.0154559100603972,-0.0068439651593785004,-0.0026606644350650336,0.0004530085790501446,-0.0014316848147913476,-0.0002918035178184835,0.017345462507288405,0.0015632493942237175,-0.01631166638766153,0.14706367244025426,0.16093845894657346,0.07377245598986525,0.005922421112266966,-0.0005795532337792654,0.0699320924058986,0.05320739800318874,0.0005247311460148486,0.014593361289642955,0.031346727568627455,0.048060645657849496,0.005018893883981449,0.003932078685053619,0.06918056805242002,-0.005934226891784792,0.005827854494583333,-0.01425565678088558,-0.026344357773837507,0.00875909086545953,0.03947748202843657,0.010814356517959027,0.022165165920394313,0.014352486912982252,0.010073025626395631,0.02459973581030755,0.05853549627395432,0.011828491319376756,0.029076245252477297,0.013198199523990279,0.009189926520319996,-0.009920070225579879,-0.005992225177037491,0.0017914715582435928,0.0001685237670573113,0.0005128204346914341,0.008037657417398484,0.11036554566196566
14_1,-0.0021492785236481263,-0.01375910614124989,-0.0068203130337064054,0.0007816695482922768,-0.01496163922468944,0.0001953117584952268,-0.015081813164291727,-0.007108455967307154,-0.11262503119490906,-0.28389250144378275,0.006047919704657941,0.010607727694638934,-0.0033347598142143575,-0.005278779618395899,-0.088774483067078,-0.056059392632902515,-0.015126853507571415,-0.00943978712895336,-0.018128459579146033,-0.08923949170580199,-0.0017426362072911821,-0.002526275025163632,0.01631049481360322,-0.13347289367754572,-0.020229355262986207,-0.09444290725348557,-0.1478678697734385,-0.023344405947010823,0.015709286310751486,-0.04015234750117614,-0.021184271080426812,0.016115929337423254,0.01555676561969851,-0.023642612802480936,0.04312053501957395,0.0027654412013354314,0.012757759359482557,0.023601953269800646,-0.014083974086878703,-0.014701043153562363,-0.06020660699094722,-0.0018622447037559941,-0.006748532026979438,-0.002557366613620735,-0.003983115755208323,-0.03858709654671524
14_2,-0.004836834940256737,-0.019640526695067502,-0.007893763233953636,0.00013663872813130489,-0.016811592444642216,-0.0349021558750601,0.0038621011780437774,-0.0020015484854075103,-0.12235343703171386,-0.3055917642757265,-0.10495150922439402,0.0009621600807105629,0.0027777401910069974,0.0024986404267689027,-0.06606294601121938,-0.06538702278564984,0.0008245431608586694,0.0014213261212256555,-0.001432595020496846,-0.0690217321764335,-0.0019015048991733764,-0.0027230247926340995,0.015024512996867505,-0.17919594285267829,-0.013481151102840927,-0.20229825152631314,-0.13914315935382301,-0.01962680598411932,0.031499090539673695,-0.0016467614529347009,-0.024990699394944058,0.006082298696567803,0.012358634175495237,0.037521529065213576,0.046290599735766706,-0.016134189393865638,-0.025939451774134575,-0.003964836134847583,-0.008895856825283734,-0.056266441411101445,-0.025476124607201986,0.00026186121170000454,-0.010598457870333528,-0.003553158985990893,-0.009466329108375166,-0.022918442364925396
14_3,0.010666374593532356,-0.012325707770185351,-0.004171442363101487,0.00043631879284798095,-0.02263268588814723,-0.03765401208458113,0.004883835547829517,0.002338703916614425,-0.11873793975944692,-0.2865358877126371,-0.2551400999644797,0.000923432460769974,0.0076519360618569725,8.364557330134002e-05,-0.07212347988127295,-0.0565229727608422,0.0011066100334723777,-0.024317454471988898,0.010780503968035659,-0.04922755456534275,-0.014898518104873158,-0.0008639997832594945,0.07239879183415593,-0.12249347248300664,-0.011413638849185215,-0.20710941574359468,-0.10341753424281767,0.028314272814884557,0.030612459480042282,-0.022887071955793013,-0.032779617096256805,-0.04204866425450839,-0.011428381828346783,-0.017091143612463576,0.05902681409913572,-0.006371977582277326,0.011791980892867093,-0.0033751947120778674,-0.0011008753254314193,-0.04092752093983594,-0.010168594479846253,0.008987873740310244,-0.010158276283610417,0.0003989732541448797,-0.017481121409570994,-0.0019287813960752829
14_4,0.005192689812895046,-0.019349673003168966,0.005717555507575125,-0.000877337360323543,-0.02074227852100399,-0.0186801939793831,-0.004166051159987919,0.0005799275882364671,-0.13813747517889022,-0.27777358851898165,-0.2823273491586182,-0.004406112014676471,0.0082777567284644,-0.003942282757739759,-0.07482479551047021,-0.03540216797403618,-0.012870673672060587,-0.0741619338169475,0.011513635501445086,-0.0238268373826517,-0.019583079547383753,-0.01926885113724828,0.0851386916102905,-0.1291228439098672,-0.011460525808530055,-0.2022906945418006,-0.12079422379165673,0.045346316813844684,0.03716597715796808,-0.03503749769398813,-0.05019403527144699,-0.0205679319294608,0.00957643627051796,-0.04778084288641086,0.05587791353779085,0.003356197969762148,0.018697957244858558,-0.01039065576931183,-0.01269847357115954,-0.003060343296362196,0.0029878998776108646,0.003369068438316437,-0.0073296355155641375,0.004432464297632654,0.0015493363703697285,-0.017067151869343225
15_1,0.010890048528598846,-0.0018688658827820022,0.00843507725750497,-0.0003746445110106501,-0.005540013638772173,-0.005656843523271844,0.018789824362252145,-0.0020295056191237536,-0.02199165619198799,0.1285313290021257,0.11912351245021381,0.028491907388099928,0.004518307470961157,-2.3493575866149993e-05,0.08234143875817596,0.060300972252296615,0.0016825125284620488,0.007562344265216673,0.023063559635571374,0.04138828276745203,-0.012647438774100043,7.924739015237423e-05,0.07594817472752484,0.00815273501153266,-0.0048836145937312435,-0.04371904709815508,-0.040144414322088755,0.04195825699537648,0.041300338014667246,-0.0038567275474152697,0.025068529487551085,0.01838166140823446,0.014113920117794219,-0.024760676978364527,0.06297063066750205,0.008551186890040528,0.03735023794107454,0.016624722452452768,0.007080888367315138,-0.00843054193551486,-0.012823181237945071,0.004611550314868424,-0.0019771406309742846,-0.005566218228414762,-0.022500510864816407,0.005304102584770532
15_2,0.008250167910472525,-0.0026754075258784123,0.006761414869099819,0.0010932407523877683,-0.007214009293320668,-0.006675753317521049,0.035311249226604294,-0.00545041989244482,-0.025192811135962515,0.13225203931162655,0.12550262693417538,0.060802648755810845,0.00441968685393293,5.0983171218864495e-05,0.0656510900600235,0.03857868985866925,-0.0024575826163376504,0.007156442117556059,0.005400533587260543,0.04002101234607658,-0.003984891642841428,-0.01295241484010853,0.02633239402468924,-0.0895340649614336,0.01312531627936209,-0.03653558618128945,-0.06174871594771111,-0.016837183049963702,0.056163632704004096,0.005998563895056574,0.02416707764118006,0.0195906437942534,0.007923243256326429,-0.026832115881731986,0.06347188559917062,0.007727646769425951,0.034573058564150556,0.027553220381343134,0.019092077753094423,-0.005900294905657041,-0.010416181135163455,0.005856872890279506,-0.0012842672780063282,-0.006469773764958862,-0.010017283599253947,0.003428177706436995
15_3,0.00958800299290018,-0.0007792712773756229,-0.0004245486831938994,0.0038588876486310266,-0.006384804362135844,-0.006493701230551697,0.03510801316868397,-0.004025260623183297,-0.027133245055938206,0.14376139902560572,0.11765728641142675,0.06716505087723111,0.003781435830316847,0.0004887004922422375,0.08095584311617521,0.04869339531868213,0.0001712527434870207,0.003991953404116219,0.0007377097256568799,0.04362060851653364,-0.0019036183173849776,-0.0009522034200546061,0.06196404231114427,-0.07819545401458762,0.011363031247873629,-0.01939552739458482,-0.048641193997004985,0.04530972599979911,0.05930449428030295,-0.004398663125375299,0.019592709160193504,0.013701857539036097,0.00419031940697483,-0.015557488387643042,0.05633931635858916,0.02151069665446546,0.025956804476678117,0.027760584550450985,0.018264167114416707,-0.0022556287810057236,-0.009216578508129875,0.001779123991054556,-0.0001266772247036713,-0.0041797942870653235,-0.02292234560941484,0.0035288213346058783
15_4,0.01170822409861233,-0.004563147642475359,-0.00033810089173285155,0.004469775542313153,-0.015910318115486568,-0.005938627498178998,0.01910700861428034,-0.001786295803712887,-0.02646365944832756,0.1217066879244088,0.1197328065459478,0.021064036654998005,0.005000872195723202,0.0005123171092368771,0.08528762482329949,0.05751511739853964,-0.002475862442392797,0.008109856038958758,0.023338585481102448,0.038979477487751685,-0.019800482075067048,-0.010506316538225516,0.07453283375066151,-0.04203944510591923,-0.004351140431072982,-0.0331788146266956,-0.05689507397229697,0.04246301309340307,0.055272935661630294,-0.005180934701461491,0.028175606363093682,0.014848807757548856,0.0044309984199941005,-0.029936163799636904,0.06433648624133471,0.009592537190138013,0.03631347604514102,0.009905096256847197,0.02502216608379741,-0.00753491299313772,-0.006630700587736729,0.004939813940280811,-0.003723638684573113,0.0006618791540482284,-0.02212324256440195,0.0032439115935243433
16_1,-0.00209869109161003,0.014690097585741808,-0.0023027132525667484,-0.004447412612025021,0.009739263026039138,-0.00683990274576271,-0.01877656374544827,0.0030163443381739114,0.1010745698429444,0.03782172238879191,0.03646774946133234,0.062487177279690574,0.0106421022788798,0.0035202636898707855,-0.03618923441640197,-0.018941367398647324,0.007612292547357928,0.015379214567426714,-0.005847363388985488,-0.01882002280537559,0.006675801328622801,-0.008679166260595068,0.07780674631285715,-0.09502691966372542,0.0020873386788793132,-0.15442010347173785,-0.050795982055728765,0.04780544130164422,0.055964522587038455,-0.00021478380403569723,-0.03998754892853674,-0.020259248669868907,0.021430934346209775,0.009296376380887234,0.07891338705835911,-0.002808362720374828,0.03571160994321238,0.010013383060535626,0.00017972469379599882,0.00020765047934647235,0.0052381631061044955,-0.0009216402827654669,0.005703920882422054,0.00540874210280664,0.004824707769147818,0.0028714161143821577
16_2,0.0001905820033328633,0.013585218062343094,-0.002533023041446924,-0.005042307716946535,0.009894035130514681,-0.006756793395677477,-0.018659889679559213,0.002891626002817384,0.10600569457191751,0.036886992856075,0.04102938825841525,0.057209232511933085,0.010842807070878367,0.0022924539954326797,-0.03485000065813729,-0.016320526191106584,0.007118613549155266,0.014199720029870914,-0.0064620393997045335,-0.017144560252884036,0.007075070625584545,-0.008581439612701705,0.07827237194821116,-0.09459294486685715,-0.0031109735083384477,-0.15198255178360603,-0.06808568974372534,0.048266312327380635,0.054705426202253375,-0.0035451399218381623,-0.03618481241963126,-0.020114389952926102,0.02366950147518248,0.00799383930200573,0.07921060318195658,-0.0021865936154444273,0.035260881260911724,0.01575501811787403,0.0010542620311573972,0.000190551084122852,0.005147262780274572,0.0013452579633811883,0.010120592043013361,0.005603952802282192,0.004933640187143138,0.0076320894095593984
16_3,0.002243267480872549,0.016434281187075257,-0.002344542065488342,-0.00499769057277736,0.008040595367131352,-0.006116537780221068,-0.014838337767234196,0.003344590962197134,0.10410200502076541,0.03950024842989709,0.04209961837819757,0.055969086525117506,0.011721824437333698,0.0036025872153713197,-0.03326438293355659,-0.01873675225349762,0.006905083606570409,0.012098897277529701,-0.006653355200252726,-0.018533019898112457,0.007266842932371641,-0.008416495306914277,0.07944405404674311,-0.08545454656576967,-0.009558277150530922,-0.1514028660343505,-0.0493746934272452,0.048047525023221675,0.0566322946943508,0.0014690107801088221,-0.040105700939851247,-0.019453568227465756,0.02125226527871871,0.008443874968767716,0.07961286121143825,-0.003432977837915996,0.03551549947970952,0.017663437303026,0.002023571043974078,0.0007466257142026765,0.00566715044721434,-0.0005116505870814058,0.006702890459458931,0.005020968681594628,0.004898711454521345,0.00652891571012686
16_4,0.0002823098785993458,0.014829884399680141,-0.0022623953693934277,-0.004313204678132058,0.010126749253093105,-0.006324056686201108,-0.018149940469574778,0.0034374038688433487,0.10674179245618443,0.038229113618398,0.0385292641692009,0.05925809443100786,-0.0015781234164220618,0.00649196008285312,-0.04547759421879782,-0.0180905532988972,-0.00957465649045313,0.014014750612725304,-0.0060838393215577715,-0.018157880600513647,0.007146730020212797,-0.008437826700709791,0.07901095243997978,-0.09549092557125778,-0.0006850010179229723,-0.16239006802754172,-0.06792449817204822,0.047967862376320274,0.05419697216757033,-0.001210615160136755,-0.03454766760195055,-0.019982588279092765,0.0170249691599283,0.010467991541370618,0.07916246950692596,-0.0017361972206192395,0.03523839703840182,0.014397338874980042,0.0014341234556409996,0.0007626584332125709,0.005195087153698283,0.001478647204520772,0.010211288477861633,0.005704307083076021,0.004969600260085395,0.009450230630124325
17_1,-0.009522578462640192,0.0007888993881366655,0.012866928653689508,-0.0057287614747539815,0.006616387921060311,0.01159131758481207,-0.011630713559503182,-0.0035222057322489815,0.10245523613515042,-0.21283772522502384,-0.15556995947893504,0.011556534735288754,0.003845748395143019,0.0027308338933310678,-0.05266702219287617,-0.021666913357845378,-0.0009923359230300229,0.011102950627482485,0.00755414855175759,-0.01120658365937576,-0.01130697497848489,-0.0016498060142479956,0.07579689258077174,-0.10393347873866018,-0.016031046941187798,-0.14976068236114462,-0.08577944967903639,0.049362128270778245,0.04121112731151621,-0.018682325534280956,-0.011062335463314848,-0.017432495462166353,0.012030508571946829,0.00741664375346248,0.06895947504621198,-0.019986134917075835,0.03603204624695864,0.019430884764944034,-0.0024023161635681693,-0.005334821917313852,0.006389484155678737,-0.002543488720263818,-0.0066558832546593045,-0.0002848049228276518,0.0015597534616047712,-0.010919739928674984
17_2,0.004900151866145515,-0.013496900126521718,-0.0018387823357627403,0.001896401512737829,-0.00023959814217907542,-0.02610091656605068,0.001988188791374534,7.113629353674202e-05,0.1478659477760169,-0.2357929452968956,-0.2591374696261542,0.012742419497209232,-0.003960594483431068,-0.002644136581830127,-0.06733511840114163,-0.03434864283219386,-0.0022414879202620366,-0.009586009056335006,-0.006750184106526277,-0.02747904977905654,0.005193277934464103,0.003737925714991566,0.073759107204856,-0.08647805641599215,-0.009137967891674766,-0.14810909139144507,-0.08307968146900659,0.10146897129929479,0.05809544150181634,-0.029678365893671534,-0.015564278151904,-0.0114071413666031,0.006613894955439554,-0.04260028456262798,0.06606210603037693,-0.004786117133740305,0.04121707308156634,-0.0005431929656040838,-0.007616287306365416,-0.020562510928264145,-0.02096075185000349,0.004091948820399671,-0.009716541194079529,-0.005831358726920066,-0.00135650059095281,-0.002359007852945818
17_3,-0.0019707790845657678,-0.009072925192710028,-0.006439947304189388,0.0008802918178933843,-0.012789301873894425,-0.03795988502793307,0.013275229575205548,-0.00019422414265214203,0.14574582381145876,-0.22716677684172162,-0.3499939655165521,0.009477939599308503,0.004647366110340063,0.0017896398755831455,-0.07235373240424611,-0.05105823324490367,-0.0014001342213239834,0.009847263529262636,-0.03629877312980465,-0.010781918231701878,0.007207173581763387,-0.008255219238103267,0.0676320719572204,-0.07115183592941622,0.008983997423619786,-0.23330073115185734,-0.06931664836025557,0.10934013775089813,0.05772953702720962,-0.028441917462472315,-0.022553206754648877,-0.01454925130689572,0.007261762101686111,-0.057910172886594155,0.05667354922884971,0.004861961273065638,0.03895827797699257,0.004578612658431955,0.009628832739946486,-0.04806693858546577,-0.025516867870536922,0.00357023783045192,0.001433942007150507,-0.006654721791322018,-0.01265843320117175,0.017145750484336673
17_4,-0.006362628975583031,-0.0002654025070800033,0.0010129739518144453,0.0003950307733427834,-0.0055458453896827355,0.0012037218402886107,-0.020224245874488823,0.005175887892677978,0.09080802917098968,-0.10746834982137658,-0.08309163195382084,0.013090911746125582,0.0018904990398461332,0.005132499145028666,-0.06469552879773909,-0.02772624866249698,0.0007153212273858195,0.010837892747758772,-0.0018874114539581867,-0.04958935949577749,-0.02004766949017311,-0.004572916236766298,0.06605758435335396,-0.10541717615401869,-0.01150637182855371,-0.12461047631148424,-0.08312885260957138,0.04090819123787273,0.022607773346200483,-0.03675236771293118,-0.030902817318416844,-0.015851514028272038,0.010813402168537142,-0.062406353378094,0.06313565161643822,-0.011458192574286551,0.037874178394548076,0.0031177817686780323,-0.008239402420575028,-0.014577445835011468,-0.00020405493502097247,-0.0014208260458162462,-0.007823204596033693,-0.0032519620310963934,0.011329279952093619,-0.00306535906623731
18_1,-0.007444014162975099,0.003779766828923412,0.0037777920437387226,0.0026141422920898257,-0.018261951339445106,0.0017531961464739814,-0.017811457573130678,-0.0008431624974422049,0.03775078765809962,0.04148838477203071,0.07331221906104442,0.00839778860425313,0.004545073393309181,0.0011973787582617087,0.040257753452435326,0.025765322217954568,-0.0018671524944034068,0.003168378667990227,0.017081608895664097,0.02279357881211455,-0.016513696160649204,-0.014859810808497449,0.06876588318381702,-0.05061631158786626,-0.009225120111108102,-0.11920464825131478,-0.0639060278092812,0.05644153647881653,0.04540522796590017,-0.008303563135795139,-0.044453306198878606,-0.04912097802169118,0.015779140694155855,-0.04143689302248295,0.06806993771617847,-0.021804149615891614,0.04427020273195103,0.012579084691133799,-0.008459216158070207,-0.008735558514236581,-0.0002970166365676166,-0.0015263422385991478,-0.0015080713944122211,-4.760589338232129e-05,0.0042191777972489354,-0.014013532255695823
18_2,0.003329014210722414,0.002814833605416554,0.010567780035452149,0.0016131592709817603,-0.004869134294536096,0.007384248909856684,-0.006019649625894039,-0.0020029087571702886,0.053351467309958454,0.051184016702168836,0.06464947934224381,0.05282811757888489,-0.005586083088284708,0.00041389305496646126,-0.07871415870845777,-0.012734382530028268,-0.011556933046210638,-0.021402283538808943,0.0010626102217497142,-0.019533992758641046,0.0034035511568216497,-0.005721113596860243,0.07324274741205514,-0.07893806116826972,-0.006835345186728397,-0.1388104412492797,-0.05513732922707832,0.0582899108385313,0.051253394945111996,-0.012009539073860941,-0.046950230466032694,-0.02500069420950653,0.01853618221971579,-0.04507973069847854,0.06242954146628464,-0.010239969823339785,0.042591531756738174,0.015460516542633895,-0.0033679280216617315,-0.0034521526065119427,0.004425730941724064,0.0003041292552322849,-0.0020140168457105138,0.0052853415417028395,0.004762682239949962,-0.005543043776119623
18_3,0.0047334777202742775,-0.007176323868226926,0.000155749106039988,-0.003732199897590427,-0.013471798151041249,-0.006614849106867229,0.029731780811359597,-0.0016081422129615795,0.05129692185200338,0.04371789738474208,0.0644033937159248,-0.003381141664607284,-0.0003770315838392811,0.0008724096086543972,0.06574618501009309,0.02211360617310659,-0.0023552165441947086,0.007314319097640743,0.01378292420358781,0.014695753530489868,-0.004637846907751301,-0.024949082419658562,0.07085454012007145,-0.09021996116549143,0.0026444090590121315,-0.0839441261023236,-0.07730084299416251,0.05822179275010987,0.045837616583014426,-0.057214868561288955,-0.04718404671637179,-0.0535985886429915,0.0024195658206651507,-0.05260889766768889,0.05433383878473154,-0.0016492877070423862,0.04349067387787018,0.004930825706978352,0.017433185782026923,-0.009406856442437979,-0.010926721656204966,-0.0062621477961087284,-0.0014055413714375836,-0.002015475774460126,-0.019612995840896343,0.0339524999032229
18_4,-0.008486071087575002,0.0029278953293409415,0.003706837956612996,-0.008907945497176209,-0.0037723310875874693,-0.008193842207057314,-0.024231162706808616,-0.0002555957999022761,0.05131174703674359,0.039642895590072884,0.060107199493721265,0.010897177475054346,0.0025569260052997573,0.0019762362938504164,0.0016668363521772493,0.010868103451142872,-0.0010526460789439926,0.00917998528455179,-0.004144924392803379,-0.01678402552462648,-0.022443767988886355,-0.015388364897717112,0.06914528833879006,-0.036076328185504984,0.010022992483781558,-0.06824312181680224,-0.06118150763312215,0.04764523565464877,0.0394644626666695,-0.00654315735049484,-0.04401874651172832,-0.03662399070391196,0.006542345404211359,-0.047122259861367345,0.07628776926106848,-0.012325877171849055,0.04313855617056521,0.0028989974925637046,-0.00625038990786969,-0.020895826529216,0.0002624152526235421,0.0009890620055416747,-0.005365706332274302,0.0011052055680325936,0.008716850284173157,-0.007048229127624472
19_1,0.00027063778004354517,0.004473187301198261,0.010080808403634383,0.0021239077194830955,0.013488423311460105,0.01728331786668418,-0.0017649712582205443,-0.0019265917344337827,0.10549166759436239,-0.09523681441907665,-0.09029762171470199,0.020511710549261385,0.005044748712172622,0.004227846798835678,-0.0575578762929298,-0.021402711725786658,0.004592329525055164,0.015402594098345603,0.011742116554493219,-0.01741609060589662,-0.02114764545848873,0.005370895318141083,0.08540053614039043,-0.09674450643068606,0.010843118784855344,-0.1635813150803751,-0.07556085301498379,0.05571011089637569,0.04243202215292597,-0.0013363663270684859,-0.02995019059029271,0.016401337912371264,0.023965788229136628,-0.04957580025334996,0.0636270378606625,0.026755937354248308,0.04202867588654369,0.021532535854705496,0.004826753263275019,-0.00011042960183268194,0.0048389344987513645,-0.00026616708105197344,-0.0014692764950347567,0.0032647496933305795,0.0030364897578174384,-0.004427526595219924
19_2,-0.001311157879993492,0.0011322062252335538,0.010386113948225093,0.0010263335755829972,0.0022375860504580494,0.016065290755293487,-0.002055943033285779,-0.0016403509401254795,0.10246140594263133,-0.083626180264739,-0.09443204825103538,0.01561800189572124,0.004923427823465753,0.0038735655635510893,-0.06150559809272973,-0.029347466731472153,0.0025638397133745565,0.013425318948145757,0.01254638076465903,-0.022499302261098628,-0.022865067213394343,0.001757056909609104,0.08401762201926927,-0.09893942631175792,-0.010507013216611634,-0.16358495238872833,-0.07977336489739764,0.05563575490009016,0.04104872820407623,-0.006812574356160853,-0.036609486059580504,0.015428025092672564,0.026991119831530415,-0.04895327163204231,0.05571922121308641,0.005266513904641182,0.041579056915030166,0.012425344162508362,0.0009180582486083783,-0.001273248730007773,0.0039983807335551074,-0.002401136705259724,-0.003880015781591783,0.002989867848724851,0.0023488000724650087,0.000893505601617459
19_3,-0.0028529676504149507,0.0005289753414881248,0.009824131296195368,0.0006459783675102107,0.00613621887587148,0.015809369571455817,-0.0021263932797886643,-0.0013678196208591004,0.10588046753421143,-0.1763533399128904,-0.07273346016061025,0.015945798499138554,0.0057370748457338605,-0.00038554107897362374,-0.05989384703139799,-0.02314818881066598,0.0038803285673112207,0.014742274875556337,0.011347005212914754,-0.0040498649307742236,-0.01431408897081208,0.004347770580626968,0.09695889152203635,-0.09518494564166488,-0.019811901600460934,-0.19321565348704223,-0.056025859094778266,0.05605551937146318,0.05008183931469593,-0.005698767209885958,-0.021817752006672887,0.02016865623303232,0.022265585805990334,-0.05063866683087447,0.0669084371285955,-0.0025711716182189315,0.03686961889020476,0.013926132451909577,-0.0032176696986499346,-0.0021837473240228704,0.005221853174779937,-0.0017678355737958083,-0.004203731555128867,0.00241634575835346,0.0018808777307983277,-0.0049763975803138304
19_4,0.0021391982459699464,0.0016725876380293456,0.009497135783678497,0.0018195532312209356,-0.00041127724432193783,0.016813034635882008,-0.0012824087677056801,-0.0013281833145843687,0.10454962276329285,-0.09536344331543747,-0.09502148246136115,0.016529576060920752,0.005547114502861943,0.004005450089610452,-0.06421207582504763,-0.024627671846009492,0.003546818338708872,0.013850250881398228,0.014347891190770238,-0.018623563747806954,-0.021673437085435388,0.0007042471877337915,0.08451660237177455,-0.10327930434697177,0.005385249788290069,-0.16557720868467596,-0.08553994438515222,0.05476196307167332,0.04598883450686653,-0.0025384101674663278,-0.03628449647298897,0.01076714582929364,0.028739803911300706,-0.045128875095144946,0.06383006507875014,0.012405528553053354,0.030431583199964245,0.021741299884615196,0.0037865093237376157,-0.000628766375969684,0.004106391746003151,-0.0018138556582202932,-0.0015334703572900921,0.0029911555703148575,0.0024609333756540844,-0.007306569944660814
1_1,0.0057737361951484,-0.02853898616124339,-0.007234003797173353,0.003883724719864967,-0.01840544138124131,0.019560434408161725,-0.0015915497370588812,-0.007299988490463495,-0.06146251712100181,-0.303180727579552,-0.25782478172845796,-0.04751483256692639,0.0016907995899733312,0.0022525480915089,-0.054694055934546335,-0.015586787006124415,0.0483670662618321,0.0029340435928467985,-0.007079537670772088,-0.04581799752782829,0.027396057245388704,-0.0016926656808223038,0.043546049579481536,-0.11214919953409092,-0.005088143265199399,-0.22838252590470928,-0.06340921934639121,0.047664493903551215,0.02936764555623592,-0.012686440732324026,-0.012332621448717336,-0.043588199783410324,-0.1022196396678347,-0.019966088067768912,-0.5785112027140866,-0.01711526949922447,-0.24672186145444525,0.001447082075922708,-0.018429031603919475,-0.012228091438983962,-0.020171111309869934,0.009073519698419574,-0.0037069330621442445,0.02363379363491207,0.00587209276292433,0.029694409576094316
1_2,0.003644983076594501,-0.027863251450999212,-0.0009867147497355801,0.0011272833777989963,-0.030301385394451832,0.030442302298887457,-0.012449828325514185,-0.006123539430083805,-0.04817218353503328,-0.3752401282498369,-0.29907962960091455,-0.06640550362411149,-0.001393622953015905,-0.001318970903051149,0.05388121745690532,0.025472226501079217,-0.019232101097388887,0.006714036198111189,0.001006944531298083,0.015664679262537593,0.0299764151207644,-0.0017153410273467828,0.03726892565898268,-0.14395183119210436,0.009919100531383484,-0.19520568211212633,-0.034313742942331166,-0.026747097765156713,-0.030228139585816625,-0.023594888685462792,-0.03493431552636001,-0.018600834537119325,-0.008449211216098616,-0.0011003386092417258,-0.7485488707091,-0.020955712143291484,-0.25728077249495507,-0.001238420103447831,-0.0021748822714133214,0.010871768976119266,-0.01910293467220008,-0.0017487043783491858,-0.0027833930804415253,0.025976135433435313,-0.0075518501831563995,0.024171282038783052
1_3,0.011410920005002025,-0.0095136511822894,-0.012043619201221828,-0.00789799002356175,-0.02790922830583295,0.0169680493326177,0.026941507435292403,0.0030344715051651887,-0.0647980849456597,-0.3159210961298147,-0.23340632010836637,-0.028766792744925364,0.00022177788607001103,0.002740223613856276,-0.05614180114849701,0.00880480747091019,0.043161493779885325,-0.02548950671365912,-0.010961496073100877,-0.03602081579587719,0.026404252769354947,-0.004645241274260411,0.029528065160902978,-0.1275116107759559,-0.009012718969079531,-0.2092245623417866,-0.06887490730715436,-0.02301114774252174,0.01821278768850393,0.012049118858531464,-0.021005893538016147,0.011607012795567915,-0.10576796642981859,-0.038608215326037774,-0.5854980907196241,-0.01852512069711111,-0.25518049318920266,0.008652112392165586,-0.015961090472350364,-0.02479869152954438,-0.012155244795553861,-5.1550667927277925e-05,-0.0050519625503744935,0.01913582606304678,-0.012116175004844855,0.04146590565255184
1_4,0.0047180170141456566,-0.02187971741839959,-0.007210737713605357,0.0011116141405568757,-0.004724975093924278,0.027973828368684697,-0.009843274723175765,-0.006331744283596746,-0.06645279258415328,-0.31475111501628705,-0.23269551780622272,-0.04754827800417781,0.000853028673084058,-0.0023627265679127068,-0.04962998102004529,0.009352679860152186,-0.016478406373529382,0.006733239702677308,-0.006183581310249959,0.0070869472462119975,0.02668085754898389,-0.0015545992514454919,0.028288558788561458,-0.1305268786980457,-0.00960766691822441,-0.19966161313251002,-0.05614747618288108,0.008629707505355662,0.03953650756462115,-0.014348584371366092,-0.03820081589198749,-0.012855634456471447,-0.1426380003525943,-0.022504457079574686,-0.6845539564173841,-0.01890359068015734,-0.2533020736939174,-0.005431906152245868,-0.0203789619290488,-0.0029528702830531476,0.0003120407422559592,-0.0017620986064634909,-0.0020437380034086117,0.025259129824160197,-0.002213130336807205,0.047579211002404274
20_1,0.003186164825974115,-0.00779425364642689,0.009063218689701827,-0.0014511380171735677,-0.019258611935218103,-0.002377850058170509,-0.0053316783877331055,-0.004918756789889627,-0.03443463257290253,0.08883151664079299,0.09156547337951984,0.022605593915002224,-0.002485239404260906,-0.004300662353506341,-0.05757634312630865,-0.012190775812122369,0.0012873728477958062,-0.00020712662506382855,-0.0006685690296410624,-0.03732708657903513,-0.020228594666393155,-0.011290904344165293,0.030370786748124236,-0.008773710866714985,-0.017762227230011512,-0.05255001095291302,-0.042705575335125874,0.02106963984370962,0.038368469301202066,-7.298994313995137e-05,-0.0014346630587285907,0.005092435426931225,0.008594065189552037,-0.030508308195589508,0.04733670758053626,-0.01564123561791622,-0.04469614826311995,0.016033420204056074,-0.012688072541000059,0.01719840540870497,0.0009846249328146178,-0.0010608920880936655,-0.002426532092357675,0.0003878419296549605,0.004580879981690786,-0.008456699710124244
20_2,-0.003025571996894741,-0.008678254930905288,-0.0017430909016179297,-0.003811230263930257,-0.021789115629197928,-0.010050566852954397,0.013591005075291039,-0.0041011837750989065,-0.028525783024490207,0.06918539383501478,0.10631204027246897,-0.014851250896897497,0.0029989115386282964,0.00437919453897331,0.05313207703549988,0.02127167316024581,-0.00016964980442656016,-0.001288562738123901,0.014157460860807413,0.04203321735187189,-0.017055246175484377,-0.01970953075329451,0.03066119912998824,-0.04305029799911414,-0.014390758858718893,-0.07063123154056436,-0.06225340545325454,-0.00023974527361507504,0.02835134728105183,-0.011238661401918737,0.0038055796801249498,0.0025558784889634888,0.010807070982148812,-0.0008511417923138382,0.04438081079247643,-0.022028386824677268,-0.05356171249194423,0.013271982208672558,0.0034998809134874635,-0.022502753498475834,-0.024555862076432202,-0.00013852210742100837,-0.0027232937726756395,-0.008086813356170309,-0.027342001015843692,-0.030112171009524707
20_3,-0.0006374327294300264,-0.006993885840489756,-0.002764961990033556,0.0011662909264919758,-0.022306266431733415,-0.010829532339293837,0.015290436841315092,-0.0026989006456170743,-0.03234919930765325,0.0726585536101987,0.1053829444407782,-0.013545084848370144,0.0005196052830569362,-0.007310990529603649,0.025564497572093423,0.013397925125018985,-0.0008076882658733948,-0.0004429171812003792,-0.00956705140841996,0.029029223402617987,-0.011483869493885619,-0.025015713492721057,0.017452380067113117,-0.026584110426317045,-0.014929030289972327,-0.06763525038331161,-0.0673354280839683,-0.001729549795419324,0.02804040202059881,-0.013033141762996888,-0.007636087659749758,0.0036062955863211364,0.0049200397248643415,0.0008490933013855929,0.04335595075120263,-0.02298723661511311,-0.05439950614699251,0.012316397304009142,0.005769080530886108,-0.015524210261499503,-0.018725906213404763,0.0018972667995172522,-0.004159112525227681,-0.006568757144234546,-0.015569605474645108,-0.027190133000888596
20_4,-0.0007657930255532657,-0.007265448338716918,-0.0029334390232577546,0.0023081750451837,-0.020631780471066317,-0.010874715590190024,0.014846916774542567,-0.002170854434137173,-0.03256954359005213,0.07501448447920366,0.10673381872683566,-0.01739218190718956,0.0004927714647007138,-0.006295485619649791,0.040394633980208206,0.014593615106485588,-0.0008603123167131567,0.0015911413815798406,-0.010688422397041158,0.031605926677639215,-0.01552735951797225,-0.025317885471417285,0.02106599040240616,-0.02501933225408187,-0.01553275806762851,-0.06933447173673607,-0.06592566321206365,-0.0017182714532493928,0.0481633423087476,-0.01289369741867297,-0.008341723430597043,0.003429301256376198,0.004862966595074043,-0.0005582279796153507,0.044491681674730534,-0.021653560545498645,-0.05578562643203202,0.01266520823844188,0.005654626790445999,-0.015326561190079756,-0.019422386361793626,0.001996248401404174,-0.002905668718760515,-0.006871019699965548,-0.01662260782494224,-0.026917833686640982
21_1,0.0010202697489460095,0.012506251928166661,-0.002343352898842219,-0.00246207276272546,0.011034123136007028,-0.0004673992780735482,-0.009469158655625734,0.004708053125137613,0.1859331841861846,-0.19582006226640122,-0.26053192974336703,-0.009420807084378709,0.0010074604847739473,-0.008811353926053579,-0.04402378421757666,-0.026416359988700736,0.0012667371285325008,0.012463886584727558,-0.006250300472128462,0.01755141189965787,0.005496942459702257,-0.01322721604235289,0.09195509853548953,-0.08304213557728021,0.009689107727374292,-0.16188695998067693,-0.0709996695777823,0.08903985519419148,0.06064447426759768,0.0004154675932664642,-0.013738918744679633,-0.012120577101071388,0.010873585653792591,-0.04347349443185108,0.086212791814732,0.001489588695033918,0.02676015517191752,0.003863543133825938,0.005362700111860331,-0.0009060835067894324,0.005880295862534737,-0.0028577050271601998,0.0024668491758310152,-0.005674801969204485,0.009950584926833313,0.019583601481600654
21_2,-0.0034425472155312294,-0.00036018229276268716,-0.0049673885446042286,-0.002486233480828488,0.003541813889028804,0.0010606130270031653,-0.010626301314435028,0.003589207302489879,0.13110235568194914,-0.23607307652051807,-0.19302222356576548,-0.023111006384206753,-0.04831132977328631,-0.02896423247544285,-0.05508126256774463,-0.021243213123256097,-0.03446037223253383,-0.026096771550443185,-0.009058533153742502,-0.019920498389649904,-0.0035895539351154587,-0.022591220279365394,0.08733802576341876,-0.12236159093867696,0.005753284428807782,-0.1836367065957691,-0.09910688389773567,0.07059562832353918,0.03316270602778603,-0.01288690630563722,-0.024169874180000935,-0.013152969840458387,0.008674991052133567,-0.05843290357613274,0.0757636770333731,-0.014044346325215347,0.019471299933609115,-0.0031499091171830244,-0.008574092525167895,-0.011395876635547062,0.0027057936753164973,-0.0014333187297809967,-0.009722100348963801,-0.006990356307287156,0.010424822108517275,0.01693018367976541
21_3,-0.0038051013943546518,-0.009353511914094588,-0.0046409870534788065,-0.0026750920105804927,0.006707567178472866,-0.0010640799134505891,-0.009325287618393008,0.0044568031244092655,0.12678915798669702,-0.23170695011438797,-0.198224215632518,-0.019652437260071754,-0.004019783347782763,0.0016574063916869747,-0.06439517905821679,-0.024833415027527738,-0.0020810750684800983,-0.053890821102270836,-0.013758517593773098,-0.03871534789355175,-0.0029082564511556013,-0.01827700438645534,0.08502960691020355,-0.10769735983080826,0.007282888885885371,-0.17243836828577475,-0.08965694299619835,0.06937500798427743,0.023796759890805586,-0.007566041850373243,-0.02803498557264976,-0.007681619896510618,0.011214244281845212,-0.05903728828667392,0.07373960842504791,-0.010185941485041664,0.020463400062888753,-0.0025380072919710477,-0.01295449056639892,-0.024660440670772533,0.0006819052865666265,-0.0016581320334725315,-0.008158067317001286,-0.002310377659166724,0.0028019207105038964,0.012774397281956947
21_4,0.001106447627111286,0.014012062510925816,-0.0036171782580126178,-0.0027298062965257115,0.008659107553304238,0.0011908416520068803,-0.009777404990437846,0.0037105262355612637,0.18502862904096562,-0.19507186311188252,-0.2535823633916109,-0.014337635629379522,0.009060908237683869,0.004064321194811117,-0.04464908595061838,-0.022880293636710774,0.004809583832559463,0.01302156118963822,-0.0043305399207502395,0.020389808721255516,-0.0008868414122738722,-0.009678520251315437,0.09249970947318692,-0.09271166678757144,0.008916070901208049,-0.1593175049235392,-0.07045693431440839,0.07649174870274338,0.0436522228811958,-0.001272188785255216,-0.017261309398429667,-0.007526722506171239,0.014008173369552328,-0.04646104959465906,0.0882853506630289,-0.003991760751646389,0.025538714365357224,0.004924789136614502,0.0026117696398986453,0.004568944613253433,0.0019789849919324715,-0.0025524357818644296,0.002165556728698719,0.0004137993419447247,0.010573146181937613,0.012452761538476013
22_1,-0.0050014195546427345,-0.0008564030581821251,-0.005693312527070831,-0.0020602967748125874,0.012254281793458631,-0.001891299705474272,-0.008782234335069005,0.004198465539148296,0.18342365174547187,-0.19710951139063995,-0.26047397656607896,-0.011833071674614042,0.00657177934535743,0.004257991651237805,-0.049912927179882584,-0.02274090462656066,0.005516684902564473,0.008178832911079865,-0.004946189836364869,0.019444652247072817,-0.01207142808594385,0.0024475415634103072,0.09457556218879432,-0.09523371551670946,0.00841822733900009,-0.16365977807260002,-0.0711542754790844,0.0865752102059001,0.05544529580970982,0.0043152970859724835,-0.01953759861951888,-0.007721163693302947,0.011023080065717903,-0.05083347530279808,0.08637413112125415,-0.0070412204503941655,0.03659334256932822,0.005075486288831882,-0.004054654933840516,-0.0036290612367968,0.0011091581064188018,-0.00260070971701312,0.0017478917147730306,-0.0024848640576166496,0.010879445647390334,0.029167127745119516
22_2,-0.005098996737435381,-0.00611795935817795,-0.00412721210622989,-0.0018731817127559053,0.011701093910560213,-0.004873370474001219,-0.007397178352234731,0.004772552081115873,0.17836854127127139,-0.19610167536332054,-0.28051901541466084,0.0020789295247044563,0.0024368361484897612,-0.0027771130483567196,-0.047834860370314695,-0.029305823632138975,0.010697444662166794,-0.027463799526132794,-0.014218049740875349,0.011330030863908892,-0.008848140109167986,-0.005525180116501813,0.09303693625008835,-0.09557479070342441,0.0048781378687648945,-0.15200338069289104,-0.0575504950745201,0.07850075997744876,0.04757269158115312,0.005051883405606884,-0.02207076633519068,-0.004886741206013357,0.027942667263681196,-0.04902459219095563,0.09257218181531429,5.6023633962820644e-05,0.03207899229020085,0.0023298372002946805,-0.009211935137631789,-0.009451418394229449,0.0029955250281190407,-0.0009712968817356511,-0.006065181361949257,-0.004883185499807909,0.010714153145114638,0.01626364150892639
22_3,-0.002601138009851877,0.002930219279436223,-0.0022085557952589473,-0.001085779780973325,0.009578142184714112,-0.000797347509477593,-0.0067846903214033106,0.004827768681866669,0.18736149542589325,-0.2050091532602677,-0.25633877393949084,-0.009882057592906454,0.00930958898084481,0.0043610177357102575,-0.039474438753927976,-0.023488588837914756,0.005371375045355538,0.011345378596984347,-0.010112042455322715,0.006465705804397724,-0.006506664463580164,0.0077388605925538785,0.09334355708095479,-0.08671935268580196,-0.01400846237566813,-0.14780126420021697,-0.07243738190645922,0.09037817646512875,0.0630583405008974,0.04084315117542495,-0.01997080264998942,-0.0038625414123816693,0.013241421676200769,-0.04757283420855763,0.08732698802621956,0.0010677668266261264,0.04023854490866564,0.006914653911968617,-0.0022354246036070577,-0.010320648173104616,0.004803034619931027,-0.0014638650837021023,-0.00444140159611216,-0.004847779113811513,0.011080571580996007,0.02330283226370771
22_4,-0.0051451121971940504,0.0011023319940892565,-0.005270890356326743,-0.0011440554816821893,0.013690500056819484,-0.0012089325858396637,-0.007984392744132473,0.004398450187580846,0.185032374610495,-0.19656880647316674,-0.26505770601134987,-0.015312566245860531,0.009316145766536568,0.0021774307328907045,-0.046281606233859685,-0.02347602238260791,0.00471943294185526,0.014002998052504115,-0.006910096861406215,0.020760534811078875,-0.011870171260031643,0.004311308031336196,0.09535658243705289,-0.08500867408262931,0.010493334902326094,-0.16256769384527592,-0.042820972927395826,0.08761572004322658,0.05455276755361475,0.0033771317816320427,-0.020191564933146257,-0.007888625608454979,0.012214600963197483,-0.050462681776225794,0.08701004185999926,-0.0007689512992396216,0.036334526684568935,0.007802396643073192,-0.004889359705407993,-0.011197667853385706,0.005021046020001618,-0.0009003735427142309,-0.0028730869147520796,-0.007523581916920042,0.010089660314235917,0.034147857017895474
23_1,-0.0023978899930261004,0.019963819589333867,-0.0010057959189059742,-0.004493562772085764,0.01277958390221798,-0.000330850814388743,-0.009851493434083472,0.0041664250671144265,0.14411521501807065,-0.19234553398145177,-0.13409523388583666,0.02373665229892671,0.009459035990218986,0.0029266668600600064,-0.04031914089803596,-0.03168869956599657,0.00659090347252425,0.01391709494726474,-0.017024208670985325,-0.029714121440551237,0.0029008675212665717,-0.003698885320771365,0.09863064300344483,-0.10106496989135708,0.0017511190339938082,-0.13795876550057842,-0.07029414433061174,0.047022442925534466,0.06368219513298996,-0.006458472231952447,-0.017912280971347602,-0.007013602797130305,0.017758806063885732,0.005721530599721266,0.08450832598891568,-0.0058125750040978336,0.03245266185275217,0.023240030283476834,0.006156682433265725,0.0017085841857770298,0.0018755653681886049,-0.0029993307846224665,0.001762058694374634,0.010143264868382488,0.008329228593733275,0.03941938283749553
23_2,-0.002826051067957582,0.014393009237441351,-0.0030600331293557733,-0.004820598013145007,0.011453378626199932,-0.00023559070508331743,-0.010376131039481266,0.004092517116042225,0.1440741515998731,-0.197083628174543,-0.17458475132140786,0.02472588198739343,0.008444526534081585,0.0036908365929043422,-0.04284983510207993,-0.034762221711248265,0.0046098047131405365,0.013677146639815176,-0.01790625521540691,-0.03016432450931155,0.0018875886064987093,-0.0038644031245024524,0.09783993033014088,-0.09922874848203901,-0.0027320800907030926,-0.14320823161234486,-0.07162077874124458,0.08351642043678673,0.0634888953249527,-0.004387807849991914,-0.019409767153930294,-0.00783176750566302,0.01230715157267484,0.0029054124278304104,0.08301834373926459,-0.006718347127386103,0.03258398986009919,0.005678837020282728,0.0029861350453097924,-0.00042497999598292853,0.0016393888618115228,-0.0028964393986898648,0.0005530033793881889,0.006033561334691352,0.008359726754210036,0.039366453205907447
23_3,-0.0025128186525972033,0.015288173031568668,-0.0027395747038361784,-0.0036195340932872982,0.012474544506171085,0.0007362864509492127,-0.009970318841251762,0.004034764818817465,0.14308322395857784,-0.19361882282387918,-0.12643312623952058,0.0215498921008571,0.009093205088483325,0.0030557930099146093,-0.04694249004881002,-0.03394575175214517,-0.0006844746270361527,0.012256243501300121,-0.01787503864832598,-0.030471171343022234,0.00207665046550591,-0.0032651976464113256,0.0974112316371478,-0.09548260507109847,0.0007049643081009152,-0.1413963075055899,-0.07119396554999635,0.04687073040407386,0.06472898227721584,-0.006611491876537057,-0.018716427977587807,-0.007150524468917471,0.012237760133502888,0.003933626511928421,0.08326057441239815,-0.0013422352426309216,0.03252850544413145,0.015345140915333517,0.0035058698719046375,0.000795267112587394,0.004149884021954329,-0.002874773255889574,0.0025299482312363835,0.001399201871718073,0.008091615367967615,0.03941966878762167
23_4,-0.002662846309113302,0.0206691379296087,-0.0026047266600492005,-0.0043060281767187646,0.013122346486485857,0.0007863692071000144,-0.010133020360976573,0.004420122113557954,0.14556216837985445,-0.191608679898266,-0.13301962556520652,0.02415866212670235,0.00953689912203589,0.003063964533247791,-0.0462367455765527,-0.03314985028441339,0.006141437677640092,0.01288867945575352,-0.019824672850983247,-0.029270204870938277,0.00321462482070383,-0.003456000334991418,0.09893851042662065,-0.09334015658226652,0.002007415222931198,-0.13947635562260077,-0.07812474715111321,0.046507013122026965,0.064337537772886,-0.006593412643979673,-0.018327365609403592,-0.00664593242285139,0.013922912300424521,0.0035860082116081137,0.08379190680857242,-0.0009002324547305036,0.03237530550056024,0.015507267758963338,0.005833323612208049,0.0015263371640385486,0.004142392923556302,-0.0026788443208189128,0.0031815544453485255,0.0031301598700103823,0.008237458809527615,0.0392854611875783
24_1,-0.0026606039111975216,0.010027684463707349,0.005277817010994067,0.006208584398376838,-0.0031299122597642634,0.011721282869140152,0.007177937739538265,0.0018360309278144036,0.0951054907170632,0.07491463884773539,0.06681979917903307,0.0683019354941702,-0.0032732182074838917,-0.005149640365064185,0.07757744794840335,0.03383411393595468,-0.009522388567959023,0.006140054885900736,0.0013361832183355906,0.02826044372234101,0.02081227007599993,0.010831487614825375,0.07837915187959198,-0.06169940699429162,0.017632138648415254,-0.030217756176901544,-0.029959067163089482,0.05459574350110302,0.07041852784245171,0.009540462227124213,-0.03422308424241556,0.00043243468393231344,0.017916332878535005,0.030499499391679,0.07014975364429632,0.06366762315122525,0.03808706116287865,0.01033710617076867,-0.0025407371124366094,-0.003938146673964669,0.006156746340892093,-0.0013337336035326194,-0.004093557804301297,0.002187297691152377,0.0020726189431262074,0.11872390982841975
24_2,-0.0014937709192956792,0.006968848389736789,0.0046062056866282945,0.006169218279927831,-0.004774315051392326,0.007130793054208294,-0.0035320983271640034,-0.0013875422442712114,0.09410561159476916,0.07432764170288879,0.061280965982255624,0.0663050353006115,-0.0026324863609091757,-0.0015747830472098052,0.07170045750990944,0.018075591309797717,-0.004630782118444676,0.0055858557485596585,0.0016598971617257272,0.024447276614636616,0.020208315930420714,0.010825505433369659,0.07715864841136917,-0.06577537089093613,0.022243050273700923,-0.03523173177211651,-0.027790432573281846,0.054088701576958664,0.06945463437117295,0.010142402390922031,-0.034845070751612625,2.889676699589051e-05,0.015616120805667705,0.029203627481218304,0.06946651232773389,0.05778031691897471,0.03705311189064868,0.013990285718066492,-0.0068387065787066026,-0.0037355913154593994,0.003419168197974634,0.010377161001169841,-0.0039036188350370766,0.002442154705673317,0.0029210516388968127,0.11246329760015769
24_3,-0.0007848458264206957,0.010335774125985648,0.0037585032331916724,0.006195757966898016,-0.003488577136296732,0.010392556756659432,0.006048495194713715,-0.0024584581299206135,0.0786414815895028,0.05670260227653234,0.0630133569743683,0.05913082505023485,0.005799770264223851,0.00013913496839091047,0.07852668209974636,0.037975820420600485,0.0002669310663729924,0.01282484333709054,0.023766786609254523,0.032829370222137444,0.018969923094888798,-0.0005278467233024795,0.07533629461296497,-0.057049362351909515,0.00885044188002075,-0.042181160652540343,-0.03172640437262005,0.0553558817602396,0.07231250789384126,0.015270472469111165,-0.03177397964991371,0.0047254631061243516,0.018804282418053733,0.0315720469737144,0.06524623709207329,0.057228558616370835,0.038968857578346276,0.008544531211007901,-0.005219249111365974,-0.0023859758598712096,0.0016150425401084084,-0.002702655071019628,-0.002409833335364165,0.0005912732027754596,-0.00031814517684035387,0.06462922821468033
24_4,-0.0010147771137172439,0.008109098647618416,0.004933950427977693,0.007259871949645317,-0.003950449819914155,0.011710882968144164,0.00085118975707573,-0.000581265473857853,0.08140048478662189,0.06671784828740766,0.06174582612933221,0.06569187537861797,-0.008733803875238795,-0.005139316723023125,0.05866737222820801,0.017898020203284393,-0.00956501249169977,0.0015165807251536338,0.0012885551556758182,0.027373920701874044,0.018518343827916717,0.01104835507590898,0.07709992907315294,-0.06524206068209008,0.016298053108813985,-0.031072075683580867,-0.032199630935393346,0.053540076480441214,0.06756590535272577,0.008875433100386429,-0.03398986504185526,0.0019036070911559366,0.01652315561422742,0.03075261022518236,0.07007737959010034,0.06281150619900547,0.03731330320142277,0.015460315253228133,-0.0006567077396945498,-0.003856667504324025,0.005175129539624541,0.0042640803033801135,-0.0040584735507619004,0.0021585796131352512,0.0011101183232594823,0.11599456942345701
2_1,0.01062757318369761,0.0007787824381222132,-0.006107583219969027,-6.032800503571099e-05,0.0017133944157344608,-0.0002120257043054148,0.0003392134251276098,0.006377440521165788,0.048909258683181245,0.2572111049673412,0.2776316013372813,0.09317888357389963,-0.010253614114461213,-0.00912735189368651,0.030068928850748345,-0.008123437364806411,-0.0013388262782169202,0.004833982804423762,-0.02248800713324477,0.013080730418068735,-0.005086098265724475,-0.011252653707935182,0.06130485469492457,0.24528851587003445,-0.03167883465383992,0.1969569522736933,0.1947349224759857,0.03497990458132238,0.04925235465869698,-0.005102955885315255,-0.04089952778149817,-0.030256443760752625,0.01958531689652005,0.02244607068657601,0.0611909289042307,0.0019982264523134372,-0.05617985017377248,0.014113175632339766,-0.006831924097449494,-0.007104423808761044,0.008075120326540779,0.002043933490327952,-0.0024023528092923553,0.0025462420855783645,0.0013122941497985582,0.0066207570043491345
2_2,0.0039897321565215,-0.005136971453977569,-0.024538915801694754,-0.003560679482582104,0.03031327003181573,-0.00023226835785644773,-0.010606414545281433,0.011627855374727354,0.057269999043480777,0.2554356756748918,0.2825114906720522,0.11942319117358746,0.007347570400938405,0.0037169458929130583,0.03286234754202213,0.03867607084263845,-0.015704135302900286,0.0006564556255485932,0.009776610980081177,-0.008759571183483318,0.009008796533287282,-0.009439480690535193,0.08163803383182262,0.1821359336550152,-0.01803396233880937,0.20881941774411655,0.14725714599225947,0.04863849818139871,0.04826369624239687,0.008827922728210922,-0.04282941864608558,-0.012741692468294525,0.04857035325334062,-0.024748355045119817,-0.0898604797618164,0.00196431404237015,-0.04818803807211045,-0.1496192987581593,-0.008366621148450947,-0.012617241446799744,0.0037103169486915745,-0.008264029123518814,-0.0017875603237417397,0.0013973443936954244,0.013952920059307712,0.023679874657625874
2_3,0.01283687357710919,4.8489346680543244e-05,-0.004114507277035038,0.00832337848773262,0.0229250298982557,0.007273890149896907,-8.70442539431236e-05,0.0034826839824690097,0.04895886121683512,0.07697919846404236,0.28378642902351947,0.14328321487705786,-0.0008245663552401736,-0.0004116506798114141,0.023251829133280544,-0.0016344884666892638,0.001335630276877858,-0.0019608644671050713,-0.008163276703307099,0.01609679387813785,0.037046356437682615,-0.01944450603946633,0.03554173404021069,0.2684126600868397,-0.020431210371961737,0.2288563562696485,0.22573067094678637,0.013344163022192513,0.04555688230429327,0.007041519838589816,-0.04174193871435143,-0.025627537547115532,0.0139998610006151,0.02727786589444771,0.07741971088438952,-0.011228278643607977,-0.05249785585356557,0.030034699442064817,-0.004442286591141329,-0.00615495219338148,0.00435393147214043,-0.007897156101372822,-0.0023282263651572027,0.004269820595561401,0.003414378055062766,-0.001389156627016285
2_4,0.015868469133078184,-0.003106018676553267,-0.00412649359782294,0.003606911277732534,0.01940348164335188,0.007822141438956064,-0.0058643543392751275,0.000476177277694342,0.049263775377986346,0.06749374700844456,0.29057164518485595,0.14550647155637506,0.003035181356968548,-0.006475184352127833,0.024697975825645722,0.024848971683698505,0.0009773674390039756,-0.004284210177331079,-0.007703318727553577,0.01876938715264453,0.030801734978050936,-0.015646400148359906,0.0427241875637782,0.28520116825661873,-0.024876535956086975,0.24067889640845092,0.2292443691121908,0.010610265187847448,0.05943704383413805,0.004703383812810982,-0.04529840918030829,-0.02753011419554298,0.01218762178240903,0.027005461604858578,0.07228993619705776,0.011876050378798369,-0.03148833798984199,0.025832805105086076,-0.005470138124234293,-0.006603369512489878,0.004356635761857863,-0.007187345234599259,-0.0008691673704456457,0.003225743645150234,0.0018624743893859558,-0.0007045007796519874
3_1,0.00551105320099964,-0.010236154290860082,-0.0013991529342710658,0.0007375940873434269,-0.008117974926357253,-0.0008450630250800663,0.026944459422407686,0.000926939409718678,-0.035937870431645154,0.12997771442686895,0.12977307565660648,0.07261723510048818,0.007142948655865686,0.0003059592648689829,0.08898268788415525,0.0358295249480516,1.6666760117373455e-05,0.010961615707458225,0.005584299457862214,0.03777571641934594,0.020496982033356932,0.01742300129663175,0.06323239696321112,-0.06892473704740104,-0.010762666019013404,-0.10274627635191563,-0.08905721595174762,0.04041760389214563,0.057367344031501365,0.0030340172398550655,0.015842929624957456,0.024989524358908048,0.004257142744513916,0.011897397130794173,0.05347189748605773,-0.0003927548834111686,0.025758613546498516,0.03195553448502836,0.008636048299327685,-0.012561770612076887,-0.008050340784263683,0.0008699190201774503,-0.006885171870173482,-0.0008234769923620512,-0.016027193207384244,0.051829093131749764
3_2,-0.008273096530195536,0.0017494661775348094,0.0027568555604836897,0.001797896001202615,0.007051105965695246,0.00629439030089537,-0.023758498354666563,-0.00131219623514927,-0.023387489027758043,0.09073611989427732,0.10182324036952879,0.02273562737076406,-0.00100114427510102,-0.0030174854672415864,0.05935222355300876,-0.0005784074258248466,-0.0025764841237361875,0.010428863224968991,0.007231413756578561,0.02599679830026695,0.0006330252081091088,0.0011816439076557978,0.06371142759527695,0.00020287439187150944,-0.014474443000529375,-0.05359641338470077,-0.06616989151587947,0.04985500657745844,0.04257116403362366,-0.01155609193450665,0.02901354834566875,0.012406376719447528,0.02136240163879602,0.03651609248805719,0.05983527937574352,0.0054384244392714975,0.04047097353376184,0.01387321707647138,-0.006838788916715655,-0.00045961632600157706,0.0060090085175221524,-0.0023908956991068094,-0.0024671558317967725,0.0032554835539226126,0.001954387982066521,-0.013631199512445043
3_3,-0.011092567376283752,0.0011125485046083734,0.0017599209167818678,0.0003503075096229578,-0.01825516936774597,0.0021972538853613707,-0.036989111092154664,0.00048349738703678673,-0.02925419393469256,0.11420621303742831,0.10359621010840517,0.017467616120469497,-0.0004947017986968479,-0.00018497558033299087,0.05167231314712025,0.026701784808767774,-0.0009410551653384028,0.01493344060072563,0.010740382867955157,0.05001990472327333,0.005406577884284091,-0.013233406297063603,0.045877410004174494,-0.013294049811076694,-0.01846620822635372,-0.0595465935338982,-0.05529117080551929,0.03139688580921268,0.01747668509437589,-0.005977073239700941,0.024515049147788414,0.013734266960246766,0.01859751137280385,0.024923037035561566,0.05455422693280702,-0.006952025420557388,0.024794719122359466,0.016002495394959588,-0.0010326552067966021,-0.00400915428509793,0.014178144992620463,-0.0015131329648746896,-0.00182784367566476,0.005261349504051181,0.0019321941302597296,-0.022258540183795385
3_4,0.013453785136434375,-0.029175921208905803,-0.0026502489245061327,-0.004413887967031912,-0.012148395548626843,-0.008792328854119066,0.004579411233067697,-0.003574675139454086,-0.03028864926391554,0.11023229076171351,0.1314237106121384,0.05086990204695555,0.0032208247876897413,0.00058055948414275,0.08038276101524607,0.04097114562423125,-0.0012431463297566856,0.0051040481473970944,0.015631301051659097,0.04544446300946877,0.004788034011016755,0.013989840941571552,0.03159703383542789,-0.04455843191819775,-0.009584865681895698,-0.044723183771157464,-0.06459758964387656,0.005485196705730412,0.055655070833770116,0.003993349907681712,0.025591878105725375,0.016618984216724225,0.009755251294930906,-0.025532059948281272,0.06544725566286018,0.0037549453167791415,0.03876310907012536,0.018846538129428072,0.01255428183261273,-0.014455067686471266,-0.022602315421637036,0.0014518386508323778,-0.00457053906235849,0.00012032075646726853,-0.017285652990221344,0.06414561898091711
4_1,0.009645641889891138,-0.00299392913392909,-0.0026647765353614555,0.00185000559845087,-0.013391927127990337,-0.008212303767630966,0.0177296328417707,-0.0012360018657603178,-0.027237704205755966,0.1377541280988072,0.11754246085209612,0.031229222210460154,0.002485041378953593,-0.0009060398467232807,0.04335125810142979,0.059416687861783495,-0.002967257474695919,0.008180090406804987,0.03619319523363494,-0.009448038761242094,-0.017166471359432937,-0.0009658304725522981,0.07763820224827221,0.014551335557567645,-0.00539247073763072,-0.050532810348425924,-0.04336596219969651,0.06858976945779414,0.05438424482219146,-0.01566485888295158,0.031700533786588214,0.01696562050066916,0.011032908024404127,0.017572973497608956,0.05341256410644248,-0.008407149565436412,0.03314552360888869,0.014676617478512599,0.01735464606841999,-0.01237285507948068,0.004424155618326891,0.003250348313267115,-0.0026291343029591317,0.0003123323391593187,0.010831974487739955,-0.006630965840497407
4_2,0.009711775380147317,-0.008005201190654723,-0.0022200539689532653,0.0006352824628135292,-0.01317117608141791,-0.009414218848179305,0.008674955736675333,0.00015076985811316668,-0.02813661297669319,0.140341140045302,0.11814366484214765,0.037361954069448595,0.002207029049689753,-0.002059892533573056,-0.0018415646936249227,0.04583385250121431,-0.002695104374141167,0.010383865579635582,0.04076117379928454,0.004746696510308015,-0.0017460868116876047,0.00029579785568191046,0.07679941006794574,0.021868844828345276,-0.006770753956381927,-0.051294251825947566,-0.03667179271621098,0.06213942742880511,0.051742116279863366,-0.011759733295224289,0.025501777804149913,0.013681708940428217,0.013457393409482517,0.01961545347832371,0.05285225751119717,-0.006884229479268634,0.03513378125509533,0.012828770274672647,0.007107447727570325,-0.007600011948935966,0.006820411677959318,0.002076228368037622,-0.004637623415030454,0.00030755430420032165,0.011832519234447112,-0.009553191033255788
4_3,0.0056102830411386305,-0.0036755309318213655,0.0030268562630434374,0.004693542682035522,-0.01856908441355223,0.0026431110134906392,-0.006298202418264721,-0.0015911522597928701,-0.02971212278460524,0.1073652686513642,0.11315894135828204,0.025801170469745578,-0.001238006008787936,-1.9163694016613004e-05,0.06972596299522896,0.036627086738702165,-0.002852511374753361,0.014538817456923488,0.010852667697684388,0.04288111196558425,-0.0055886751898998254,-0.010159432048234964,0.06546929384238143,0.010961819919468502,-0.012429324916314472,-0.03463032459767514,-0.03535313760734919,0.04776445825945294,0.0544536390088331,-0.014055569824218263,0.028948776941664627,0.019725772332537347,0.009922029280787208,0.022016943571037118,0.05995612910302845,-0.004154746672062342,0.04160777855295918,0.021911082750437617,-0.002244213923742469,-0.0023815989526246965,0.010062423839006013,-0.00021379702663564264,-0.0034559521899663855,-0.00132860675085941,0.003735504089200761,-0.021928551074582102
4_4,0.009784077138709883,-0.0072868549167964735,0.0012960728561611497,0.0016080179814467433,-0.011077095538776558,-0.004449375300342539,0.014251875647311646,-0.004809364302953774,-0.020464601236849612,0.104898670715877,0.1281407669088796,0.02449224190943479,0.004243599457495241,0.0002974379296522631,0.08416183412881571,0.059038516365798335,-0.003221426536815514,0.013725187348221148,0.0271283665794762,0.028148211511587407,-0.016905890100213566,-0.009034900693753236,0.0750824431605145,0.005402326447194221,-0.008079853716390679,-0.0473402590538668,-0.04597933286825899,0.05713280280950207,0.051258067208741785,0.003930943650135873,0.030807816528486683,0.00393982099013542,0.0046087805062453805,-0.032212764657811976,0.062191530563402694,-0.010341555003903082,0.045304833333592,0.014261230389952197,0.011501914592471572,-0.01162408832885748,-0.005935178833903013,0.001634913355845563,-0.0019688103709584502,-6.406893905400233e-05,0.005359306079374433,-0.012316589783923934
5_1,-0.034360438053632716,5.740999422532047e-05,-0.00034141726419645833,-0.00029376843210172866,0.013925112797339595,-0.07326941343455656,-0.03241456017116255,0.003641580549526765,-0.2198842410693488,-0.24092985553038315,-0.5759334529188121,-0.9941566627934089,0.0018762291642334156,0.002884352543276597,-0.02827215078193556,0.05032543648971347,-0.018591738337438362,0.00519087868893193,-0.0010738589178486378,0.017176793785261463,-0.03392667193459729,-0.0034560078882384846,-1.493224783237872,-0.1343667233399155,-0.043420400757126144,-0.43695968021075826,-0.03811362143687186,-0.9720041825956643,-0.5735580311850748,-0.06144193987893014,-0.08513851320332098,-0.0024682113421565077,-0.016498157208997645,-0.05824980259382188,-1.0194083463502233,-0.0029144350432762024,-0.31518526390747464,-0.19178040836563012,-0.0011030346335156344,-0.04986211175037349,0.0034187260430157554,-0.0010121588550234218,-0.004121993728530809,-0.040054155550371486,0.006387376223706448,-0.20575749316481695
5_2,-0.03618234661420674,0.0012578710831571307,-0.005903498965198499,0.0006335966339089767,0.01587919410408345,-0.04583246500883244,-0.035021321310465266,0.0008819842111832772,-0.3172548380153089,-0.25176995452370704,-0.6518636541581425,-1.0220652258651575,0.00035040172632523874,4.796915062136795e-07,0.024266659700642353,-0.015800265909787777,-0.01837878728140479,0.0038212041347634035,0.0017067557982049406,-0.046739190457615765,-0.032704776133199144,-0.0020971014211375125,-1.557851619098858,-0.13350891193039424,-0.04431510016251928,-0.43269367570268047,-0.01710820342423862,-0.9981292914486102,-0.6750529566124578,-0.06425677495726596,-0.15101051528248902,-0.003295635954053477,-0.01648508345988082,-0.04998320433962997,-0.9983458681945142,-0.003365219345400248,-0.31641853633422823,-0.1862435986932772,-0.004140635246154143,-0.05176403318714313,0.0032444829063726244,-0.00045858048815071233,-0.0022146876849575515,-0.03781400331003507,0.008879671630888859,-0.20327686366357808
5_3,-0.03778607944069457,-0.0010757908954770019,0.0019319407152359048,0.0010783456725910745,0.014374294521815788,-0.07333506348492264,-0.008582429457483292,-0.0007607751946296032,-0.31588289266110564,-0.25580820221979345,-0.6537507360386526,-1.0865588800465316,0.0031596718799084436,0.00013893252886558937,0.026814617758637114,-0.020851376699726816,-0.01831602875364658,0.004681648217228763,0.0012211662738392723,-0.048213118329573354,-0.030520278853033392,-0.0020311630870363277,-1.5628539673572655,-0.13962507777655866,-0.04404851965891623,-0.43529744958474437,-0.01829961217689602,-1.0154382644209183,-0.38230641804736587,-0.06644915313128305,-0.14066016780051518,-0.005258541292117521,-0.016324542343743476,-0.05052390364368048,-1.0748303522831713,-0.003401896825798642,-0.31739659548383775,-0.1864084665810263,-0.004663077780301945,-0.04733468089779768,0.003518284270605131,0.0006147252218406619,-0.002272347822370782,-0.037116503516480145,0.00035967677461243893,-0.20368941152186829
5_4,-0.03545824989834149,0.001658892411433825,0.0002837400671461223,-0.0010386265008976128,0.014993331299927082,-0.07352379191496486,-0.03416579248211339,0.00247401957533564,-0.3202226158229707,-0.24485230229174865,-0.6550508167672834,-1.0124159730560351,0.001753863793235982,0.0008194943935305749,0.005911590912246353,-0.01582523933057967,-0.018152773697356853,0.005916882419684308,0.005698605297575133,-0.062687765121671,0.03135154477581636,-0.003125533642043287,-1.5715115482467166,-0.13469216222325434,-0.04447887885387491,-0.43585404490912594,-0.017760713160641872,-0.9835414871077627,-0.578167627485596,-0.06269869655729894,-0.1461408415445596,-0.0026861105555488294,-0.01567105520668905,-0.056960215773605424,-0.9998010451904702,-0.0028817090424466435,-0.3131080019494241,-0.19133220687118094,-0.0006949795959110346,-0.05233794223794674,0.0030362527011582492,-0.0005028927139949327,-0.0028126065285229767,-0.03865304226762302,0.009153861107492655,-0.20402325148016293
6_1,-0.003950118579606184,-0.012637459372119384,-0.0024555581700844652,-0.0027012207647268837,-0.013320195419709914,-0.003213411242080541,0.010221192470820475,0.003305491897811743,-0.0565614931207588,0.0707527943307477,0.1158880229388751,0.024880672500116604,-0.001980813950689059,-0.004973900966128527,-0.049725915898624136,-0.014681516843183353,0.004474003382382615,-0.0219626195067438,-0.03628666679010159,-0.056159523437355634,-0.017825259300188915,-0.013903987224858432,0.04849299170415407,0.019694939687157957,0.005441867224052142,-0.02854957543261312,-0.049810760400345946,0.023017422278547126,0.025439702045426425,0.0003584942190068232,0.01347736467859888,0.004454517780047852,0.022268648208633977,-0.01383520187325636,0.05222673081187127,-0.024360205816668104,0.032855785310957404,-0.006406076205934698,-0.004833429021941518,0.006317829830546997,0.012949339255965258,-0.0011964648263614278,-0.0028531335199112147,-0.0023148913494588966,0.007208534734931163,-0.012220838301230077
6_2,0.0009762650770628936,-0.008503454487758381,0.007471469963088018,-0.0003985848273087211,-0.01340900067920464,-0.010116739410940089,0.016297931252657726,-0.0023407547564610236,-0.0410764581912313,0.08580527437239732,0.11687885876348518,-0.0026796054797559674,0.005066417292829327,-0.004515514325824533,0.04505312682405312,0.02737862020327808,0.001533481173407239,0.0009292761734462177,-0.0036318094763006276,0.031189174876492753,-0.003945816961999367,-0.01886529475443834,0.0180557156687907,-0.06857115456933281,0.012668215762958002,-0.09208346097097464,-0.08502166896123459,-0.007385108649120752,0.035399050526952795,-0.004222714936010396,0.009559238059464086,0.0025960151708975,0.004623466393820664,0.028870966761177102,0.04911747259415231,0.0031016570486729483,-0.005897410605703924,0.009963043305159456,0.010991873621672468,-0.004455639063790409,-0.008999306788891886,-0.003483188821086959,-0.0007321409627414751,0.0009326539212576488,-0.014545580176018874,-0.03274188733646384
6_3,0.0008801237089682249,0.0016495512413272652,0.002090992315696104,-0.0023184713337152008,-0.009969697773016534,0.003939671291020602,-0.01999771603673072,-0.0011262213084461564,-0.04682024557152543,0.07386683644068445,0.11812435140123022,-0.006510701479961926,0.004510036881038058,0.002672935665722835,0.03806620462731016,0.015209515820418873,-0.002489110823614784,0.011549628175767839,0.014133506296306176,0.032202548677945426,-0.02528916596136487,-0.020244096085780393,0.026772157372810464,-0.017429118162631072,0.013516702033120265,-0.0638427137807932,-0.041351887640797,-0.0025496279641969324,0.029881414770720614,-0.0018893641673818184,0.011273475165004576,0.007151685567657228,0.011970390166321749,-0.026432119045968802,0.06140688299388527,-0.0264386572543609,0.0363743449329766,0.018444729316668983,-0.004671358723410685,-0.002256549645969255,0.008474432658649588,-0.0016351037544796985,-0.004854262937015416,0.0006993037658027431,0.0013226397862603546,-0.005377769523255953
6_4,0.00435453799046626,-0.006088260041300646,-0.002540152456145187,-0.002537341716041632,-0.016237022100605788,-0.00764824092349008,0.07877171959295726,-0.001868502036279022,-0.04181843367161628,0.08522101719743212,0.12377503674603972,-0.009120082125183926,0.0004927243844494552,-0.00805110965925098,0.04353670433059834,0.04377034496430999,-0.0010361723272231582,-0.008229414866676854,-0.0054612581861552545,0.03093250174498758,-0.014112012513361536,-0.01129908535852511,0.0323402697485603,0.08946212491622284,0.001952604691840404,0.06758803768664551,-0.060112809182812976,-0.013111594339837341,-0.5218246365596747,-0.005890538500321381,0.013745440894733386,0.01193440600370963,0.007894424234651065,-0.03206519646335785,0.052257629354547426,-0.0035937385589922344,0.022762295987235687,0.017059957068435563,0.01210228133665129,-0.009890820057705672,-0.031965220228671924,-0.003350056935069414,-0.00439461681854613,-0.01328244513853093,-0.009523952997389406,-0.012469835828094805
7_1,-0.008144934778869862,0.0019474615612425073,0.0011656490712420534,-0.00249520396377339,-0.01484346592226151,-0.004388405027570541,-0.02465846782591336,0.002412983018502216,0.02638655333120877,0.0486800106208109,0.0799646471580572,0.01909245144955333,-0.00037434039205366224,0.0033621563083925383,-0.0578844474232642,-0.020232751360944653,-0.0034006626304339655,0.0005867975912791254,-0.0069153187245169535,-0.04856161046887971,-0.02443584100828582,-0.007608847823257476,0.0848601869973614,-0.0936964457262854,0.004312879175312665,-0.12458367207626829,-0.0632840713837424,0.008739956049048368,0.03692036901925119,-0.010872960824543337,-0.05734289194081253,0.017283977964001003,0.021784044707223855,-0.03934787779145957,0.08115854713420988,-0.008685207217104784,0.006399366848093975,0.007239522837794818,-0.006736622674360445,-0.008680483440144444,0.0019486222770079508,-0.0036464056890779563,-0.00434181538151586,-0.0036111457622902757,0.006977743637299498,-0.013989602215604377
7_2,-0.006674859126605591,-0.01924020887597724,-0.0006221474787675264,0.0008214951560026522,-0.0132106508921357,-0.0020852862687028755,-0.004571902673727871,-0.0002756724988903296,0.02217202089646441,0.058489489850272476,0.0774838753883695,-0.010284483273783755,0.005322540618864535,-0.004532416400808091,0.055748890810975844,-0.00512030614730035,-0.002656218243532049,0.01410632716424658,0.018600576110846805,0.02134263502239981,-0.02267195419818206,-0.005681169201495001,-0.01075022456771165,-0.03741068396566302,-0.0390168263237206,-0.06631597058412786,-0.04902382726556332,-0.011690457427152806,-0.029029151874512882,-0.026895888804007367,-0.06565614781160986,-0.021833413268631623,-0.008151117357331076,-0.0404384620379459,0.05346059204673593,-0.015750751926062647,-0.010198154320009763,0.011545240258848176,-0.011385112406164178,-0.006088304057963847,-0.020347721800563837,-0.0016481877710516064,-0.0029793022152863487,-0.0014360961451436052,-0.004872693545111979,-0.02077743161689002
7_3,-0.020294690788355635,-0.014889619062097669,-0.0031483213292835964,-0.0009695294721778372,-0.023095803116487883,-0.0024137295212840067,0.017381673660362477,-0.0031711952567253835,0.037099429260065854,0.06136884694048647,0.0676262317702009,-0.008218084365472143,0.0027470241805625257,-0.006029739506270561,0.058875370618178755,0.009082038118225999,-0.0010419028699980215,-0.005614979472314352,-0.009543878616643553,0.030159694958560686,-0.007528334609802263,-0.018893862221867265,0.006337402512799589,-0.01886492665361105,-0.00814747116143011,-0.06638004432228437,-0.055531276438387525,-0.013589569578222974,0.02952164686537452,-0.02445135877229211,-0.05300034331916382,-0.018924566011399056,0.012827858041872222,-0.0006067578068066991,0.05109988396152551,-0.010215021076583647,-0.02512590469823914,0.010539902226047363,0.005125735039417508,-0.024982294333785134,-0.03357640806722635,-0.0012725540349523752,-0.0014291006909291555,9.713414788202712e-05,-0.040554155108557505,-0.03447097990246227
7_4,-0.014683077501273574,0.004768396438632891,-0.01461346781980774,0.0014208475004351955,-0.00933203243043805,0.0030783336563167192,-0.0449294355031991,-0.0010458068956966605,0.03158382545172754,0.04866355413468435,0.06511498905015282,0.011492798704914643,-0.04836746958051116,-0.004213513320709524,0.013452124512786028,0.0004880534890896883,-0.017147657458057162,-0.013184543065724938,-0.018746856237038884,0.01027521525954386,-0.009021945158404456,-0.017807042586986163,0.06943977134534277,-0.056509169112192115,0.004060812762955899,-0.056474292194774955,-0.056308428123794184,0.010070706831867221,0.030222228231734486,-0.006479708600852049,-0.06274156755038016,-0.015461460230045809,-0.0016542283133549342,-0.03929097886873214,0.06983363358610535,-0.02682884158245148,0.01762707189226653,0.010804344829740764,-0.014500217626504459,-0.02340031781687972,-0.0019188245387790762,-0.002650316482135434,-0.003308890349126061,-0.0005237320737747156,-0.0033659105876910618,-0.02581533779510128
8_1,0.002204278014549089,-0.01793646017508872,-0.0014841579640878346,-0.0005503043022417858,-0.014263662828474256,-0.0035620191455043395,-0.0017639305133880208,-0.0034600270479096377,-0.03957915050287212,0.10162754215678536,0.13722121187193426,0.0010699145864418531,0.0028872249064281225,0.006269677488065942,0.04888340465136043,0.02492507422060397,-0.003948048430590842,0.009590201964805306,0.01701650454297994,0.023759898400687998,-0.024749614487577988,-0.01584047424222175,0.07289012245900185,-0.007781793693208638,0.005649785003239921,-0.04665206147982749,-0.041798422081844644,0.05382263186248086,0.05673688207891592,0.003810417094442624,0.016858205748577413,0.012519456742973582,0.010278959256431831,-0.029873330893718214,0.056527358296910114,-0.009327963029344407,0.03322347058966274,0.018954159355102296,-0.006596311480321218,-0.002363406075770855,-0.0007002644218111365,-0.0016598598685572674,-0.0016589202410774737,0.0009299540188669553,0.001774983171535479,-0.020199328313317912
8_2,0.01337702959561188,-0.009273808350257174,0.0020011283406778193,-0.0007837195863078205,-0.01810208326833897,-0.002821743396092606,-0.005316695486036273,-0.0023998462992609743,-0.039346827610984396,0.11195323193466926,0.12181482519464737,0.004783575439086389,-0.0002290748016891266,-0.0022262641291577803,0.03701573345658364,0.01280231554831259,-0.0025197888772610535,0.011826192094164852,0.013968694862537111,0.04728144165808098,-0.017221812453023008,-0.017600630466913632,0.051684209318992765,-0.006882753515419038,-0.003906942186795338,-0.04848240748201299,-0.049944218342228515,0.037602626645530796,0.0532762338400374,0.0068782976655060455,-0.007582287612097826,0.018095778071081436,0.009481403283270212,-0.005119580564388891,0.04419446628402968,-0.004371571723765693,-0.014647559721552229,0.019108850145409008,-0.0036784808947125753,0.006529475085655362,-0.016692140931497988,-0.00041142348119463574,-0.0022527177919143843,-0.0031735509417043038,-0.016708099895804747,-0.013736522658760313
8_3,0.0071998775802808454,-0.008182491313540173,-0.0017538039807540946,-0.0021707629662264896,-0.014761306713076383,-0.007680868879137584,0.013416171973552953,-0.004057430509616454,-0.04116711890968813,0.11272465852750581,0.1302177155407612,0.0012264619811716863,0.0037628904044343155,0.008190895554985667,0.06067469395486823,0.04909785590477475,-0.0007369799246553083,0.013795331856006671,0.023563913548355755,0.036945884507870355,-0.012750294242350907,-0.01770600100009066,0.06765426395554999,-0.015756735747995285,0.009537219858335005,-0.050109176664877644,-0.06350899088477685,0.04354694937158106,0.04428625813874176,0.009355226432088257,0.015575965064162572,0.01905173978804102,0.012805394303795677,-0.033802511422243574,0.0570928257198805,-0.008204843627843359,0.00918231871800139,0.01280472089916808,0.00989940715662617,-0.012974936882465034,-0.013022055521365443,0.0016673537780761234,-0.002167896885491711,-0.0009916814474691176,-0.019750338041168672,-0.018403794413242528
8_4,0.004241330115723108,-0.0034022831989231252,-0.001048721637803973,-0.023661574982312115,-0.014239743993163467,-0.01123571218718928,0.014702196673414557,-0.0004774849043699428,-0.02585856987295743,0.10390386111222624,0.11684946835703185,-0.0015892280090310266,0.0043967365308627306,0.009854629453696548,0.03571526781610738,0.042296082481703204,0.00015570001178163203,0.007988607854157507,-0.0037923921808439946,0.03508780554275078,-0.003236029475930559,-0.01211746614098044,0.05902205002262449,-0.012294416701299634,0.012931085915792916,-0.03929493345881105,-0.057453800925071394,0.03891080574267931,0.04759245000601709,0.0027979794457453602,-0.008509194012749594,0.009951042621098896,0.003083541227674392,0.027649316190710968,0.0499338205830222,-0.016186924246424168,-0.0032510924619553313,0.013357681075030497,0.008964373621847769,-0.011238757737846652,-0.0017370907194710764,-0.0014150747859561729,-0.0012513753524342013,-0.0003476133287730718,-0.02118073545484477,-0.0216864454534403
9_1,0.007358035474378049,-0.009567963248718267,8.749642112980996e-05,-7.688224586630658e-05,-0.006595975553957472,-0.0012702976971132268,-0.001874461806121854,-0.0023457643775605403,-0.03574844524214848,0.1085706196703285,0.132015784656092,0.01599273049855196,0.003834819329312714,0.0005264688201734919,0.04114385646797039,0.023176027639385092,-0.0007871243048566338,0.011826946200510684,0.015088199912438902,0.02173014375215511,-0.017947326974892073,-0.002411247971831713,0.07758257239686978,0.013452351593101406,-0.0058444573477901204,-0.048660070532725884,-0.03943468274808762,0.05774622822492722,0.06252983515670858,0.003938369108925593,0.004094190910001208,0.01193811490454418,0.012967212093715362,-0.027928170173356894,0.0704651667569042,0.026769814957886294,0.039765958335601204,0.01802408485874622,-0.0018463491189202462,-0.0018348659109377879,0.0019645644139599495,0.0029640363584123412,-0.001030315508885991,0.004188608286330848,0.0024855059625858485,-0.001329679077732779
9_2,0.02145034907946129,-0.007861698808875495,-0.00034484051049318474,-0.0011927798246348005,0.004643801110344343,0.00028887781710750524,0.0025860663784871398,-0.001805950962127825,-0.042022917014092394,0.11740741221230198,0.1421398979339381,0.043789951584792396,0.0023508368983357927,-0.002287414121096824,-0.04387590880147946,0.013338059523813254,-0.00047029369515006624,0.014958785878380306,-0.00302500572678784,-0.021062302842524062,-0.012802595539929242,-0.002175567991310363,0.0776605143786226,0.006935793727756486,-0.005155106439978318,-0.03833899189877906,-0.04095206868306707,0.07461429626473809,0.04523788175279438,0.009014641824411463,0.01801076563070706,-0.0031711251589722914,0.0020127894305415656,-0.027415209415281357,0.06361223462343434,0.007443199239985609,0.04530453870301733,0.015410334121453035,-0.004968549704639938,-0.0013757792971258837,-0.0015082369900671242,0.002052451804082862,-0.00237869806615704,0.0012803548577042538,0.0017467901446681327,0.006664643481661619
9_3,0.007583266916455591,-0.00674893084603265,0.00199167488665795,-0.0016464212010819854,-0.007091092818981241,-0.0012503590576427453,0.004738639196697402,0.0069655745094797565,-0.029240110753381225,0.10335314035367325,0.12971843264634822,0.010477665635762289,0.0004304498728612043,0.0010081360658583357,0.060581598253781434,0.02322801154879991,-0.0031379292080532047,0.0027350577068178286,-0.013536001644075297,0.011482919432911458,-0.011187917928394258,-0.004988807988683289,0.08079420639673314,-0.0013485817104920569,-0.0068005617757405015,-0.039695093177654864,-0.039768762866804114,0.055395215034757556,0.04842660899521867,0.0027650393727916794,0.017361005803558816,0.00472707765765388,0.011322974237979672,-0.02452390573231009,0.06998503463921406,0.011880698750274515,0.0421050240321244,0.020555609234224993,-0.0071988903301743,-0.0022465004588308763,0.0009626101790864584,0.0001299271035726131,-0.0015824973785983456,0.002296619062194167,0.0017132006190837097,-0.00566238716662099
9_4,0.005581881268746365,-0.008600152336468641,0.0005769363892113176,0.004725367738135047,-0.00583557272352282,-0.0010726731235294878,-0.0014757678757172953,-0.0020596677994986438,0.0031270019953364685,0.10507183520856843,0.13007271662146988,0.014555728222275471,0.001742325293450116,0.00039787724719728997,0.04623899818884426,0.041609089286440554,-0.0029606791354917497,0.007071315924651483,0.00785394475441637,0.022112028993175374,-0.012479166747863158,-0.002387921189705536,0.07754332754687267,0.01110291783872272,0.005767053613115882,-0.026521613637507924,-0.0402157773462473,0.05551375788986827,0.056717875788649424,0.0021057092128448623,0.0023815946523133447,-0.0002024238012080954,0.006166079679478937,-0.029595025644128473,0.06951078064078775,0.027909975201839646,0.039886765126388286,0.01857481273330284,0.002794133766087476,-0.0026018910852791417,0.0024949788692835016,0.00020834177195950664,-0.0011463050567198636,0.003035931046829813,0.0015703850398332548,-0.012866745669808307
