,0,1,2,3,4,5,6,7,8,9,10,11,12,13,14,15,16,17,18,19,20,21,22,23,24,25,26,27,28,29,30,31,32,33,34,35,36,37,38,39,40,41,42,43,44,45
10_1,-0.0072312901691166985,0.005412483958678077,0.0021864860421928027,-0.0012942560157111582,-0.0008991587737525581,-0.006766607689300794,0.0020127467610949645,0.0027659125950176278,0.0013418915328186178,0.08283209943392543,0.06332436223199962,0.035217273735946374,0.038102055288604914,-0.00428652696311605,0.08995841130055514,0.03394779003690622,0.05739583409075177,0.0884003565729501,0.12167680988959069,0.07097916320237753,-0.00020372364165781719,0.02924563943207377,0.04460728831058366,0.013839484507120735,-0.012580246068809729,0.1774118273780521,0.0838506155372834,0.7947492261236783,-0.016114060852095578,0.0692592486959952,0.010384384379942749,-0.008239179782468657,0.015606126494259895,0.01018773558721872,1.2554648820430043,0.026933993757487232,0.03326911115434699,-0.008151584139423379,-0.004658578485583812,0.007336005883631543,-0.00633479364337899,0.010004543737364638,-0.006636928395470308,0.0028373228170370086,0.01484805684647906,-0.001057122515956784
10_2,-0.004581146444274398,0.006006880684592486,0.0015655495523053237,0.0027346656409587946,0.0033814325072226126,0.001949463109794365,0.003986751906749998,-0.0008148447021825038,0.0035038934714725235,0.07442337360392029,0.0769539868719838,0.040687532907178636,0.021672188771854374,0.004048559319648546,-0.01441213216158965,-0.0016967260549948272,0.02501391362634914,0.05052814455112046,-0.014656269422488977,-0.004653953201186573,-0.002053660151343648,0.022877385598251705,0.03650016863521108,0.018130071087921928,-0.0007698189532933902,0.17217395385481032,0.09066419004058197,1.417419866443224,0.0520588769249316,0.08026943849850586,0.0015053168117122654,-0.0060589193610139005,0.013230524106901426,0.011274905388197322,1.2759248294694094,0.01728647889903911,0.030626266298324975,-0.0032686250895977266,-0.003412902918818604,0.009533874013525628,-0.0024084112241227348,0.011069896556688521,-0.0009253251579290142,0.0024388933267868677,0.012090901938556397,-0.012665483601226395
10_4,-0.0019540059518410834,0.005953596360998109,0.0011305895230192156,0.0011434099225628726,0.006148295102720337,0.0013342628864701069,0.004923152523899737,0.003848653998275748,0.0011263541704969616,0.08697708241000845,0.08827959226122192,0.03573172413151164,-0.008219538768317386,0.007456036520458374,0.06344431520483244,0.0383772480880042,-0.015357777717833837,0.0478357322899674,0.08204938402273831,0.08380596947124894,0.0031960088743217623,0.020764700890956857,0.035728563765039655,0.021239284024324952,-0.017855655745399997,0.17753351829883393,0.09469248283247818,1.4691429251215609,0.03530422266925362,0.0715761607412012,0.006186386486217389,-0.003561611018640076,0.015113117753221748,0.016062415634808327,1.295251049567606,0.015315356801480443,0.035441409672908666,-0.005555494590267171,0.0017548889423687874,0.009237126113777798,-0.0022575640138153023,0.010828003159968933,-0.0011617273540068097,0.0026428064643872046,0.011910164747420498,-0.014513245976068985
10_5,-0.00012878751924630646,0.006471209319332793,0.0013404649902101,0.0028935640201704633,0.00540609370195701,0.0011588921864692067,0.0033696219097936525,-0.0008550510269163328,0.004610346368722886,0.08880382861502976,0.08913030635056542,0.037644882423278736,0.0005481133746153161,-0.003961485555096335,0.06641454854176423,0.037173564504147785,0.042957566785317036,0.07509993910242661,0.10834418941765435,0.008050789933787878,0.017269704815622244,0.027092082177145833,-0.04083970104312159,0.020266191388823,0.02017911526163384,0.15744062641180967,0.09512969228417267,1.4735293289244495,0.026810010063074534,0.07773999355936968,0.011086050179543264,-0.0031128271617299457,0.018358971174697283,0.004490039012175061,1.2994591976846275,0.025416419137795576,0.03700552480818877,-0.005489094024796718,7.773549739000863e-05,0.009067606129829767,-0.0018306574200354852,0.011673398476834468,0.001067584763346371,0.002483113391277976,0.011315827168042062,-0.0006711671734525781
11_1,-0.003784686078161225,-0.008152711326667708,-0.003793467139458054,-0.006541194087336231,-0.0044293729333680885,-0.00817738977199964,-0.0018311446136000818,-0.006588780347655791,0.003113389602721102,-0.07212219734446777,-0.050123024162203274,-0.007430143896977775,-0.006652394040429785,0.005884527138890196,0.03066963845448568,0.020675504676702445,-0.003429050445718164,0.07090896799650274,0.04364124053005756,0.02439816238413194,-0.005761487954732449,-0.008327178889066856,0.008686038009190206,-0.02381412328107917,-0.01853211613953586,0.13893202552495806,-0.06255342599066119,1.0040631107701175,0.010795903333552556,0.04950315284709091,-0.001021893915183713,-0.007163995720403457,-0.00907883196085608,-0.024478340292736153,1.1510161948188389,0.022728363670989345,0.015745334699201616,-0.011320038260391458,-0.003704860998438222,-0.0013117597550873512,-0.009255552637706468,-0.005541300587729208,-0.004945290253605415,-0.0059402155815685385,-0.0016269221361264533,-0.013432681832419333
11_2,-0.00373967304242951,-0.007880127312590659,-0.0030591849889706527,-0.0032754574035405433,-0.009117319160675912,-0.009859852851131107,-0.0016729415812427666,-0.004781993941036019,0.006983280486746655,-0.04613602478219349,-0.0397930260931585,0.03086537828069868,-0.007280294063389022,-0.004774068904906309,0.04585909752094777,0.005994366822229707,0.01822250740473839,0.037726861687759454,0.08789345693449624,0.00108221875963087,-0.011978349183881092,-0.003688838545984522,-0.06700602878579105,0.015098056668223551,0.013868924031044696,0.1297064007270435,-0.03178152967887293,1.1115918202056916,0.01800656810430952,0.05974054258108421,0.0009513630549705042,-0.0036211817222967795,-0.0043214856340741525,-0.02680366211523592,1.2227222373997864,0.02210635143031394,0.03158023692993722,-0.009171755626563118,-0.0029409748125304495,0.002072564693565064,-0.00512724925897662,-0.007137661547565434,-0.0053868574852653575,-0.005627794298098731,-0.0015106184490904547,-0.010482309853814133
11_4,-0.0035023743413336215,-0.0050852145112490945,-0.0033879694638008725,-0.0031348158418362873,-0.00642411193818676,-0.008966756652445708,-0.0013202607182057863,-0.005711735488618847,0.0022345714827537023,-0.06771733671525969,-0.04232325110534714,-0.0024941048232464237,-0.007445308970654865,-0.002871312987499362,-0.01172230621422315,-0.006657169622691665,-0.012599074229621908,0.044209695428265236,-0.007370611276509472,-0.006443142265297186,-0.010817234084742904,-0.00548123050234788,0.04254081684222725,-0.012100902376759658,0.006366631818578781,0.13092298226466212,-0.05959171060451432,0.9740224920565719,0.008517568531620912,0.05469948909124766,-0.0009433213529590334,-0.0026939681066534193,-0.010239733842147604,-0.02560120822985782,1.1684538697196765,0.027610773710419777,0.020206898030812166,-0.008658858727784371,-0.0010438674911319532,-0.001284099520189273,-0.006849530938182274,-0.0049176659289721205,-0.0047825944117341245,-0.004778554368753164,0.0004076289430792227,-0.0156735486293961
11_5,-0.006565995182798104,-0.003425225076308118,-0.002574596038359336,-0.0030406030965174674,-0.0012463732119009127,-0.002918267603135655,0.0016971944242479245,-0.0028552868527035335,0.008049537062555942,-0.06017619773344952,-0.038043556350264816,-0.00022339116211003831,-0.0072770926970758005,0.00975241883020138,-0.010924933653810167,7.335741412929528e-05,-0.0011677572337996552,0.04777194294777445,-0.0071444313133790065,-0.005395030541251163,-0.0021089463939257427,-0.002594483451789146,0.014128106197470505,-0.02497616792456938,-0.024183681880128788,0.15006436949542126,-0.053787851498946146,0.6143269618288743,0.02604002471949919,0.06984109873801388,0.00023560781784594747,-0.0011208184542666956,0.000601275948894551,-0.023043186312192317,1.1114910781981338,0.03942415219982819,0.022450500478502253,-0.01187231176775983,-0.0006621227973678822,0.00448249200731081,-0.0062339909791201175,0.001276229395296213,-0.0031099560282724626,-0.0021242298913979408,0.012633083805633856,-0.003981348529307566
12_1,0.004562170145310487,0.0013412966623354858,0.0002183739999549139,-0.002368686042932151,-0.0013525320273403544,-8.802056057068807e-05,-0.002935625772137378,-0.003119862584437305,-0.022869567855845926,-0.005218908523880239,0.01563433907741435,0.016334007545503362,0.0029439768002506987,-0.004441246394727747,-0.014118825151680609,-0.0070280865704714585,-0.015851177032039383,0.06103346003443655,-0.024410426841982268,-0.002563201878952553,-0.057332690824547373,0.007703778159836063,0.005284098620061758,-0.01041114140243985,-0.004644476045571006,0.09310907489593573,0.0055271645040092495,-0.09840467669156269,-0.0347459928627026,0.039677963742650216,-0.028568499888196618,-0.036932018604319265,-0.0294420071894184,-0.03865678030091094,1.0215312536509409,0.013493843120960039,-0.021519294682764454,0.0022202552435683265,0.003052338945247279,-0.0009624842353601594,-0.002580952406931533,-0.003679574869390771,-0.003109946338879113,-0.004951914982232854,-0.0034062276084197026,0.006771948813849828
12_2,-0.007818511086512008,-0.006011663104335313,-0.0009104189152643147,-0.007670008274654321,-0.007063680648441197,-0.0033512373620706785,-0.0007684215543260507,-0.0027111578366153534,-0.016656000081665196,0.0034716499370524142,0.015505511875622874,0.018978900254035157,0.005444275588444698,0.00010470679612710934,-0.012289435127707105,-0.002956283157951994,-0.00806218687377391,0.09434740912783023,-0.0023626673585566194,-0.006843578843870367,-0.0504726671472897,0.009915100192276458,0.011291728157319676,-0.014020845589522882,-0.0012323013949067827,0.1010746381866899,0.009294623787789363,-0.07917957383008264,-0.043977231054339934,0.045364179378175794,-0.02716593275333004,-0.04199608879591821,-0.015268745734298414,-0.03609661660201757,1.0393508644497165,0.034252603733694896,-0.01167100313469541,0.00043794877394043606,-0.007780835089370565,-0.007127636742103109,-0.00901133254273924,-0.008067140165430736,-0.0037736004202173572,-0.006572876171662454,0.0011370137445960676,0.014923680315555413
12_4,0.005305216425262337,0.0004738681456933291,-0.0014455925655551013,-0.004219790637350863,-0.002127717730393396,-0.00022385941524652372,-0.00154165674178147,-0.005428416452247747,-0.028150590093121586,-0.004357942045121454,0.013834260200393012,0.012907194432839992,-0.016265255273876112,-0.018683834445901687,-0.02342411931215676,-0.006238043924844068,-0.019931276626879102,0.05643102567392757,-0.028584493041482667,-0.011817867154786667,-0.07529231341416083,0.0030200767170007322,0.00512339041409994,-0.020483912450798104,0.0220350862113541,0.08388151445740287,-0.0008590919206033285,-0.11148378397788739,-0.04871228565861889,0.02647287067222488,-0.039308000177901425,-0.041246699798042276,-0.04278034757416863,-0.05965503586404999,1.0090905264765644,0.0118640659460247,-0.0250328562452171,0.003486398062475719,0.0015497499895330714,-0.0012690596370199315,-0.00404904083471436,-0.0048969004189569395,-0.002977547082290434,-0.007620892481614291,-0.0058255625631869245,0.003209933882194934
12_5,0.0035158676612332923,0.000586365767859942,-0.0006786720658961067,-0.0015269064324497515,0.008377045721399287,-0.00010119786373639881,-0.0035031700826087253,-0.002094325144123608,-0.018011502188886978,0.007284660087068368,0.023793222583139182,0.011765195295332483,0.014681764799317902,-0.01883285781692504,0.05681533067930287,0.017756002541705656,-0.016714840503077956,0.05085588085824096,0.055961072242949,0.026401281321732525,-0.060097385935479294,0.004777352073548535,0.009789089551059053,-0.013775368520022986,-0.029051645796022114,0.10560257657155832,0.0024798102207107793,-0.10508591320915506,-0.04061968866690072,0.03543179492522258,-0.008702477974425943,-0.03037533141893605,-0.03131587633490313,-0.04815605952124095,1.04288850462655,0.009797656034695637,-0.016381270987639533,0.0023664793378229063,0.0025999816596464845,-0.002006654904901328,-0.0013854554798826072,-0.0015802496951081348,-0.0027504574486636934,-0.0021846982859537213,-0.0031001596105836083,0.01003624240031765
13_1,0.005317626128853755,0.003422871092052649,0.002024511761917902,0.0014888401827064773,0.001459850251659202,-0.001804439385441726,-0.0025607600598970904,0.0001781038618031545,-0.0032651144644050656,-0.016718980985043718,-0.00912770016442811,0.014970449131758266,-0.007397024543473717,-0.010500409459632949,-0.009945692025895922,-0.00023192432405135698,-0.006000842901733001,0.08013700628171486,-0.016517360657037683,0.0077163291169834195,-0.008289949645349605,-0.013983604000484704,-0.1459854603414797,0.00658029000715472,-0.00043094302209658653,-0.01267388082460543,-0.01243166500724653,-0.316542202451847,-0.008992218122394336,-0.0286271898804312,0.006157593382186995,-0.027862971787229605,-0.007468173117234312,0.012245253376018754,0.9841918511980549,-0.03791633139793582,-0.06601926539041053,0.007461398832949964,0.007477595623284507,-0.0010303998268010347,-0.0024633907934302006,-0.0017261155615130668,-0.0014677474689064002,0.0010802875031119038,0.000417975211719542,-0.03123196314018248
13_2,0.004623942885416956,0.00388963824169668,-0.0003176237037649946,-0.000525391140369884,-0.0017164376457452423,-0.0008538202249250621,-0.002382089011727706,-0.0006670331173572205,-0.006537504862939233,-0.017321871576588137,-0.0070732159520576245,0.014185417942840138,0.004006440068235715,-0.004113022024727461,-0.0006225831126087371,-0.0028381422239558236,0.005939140014925879,0.05311954111287139,-0.014682765266873286,-0.0074683524353061975,-0.0040305073810891845,-0.05411786157452112,-0.15291934802926033,0.005393963413063309,0.0306863362225224,-0.0015798837254822568,-0.025967152605593735,-0.33110691571838524,-0.015048507059208637,-0.035541811101126176,0.005979170876339356,-0.03183913648984035,0.0010004292748641915,0.012466300596848771,0.9746188626109,-0.03746208571117536,-0.07485239662532281,0.011617095767626158,0.005959175893923397,-0.0020815716487274424,-0.003940825019072435,-0.0032358729421063017,0.0006046744580898979,0.0004256076998621876,-0.0021120059525734183,-0.036006823342004175
13_4,0.005466585410084976,0.00479597320121577,0.00014625212325997117,-0.0004296621501348581,-0.0009183208966464821,-0.00020196661638830545,-0.0020558002312289643,-0.0005105932789303536,-0.0011611965021017673,-0.015093792790193525,-0.005476179102789733,0.013058922797878465,-0.01616347996287559,-0.020845197139278442,-0.01400123268891672,-0.0032524217286959475,-0.008677518534027187,0.05972034583589913,-0.014069618484248361,-0.010491486468561535,0.0095334611978118,-0.021806679035479396,0.039889862274860875,0.004219886189708047,0.03158172842592721,-0.04620349867187359,-0.03247087759208528,-0.3144704331767181,-0.009165692120528176,-0.024686008366175505,0.018595094376680135,-0.013603334665789417,-0.0026377508956302795,0.014578415791717132,1.0293548180852452,-0.033927979435702936,-0.010625138476228601,0.008007290837445979,0.005983646431019805,-0.001824250643763303,-0.003246277409844159,-0.0018692459204719127,-0.003056107294187073,0.003789688157037473,-0.002798694222580536,-0.02967893821559967
13_5,0.00803562323407009,0.0023670941818644767,0.0013466134831130077,0.0017427373446653144,0.0014077294638120776,0.0053537060553492605,-0.0022688742232888103,0.00026807362320685095,0.0016327478005765718,-0.014916451355760035,-0.00668157485339659,0.014925092519714819,0.0007485890322095453,-0.011290986703340342,0.040501324510404474,-0.001725275565684144,-0.006153202883673516,0.059101784212169425,0.06923175092559553,0.01735060483612472,0.015730048254765934,-0.002284674632504569,0.03175145600463293,0.005740785009758983,-0.020431802022122452,-0.025306659223790846,0.028056838946842366,-0.2735180618424048,0.008461255264394238,-0.01721737428212948,0.015219456017544389,-0.020638182191242863,-0.0022027742392006808,0.013396912696811194,1.0290569750220797,-0.02073608963054695,-0.021015440173724226,0.010682914121154841,0.0069671496651052345,-0.000719823017182149,-0.0023730094214116674,-0.000981779614841565,0.0023971238991346484,0.00221611125031568,-0.0007378720457217156,-0.023051395435887443
14_1,-0.028284370618881564,-0.0032112823187730936,-0.011143055046393251,-0.03717431435594019,-0.012264118504761126,-0.018313248073621443,-0.002847547810352484,-0.02607061677158805,-0.006852502503517985,-0.06878982355639185,-0.0741156683877889,-0.07398166018993249,-0.005518920374182125,-0.021447308075556466,-0.04567072948175357,-0.012198817449739236,-0.015337409101506803,0.048827892430140137,-0.0477406476546961,-0.03914383475901564,-0.05487670181403438,-0.027035697196432285,-0.09004872455432086,-0.011252967060195617,-0.07022002056633858,-0.29624132571487233,0.004098040649330622,-0.439299844650081,-0.05867605154527012,-0.06676286981111498,-0.04103020866005934,-0.047725261854854456,-0.0236958886257945,-0.01993586363228933,0.9117294590925852,-0.12692799218973402,-0.0402250320329827,-0.030135774607110137,-0.018799221339239194,-0.005459354322094074,-0.02389304885543435,-0.002786243635238741,-0.01341002304668533,-0.012705404415259849,-0.0069891772281978435,-0.1343434101284338
14_2,-0.015689547989756074,-0.00834822778598299,-0.003838920981805718,-0.03358575881727948,-0.020925071659552704,-0.007766328973306584,-0.00338434071151571,-0.021694596430098332,-0.016370148820227037,-0.07454836183017054,-0.08525336707127194,-0.05707264388980521,-0.021396764688587217,-0.025046475208763325,-0.05278926268618897,-0.013402074579250437,-0.029931287182241813,-0.6006327442941953,-0.05837332133693635,-0.05096174004387385,-0.00041482752095482126,-0.036323829890873106,-0.10291306614472384,-0.011055291568324398,-0.06117762964283843,-0.29093305090354443,-0.010268910878055636,-0.39914406491145654,-0.05568407507137882,0.017767678234418157,-0.051480027721081296,-0.06178461680538111,-0.04895748210800616,-0.06156461754537291,0.8492436735024551,-0.13345631500082272,-0.049025669503357294,-0.006908759999400085,-0.019054365457239746,-0.013377346540961826,-0.01730203503153985,-0.011931562642790073,-0.005650851366992225,-0.009475566285806149,-0.017392111827714444,-0.09750468273334922
14_4,-0.015271485238291842,-0.008399201046972928,-0.0054394492193514735,-0.026814699406949444,-0.020791018022353447,-0.006749111122492444,-0.010958714867171164,-0.014402705824319044,-0.025303070259589312,-0.07693785042795931,-0.07672292337208142,-0.05526038958855219,-0.010193560773021249,-0.008782319125583943,-0.0508739535170514,-0.014684929897606672,-0.015601623390454357,-0.6195209932846489,-0.05668539648259974,-0.041116615683466466,-0.0527817676321308,-0.029947689714935166,-0.023006503645591696,-0.012948442468340678,-0.00947403683374278,-0.25816863058286976,-0.004324630070650088,-0.09557925243726442,-0.029772432728284823,-0.058731771550112014,-0.061626494837793755,-0.07211135056546036,-0.04966809508481894,-0.02806654635210047,0.8876855076673181,-0.13309266278870802,-0.004778259991374483,-0.00926909736591771,-0.014986118878999262,-0.01212205688568162,-0.028891493103622837,-0.009827874493269164,-0.004165459296111269,-0.01356026598316352,-0.011933740000785353,-0.1365542591514829
14_5,-0.01987970433666354,-0.00615948960259344,-0.011305983717179604,-0.027742085872115654,-0.005211905390753521,-0.009568875137380547,-0.001707027554401449,-0.01907032328170971,-0.0001848104229526168,-0.05709281558459633,-0.07292428986727441,-0.050589989658186625,-0.01862512016878785,-0.013334248063343,-0.04365699569664139,-0.01579634594018897,-0.00620526532617056,-0.8294478003806998,-0.04543880205663566,-0.03473659618576005,-0.016595292956659055,0.012015916392076328,-0.016210685045791463,-0.009055387558805352,-0.05338550295446293,-0.27874503763607167,0.007281317101298048,-0.4060919816518585,-0.01924156303712208,-0.05570336389335148,-0.03435042618497631,-0.04057886296644101,-0.01752475323557666,-0.015570185500839422,0.9544932528864702,-0.09697677006414333,0.012976677282528031,-0.0380716458386929,-0.008926206498432761,-0.004767523477454507,-0.022196410027412548,-0.0016646672903214289,-0.0024822215457724647,-0.013669956945577023,-0.0076916417328482985,-0.06302780251062914
15_1,0.008259454855814691,0.008415620618425941,0.0010127508424901217,0.004190336182639203,0.0028448818033197224,0.005521816990121792,0.0006433465504841816,0.001685463778272066,0.03623667319901334,-0.012499674681638259,0.003516032504627362,0.018653835131001797,0.0037082696880620697,0.009689418688979448,-0.0032789751082256137,0.004199157784275493,-0.013616447266157246,0.07919826949187812,-0.006810717206296553,0.0009131896091794773,0.008121732946709417,0.004499676960512546,0.06914079196799576,0.010810162073691744,-0.01743719144674191,0.21354014786879244,-0.011452874876845764,-0.008721198821625604,0.06108782953008283,0.07173309412646173,0.022084423790816474,-0.008655270080578717,0.002598200467061709,0.022869786589140222,1.1828641905453676,-0.007029067236570943,0.03937883538280468,0.006822605257674505,0.015752382604450034,0.0002734282376697692,0.0007517896256709392,0.0029574440512782764,0.001770880797358589,0.0028245041602001425,0.0023850059689701913,0.03751421894055425
15_2,0.005177377106115026,0.004854764940281099,0.0002096977693027992,0.0012608818340934128,0.014215224577356609,0.00444222824801565,0.0011570499885456078,-0.0005984942318848613,0.02780784949405534,-0.009647333358216567,0.0003452961420602308,0.01588254761109849,3.784811095569282e-05,0.024016735202845696,0.05549638916695561,0.005854142992421063,0.005347352535054214,0.0683647095129589,0.09400412232415262,0.012335974564011216,0.027953336086981594,0.04676738575208805,0.05779862667427334,0.007584423412115661,0.0415998821756744,0.20545182862340663,0.018955756028183796,0.014427629259723284,0.056938710846272035,0.07381805689531044,0.03595439876089303,-0.004862987419028741,0.019570905207040055,0.03351758346066489,1.189084276456416,-0.0034344436979485823,0.039917635576190665,0.009343001923068457,0.008258570829695553,-0.0016438148385202458,-0.0023541915396191574,0.007707568583838419,0.0010641447649232985,0.006276486785278406,-0.000608315490281387,0.04305135645783065
15_4,0.00997969241977832,0.008727077050793331,0.0010934280569807845,0.004594478702463377,0.004176817867693308,0.004158123511655973,0.0015522471006692966,0.0029805344433844203,0.0181360262058028,-0.005052019591656156,0.0033604134625501735,0.026419978108355086,0.0023506041041187462,0.004905829357940274,-0.0037906410541629267,0.0026107497856465893,-0.0046547703793381,0.07926117628033104,-0.004400088576818578,-0.003937968944714506,0.0338794189548038,0.05810389163149609,0.08571644923568146,0.01337096699493942,0.011875801983138548,0.2292171466852582,0.032994399675548534,-0.19811601822187755,0.1038699219168759,0.08760470310456951,0.029933980974895476,-0.003245685655584324,0.0015034589783549668,0.02774415772299228,1.1910092023360572,-0.012765468483324655,0.022811700856394477,0.010570534154184446,0.012550157024070653,0.0010355145015372288,-0.0002498461216997876,0.00042247106359133896,0.0037381156434058947,0.004782306684060451,0.0003935610940695533,0.05507656800984225
15_5,0.007428785728582445,0.004195835876378287,-0.0001530788200716398,0.0017143462236972906,0.003848301693218118,-0.0013000495393829545,-0.002757219830190387,-0.002276961326077595,-0.01014264156668765,-0.0212148707271059,-0.0023912807178376053,0.01662007065622496,0.004266837487138476,0.011391702604681463,0.009062380523225142,0.0022264769864594443,-0.004704600168626183,0.0680858180489524,0.10126556865892973,0.012611567162072106,0.008026738928926757,0.031496653315177696,0.05743167131132197,0.010044124360474797,0.03641773853813477,0.18795199621952982,-0.007944664307803091,-0.0043480193523429906,0.12000261076338954,0.0748701103148389,0.0014336827068504464,-0.02621858972448394,-0.024057362965293122,-0.00287060066755466,1.1382864143095184,0.03303328231505168,0.03138305146655732,0.002031771765473277,0.006880008295627098,-0.0011687913949844687,-0.00010946139177519693,-0.0017034463811872328,-9.156161601377815e-05,-0.004809476800117184,-0.002731043827722959,0.03328479669348691
16_1,-0.0018506599083511726,0.0012559250500446923,-0.0018188751205560935,-0.007249648142245516,-0.0022725311631024855,-0.002450523515434575,0.0012129687874711595,-0.0026326224760520613,-0.005687300500417464,0.033655016798870646,0.03520897116428268,-0.004707598873603772,0.00801737604221282,0.014020471393605662,0.02631558671138784,0.017226286712365972,0.0026959218713531945,0.07065223069064738,-0.01090873089882892,-0.007856238474315347,0.042964140400143354,0.025734389911431368,0.013654437961243406,0.00919495718952498,0.01755643002070787,-0.09562637811625006,0.0054420016911575185,0.023683019958956955,0.024372967290558014,-0.010883422822482985,0.009369002822897094,-0.007495915072841193,0.003599230730549783,0.020919152325180566,1.0625005800395253,0.07113129238266766,0.009127401117580775,-0.0050346545054654945,0.0004518248803674643,0.00334870594705555,-0.00693840540331957,0.006139730042802697,-0.003118008867097561,0.001083422439366314,0.007609655919750178,0.0328774513029717
16_2,-0.0003699337730747867,0.0007326887202561109,-0.0012781401609899463,-0.007079366932603881,-0.001996521956171555,-0.003271729140211046,0.0006678816560269878,-0.0026108554565312833,-0.005950599615966853,0.03293949413531672,0.03476562403728552,-0.003120480878201574,0.007931516625715233,0.013743050506885216,0.027700931135578536,0.018162264047669005,0.0027361715563123615,0.05270589719253618,-0.011216752362778498,-0.008628007410138533,0.04446605557831046,0.02478461793026506,0.013137050997677717,0.008768346570341262,0.008795970307537888,-0.09551993876198892,0.0020571499809355163,0.021986953804786852,0.024633314120906767,-0.01310433464322832,0.00935193497233572,-0.00847719432446867,0.0036894710167318973,0.022561464024544953,1.0582780091708441,0.067746633992638,0.008442103029948094,-0.004753979493667873,0.0004312054269454372,0.003309424080723051,-0.006794642158821416,0.006138229421820858,-0.003045275336983093,-0.00017605343096918435,0.0075103210569526764,0.025552726505802592
16_4,-0.0003646221600860035,0.0011477330285750694,-0.0012679377611485411,-0.007408301096543517,-0.0023041661092430177,-0.0025801289489634045,0.0011856442834057858,-0.0026035242942908225,-0.0054567134679133385,0.03313391008036512,0.03470100400531102,-0.004738348367665339,0.007984838597173503,0.01379811532171431,0.02718115995662428,0.01786032897166978,0.0026411021295288436,0.05311994629138548,-0.011301273696413767,-0.008213013443739267,0.044789248909964094,0.025572329979844412,0.01346501882394495,0.00901407970847331,0.015491412962207646,-0.09565455342740477,0.0012002786310415104,0.022034295027390235,0.024710128854908132,-0.013139090839045067,0.009101731759319897,-0.008075835398926978,0.003731515323291445,0.02265689421313762,1.0605747032531638,0.06956520782263814,0.008992183200762142,-0.004745605775312353,0.0004462071444831745,0.0033320475540121334,-0.006926709108573195,0.006137212787031823,-0.003131586008968886,-0.00016307428637754904,0.007488848770431207,0.0317615507794208
16_5,-0.0002801619350035645,0.0007891396389203162,-0.001549245396114631,-0.007656576291824574,-0.002564910026831385,-0.002499220004245707,0.0011722489876875648,-0.0025248823679673723,-0.005749577467624553,0.033244051271388304,0.034742248705013065,-0.006132425306044561,0.007942480876734952,0.014033604884667194,0.02740789752595306,0.017930437332612688,0.002676020881816823,0.053055294171136726,-0.01109651224036847,-0.00874868072670163,0.045179483901931876,0.025719043003737847,0.013265584558664185,0.008874490594494334,0.008644977707133098,-0.0942525452870596,0.0018290172683173,0.022584192945044105,0.02389601068583122,-0.012770568954605465,0.009098914706968922,-0.008271233558438663,0.0033721245018718776,0.022445656680529443,1.0595151768312878,0.06959698798542614,0.00907560934692857,-0.004794586248518027,0.00041566348476998217,0.003275419161581263,-0.007051230200776229,0.005996594187779961,-0.0031840374513459014,-0.0001788602898558182,0.007500211984576163,0.03126612694623297
17_1,-0.00844967545471722,0.0004619022067213228,-0.0034125676620611043,-0.014210061975899609,-0.0005776194503099941,-0.007272391560312729,0.002621770236094972,-0.011859312162302965,0.007489325447001888,0.0003613733128138944,0.01200453998777191,-0.038413980431601824,0.00139475798777551,0.008843580671494418,-0.02460652267158019,-0.007936676953551264,-0.01590521239322032,0.04906552871096785,-0.031001780315157504,-0.013333739772561566,0.00073641045354435,0.0004268159592093834,0.049789039825351246,0.004926296405174329,0.017293866216711196,-0.14933346599271521,0.007399191998701571,-0.2510681479345325,-0.032558802612481494,0.05583558003359113,-0.002553241717706502,-0.012079571892889681,0.00202299286362376,-0.018442253712624285,1.0631020568749499,0.0626012463731519,0.01993959391931682,0.0012764740240464084,-0.003879295487458084,-0.0012617477206834965,-0.011619772860869794,-0.000921758127622128,-0.003333464801715156,-0.0034737124771512997,0.0015168367740813463,-0.01258408612203581
17_2,0.004874348627936733,0.0052759986026768724,-0.000613072325718343,-0.002093115247891077,-0.009603256994873854,-0.003455389015947254,-0.0036626376783648004,-0.004095991966087436,0.009427450483402789,0.018056025038133208,0.007584562868489254,0.012864657472153668,0.005499548990362306,0.01012456102294321,-0.020802413629089665,-0.009654616706076048,-0.004193808345987859,-0.26348914137057833,-0.029212079197053396,-0.011498731273126648,-0.013544910886614569,0.011987819242449547,0.046426743577648574,0.0025780715726201747,0.029422251479968176,-0.06174599051424283,0.017864208771602604,-0.20928611128193134,0.01297263696565305,0.05914673618464871,-0.018430041869518916,-0.005203417992413923,0.009601109170456498,-0.008944805900180977,1.0730431826598306,0.05887121422261004,0.022007397882755013,0.0072816581286602195,0.0010375129280654806,0.0001720279086304008,-0.003942597693582409,-0.0037797574255549506,-0.002738277349970499,-0.011655102477184912,1.1587218297305717e-05,0.02520895748161234
17_4,-0.0065770748674444796,-0.0008453123230166846,9.810493321290117e-05,0.0006474847536387993,-0.00874562897541118,-0.00559964994246406,-0.004867294727974903,-0.0024060531614192803,-0.017204078418146567,-0.006983857387727869,0.004079778411229108,-0.01782867247165963,-0.005224493145910709,-0.007014353697882411,-0.025636498009743082,-0.005838702800267725,-0.005377861806935962,0.05464699029385727,-0.026836596107443076,-0.017066809635174505,-0.01006861099355955,0.003692145359824171,0.00594544592606152,0.0065742964319026225,0.022241278896591506,-0.13993251486043268,-0.0012176863944245492,-0.028438996152744866,-0.002897342432693673,0.053196356481371304,-0.0031991905227080606,-0.03503764997508216,-0.012570388624506237,-0.01718741225871849,1.0387246979653648,0.045406782544959015,0.008809432299559272,-0.003085864682479244,-0.004825723792739905,-0.0020073362185379666,-0.0010323090928537582,-0.0024690515347197146,-0.001952543791219675,-0.00832928808169366,-0.006730912163512029,-0.005989882248501213
17_5,-0.00746688303774167,0.001643066274306637,-0.0012993107754271714,0.0018644140316860433,0.0037507327817411936,-0.00404710696738297,0.0015789507140359566,-0.005870226398323887,-0.00401902208544517,0.026395496426741247,0.024506439063485593,-0.02923446747283416,0.0067268675238647355,0.009914799851041035,-0.03208698675054049,-0.00635922759833721,-0.0006991878107078162,-0.2882043887296789,-0.03270647598442038,-0.018465884419418342,-0.006859983922450828,0.006946713293985439,0.026004231103653637,-0.010088573767026942,0.00571285636853875,-0.15660224872846837,-0.01205882420645467,-0.10860767320956659,-0.018497629346381907,0.05263418837044099,0.0027385590944721287,-0.022677425797976124,0.002864318330312741,-0.0063281076293363004,1.0100354479802056,0.06456549159344885,-0.004585619382272965,-0.007424822268588214,0.0028444442866411026,-0.005767326787486485,-0.00048053408815224377,0.002841452886009212,-0.0035599620556472956,0.002947466929590482,0.00016122359370837275,0.023521368778942165
18_1,-0.012435180029957044,0.0019161123131636948,-0.0053511808245941764,-0.014522069737526165,0.0036977341869928525,-0.014731877909834273,0.002796013150131856,-0.009292054722373442,0.014771685316153848,-0.010125883735714573,-0.0024551780901423516,0.0013431441419686269,0.004338308564801902,0.006796856833267131,-0.00723099667494165,-0.004083515287816395,-0.0010983764650644864,-0.22741773743397145,-0.03104380365474268,-0.021988152514834942,0.00241423299570159,0.004134166649566364,0.05595784342898207,-0.00019686550604454652,0.02202657949518418,-0.05143488975050272,0.021279033185923994,-0.22706018093165434,-0.022222850141507915,0.06152653507138639,0.012627368885757594,0.007996489082970615,0.009346763679298542,-0.004661244092660769,1.0667982183816287,0.06575189073231161,0.019572788151055866,-0.020237749095607098,-0.007495073662034258,0.0005768151107451614,-0.013660736840993058,0.004239457654744466,-0.004214845473884033,0.0006531651925851776,0.001791869405931106,0.011323122108061818
18_2,0.002347292369579123,0.002575314890542304,-0.0015092074837542713,0.001748530625018767,-0.00482522906687963,-0.0032765030581617793,-0.0028039353860111354,-0.00428270364728541,0.008779641885320311,-0.013989876499890641,-0.015517571344855463,0.018165289205465007,-0.00030095247856646825,-0.005862359285513314,-0.019612261807585553,-0.007471080669759922,-0.0013436258342954506,0.05445699113347117,-0.025271855362814875,-0.01480153259818117,-0.02933431297124862,0.007260760432888995,0.04695660295218021,0.005991609540445434,0.023270481562152234,0.05686121834300316,0.02890805056389681,-0.20429728387637577,0.006043357177937417,0.060211405464442716,-0.007733067847456263,-0.017395679468810973,0.01006915987173234,-0.026339169963805753,1.0991535562644674,0.04171251812386448,0.026359597742818538,0.01196714252227982,0.004810444681511145,-0.0013812063837744407,-0.00023703897500441162,-0.0016280946681241715,-0.0015062895181872872,-0.007370616142353987,1.4455806535850669e-05,0.014181093558805454
18_4,-0.0031754829081155375,0.0015000504319063535,-0.0002605376272090291,0.0013845498806727,0.0057068246444025965,-0.004248144023235826,0.002036236821127822,-0.008916122549407999,-0.0003401540094800289,0.034457717624788005,0.019162065280291674,-0.01620844227285989,0.008358637850978722,0.014766249486615295,-0.011549785764040109,-0.008511778654155061,0.004880955292374721,-0.24294789107356002,-0.019357778638622484,-0.01404987109549918,-0.0033804139222417015,0.00994251919357041,0.028545753226222964,-0.0023726020407286766,0.034297271146426785,-0.09784410496088228,0.005499656714620225,-0.03602538278271644,0.004412928892288869,0.050459140797998715,0.012297826509471515,0.006579750891714878,0.00416923382344611,-0.003170950229057003,1.0426939961687365,0.02917791918057418,0.009680931454714797,-0.0016032446850755913,0.004663589006726005,0.0005344485555933561,0.0034418645018511377,-0.0026819851829007267,-0.0020474442902761467,-0.005909016125800113,-0.006606176365073335,0.022609185764237445
18_5,-0.008705010911616783,0.0001226417157345614,-0.0025724104407871483,-0.009901000512298483,-0.001648116039252419,-0.00570496131520591,0.0019666127714443754,-0.0011009527536904274,-0.0136149829647189,-0.02069003508912662,-0.025353216133827593,0.013466611391841679,0.005678258437829162,-0.010742266887610907,-0.017485419436369158,-0.006438123513166635,-0.006244977756232445,0.056371376286694364,-0.026110202863325244,-0.01807265835482438,-0.01396186684178596,0.007769384339047018,0.02894971802778343,-0.0013204514116643528,0.01488548487818877,-0.06478573411433283,0.00640525847747227,-0.027611497848543016,-0.016855035033602382,0.052953642652819495,7.190868794664983e-05,-0.011718692053076884,0.0024813819716392777,-0.015183948512617632,1.0469402816719695,0.0685083769412782,0.010868807111054157,-0.011300684283811844,-0.010993324695610264,-0.0034244889031566665,-0.008712862601828377,0.0018322457824058466,-0.0032424160302901594,-0.0027794707815040243,0.002289282644478426,0.006247885967990772
19_1,0.005454326266797316,0.0020372346191218985,0.0005981348345093931,0.011119688445057056,0.01225382936254107,0.004492491167346032,0.008404975240286211,0.0030700569206205124,0.01399494837133872,0.009682476634187495,0.011167570339046756,-0.02355774535500721,0.0007125964242323366,0.002895750737854417,-0.0026533858477982035,0.0017289674329217007,-0.00622132474251358,0.07144871002127207,-0.02680900342941644,-0.01478545203660523,0.02174059878360368,0.012374380863919692,0.01391578057537805,0.005403948979828469,-0.0019570396031671038,-0.1330575184977621,-0.005844016149814745,-0.013933428933526596,0.011361464922132043,-0.010092118357890735,0.01849690317520716,-0.008605588779505898,0.004845562282409952,0.017885931274211644,1.0988352814449422,-0.024782877370916306,0.006920915124209486,5.943006899018088e-05,0.000915452088889684,0.0001417053949095889,0.01236626480125591,0.0015373063497624983,0.00498355296487076,0.007566435885373285,0.0023513171478258474,0.012237445465875189
19_2,0.004485642247641367,0.003335365952630504,0.0031592069894112074,0.004709942158317246,0.012561451303814197,0.006498485001468332,0.010233238710181166,0.0039520328797187695,0.013550633636186018,0.010106766201781765,0.012869434615326176,-0.021592006057673,0.0016225592073665165,0.0037714861275613353,-0.0017807159624400792,0.00205723808293218,-0.005756860592054766,0.0703344387029673,-0.02815503289042672,-0.015041237219439256,0.014158614739812638,0.009749610364639345,0.013656336728957302,0.0043838638739871014,-0.001963794190864186,-0.12796652719065896,0.0011284096628770446,-0.011265645021085758,0.011989139577703761,-0.011246223515197263,0.014129715807220519,0.0467723968782669,0.006650517638433779,0.016641836694809196,1.0904569564886946,-0.02168658456154274,0.00706226087775946,-0.00024767077416528035,0.00787227371383915,0.0028227768519841945,0.0037257648116347008,0.00150792591657463,0.009451352812334338,0.008187688680068259,0.0025656713854607144,0.014289340172731127
19_4,0.0056160527665316,0.0022169445498761127,0.0006662342446342763,0.010023674129908063,0.012679617537237666,0.004957398663447015,0.011583764141437738,0.004430208614477725,0.0076241359478467635,0.009270379785708572,0.011336495672146668,-0.02178587671639792,0.0013443770019230313,0.0029281750162278254,-0.008161257584313911,0.002150198490072967,-0.004689326645788196,0.07202711597001568,-0.027122807243173334,-0.014126769403485895,0.022035642915760472,0.013804056555432966,0.013656024225938822,0.006070616992418971,-0.037855590641547206,-0.13990561354743006,-0.005268066310978267,-0.01717324053954188,0.010867622732766175,-0.008912701174523297,0.011579015125245444,-0.017425210092153365,0.005804719980947305,0.017422115736582797,1.0945608649585803,-0.0288352547648119,0.006622086007015899,-0.0004422737457252001,0.0015773260623678721,-0.0008640635327708848,0.010208326294064051,0.0020000943715302775,0.005844874459050338,0.0070286398696969106,0.004634700384273071,0.012628237295302476
19_5,0.004850647331038094,0.0021798054875489855,0.0003597719415864961,0.00827392865389111,0.0120324134594383,0.003875450331242097,0.00798917436665063,0.002988316507017922,0.008582391446302368,0.010414237969686681,0.01181025209100958,-0.021716059885517558,0.0013083584722785003,0.0007399711931503802,-0.00318236965792632,0.0019550825362041947,-0.005691517252791822,0.07160268081903189,-0.027090844851569023,-0.013202834183752262,0.020875805779844686,0.011350407082049284,0.01245636976726317,0.005549007690631436,-0.004927844027607186,-0.12436942657446043,-0.006059806302101931,-0.015448454366669079,0.011748923019826647,-0.010584547078099523,0.018477735856894804,-0.007505612145987851,0.03860528500490612,0.01779125174620625,1.091692445264626,-0.026684773918686358,0.0064746112735669294,-0.001275240201836438,0.00046835066063348344,-0.00014161971792491816,0.009334361189975646,0.0013728738705071645,0.005027839017900165,0.007142774650855159,0.0023312738562280616,0.014577525169664176
1_1,0.002308795992949317,0.00234572715513792,0.0009544074469520846,0.00157612160957003,0.006192833839980879,0.003785588359257604,0.0035834854832826005,0.002086670018621429,0.0024567651764059676,-0.011811051421127108,-0.009495580432333645,-0.012931667895582965,-0.005444353968011694,0.001109254905780716,-0.010969044803556061,-0.005088156858073865,-0.0030671715439465935,0.041027543200940375,-0.012792237977899646,-0.0029953195238181843,0.006335676507579304,-0.03677111827069374,-0.051163089865263175,-0.0021251625699895108,-0.014490837523569751,-0.06604456923045704,0.008979281802317145,-0.14197689934274774,0.004033328726706102,-0.008543264979023886,0.00883108319112201,0.09500664933074958,0.038389042727761134,0.0054675130988830955,-7.236289463343461,-0.000747941190759639,-0.15354127425939235,0.0018286915619662772,0.004298968522673456,0.0015671521096866266,0.003345599941278588,0.0018961130662790017,0.004099486773278074,0.005313668550066783,0.0008584303184132922,-0.0053500418724776065
1_2,0.0029007408580608894,0.002282963892017997,0.0002697069220635413,-0.00011496343057191303,0.005376534920649417,0.0030837346777380656,0.002012765731671614,-0.00014754510843368554,0.002410416094100932,-0.017193558123870165,-0.005418725432352769,-0.014503406528225458,-0.00039440310934982904,0.000870078754293758,-0.00766139209626375,-0.003543527426456548,-0.002646454384091333,0.02601858408378906,-0.01107346725884236,-0.00022139379431179875,0.0005878273127887442,0.00023888272355785127,-0.11013163872298277,-0.0005810763570831146,0.0021618682569040596,-0.04352247796073544,0.010530743244793823,-0.1411593241651776,0.0007570758707491112,-0.011006409884182717,0.008850539563484073,0.09276071242054415,0.01472089285536777,0.006406448187079341,-7.2124329656772055,1.5413900435833188e-05,-0.15865702827806213,0.004264032007467086,0.0032363310351847347,0.0006324525986087665,-0.0005398159857974592,0.0012387359389661203,0.004333226272704146,0.001311667368484268,-0.0009533727328652624,-0.007641745500905568
1_4,0.0023207217028393457,0.002630822508692104,0.0013018506899869296,0.0016802181902020857,0.006716925648998738,0.003258278208413183,0.003215899084851857,0.0019022907157738949,0.0023218483831159618,-0.009319506222890937,-0.005184214176487969,-0.014283951326550923,-0.0009113936957909226,0.0014854453538035535,-0.007801703142686191,-0.003897020062857193,-0.0025232244123653785,0.029470765473040814,-0.010488938719594887,-0.000538071232681645,0.006456183438998532,-0.0370253198277744,-0.07684508153130938,-0.000686177119973929,-0.00010583040694450897,-0.03860673464664635,0.010619144138324895,-0.1420296254023508,0.00213305486423466,-0.009483096876052144,0.00837549406298887,0.09486314307787819,0.02921218282661567,0.00636329665149353,-7.265987832098464,0.0011279128949767561,-0.15721670683247604,0.0018018896084275341,0.00353724589983285,0.0007166404794002203,0.0013332525501318477,0.0027407965307728504,0.003977104082256697,0.005188947223430877,-4.110696926538391e-05,-0.006294730604673649
1_5,0.002328091200809653,0.0016475953348153878,0.0032389863536454178,0.0014847149475913943,0.0046230407045490555,0.004295640743349118,0.0037964144973181837,0.00155368967128896,0.008450512002192455,-0.009461059524319172,0.0015345255020713245,-0.00873166032973527,-0.0004980269516926897,0.00110568592189394,-0.01263958231846837,-0.004030429739976645,-0.0055468769606651465,0.03032257336774196,-0.011928986843037984,-0.007289618703102497,0.010550113366203396,0.00022641919168401865,0.00832158127381242,0.0020699258565311505,-0.0007467696401172684,-0.06341920494531564,0.0031182587921380076,-0.05535028390178673,0.007504995391135404,-0.00739137866303115,0.010167381750062035,0.09065314638108599,0.03718412930112777,0.006356462347862461,-7.397322127409288,0.0003777732023249361,-0.1633217020454882,0.0006865546225701554,0.003387794885871381,0.0014792902061874127,0.0026251995652079563,0.00038997678875349535,0.00560960281915753,0.005307100921630399,-0.0001270624883020103,-0.0030924238000597988
20_1,0.0040120265599645245,0.000570044016871936,-0.0017011994044125974,-0.0034186861336355746,0.009881052638066832,-0.0014937934062388878,-0.0037613263882735784,-0.0004705385291370288,-0.010612742212293044,-0.021350978829338695,-0.01647210119426393,0.0002708281412685755,-0.0003159340423536062,0.0010050549802071433,-0.01246420643335208,-0.004545364273517507,-0.0051938582518869575,0.05148941784130122,-0.014807364133211522,-0.01038473017914675,-0.006534739928939507,0.010613877714585704,-0.08630747809660189,-0.0158573918038512,-0.015360201531942314,0.07653309776146656,-0.03950614848825693,-0.2988793662698971,-0.020941071580331594,-0.03580888952435636,-0.0013803449088469596,-0.0303841832700252,-0.020171093127182845,0.011800742452790162,0.9609836212567814,-0.004410069822403429,-0.11382868673449904,0.00742042639324696,0.006611972531596321,-0.002800512135607321,-0.003666922348245695,-0.0010479107947892095,-0.0014024032267052186,0.001038555809158243,-0.0013839427507441452,-0.015685718666025705
20_2,0.004512424537174837,0.0006810097138341694,-0.004873319822457987,-0.0031182156351153025,-0.0009358800428115094,-4.103800689548236e-05,-0.005000730041154653,-0.0008967422608037862,-0.010539894436976924,-0.02962894771373996,-0.018706443794317344,-0.0025334585522508645,-0.00766516035301057,-0.011892970689327154,0.02394310014782321,0.006811414733072183,-0.007207073582023877,0.047198252497451965,0.034065169225349634,0.04692832172611005,-0.01152205711874872,0.007803613827357031,-0.03632381971557839,-0.01640715251081428,-0.01756381473724353,0.07950955490902926,-0.040584694551540956,-0.3229406708109227,-0.0101641492322272,-0.03504893498087626,0.0008722400756658813,-0.028026878677675192,-0.009408833619874575,0.009016828492675835,0.9606523775713199,-0.003835499964255019,-0.11475699214981674,0.005562160913802579,0.00548002643961263,-0.002428581785735941,-0.004462443778795542,-0.002323942414001999,-0.0027586168700313774,-0.0011714233927302199,-0.0029559609866014313,-0.013233931165248802
20_4,0.006410222945965625,0.002236122306394322,0.0012180817177307151,-0.0035701220847528655,0.011584118812497456,0.003482750655865283,-0.0018899078092308307,-0.0006442170024197481,-0.013765408157960896,-0.021783594124609867,-0.016335779554124734,-0.00045242849449160885,-0.02284396282681241,-0.009234756267617715,-0.015410970555280045,0.00025891444848913375,-0.0024103690198756266,0.048054626029338555,-0.02301170649011541,-0.009050091031574191,-0.009969692890345156,0.006913250994016596,-0.12438955777963558,-0.017197771656854866,-0.013732100278668733,0.07061187584005287,-0.039452809064922906,-0.3274303821317475,-0.014841606790719048,-0.03785814653732795,-0.0030272534522289628,-0.03061764332760924,-0.023050868720421062,0.01272572626164749,0.9539380412590565,-0.0031863656443957165,-0.11100149297952133,0.006193409798295413,0.008408659060542877,-0.00045808472750915566,-0.0034099301717341636,-0.0008749943343915205,0.001983371263433046,0.0017101241048738387,-0.0004903627639820454,-0.015150326270107923
20_5,0.007332318087421219,0.0029597563950421687,-0.003464794439847433,-0.003907398789066354,0.008798137643341574,0.00028574618990556417,-0.0047402316154869775,-0.0008747172976873744,-0.011829714594675887,-0.02451194737777113,-0.01655439891665835,-0.0008150320358476043,-0.012665697388740826,-0.012979529775742774,-0.014227269790933788,-0.005806647534120997,0.0033442686391485293,0.05905320239985823,-0.014946953232610794,-0.013470913760589615,-0.015905204470028324,0.007449142312825164,-0.1177164879529733,-0.018692555554717268,-0.01562920153784854,0.07697490498747067,-0.03950341077006383,-0.33499053880138135,-0.0011241773304649064,-0.03798053485156252,-0.0031547868041301563,-0.029071362326107228,-0.02114632071083631,0.011537995848885495,0.957247106376936,-0.0031783239461726817,-0.11135253364073656,0.005377030594608445,0.003932705612516023,-0.002250324822021124,-0.00321696695008415,-0.0011381237903832736,0.0007877795818426046,-0.0004709448729247054,-0.0011607461580882086,-0.016954742684606765
21_1,-0.005418600323911735,-0.00030165496681369334,-0.0011953518870844798,0.0009837144907239844,-0.0039688517801984005,-0.007465681455751298,-0.004941696327064226,-0.0017329014515745154,-0.018215132286650178,-0.016213333698966274,-0.003066453529307497,-0.020632320204262273,0.000266859288321126,0.002485714641201487,-0.01816284881432151,-0.00429334675272172,-0.010264958899662292,0.0605370289367105,-0.02071304421126038,-0.0006056686060932853,-0.012820152655613752,-0.004494794555882836,0.005892079975558413,0.0034465915983692306,0.0004651468550007543,-0.15209603031101904,0.004734164339467422,-0.029930062474567604,0.014861988610927942,-0.0015154518086050723,-0.004755000076412079,-0.039376511825692434,-0.012285876201277277,-0.011119267780243493,1.013774264019493,-0.05218893676159592,-0.0033121468631987757,-0.007709799693079349,-0.00303552673891484,-0.0032843360291426216,-0.003872227529054322,0.003365117370751323,-0.004704072314526998,-0.005054949768473876,-0.00044319507553191104,-0.02371629742374074
21_2,-0.005008942733009852,0.0010095889598607688,-0.004681359170613469,0.00039095324016064873,-0.0033765044856884493,-0.006692128183293009,-0.0020864740392482813,-0.001564271443717378,-0.014120150408270188,-0.019372380072854266,-0.005247421440007603,-0.021236677135578003,-0.006730944676482253,-0.0080526797798957,-0.021169602002630968,-0.008121939219188414,-0.0010719588971313978,0.05168104048586771,-0.015866758545408276,-0.001225773715511861,-0.010553953960998123,-0.002674203016466242,0.005240253514593389,0.0034046239102198303,0.00681958755402497,-0.15731838312336463,0.006584983784643517,-0.03898749164758261,0.016357420913761904,-0.0038503597588546074,-0.009811438213501392,-0.03503494256341755,-0.011649624650120163,-0.012298739016316975,1.014426716337646,-0.04447122575218643,-0.004410197684050169,-0.007683973314495918,-0.0028923514703650096,-0.0024541590795901895,-0.0050839630802111905,0.0015763806391435292,-0.003948516845727531,-0.00307730452373605,-0.0021898552332426267,-0.026400122859427087
21_4,-0.0057158840489639,6.499625889312024e-05,-0.0014121155458671514,0.0007590919905717216,-0.004865701823512388,-0.0074592166836938605,-0.004229236319145223,-0.0032172969455868216,-0.019957782394570377,-0.019516995486193074,-0.005394111769832497,-0.02360757744008172,-0.011622309113246273,-0.009860163425737858,-0.024183833737559935,-0.01162917255566378,-0.010869833462272011,0.05874970974788685,-0.02369689584582989,-0.006899642567163716,-0.018127300300684195,-0.004758048500264846,0.0024447509220934037,0.0012909152843721954,-0.0008014782866124958,-0.1585601733395015,0.003940340671618099,-0.040955500008879216,0.013992411529775222,-0.013100485028701076,-0.007242756602780814,-0.04099699766891589,-0.017673248928798256,-0.02204569097189792,1.0041028489150523,-0.06078299093950884,-0.00606195136878423,-0.008214026929066798,-0.0037828430119208577,-0.0051046154702375016,-0.0057322697936477915,0.0016075070206387969,-0.004626083023400532,-0.007761793584624619,-0.0008795360077553425,-0.026875879541101325
21_5,-0.0043592871771711995,0.0015051721445373993,0.0004710574220606076,-1.9332262958609156e-06,-0.004361081654799439,-0.0075586578350947614,-0.005088726915827722,-0.0018527857082933897,-0.015548453357827273,-0.021112674895343467,-0.009601768712564006,-0.021725677812585054,-0.0075656996578368635,-0.00809559107690495,0.013588592837582535,-0.0023725417526611727,0.02732461696929413,0.05178421512016519,0.08141739749855498,0.0066455872254719585,-0.007870457167595393,-0.005082970012904802,0.004356018377596532,0.0034426929939191764,0.004828550611901672,-0.1627879686353387,0.004046039741777552,-0.04802966607871589,0.007228541491432096,-0.008055874974006514,-0.008959577658872762,-0.04075645771752906,-0.015491756009505102,-0.012084371352376968,1.0240617941065475,-0.05581187939171284,-0.0017671223225100572,-0.007965986348087524,-0.0024055464990399866,-0.0038139811105062905,-0.004551515427332741,0.0031731067203560723,-0.004220172813642035,-0.004339448237797832,-0.003732173535765632,-0.026654707587065545
22_1,-0.0073644914605169,-0.0015379876890092537,-0.0017136446700144964,0.001735607569885704,-0.0049136446498014245,-0.006641208339936219,-0.004151406266875159,-0.001788644848891194,-0.018983396494849855,-0.011882463271096735,-0.001144024439045119,-0.01937637977335446,0.005621556425669747,0.005127359622851043,-0.018444906367147386,-0.00497511760758414,-0.009162005608418013,0.057447830770251694,-0.022723981189877094,-0.0005415147311414536,-0.014364101194402446,0.0009799027114246156,0.003804864822370055,0.005119485982960466,0.011822373897458074,-0.14536472875084175,0.0011548710928122145,-0.02847877390292079,0.012729413462799844,-0.004581812906278494,-0.018574595778192985,-0.04012218629269039,-0.02034899345371647,-0.023318616421715704,1.0147099532919368,-0.0414820403800483,-0.004641361930915568,-0.008256312364423677,-0.001958530763093551,-0.002171560186188432,-0.004648608147252382,0.0013699826679850484,-0.0033715740113335804,-0.007062595085063925,-0.0001395226254560869,-0.022992772882631744
22_2,-0.0038735775450117233,0.00025928778048371485,-0.000546858470122212,0.001381410516450591,-0.004354426992165054,-0.006720143081159616,-0.0023146341472964267,-0.001352457017954127,-0.019712103733046334,-0.013561363042265712,-0.001699081001632811,-0.020692344311820213,0.0023247110640821377,0.008294388917822866,-0.016380483689093867,-0.004389446054474168,-0.00917819347189059,0.05856666310625406,-0.018881710753248317,0.00032998130260163,-0.01664883036957513,-0.004611834009946577,0.004696793681600863,0.004049879558291415,0.01729840952204542,-0.15107218030153274,0.004107423908061787,-0.03770134000545763,0.010984202163612731,-0.0067246744376921195,-0.010016792236146108,-0.03890825758101078,-0.01673700858612558,-0.021328388541591404,1.018632981012341,-0.051833850880464785,-0.005624881181995557,-0.0009096934328307075,-0.003604948046575584,-0.002837947092890183,-0.0022945742194644646,0.002641557834244527,-0.004093674722306516,-0.003722007104135587,-0.0019195431148154895,-0.022174776038362355
22_4,-0.006310464008479823,-0.002092157503847436,-0.0007533553454004682,0.002268905316893624,-0.007444229790225897,-0.006371617052038467,-0.003484387497903489,-0.0016705863736547703,-0.020036610735823315,-0.018232111670411083,-0.0033169134586200724,-0.02196511417219665,-0.007787256007920728,-0.014138388821816386,-0.019630567196647294,-0.0068322226463041905,-0.007278653335674636,0.059719860471502385,-0.017729701325534582,-0.005980283174570937,-0.01621574972482146,-0.003755243671364922,0.006191804988778451,0.0045264285677880005,-0.0071964117553898355,-0.15738182799865055,0.0036785911781015675,-0.05177645387135558,0.009278996872885177,-0.005520424950309939,-0.026685951475543538,-0.03656277618515966,-0.03507729339778972,-0.019065807597516797,1.0015005391418164,-0.039679267949973,-0.0016834172541533644,-0.0014099635962965711,-0.00476403516165605,-0.0016321714463856927,-0.005285491483430231,-0.004676736958173891,-0.0020899662750655146,-0.006131022398772634,-0.0018394360254597073,-0.027062704528154426
22_5,-0.008674970056531036,0.0008833480274358275,-0.0016487086085181534,0.0029057156709207757,-0.004885840032466359,-0.006875848352958921,-0.002857637550791765,-0.0014585554032448447,-0.021368447613646355,-0.02154130482191334,-0.009293700010962882,-0.024028579098659606,-0.010422699065953866,-0.0023896303420460918,-0.02197063694005086,-0.010607669792275667,-0.0027036194512531126,0.05160338089025796,-0.018932351082633563,-0.010872783087879558,-0.0196099129993564,-0.00047758208879043984,-0.0017025179588871417,0.002293029947503819,-0.0533574840432706,-0.16938793024017396,0.0016891871779581371,-0.04728706129461392,0.014195427197440692,-0.007274690098885169,-0.015410698359692918,-0.042161419291029484,-0.019064114433044618,-0.020575691509117165,1.0030873071556552,-0.04794372425618967,-0.006830782579455751,-0.009227025117516514,-0.0058903906548785,-0.004384153021433023,-0.0035363409601984986,0.0015305474928099584,-0.0044902858410257145,-0.006950369139676244,-0.0012519924011978546,-0.029249926306454285
23_1,-0.0074378910778241875,-0.00048396552884069784,-0.0022523234623112423,-0.007730801331663335,-0.004726667867375472,-0.004148737404564633,0.0004968270619482192,-0.0035106673475983376,-0.013571827700751812,-0.018208957531454364,-0.008361643524219505,-0.027536992468246257,0.004254908803649449,-0.008628037382385581,-0.025463174082384177,-0.00837839886612749,0.00015586446456721962,0.05933248145594627,-0.02151391629923211,-0.012864813639151429,0.026530203918878732,0.018906485419069714,0.0061219484416803645,0.003030534037933729,-0.013125760030912542,-0.1544874203010979,0.0013620055584636617,-0.008805341282641358,0.016875322146181898,-0.011318845543739693,-0.007780035932346252,-0.016035057353375008,-0.010552472052290296,0.017576904327341276,1.0298844196044286,0.04368909342069539,-0.003877789927037707,-0.006153015190323456,-0.004087212653292441,0.0003444020163307183,-0.008910680077993715,0.0019770678277919247,-0.0033121321272453173,-0.0014187499522008954,0.005040534315387547,0.005983424100818068
23_2,-0.007166557411596697,-0.000758639464872316,-0.0025290535503955085,-0.009226182278914013,-0.003249797902387399,-0.004098207417686834,0.00016636162232379177,-0.0035209798155162496,-0.014776690341377394,-0.01671269652445397,-0.0075756882177948235,-0.025642593987796995,-0.004007296419789101,-0.003951628377202802,-0.025068202918536033,-0.009882482055610495,-0.006687876295319431,0.061362618032665045,-0.019386842652874554,-0.015245958315867465,0.026717225186001593,0.017893290571807406,0.006778907359629718,0.0028618570176396955,-0.00014547985478258088,-0.14438563796708684,-0.00020996844206924673,-0.008056462931407897,0.015572308401641243,-0.013528883785770895,-0.005366981309419709,-0.016507986168728374,-0.008112127413394085,0.017909438612735765,1.0300932833679006,0.04489324331336118,-0.0037829308764931037,-0.0066141664615274095,-0.0019849283941924156,-0.0003940575319714698,-0.006691424211142869,0.0017309357281657814,-0.0037685271708844496,-0.0015581026600150487,0.005385256629857227,0.005378700906415248
23_4,-0.0046465079342047294,-0.0006500011951995802,-0.0011647875809003196,-0.007955494025607726,-0.005062844660050489,-0.0057534421076642864,-3.688460029120614e-05,-0.0037063817155463534,-0.014727231087853686,-0.01883967629892025,-0.010076918509357493,-0.026940936486513817,-0.0076976143002027535,-0.0039007307078065523,-0.025947368915269494,-0.010289593486515007,0.013952226361451478,0.07138723357251804,-0.021698951594070554,-0.012916624160566303,0.02707883763934325,0.01781572942441832,0.007105076349028266,0.0030190442846657123,0.027982384063835915,-0.15399519766280698,-0.0008685732871701098,-0.0074134536293666625,0.016402661929049062,-0.014276989380925423,-0.009531905554551122,-0.01762429989348917,-0.013187750797474813,0.019317390355799637,1.0339175433225791,0.04326308355985805,-0.0034250189413817193,-0.006334179210804112,-0.0026242127057143102,0.0002968523025506036,-0.006110429033990278,0.002231304564089091,-0.003254587000064858,-0.0027763488613128397,0.004724776247416599,0.006190410104419514
23_5,-0.0038153795690301895,-0.0005277633199979897,-0.002696541120853548,-0.009634975971435717,-0.004288131646100726,-0.0055406738212114585,-0.00019407168770470612,-0.0035971709412041587,-0.014527015881052228,-0.019609445888387964,-0.010135671250155258,-0.0258826695196836,-0.006728827584599774,-0.0026846177594845914,-0.01474699429672309,-0.00955698454583911,-0.00030887794751938445,0.05586148308928161,-0.007615534852628705,-0.007295138917775812,0.027107352496705987,0.01817192768866682,0.00567109445035062,0.0034555808558443014,0.009063697034662229,-0.1490942933498409,0.0006108472582647265,-0.015316585717085444,0.016635193278068023,-0.014120150376397448,-0.008063010615386059,-0.017460051999777664,-0.010577063455175504,0.01905369308453151,1.033401640586162,0.038526834144602166,-0.0033533087415586705,-0.0066941981521679685,-0.00267643701922077,0.00047581500117036083,-0.006518756815080313,0.0017996605527278535,-0.0034701341543291442,-0.002831637854252443,0.004554331555858613,0.009539995156720013
24_1,0.008349917292881018,0.006622313048953439,0.0061042413040208535,0.015305094400759065,0.018299011893098252,0.01024171588724717,0.012446646841605902,0.011342004021437207,0.03873931307819643,-0.0062042891281120045,-0.004212935487787467,0.0013396809062209312,0.0021259133310855623,0.015689867583109387,0.048096476415878726,0.010499868710181678,-0.002093908705502966,0.06102038647188192,0.10841876414089362,0.021895222056722508,0.036953074763184775,0.01535087875528785,0.04077034195672535,0.011348164356348374,0.05935998167572938,0.17932381624508464,0.009705287003335238,0.04764108253504134,0.027163200993143517,0.007582389200580258,0.03563719459398611,0.22971209095746353,0.10581860650065991,0.029965936380619406,1.2246282984771213,0.02657566837351663,0.04281847879154539,0.009396070168089833,0.014184432855634092,0.005244654339888595,0.019212617680008114,0.010894131796646776,0.009874958191486987,0.016215407604037512,0.004878009116104805,-0.0007276671881312534
24_2,0.009205776516217117,0.0073033176518858154,0.006158233470763199,0.012611524592930416,0.017414276280147436,0.010624332487289171,0.011465693348244408,0.013505562119192946,0.04226157013475379,-0.0016640061666122188,-0.002760763698021253,-0.0002931045925649021,-0.000428913107195249,0.004473470234400482,-0.0062320510685303886,0.002415501828664593,0.02104785522065304,0.07152691958492673,-0.009232413865368317,-0.0026548481324905667,0.04430559024611667,0.0026702633885546017,0.04196756324561283,0.010906653360954446,0.05086608348524752,0.18282626771213314,0.008925141362978794,0.04130430840081141,0.03265285368479568,0.00807472039806187,0.040247820653946664,0.23403022946159852,0.1103082177706288,0.029925040692935754,1.206951934836476,0.02690893210206061,0.0385303728029301,0.0091609964235973,0.014951836926389735,0.005483001349810205,0.019540049222223296,0.00978561503277846,0.010137543693406277,0.01719121879962849,0.0059150922509192275,-0.006269738417790436
24_4,0.009153278280591898,0.00717963668256464,0.005299471334322664,0.012924157636751069,0.01790251128063879,0.010681568976438599,0.011348827286059843,0.012017575249195833,0.03950393714122882,-0.00780073572620077,-0.005199190855357396,0.001615211318456077,-0.0037722319476827097,0.015997421597892445,0.04729913036481253,0.010385940003829308,-0.003918628681057058,0.06400418512371868,0.1084603313940313,0.01112021777641478,0.03720318030036791,0.014369711409555244,0.04063901010249622,0.011233679756446492,0.05846187824576255,0.1790104164729067,0.008616471784971571,0.04947793572068718,0.028351882076570366,0.006090812728958765,0.035755561273696626,0.23271155212986527,0.10632306971397375,0.028067295173832173,1.2210419851287573,0.025916135265840544,0.04211946010550941,0.010270441979142154,0.014511923152705488,0.005211135231745908,0.01656216259389268,0.01050646492801672,0.008891069633121682,0.01524900728774133,0.005569131442486908,-0.0034114100558095307
24_5,0.00836121761302639,0.00714683197901775,0.006591295006664306,0.008397157018499473,0.018291562556975807,0.010414457917309848,0.01260271749188674,0.004349619617989069,0.040262424747856594,-0.006272799536566715,-0.0038852692001078463,0.0015063086718765499,-0.004410960857798763,0.01194918523335901,0.02744854826604889,0.010533254840405612,-0.0029894123615880853,0.06569891287344025,0.10754476585095542,0.018618357095755447,0.0401466567002588,0.015219184910007151,0.04128208996072199,0.011491553397977005,0.058416791082156215,0.17915237242537524,0.010437063344219052,0.04210467425689159,0.0264261238660046,0.006997545186632495,0.039124821045016016,0.23575427239210583,0.10663908478556121,0.0314409114347493,1.2220025096239149,0.027648200595327688,0.04267749174573861,0.009996439143605632,0.014871605774756111,0.005620907533963563,0.013124129502514337,0.011174373221661146,0.010822417772235202,0.01743676185237565,0.0031089906190103745,-0.0033310973660542614
2_1,-0.005020063486423032,-0.00018641843305151554,-0.003269650641343765,-0.004006021548916846,-0.0019896890821023915,-0.0055869131559689944,-0.0004723188061781298,-0.006005710461761342,0.0027650717935521316,0.0006996753115681053,0.007035021516436408,0.006817302749340168,-0.002546069859241293,-0.004026412806120381,-0.004386029537847045,-0.002537605176039121,-0.0021037472235851218,0.027385914399590545,-0.008160162760507437,-0.0017411100517995392,0.0011307701275067785,-0.08988845122529698,-0.11570164058837985,-0.005238191193687858,-0.011754666318578496,0.043564955438674356,0.00534785835371235,-0.1611494501999717,0.00922657488842254,-0.00372724123426235,-0.009138293528429,-0.016410205767113994,0.0016343456611883568,0.0024991899219708857,-7.119295661724283,0.01779481957382727,-0.01730792492605108,-0.011513787469532213,-0.005724624838490236,0.00013971400011627896,-0.006480130163229328,0.003514608828992266,-0.004189768080085187,-0.0015047219429220548,-0.0003547743018821102,-0.0018244948576962021
2_2,-0.005092428709708069,8.462687189037561e-05,-0.0034955757773734693,-0.0044465631896621885,-0.0019581585420081534,-0.005299834552631015,-0.00025312649997249966,-0.007396703258744177,0.003298455795864342,0.0008926366622436109,0.0016207304833221188,-0.004748838589031462,-0.0025509048497670997,-0.0016486534586573735,-0.005409169706387669,-0.002350305803957569,-0.003931699157370475,0.02569392209179249,-0.009522850564512238,0.0009721913348026503,0.00034225091418715225,-0.08703941270524868,-0.04469209447378027,-0.00552256545441248,-0.01230982601855396,0.04060476577500539,0.007232262199773674,-0.158608419443841,-0.017902819497693654,-0.010599722005106098,-0.006576692130901325,-0.01509058374386217,0.001127421038214203,0.0037308215988475463,-7.091648675182031,0.015531176782505157,-0.03034499863980995,-0.01147296029447489,-0.006137249853524008,-0.001201851042167372,-0.007378989586852976,0.002957933225537345,-0.004745108952589796,-0.0015654144295435834,-0.000320430074843842,-0.002788192156101361
2_4,-0.006916610409941562,-0.0011282483554717743,-0.0030881356129348835,-0.004009827593079037,-0.002378817298891041,-0.005814109081994804,-0.0003021487851208425,-0.006004765635099887,0.002595372245937507,0.0042106862586538405,0.009650135022447014,0.007986531670971433,-0.0020930671187851615,-0.005788388228392562,-0.004394185961828171,0.001627158267917702,0.011151943638441927,0.026547319440909087,0.05498317236468286,-0.002665623806719921,0.004093354179540046,-0.09082168805017495,-0.11622694141640166,-0.006761009417288352,-0.012139060873806846,0.04416747185091679,0.0043381056520633695,-0.1607260431128243,0.005713399854689887,-0.011780791809639167,-0.00934166302517172,-0.01572847429146617,0.00015667953768406568,0.002116977181124646,-7.196866604559499,0.0178895626303416,0.005429661183492254,-0.010988864837511974,-0.005230189347544644,0.00014703281494485402,-0.0064623269710984855,0.0020270651554999738,-0.0035148119415799772,-0.0015675684995851045,-0.0002303188517961312,-0.003876748167567011
2_5,-0.0051905604906697,0.0008973106352493267,-0.0031319985582507997,-0.0035814230539458077,-0.0021809006617326794,-0.005370585763315884,-0.00022231665219788662,-0.007351335899234933,0.004229763226106704,0.0013325630409758778,0.006943192710973443,-0.005543860258512121,0.0013750540177854792,-0.003011915344196538,-0.004740944696916267,-0.0018708193877410588,-0.0002831026452414383,0.024379487216796992,-0.008881431451490646,-0.0053975100765643776,-0.002572662739076753,-0.002041202237678616,-0.0583545855577606,-0.00633723419294245,-0.012084811517183906,0.04572611684693198,0.005320889632574532,-0.16096827323742074,0.02487987851439382,-0.014422111608134737,-0.010304144694004267,-0.014309849178542913,0.0009800395119418425,0.004514108904113709,-7.14311753272752,0.01876362233143875,-0.012719146936407973,-0.01400576051299597,-0.006380579678763882,5.0766595427175984e-05,-0.007689759716919867,0.0031874082184934573,-0.005116649317496955,-0.0009991435193361332,-0.0003451672222682618,-0.00417178581938151
3_1,0.005984856716443153,0.004734423611001153,0.0009645984990505988,2.8206926022795683e-06,0.0006961328287335323,0.0020050893085274382,-0.0032449733792951014,-0.00038908835086012914,0.004206279053540098,-0.015111258990205021,-0.0020123072893674663,0.01447400293551655,0.0015509136575836025,-0.0037165746266291794,-0.012507174018705805,-0.005586027270956043,-0.007511176955800277,0.07546579338237154,-0.018709296508048315,-0.00016614254152968544,-0.003065201371957788,0.013135327519426301,0.021193702726878736,0.003910313078361893,-0.024098750047596127,-0.03573598716483469,0.010890830479838659,-0.0648371987494135,-0.019389562312216283,-0.012698768556111814,0.004875817584923074,-0.02718036635636365,-0.023001058019826354,0.004714633080749074,1.0418710309167596,0.015038791449954543,0.023515861012078355,0.0069840312301477445,0.00900735108459883,-0.0009668538736585778,-0.000824935068316546,0.00022588896525573652,0.0017999431688259509,0.0005862064573013917,0.0008369101014722757,0.010373417248715194
3_2,0.0038451464233328282,0.004071272981460927,-0.000252419529916619,-8.100963809765356e-05,0.009806736030410306,0.0026122212014101343,-0.0032044408487531774,-0.0004343579957865057,-0.008719274127948031,-0.01024813593604229,-0.005000835255972658,0.012107580950861544,-0.003923458293069422,-0.00251351409905396,-0.013847631007682434,-0.0013859544237278469,-0.003752075148568379,0.07517844616636203,-0.01434622996233072,-0.005428216880915868,0.006038829716217917,0.01802237625932775,0.005590149797914769,0.005701348863678485,-0.02589349754117453,-0.042492159891859414,0.015489729159120499,-0.05904744403449651,-0.02738366683951701,-0.01905191886203195,0.001932444497096989,-0.023844052053996707,-0.012721282231854517,0.018881000760589114,1.0068633880877944,0.01551665903252564,0.02746565214132614,0.0059120774224186165,0.00773553387387199,-0.0013077334442671827,-0.0011002637109583278,0.0006947293553202317,0.0007400786050474065,0.002503870789653203,0.0005638653301912301,5.228862489300896e-05
3_4,0.008018574396766204,0.0038622216361397137,0.0010023531544785095,-0.0006147215590097202,0.002132368472960513,-0.001937289213732427,-0.002906137959188316,-0.00042678408013724383,0.003449495842177436,-0.013137726673099861,-0.003159445493514439,0.019688862809798147,0.002364425858760462,-0.011013883414011586,-0.009726357312017396,-0.006101113526248747,-0.01418515117432711,0.06835987649464106,-0.016374496658214256,0.003609122029449406,-0.0002531809916871408,0.011598534599718192,-0.03562492063372806,0.005507601930632111,-0.014736148407034692,-0.00934070384404268,0.025676807500910004,-0.2048797873808499,-0.016500649460693708,-0.002664268801936236,-0.014903819105358703,-0.02437835501507016,-0.022436840399535463,-0.005548640011669936,0.9948471705323338,0.02377053206714735,0.027531265477088254,0.008435942819308593,0.007845115179665752,0.0003676657617840941,-0.0011714931666323347,-0.004269096315711146,-0.0023244549263403535,0.0005388984040778445,-0.0009038647995995446,0.01340522005672552
3_5,0.008625632935167457,0.0044915837703761105,0.0024494308123039397,-0.00042756944515872736,0.010144965562781919,0.004896384634697276,0.004264467174140577,-5.395281066410697e-06,0.015227242801579208,-0.012042651445562021,-0.0024206422707936798,0.02130629614529249,0.00437104843450298,0.00910921035676293,-0.007651414329522713,-0.0021520752330818336,-0.007095778732006129,0.07019153559547633,-0.012023683207447611,0.003843300499706152,0.0044974061346350755,-0.011304406844147174,-0.06704672080702209,0.00389495451027089,-0.014594002148339752,0.0013325478008026617,-0.015488020786009755,-0.2199252519874549,-0.001387903404096711,0.005515175451743931,-0.0004387174209493636,-0.02542896327611941,-0.020799786620678787,-0.006741436713984727,0.9755314486549742,0.02742018426932892,0.031471700762544345,0.0065618860810650265,0.00762392169451475,0.0022108072682528093,0.001447812786317559,-0.0005320521667086259,0.007490819258573208,0.0037559590202642735,0.001161745108926935,0.0005023583937674983
4_1,0.005386996093035075,0.00238221068850578,0.0009076677196513767,-0.0018286171411645213,0.006767713282688098,0.005120373132665284,0.004079352332727289,-0.0008420984475525859,-0.010005160053464733,-0.014262276150301411,-0.0029091341001362715,0.010180318701655124,0.0029301763338371923,0.008549081531048105,-0.009086645711672267,-0.005086854224212055,-0.009484521803383812,0.06323921317846463,-0.01600325042979032,-0.0007781759428079055,0.004670543362213778,0.013019708993731635,0.02387946287132281,0.0017726020199764377,-0.019392161521943733,0.10605186459347013,-0.011691736832338909,-0.06154196888596525,0.001094171172212074,-0.01122436145736337,-0.013289046743577813,-0.0339260264609636,-0.013515446971186377,-0.018632083522305724,1.0297448184054372,0.01495363100201578,0.029642726704076548,0.0022745178180091424,0.006168205904337741,0.0017868332019872566,-2.3429540440253553e-05,-0.0007264002610634291,0.005751396458376538,0.007036127489754388,-0.0006763540291358904,0.0070746336854189415
4_2,-0.009410387823016288,0.0019377957331813951,0.0007378053274931207,-0.000595663219764917,-0.0008703155760967389,0.004499591457668445,0.002393791827213394,-0.0013226882283356033,-0.011550885838708422,-0.01770186417799092,-0.0033017696794524986,0.010304483293298526,0.0028537077200543183,0.004792369283987191,-0.010252943975969797,-0.0069468144911437905,-0.0103040801111181,0.06407626197980053,-0.016049677004161652,-0.0006956333309214928,0.005219875332249089,0.013518997710352174,0.026121426731856207,0.002818142754043982,-0.018321871672509853,0.10385593050591206,-0.013348040635145433,-0.06215343147610287,-0.0006456026380353854,-0.011564208249071027,-0.01850226850563364,-0.03354379755424142,-0.023510295818672686,-0.011062851053355572,1.0231110572051274,0.015058803158913316,0.029041177883836648,-0.000994291398413079,0.0053241154581284015,7.563473450790534e-06,-0.001502674732773413,-0.0025510801248762737,0.004663419085056358,0.0039449857976379355,-0.001413129961212457,0.005848539897874027
4_4,0.004963300846564259,0.0019017694574657447,0.0009338685279256013,-0.00107323800548647,0.008045767328558624,0.004809165996007942,0.004052135090183674,-0.0016998301908608762,-0.009745031005980247,-0.014547318951577445,-0.003530680010134307,0.009501692657845987,0.0015442539481662894,0.008447559942798527,-0.009235480180547458,-0.005995468702584865,-0.0105200770865811,0.06387249007754298,-0.017371931241922167,-0.0012987145975430058,0.001543761519666956,0.012623723518711277,0.02380743752131501,0.0018531868944251532,-0.020794070571077395,0.10484464103188151,-0.012208249656251495,-0.061708391054432384,-0.00021500472011927126,-0.011777647388119768,-0.014517179507305251,-0.03344464302027764,-0.013913367602272873,-0.011399024228034618,1.0287797110853665,0.014741378309696376,0.02494740563941348,0.0029477497552629294,0.007037411933882308,0.0017341111613869014,0.000604123283716165,-0.00014130684655569637,0.005603062966147736,0.006806093211878138,-0.0004852312651970017,0.0068855218186766
4_5,0.005751334884689526,0.00235997829253828,0.000817420855437474,-0.0017921013093561444,0.005852009247596293,0.002212115715622495,0.002653451853522531,-0.0010708399213709772,-0.010201741862468885,-0.014357098438951884,-0.003665309005235852,0.010053045626103428,0.0024817721729574432,0.008234101675382771,-0.01034761251439312,-0.006368407690436208,-0.009894924259484421,0.06381436041794591,-0.016647290986406205,-0.0015758157708023251,0.00661315073743068,0.014103473241928644,0.02352858029561304,0.0015717669341745921,-0.020218003112752694,0.1028568043450685,-0.012558869598930737,-0.06158560161964597,0.00041263335708953506,-0.007627007608592854,-0.014427272829666816,-0.033472221926078946,-0.013035863233048369,-0.020126147958412378,1.0274180395746104,0.01312512671243032,0.02839439919491143,0.003551851552688208,0.006124758811221662,0.0012270695721195422,-0.000837829545062142,-0.001202054291845774,0.005146650485918265,0.002174777410765115,-0.0009464627072680743,0.006642995490701344
5_1,-0.004047235456083026,0.002006509692007772,-0.0014638060210862417,-0.0024882982011956247,0.0009833920340527632,-0.001491733912410965,0.0005907314005703307,-0.0027658756877544616,0.0010006148580176222,-0.0191421870838894,-0.011064611421105087,-0.014571897985469054,-0.0006952437182280505,0.0016247561704239286,-0.00770803754708689,-0.004745672541869345,-0.007038081922310623,0.022962535955819055,-0.01044863127408526,-0.003281375876535286,-0.0019896792589643164,-0.04797352682406963,-0.10492704809077277,-0.004282653252238884,0.0032114675168887965,-0.012566575571424292,-0.010353055607445672,0.5582733341659021,0.00795423237011342,-0.00874369998562516,-0.0059998647601888395,-0.004065482131658835,0.0033184701429834857,0.0054743580179981485,-7.751438858283012,0.014543248152077474,-0.16244429771424865,-0.004816959621734101,-0.0017972483600434946,0.00323769716769332,-0.004375270474276165,0.00327040868823232,-0.001640650563608963,-0.00021526104211307001,0.0008531271557983969,-0.00555673854935729
5_2,-0.0014268669949745946,0.0026105589955691144,0.0008243066708186651,-0.0024487087182028743,0.0012365205072540466,9.375585255627846e-05,0.00032374119351234845,-0.0020380528734799713,0.0016292745415274292,-0.0188871622180463,-0.012085302941662822,-0.015173977881755682,-0.0023571383408686943,-0.00301663524770849,-0.006291685843803232,-0.0038947716274836046,-0.007408388260112363,0.02340633740099435,-0.008239151181559365,-0.0013660227417269793,-0.001004042023717434,-0.09003238232288487,-0.10065868850569477,-0.003689932086314525,0.002579131324635257,-0.011531939662065081,-0.010649135448005966,0.5530607162550467,0.009906381351789999,-0.010346860854070609,-0.004948748222624112,-0.007286217840043863,0.0007427232440152812,0.006054520543442274,-7.762093140933874,0.01354397852218829,-0.1622891125599665,0.00045566122467311285,0.00159117817089312,-0.00012520712913346435,-0.002861229921090881,0.0029027511241351295,-0.0008855472320642083,-0.001705899959436965,0.0032000708419169747,-0.005802753018521249
5_4,-0.0035414640762830374,0.0009298279540412077,-0.0010413260159195037,-0.002547438007765343,0.0009651028649950235,-0.0014025782695364331,0.0006217291309229638,-0.003624434807669793,0.0008166034403773435,-0.01937958455218048,-0.011270808718912848,-0.014893631801634279,-0.002052654990219767,-0.0011345187491891868,-0.007809024672754104,-0.004904361624957301,-0.004705065993062783,0.02138947046415541,-0.01018611507145051,-0.0015584847167625228,0.0009970195345059619,-0.0875906579402566,-0.10392594175509311,-0.004144908648579661,0.0033076406127734866,-0.012773090943471122,-0.010278186827680176,0.5519608263766863,0.007653304730543141,-0.008395189528988722,-0.005521160764397616,-0.006016937725963827,0.0011902255467964556,0.005509739385188661,-7.744390639989359,0.01526305590870945,-0.16277964608759277,-0.004856382120069546,-0.002244352632285946,0.003316317716134644,-0.003780658572183609,0.0035420526638388307,-0.0015962697752520928,-0.000261596917289647,0.0009916954629577148,-0.0062305943217920426
5_5,-0.003656168147746387,0.0015548646559876748,-0.0009412816810303645,-0.0025028022762016264,0.0007918443323435137,-0.0013471017435218746,0.000653019804210266,-0.003217206163081601,0.0015118382047219674,-0.019130271770578158,-0.011111593233832878,-0.014583876212836088,-0.0022402322429236087,0.0024430148080217527,-0.008297170617262477,-0.005294238264593168,0.005365833064953434,0.022825805718269497,-0.009556876540121727,-0.004440501736309925,0.0007847790267614161,-0.08638550929086936,-0.10472422183789827,-0.004142967878577152,0.003343900755142718,-0.013170742717322909,-0.010398441320961968,0.5615425628038552,0.008305101800810361,-0.007293818337414362,0.00022657764484558307,-0.003990907234839389,0.0028566332205738204,0.005849037348920081,-7.778532895640023,0.01376102874808903,-0.16242415845589667,-0.004717793294399975,-0.0015736612403916413,0.0033008018822728914,-0.003918605226206926,0.00327134632142428,-0.0017055436825042089,-0.00024244881196891155,0.0008106273088385167,-0.006040676676654966
6_1,-0.01477507624370347,-0.005104151093514335,-0.00469457203039672,-0.005442069164661304,-0.011209725321240985,-0.00889988322792625,-0.010391162845596822,-0.003307836754272494,-0.020605262891677578,-0.04264382907065402,-0.04134281734826354,-0.019585682537075027,-0.021537045306103158,-0.029684516133288086,-0.017315444362079675,-0.018454169919299726,-0.0008772020378401471,0.03622135511598239,-0.034023917700188214,-0.011335325150266732,-0.02262047808668773,0.005076682630277099,-0.24227506301249382,-0.06207474247049085,-0.05780892174491555,0.0287166573176032,-0.07343939241761205,-0.3963184157615318,-0.04014980614483361,-0.051331208582028776,-0.008522653604435755,-0.04503732516077036,-0.04406215719570825,-0.03422264500686499,0.9057863989628585,-0.0640518219771844,-0.003966738739649668,-0.006258696475133153,-0.013537122946376998,-0.007000348216266588,-0.009922787958436733,-0.010592119428211585,-0.005533215807385939,-0.01104866809988709,-0.008277110586423024,-0.04740466520036198
6_2,0.003509901218349663,0.0026234259436384356,-0.0019945285652494755,-0.0032669574395223925,-0.0011672549056074935,-0.004220360553924416,-0.004442488393217349,-0.0006746883382526263,-0.005357672720213277,-0.03416333878117517,-0.03329726072087529,-0.015100576279388996,-0.003381389663625278,-0.011009715986111219,-0.014327840678516389,-0.012279453164790236,-0.004699812965014788,0.04507421462955824,-0.025087711619466043,-0.010607933348319653,-0.023118999361704095,-0.07086200992076606,-0.19351397743098642,-0.03466231960054064,-0.007233526259762474,0.07465747461784066,-0.05300031576665619,-0.310319049651325,-0.020512640038686806,-0.013293337710873399,-0.01607898812223164,-0.03774074612171641,-0.02953287956730952,-0.04423438973931766,0.9370879628571372,-0.057920484361355065,0.007225648518861823,0.004369086457585763,0.0058096942910188095,-0.0033798521980259255,-0.003245869702276077,-0.003928482503468875,-0.0030392425783003856,-0.008906693708805901,3.3702607233584115e-06,-0.020610239375169884
6_4,-0.01033943792464219,-0.005073508127557833,-0.003901763445217473,-0.0053905683061492874,-0.006736681054205142,-0.004160341683838054,-0.008245487159354135,-0.0016653959826265642,-0.013337833378888747,-0.04309707109473063,-0.038582181217527836,-0.013971438406463794,0.01132733960403094,-0.007082677770710064,0.05031703374266991,0.005823859945174825,0.0323857372317821,0.041217164439986506,0.07379285569486985,0.013501606224589168,-0.017453071191898244,0.004381247286713882,-0.1984985991726337,-0.036980994576980564,0.01607845701124466,0.0611921365420614,-0.052592183894954646,-0.31991591626782834,-0.019429703650938268,-0.03413525813157233,-0.014884741278241796,-0.03447143790262868,-0.03064918894568089,-0.028251123779092356,0.9372365127075493,-0.05679703470441717,0.015842844558984652,-0.0029451161991482177,-0.012776257172771385,-0.0037859077653650767,-0.0034290413156154633,-0.005153025464847861,-0.003749489381605088,-0.010528264373276676,-0.00733196260548872,-0.027078768186044187
6_5,-0.008587260540977111,-0.0033027387650773894,-0.005240690329327104,0.0005581596836687595,-0.004606847758417115,-0.003412825068233979,-0.006842843200699282,-0.001059549409820955,-0.01835769058148926,-0.03674372563675955,-0.03491985618472684,-0.011600442825774377,-0.002371581197550053,-0.018515509125913918,-0.01756256336231338,-0.016006190955841434,-0.017429593265732582,0.040730453684139585,-0.029034977438998594,-0.012477424077387948,-0.0423356559670433,-0.024994399352393476,-0.17715420357816464,-0.0368373306591181,0.010891808341247748,0.0438771514432982,-0.06036882731952984,-0.3664111271782388,-0.021284201113620577,-0.03563742328345225,-0.015689703460097223,-0.03423506915155938,-0.031021905006646307,-0.05212521698736197,0.9397094113973299,-0.05685248772610248,0.0030291730369711475,-0.0020057496393232695,-0.0027381328635787475,-0.005276573719958186,-0.005482640578868735,-0.008370888365269617,-0.004653524549320341,-0.010806154322595577,-0.0015735135341916663,-0.02526352613272943
7_1,-0.0014101511149547433,0.005694071375196692,0.0022886453925962456,-0.004933444287773891,0.005682636495197653,0.0004092943392094784,-0.0011587637135252384,-0.002449773722892344,0.008127636297775902,-0.06016314762899548,-0.040799056097096914,0.00527235562446673,0.004101105510946138,-0.0004887482297841402,-0.006974524528521616,6.371133704722478e-05,-0.009564142202525756,0.06275927541699858,-0.0061036918566625895,-0.006754271101170228,0.0007220500662243123,0.01818806689207033,-0.11182846107725293,0.0024075578995425254,0.007767236302128361,0.13066850444500036,-0.05786634760990849,0.6666525129149453,0.0065568685162520745,0.009816799002975444,-0.011583794862989789,-0.026669996534726653,-0.0029744641918910586,0.018229076196700854,1.054209949959253,-0.021612773278252652,0.01851008819697293,0.0007395879603991404,-0.003437475064385109,-0.0018763622454149019,-0.0040551092441181245,0.006634316142979908,-0.0007396663193636082,-0.003574176566466833,0.001651485586529708,0.00804006771629603
7_2,-0.007652820002866778,0.0019084012602373875,-0.0026110606598757804,0.00131516141778348,-0.0009139926496630112,-0.001127654403761945,-0.00040016553947160634,0.0003473709733797317,0.006282598536845561,-0.01779816947446703,-0.0054192979658526305,0.017202400106080182,-0.0015976855863857216,0.012792031803581768,0.040294143792219926,0.014896054613244574,0.03247652433011767,0.059604213704301995,0.04302724441076016,0.07263475489516014,-0.004768577685179303,0.01839688665425164,0.0004630880130485445,0.005603081642850546,-0.025350736062846352,0.131534309033411,0.03364730580356394,-0.237483016027795,0.015524629186826316,-0.010330655544052245,-0.01646925885565499,-0.0278055898251004,-0.021992063689385714,0.014828599115411274,1.1188069425926301,-0.016591850573012816,0.02071026647714522,-0.0023488925172026414,-0.00914144840201071,-0.0049707032138533655,0.004650037838789282,-0.0011974766677305122,-0.0014929217888498003,-0.0045416878200393515,0.0002337000422582584,0.0203439661932262
7_4,-0.001533545802607055,0.0033353717996431873,0.0017481437985768333,-0.00509911217382032,0.0008021462519517493,-0.002385152403507295,4.240892502175635e-05,-0.007975990104528933,0.008539289336298824,-0.05956051568833809,-0.03949348095913192,0.00930856436585208,-0.0019205037803607372,-0.004524691587802091,-0.00777426945884499,0.0004405700446538889,-0.008764533902433088,0.05450502091741755,-0.01091678565379799,-0.003812159774631718,-2.4681272283488053e-05,0.016098688403441454,-0.09478130130779344,0.0030666377503790615,-0.003324141920264877,0.1329154743215472,-0.022153865452274418,0.4620652645654074,0.0092628797322634,0.009975805935267876,-0.009985331050648789,-0.028665193048388538,-0.003112236545735685,0.01877506540594153,1.0654287248996084,-0.019444915442561134,0.022704305462072288,-0.000245349631179445,-0.0033681912435050646,-0.0017715319937812867,-0.010552039322475113,0.005066438136504855,-0.0008146280259313919,-0.0037792191393463998,-0.0017229583427687384,0.022799945304216963
7_5,-0.004411233510039328,0.004246505691689479,0.001025597834944431,0.00016127567732252598,-0.0014401045014478474,-0.0001283359330273309,-0.0015888871905873215,0.0006087992179160722,0.008851233723770916,-0.016847407630335307,-0.0035581430988210197,0.015965144806627384,-0.003501199486335273,0.0006846758742539013,-0.004527783781276486,0.00032777657039716966,0.007970238177688833,0.06533437376314806,-0.008994218448518998,0.0005647792083736724,0.00012361579995390947,0.02068755857826051,0.052696738118240286,0.010946007822310687,-0.014013518883333789,0.1702795295391897,0.03833543166658625,-0.13089349337785375,0.04728894054251239,-0.011495481930611012,-0.01613659586508474,-0.028653778859740006,-0.018077080804449405,0.022802331029255,1.1385320640937064,-0.018217626254016593,0.02316326928866838,0.00031228430966249266,-0.0029224726337299754,-0.003381166536765723,0.0030147254286692245,-0.0003261585310280621,-0.0017998598224954726,-0.006125952018558201,-0.0022683534290188017,0.024088129441773437
8_1,0.0060763039986850426,0.003293042989162853,0.002881771472425083,0.010588514322737204,0.009828783505033339,0.0038095301784445397,0.008557994099032063,0.0033184681294181817,0.019381627220127623,-0.014002409253646864,-0.004260342828249292,0.007217893175035215,0.005312174071779994,0.009825558946542223,-0.004506512588055064,0.001919098931301479,-0.007607990776960221,0.0717989603788867,-0.013298024286804246,0.000877303534165063,0.019771357369405156,0.017286842329764546,0.036362107417618014,-0.012975544076827801,-0.023808842585530166,0.12461066415996601,-0.015796799409939978,-0.02037721737137136,-0.002404432694097126,-0.017153476956844833,0.017493897259178645,0.017061891987475743,0.006768055379842335,0.02041021369397463,1.0528139135657992,0.009610816110050397,0.027790400997071883,0.002784588796271018,0.006508500514535566,0.0007577188198924523,0.01050648897300313,-0.000201451532928311,0.006182373388835664,0.007784446800174002,0.0005400372938143353,0.007194410003753114
8_2,0.006197771961602887,0.003299511467011526,0.0021169729723259536,0.002120102670357254,0.010088066005361114,0.0035628591514762073,0.00779005180800105,0.003802295504874192,0.018755727329517403,-0.015180831407922752,-0.005990244438126598,0.0032752965939785036,0.005278247622385258,0.006035344813931101,-0.006421506769282667,0.0018711989743178399,-0.007895439962620513,0.06903048408633608,-0.015210492323994596,0.00474944657421472,0.006274390873209516,0.01786665898650119,-0.03818877942767342,-0.012227418478278863,-0.021754070000107487,0.11683494936862104,-0.018964578482478605,-0.03651303475895308,-0.0009513114502805957,-0.02003064518437629,0.014556952103674541,-0.009527436244004957,0.00609308715017015,0.0193083793942249,1.03788202086576,0.018013521710965603,0.029202824398200107,0.0032864778495047932,0.007735831404324189,0.0009103308173219797,0.004206980572339612,-0.0009346837392047973,0.00643363651221615,0.008930561167744051,0.000905172502520502,0.007819261162267575
8_4,0.005354879946485537,0.003521178915160061,0.0025236213449915095,0.004929721669297559,0.009558966146922676,0.002890685484678193,0.007252735758752404,0.00205515000472559,0.017324445502969296,-0.014747682391800609,-0.006059690628999653,0.0066034924133726415,0.004683564373478858,0.008863645147044713,-0.005795940793611544,0.002221829035870373,-0.008160676072361681,0.07238132433971921,-0.013804278085983519,0.0024177285335215243,0.025339051085649027,0.015437669495952315,0.03764687099725994,-0.01358232541828524,-0.004128433632241621,0.1218590247696082,-0.017230428549563057,-0.02300006753059725,-0.004879193047148611,-0.017517411121338304,0.016624684045520415,-0.00973935032910111,0.003330190394049601,0.020079321728731735,1.0528179419439434,0.01775216137691022,0.02732754118639868,0.0022832472752187254,0.005523386027436793,0.0010181085649534078,0.007109567508723162,-0.0002499394472425269,0.006135861003864959,0.007452431427264695,5.865554021346324e-05,0.011122112444516618
8_5,0.007316131635466782,0.0036859240444841843,0.0012019234393190331,0.001221962216649753,0.011659108767650422,0.005726150834506088,0.004731200709467195,0.002126586881826491,0.017869606722103595,-0.013594765298831546,-0.006189677541950012,0.003704209559099673,-0.0050821400937999936,-0.010912363983359574,-0.008070930278672601,-0.00012091638323164991,1.5390370832453405e-05,0.05932496301900134,-0.01106958203080548,-0.005775361620649906,0.026159828063633987,0.01721978007475309,0.04044287028898014,-0.016089092145919876,-0.01449138459553102,0.11640892662949176,-0.02037219905275075,-0.028324065831624307,0.013987108385427053,-0.016745393158932424,0.014383953158561651,-0.019578525971923263,0.0064158915005266106,0.021103671064482323,1.0455944670656734,0.016776396736171373,0.025892425283559745,0.0042825733339159735,0.007391704811091231,0.0017921363686736142,-0.003079919192802298,0.00498378669728235,0.007211538977216191,0.011367532808238984,-0.0009630414213925092,-0.002088800586403783
9_1,0.005390797656338691,0.0025759228914591973,-0.0001044958279182006,0.008596818638142286,0.010442358155588565,0.0028266710287178664,0.006678435112026909,0.005471754886939916,0.030391835281982922,-0.016599632577769113,-0.01146313678026199,0.0047271338741656736,-0.004587380473694015,-0.00863346528419353,-0.010681346476163492,7.849212344812597e-06,-0.004217620215628137,0.06752800111713667,-0.012247278561236632,-0.0022995792090040454,0.005935822773145421,0.011125921727580954,0.028351065307442594,-0.0009730214479629474,-0.018853086278304444,0.14590864876159043,-0.017166791739535763,-0.0027572674099327634,0.023091696308350795,-0.011318819738643314,0.028627485809720864,0.11482631152951081,0.047683226978636035,0.02349080611342384,1.1296683389737388,-0.005436755692785109,0.009348158299054861,-0.0004936423339636599,0.003173855054699333,0.0016694083911406035,0.008785401004099531,-0.0014259594568491814,0.001967270563875619,0.006532223408455468,0.004683439501367542,0.01927524541230018
9_2,0.004072168434920991,0.002216029707328753,0.0006290572236489151,0.015184420762592596,0.01138883359456279,0.0039161402496788655,0.00922207961474499,0.011274683828762675,0.031014047905213584,-0.013523130870937818,-0.009398462288992325,0.00737454178125627,-0.0037020724163617656,-0.005034647197254029,-0.010461119081770484,-0.0018014605126123458,-0.002424085651704505,0.0660357061658847,-0.013087612031417622,-0.002884739139408275,0.02141774795987653,0.01060098000129962,0.032240710145020834,0.0008460107118594775,-0.02343151633602457,0.14842622544015552,-0.016333504686603204,-8.612884010173895e-05,0.0228615686661853,-0.01239382353600393,0.018838324783071906,0.08759730041026367,0.03671932383830983,0.0228720876862232,1.1365149248746624,-0.000500010253977071,0.00926940738899898,0.00039319021287352807,0.0037542564487569176,-0.0002842056227675264,0.013618330208206287,0.00039967833623631276,0.0037318479674642835,0.009062186023154112,0.006059961654913333,0.01538401817406541
9_4,0.0032853260292257736,0.0006216556635844053,0.000955706216048899,0.013898067324709823,0.012240726517472097,0.002892044086679115,0.008064373866638613,0.009720248874613499,0.03029879385832776,-0.013671101620307043,-0.010651074916579895,0.00749753746555906,-0.000939426506972473,0.00211331305737729,-0.009087870181431182,0.0017255645474432925,-0.00798419426888916,0.06353921302043357,-0.009209643783605111,-0.002669290212734215,0.021744023122351835,0.011577355878439543,0.031089625878964643,0.0005591081351517444,-0.007803045202958884,0.14474331812615426,-0.016467391726546696,-0.0028103708458660087,0.023309841364372235,-0.012095830579054882,0.023647009592361174,0.0469641885233831,0.05374595097705126,0.02401257459290296,1.137820257384993,-0.006264604103894636,0.011241444587180365,0.0002560116658310684,0.0026199046878539315,0.0006417680274508821,0.013424652839090327,-0.0002452401188874782,0.0044677057791335925,0.00831022549407014,0.005339208695518698,0.014716342324067459
9_5,0.0034982006911894034,0.0017030660990994741,-5.70425397290389e-05,0.008507400976109922,0.008875422020510408,0.0014208690103771255,0.007596367883888506,0.0040256921016987995,0.030795025564600703,-0.015778723705146706,-0.010738415388226131,0.0030706054640516583,-0.0022670236162917567,-0.008772979932552648,-0.007590743558684922,-0.0002594285361630211,0.015391474790661915,0.06660919900623914,-0.006438264295440379,-0.00808065327617228,0.017701675514378058,0.009750575392532736,0.02768336481288865,-0.0029803676846896017,-0.017395136730524594,0.14901244220837162,-0.018159698313081396,-0.006905113933539579,0.02437220142297677,-0.011780170177787852,0.0318075203310856,0.12527007880541707,0.0476052027557343,0.020424168490738373,1.1348049705466432,-0.008442028487150257,0.009657184106170034,-8.783896634016904e-05,0.0021706851645669095,-6.189584124007196e-05,0.008829322796329631,-0.000863969552918384,0.003106474813765597,0.0077920839461395035,0.0040909953541209436,0.01707151314906941
