,0,1,2,3,4,5,6,7,8,9,10,11,12,13,14,15,16,17,18,19,20,21,22,23,24,25,26,27,28,29,30,31,32,33,34,35,36,37,38,39,40,41,42,43,44,45
10_2,6.243317342643511e-06,-0.006657036941404325,0.0002153740648805764,0.0032673706562126163,-0.004489683553635651,0.0006618077220249308,-0.005678133345462188,0.001248594268966615,-0.03726129113716154,0.2935973325576293,1.3802197120776858,0.10857898601342977,-0.001445636536437664,9.306320865589428e-05,0.0007684848590828905,-0.00071297156884445,-0.005684530345329844,-0.002097512953192111,-0.0005118051489600733,9.628287777480675e-05,-0.008572537836640508,-0.029905529562967666,-0.004004604271450064,0.10491339911939397,-0.007221799648476072,0.10547984132280827,0.3520734678062086,-0.008503465101276364,-0.010022163581048744,-0.009709854033617573,-0.023835940654053377,-0.010019998698386556,-0.01522692977204086,0.0036357323488194035,-0.0018381967421737856,-0.013229498593858345,-0.029054991961194338,0.0001436854558437181,-0.0010334582285580164,-0.0007635571225184141,0.0009918282319882079,0.0003170736057537222,0.002326022546284968,-0.009319204381162922,0.002024257382811038,-0.02116939051876159
10_3,-0.00045702133902775796,-0.00631176340983848,0.0005794306462379349,0.0053955886309800605,-0.007227278864557233,0.004489742225225378,-0.0045283755405541,0.003795846387767664,-0.0420651622704671,0.3133207141834631,-0.007033756980426384,0.14637945682135048,0.047667050392171624,0.021511738990085134,0.053766819328997816,0.08816692243720226,0.03694398567423123,0.06025398728148714,0.0555349020922673,0.07314422394382245,-0.0016167635706924957,-0.0003318193102353777,0.035602975292152624,0.1520680880402324,0.03027097040780488,0.2376788931976663,0.15420678937858287,0.03777677484518969,-0.004739819923104381,0.027633461389122604,-0.011070771839559273,0.005761599134656127,-0.004227175169453123,0.004824124391315599,-0.01527786052091874,0.00945811683843639,0.004570686676920971,-0.0008943648754805647,0.005560039680048566,-0.0008603072896881939,0.0013585938278117458,0.00018644364359511067,0.0023688824396822647,0.00030454750056095625,0.005707495156861575,-0.012528940013769871
10_4,0.008328348726066604,0.019201045332515338,0.0022086129996231707,-0.0015366372637736884,0.003490560717734485,0.0012197595844108944,-0.0001247596093533458,0.0025625544340702284,-0.03718224807884304,0.32298054063103,1.8792006029404134,0.13205564360357083,-0.0009708507737885931,0.0028688743734128198,0.004233684845117337,0.0011536559720154607,-0.0019329709807072593,-0.0017488242819602444,-0.0025575541014785656,-0.004761978817883375,-0.006716850856627925,-0.02425820010100208,-0.00967093269783369,0.13931101394635456,0.013662341876575952,0.0766870129483359,0.3590511567049172,-0.004002084114360125,-0.014085789281113686,-0.009652383971558284,-0.028720860089804956,-0.005029722756515943,-0.013214342809701225,0.0009387693560410134,-0.011254793520601922,-0.015217489496145297,-0.037907000666801145,-0.0005617292493094794,0.002342797569719963,9.575717797827854e-05,-0.0031320190700044144,0.006841021463747438,0.001360161997828596,0.01576409754566439,0.002019450460100292,-0.029306205379540075
10_5,-0.005355776866962706,-0.005732841408496847,0.0010171144330082859,-0.006861170041170222,-0.003766558709553084,-0.00018824011669706794,-0.002813744512894237,-0.0008297581832279296,-0.03523804485700463,0.323179140570273,1.8452191728079763,0.13232506071093156,-0.00261176671553997,-0.0059719771548027,-0.0019535963399711625,-0.015710269670524683,-0.0017719647008777014,0.0001640464531612596,0.0024831486484624588,0.00823123861659908,-0.00914430006059361,-0.03000750100785323,-0.010317760297695468,0.09259891700829714,-0.009009988435074123,0.07160484810469629,0.35666140019867265,-0.009186764625828691,-0.011029504908697587,-0.004843998357062033,-0.03027340601432188,-0.01319448849512951,-0.02052399616486795,0.003345225166264012,-0.012337954314376077,-0.010073821277967254,-0.039355572171045156,-0.0002115763588933018,-0.0010522376153565514,-0.001759540679879011,-0.006450057226392452,-0.0004426280454407039,0.003153251495018449,-0.008988125355071545,0.00037391793092802887,-0.03510169183517664
11_2,-0.010833788555966574,-0.004117975870056203,0.0006744130871200965,0.00890250223867935,-0.01027183410626553,0.0009936821806385628,-0.0043486822585759215,0.0007927610236669216,-0.059956956029011375,0.1904813197423884,-0.09227794221900064,0.09130766185006522,-0.0035143735700571732,-8.600458770950934e-05,0.0025018448093484403,0.005260037703669225,-0.005371851454210401,-0.00165560709749248,-0.0009134416687459428,0.0020833162254830073,-0.009915862297052006,-0.026078659774583592,-0.0016512327931857886,0.09468260886089722,0.0046503849482193195,0.1461197473968031,0.29653664681938346,-0.015262157172002903,-0.005466043989765897,-0.007533877546436591,-0.008772162585894812,-0.00857937744900708,-0.03554566151973699,0.0056544805474552625,-0.01917929858034451,0.004873881628750252,0.013428177958219463,-0.0006333182498435892,-0.0006608900124526791,-0.0023176986490740987,0.0010489443086016243,-0.0008763047010628562,0.0011285758746389153,-0.00047260601416577194,0.006613038228569887,-0.018452548682689213
11_3,-0.0103089487777036,-0.0031939849677521683,0.00020168562512034167,0.005153460016802011,-0.006848634956771423,-7.720221660318843e-05,-0.005306175788728686,0.0002493077665773589,-0.059732447137762705,0.34049333983495406,0.003111424444666334,0.09559644776930006,0.0005883121582779085,-0.004431803113465638,-0.0015990768598000973,0.002416195741224637,-0.0022009012926761944,-0.0044527760264264585,-0.007459607566842618,-0.0032110208224437084,-0.007161492236908216,-0.016607010142735024,-0.004249711210812573,0.10683898208784771,-0.02119792451287198,0.15095913947323422,0.2787739115005956,-0.018732060263507214,-0.008355888352451317,-0.010488973113960772,-0.022592529869819578,-0.013972638114891309,-0.03492411816825874,0.004679367898817193,0.011131416664191386,0.001177913270487461,-0.0015035967372455923,0.00016058778005093315,-0.0024611439232734775,0.0004076455370344914,0.001487687500755972,-0.013477066131816018,-0.0032507447993955093,-0.0008078658445428076,0.004416067478694066,-0.014826249272014
11_4,-0.009121767271839562,-0.003960698420505146,-0.010204786086419181,0.008057704862633096,-0.011218735737312333,0.0037937872847130763,-0.00393646955663935,0.0003514591770501684,-0.05362707261508596,0.23580037286263653,-0.07745183015013765,0.11183147354615083,-0.002031419793673807,-0.000801425501567359,-0.010103102918276046,0.00402036675142701,0.0009753742924263613,-0.004342582409933413,-0.003407476569979293,0.01053725071428708,0.0008294665720683918,-0.014011144276336665,0.040039908812245506,0.06003903115577728,0.01588632957559909,0.18059403550159744,0.10118813565600197,-0.005853871986003959,0.003057057310039906,-0.006491581193693048,-0.007677934966760357,-0.006095317624900546,-0.024133085709490663,0.0074966370419809495,-0.01807721535552165,0.006769316580530329,0.012998874482014347,-0.0010416001075753592,0.0004522650547955692,-0.001036214682055927,0.0032489577787835635,-0.013007773537922976,-0.005356094184849869,0.0009548518306936443,0.00566197380111636,-0.02172531482079207
11_5,-0.009771049971080402,-0.0029753813885287105,-0.009685270995505455,0.0048262582013871335,-0.01122607235385102,-0.0005610192043586105,-0.004306596672239191,0.0017705650681725518,-0.06320064991565669,0.3514317384563771,-0.012298423949321565,0.08517215880653994,-0.00495377601378176,-0.005373366206118838,0.0013769122936247505,0.005755608460351845,-0.008251210933777333,-0.002235025063597458,-0.005672687684814237,-2.8110891274923426e-05,-0.0024910026240464577,-0.012671493599299487,0.0067732222274259415,0.0925375258354309,-0.00012611378570265692,0.14036094036633714,0.12141167676553533,0.001353707728213438,-0.004611870595958109,0.009068660474466158,-0.0208225127908981,-0.01635065286181524,-0.03451914338756279,0.0030259779517874943,0.002502948724731907,-0.00049974008742389,-0.02148907900100265,6.159195698123616e-05,9.605519868799791e-05,-0.0006939662377699594,0.0026524262660495563,-0.014156028769804681,-0.0028144302909258547,-0.000716434059572712,0.004665639011330212,-0.017999316472030395
12_2,0.0059291071129495936,0.01769389246532437,8.102243463571037e-05,0.003824036176983768,0.0014346885665443105,9.399240734582283e-05,-0.0037904686593824644,0.00038336938655397724,-0.015631868714267895,0.4432429054168794,2.400091814444373,0.164755865231173,-0.0019629049707597514,-0.0008276234055987196,0.002869212924516485,0.0024211780248098434,-0.002716754919809387,-7.697765648327268e-06,-0.00410347953906805,-0.006027298809355616,0.02595985802583816,0.024071387082118065,0.004124070428278608,0.3002013910158393,-0.005415599195578215,0.14664725872012724,0.540910218532363,-0.005205499485952779,0.00845952674780792,-0.012331781383210616,0.03882666883250624,0.027235074965146315,0.051576970177790865,0.0006936783104215467,0.015439364163179613,0.03464292103525782,0.06814146407759016,-0.0010280776126690605,-0.0006562563628074983,8.488441682000006e-05,-0.0019330912521332057,0.006481867323929485,-9.486323133823873e-05,0.013638768888923458,0.0025709805063624503,0.0388884299713989
12_3,0.008018145503372166,0.019993485421291732,0.0026281029780284887,-0.0024523111604323796,0.005029293334906331,0.0020505283394583722,0.014465007350437393,-0.005145895162896087,0.11412402111453503,0.44005049562916226,2.364725179235089,0.16102798515655534,0.0009675939996929904,0.002750554506541552,0.0010393167630116658,-0.002478224082372209,-0.0018442324473490705,-6.546070136801317e-05,0.0061958542507450885,0.009838622651277674,0.02881702538971332,0.05388367817031882,0.004437589993354259,0.28993444870845225,-0.002771624806195425,0.16804778834598608,0.5139377566028668,-0.0013006257180048775,0.020718810370513152,-0.004687421693721843,0.03657058035728928,0.030345320083920924,0.05227455668266086,0.0027879487523854024,0.020311840721146307,0.00176585527440927,0.08150812563317697,0.00016877718434511722,0.0014267585439080048,-0.001302929480331266,0.006006799800620864,0.00605015152589368,0.001406308278523622,0.015862968926003092,0.000940875604074055,0.038041020176574784
12_4,0.005949106910305875,0.01919607204822977,0.0036770780756928798,-0.0024754495009548954,0.0037741401053078792,0.000548521553277894,0.013580560404637187,-0.005038894026574242,0.12185419659071098,0.45519762433068867,2.331467231450148,0.1640052980021978,-0.001173625331658647,0.000489196949090211,0.0012862603611033918,-0.0010229874715473686,-0.0020062005985706337,-0.0018187069862531677,0.00565511359595586,0.010687150254940329,0.027851976343434576,0.05418335605980012,0.007083143924707058,0.2864891569360557,0.013539048218142488,0.1606511554814624,0.5129654245640153,0.0023118905019649987,-0.010727863960874467,-0.006843579244218852,0.033956059355471885,0.017363028526400745,0.048567424843140375,0.0027677844543189463,0.019146560162265736,0.03251531275020108,0.07863971953821326,-0.0004208956238122649,0.0014060156713609354,-0.0022955408778223304,0.005666579082803319,0.007862480677297374,-0.0002232204492380333,0.015171986514663486,0.0005474583409555317,0.03622258215255946
12_5,0.005460266041903898,0.01801083244860199,-0.00010717210158902376,0.0033006677992445665,-0.004807424056736095,-0.0008627893221913466,-0.0019224439997862614,0.00152401770284348,0.0004784632771481059,0.46136774062488695,2.3730145648884986,0.17065104333499148,-0.0008498840665556229,-6.672535135423327e-05,-0.0012012853407623804,0.0011968008657568202,-0.003108756281257106,-0.0018197665704961382,-0.0038748346900836783,0.01141746257033176,-0.008057957292488784,0.047650168226815615,0.010229187559762423,0.2762039285813686,0.01392300617138326,0.10771818983763924,0.5051744966467361,0.008962956392480138,-0.00968781638676775,-0.004282295936695311,0.03713325429252661,0.030059149553262707,0.05135909451874172,-0.0008079174865748559,0.014622098939673547,0.033737344911803246,0.07775608319923434,-0.0002556174638250281,-0.0007637540409717919,0.00019849805869458467,-0.0026037646605140967,0.0017234918880078601,-0.00024465965716209307,0.013436544419174214,-0.000749991356793074,0.0372428421801873
13_2,-0.00030420971676533914,0.001311162733791959,-0.00040079890486079497,0.006779240069775216,-0.006307656556643031,-0.0010655785201567124,-0.0023183964548404677,0.0005388754760456317,-0.027216339281655136,0.10553723748399417,-0.16719271794017582,0.0019152376977422789,0.0038564062579146013,0.00480268500561932,0.0043349557753264625,0.0016953331549618815,0.03055921710353888,0.01171120722078769,0.002904163817754134,-0.0016121282590747692,0.0033126545241060792,0.004822567976512659,0.0004881747114238842,0.027040709846273943,-0.0010197902918359812,0.2326873596070998,-0.00939648625072783,-0.015064701796738343,-0.006300610776653158,0.023053429300146103,0.01991523210940334,0.015249687808948692,0.00524315438008185,-0.0013606995425203166,0.008736857083413816,0.011868953857475608,0.018780755181193938,-0.000641784664929692,-0.0018096053249644038,0.0017902770806295357,0.0025934892748266957,-0.002531839861616112,-0.00019769019430687255,0.0009801765149527073,0.007926182018133734,0.03592152043836416
13_3,0.00046221413841698,0.0015702568853311941,-0.00016227301184818608,-0.002757365560748122,-0.014376633853910971,-0.0010970950514555405,-0.00011525110469132935,0.0012526843037114212,0.23420076690605401,0.07901535227819183,-0.15907774985222378,-0.00613201413364887,-0.0025754721902529272,-0.0023192326580636995,0.007126105993200227,0.007033002514097078,-8.274926484320155e-05,-0.0031682495455455494,0.0016520064841540818,0.0033837918519535296,-0.004473855395855275,-0.007688786244940195,-0.008239946968361946,0.04089177711248786,0.007170391046466456,0.26203905038494013,-0.011581283275424705,0.0018269606485844193,0.01105585513878286,-0.015835322803475667,0.019252423692622558,0.01463276657833791,0.00772722084244469,-0.002523577978430096,0.01193388423061341,0.009159634274371727,-0.06686201742413947,-0.002212950009722909,-0.0015331992362375279,0.0015241333047330535,-0.0008481074241447418,-0.0048100779280533,-0.0013972160557258475,0.0013198693348162188,-0.0011623261740889568,0.039758315902254766
13_4,0.0017342179356770002,0.005326056326175359,0.00461529488560284,-0.0017187098037980944,0.010838779442682403,0.004347332529938499,0.005912503397808429,0.0005483450645280131,0.2818267681985113,0.10122598482432846,-0.1492281586411863,-0.00730524823101021,-0.003242570061705594,0.0006481627919148074,0.004548638226084276,0.005192322762377354,-0.0027589652430211743,-0.0008184245898584955,0.0013876368418816389,0.001962496607033546,-0.0026844487410987994,0.0014054788705238571,-0.0027525763909673137,0.04246081364236657,0.018573839887407923,0.2663919725741962,0.003729399781947844,-0.01028464622626698,-0.008168673816122076,0.03297070594152488,0.017365067984806398,-0.013332283779185652,0.006207901368332887,-0.002449807893608725,0.007046102673788747,0.006310251899699584,0.00940815318206436,0.0003621859086485592,0.003008801175911541,-0.001664740266252249,-0.002012097327143004,0.0022306243521281553,0.0029855041630581797,0.0034334517481794382,-0.0011225349447276576,0.034283818272595246
13_5,0.0014152530739181858,0.002327933958961966,-0.0005696717753243947,-0.002415689512806198,0.008210135609306503,-0.0003730925327642509,0.0001545889678777399,0.0004962189450797675,0.2856680938871774,0.11462567933731302,-0.14918857164087415,-0.0007003929479614136,-0.0030752882007514387,0.0008160789685985656,0.001820188755626148,0.006758707128685098,-0.0029137057832044604,0.00027913024092780515,-0.00022466013353811883,0.0013819086865245948,-0.0068472403195031775,0.0003478572602242724,-0.0013064048976283063,0.010190072275529248,0.002771991464237536,0.26648145691955083,-0.026612459880299665,-0.006040635677553534,-0.007719556003739591,0.03761308262735714,0.0065735863082803676,-1.1893318792744267e-06,0.006429186915670897,-0.002670797876662207,-0.001737414495084483,0.00553918878507179,0.00962552829762005,-0.0006376493424613297,0.0005469788455894509,0.002633412340530922,-0.00040813172205557283,0.004313955632722425,7.569617788793878e-05,0.002294161509087551,-0.0012609770851390175,0.04624105287839024
14_2,-0.0008320267948150055,-6.565875179497624e-05,-0.0004525803924401274,-0.001377550350298942,0.0012042909236131287,-0.00036861628150857735,0.0011398728026167902,-0.0017672359746534448,-0.02562817041910697,-0.24832298331784597,-0.45074819639720315,-0.013015821674305776,-0.0021153969987969764,0.0007828480125250074,-0.0055957323684904595,0.0251500376625939,0.00032636586209974116,0.0006373335865951488,0.0118895466417759,0.002759490551094286,-0.0012490268553764024,0.009768198334553299,-0.00750022077079563,-0.07026549474910818,-0.007771392622302916,-0.2751411223867314,-0.10894983787002761,-0.02836512318825009,-0.01961047247315719,-0.028918627513318078,0.005217127526208853,0.00598752958002092,0.006054514367752371,0.001517689646566175,0.0048958902214829274,-0.015564170491068667,-0.005522156827290025,-0.005950945886705335,0.0004549622026769665,-0.0014870077206067779,-0.0005260089522108245,0.0016408122688975335,-0.0006873024058114259,0.001975862799790042,-0.0020383020409352483,-0.019839294824354956
14_3,-0.0018837845258729247,-0.00034838196244835667,-0.0005733372737017582,-0.0015843524654955365,0.0014083248243536575,-0.000597248917256224,0.0011111866066701001,0.0013176008440181281,-0.016391853457727878,-0.2090511306056114,-0.4559124877910934,-0.0593358642579957,0.00827628850931802,0.0024584637525151376,-0.006342707479837546,0.0006129828614132403,0.0009168566203614085,0.006590996040605441,-0.003306082948579483,-0.006452070854814913,-0.002373544502103667,0.003925993823427611,-0.012924920816001984,-0.11172478772070424,-0.0097077142709022,-0.2772706617044898,-0.10449111414182104,-0.013189960552842427,-0.019253869240873238,-0.03131814535913768,-0.001922997857893287,-0.012022065555264609,0.005382606257177671,0.0017163683809440962,-0.0026417718436732057,-0.015910828557553172,-0.0021532319956884087,-0.006645681217688451,-0.00015611298803573642,0.00028505440512456017,-0.00047304041709900945,0.0015572462119746203,-0.0008016416211996945,0.001786997016742173,-0.002059533400399555,-0.028358802640467216
14_4,-0.001536102535274646,-0.00012580871315077076,-0.00031212363013459265,0.0019026848893587607,0.0012482157583666056,-0.000522455233521883,-0.0021095184812394596,2.3659842249673744e-05,-0.030473985082813106,-0.19643772151591254,-0.4716537686942546,-0.058162244822768876,0.010659924228654253,0.005794399208050642,-0.0035146158938699924,0.002148570543440893,0.004962278809390441,0.010131643095567707,-0.0031391851904167224,-0.005141276247739214,0.0013851807045456926,0.011230552208605695,0.008268616150698821,-0.08120394408198163,0.0014407528482040459,-0.2551759308393907,-0.1133977046727728,-0.0006491059799798425,-0.016956077952673683,-0.025668652398165955,-0.0002410276459966927,-0.01770584280284669,0.0035517672396307245,0.0007359508465871709,-0.010005526512631473,-0.00666834917323787,0.009621848592136528,-0.009155801169680275,-0.0016689664438374406,0.0002468218276324632,-0.0001832649503499316,0.0017213742582829568,-0.001764930096926181,0.0018157745063311834,0.0010496806510005416,-0.024780540403885276
14_5,0.0009018408123290767,-0.00013923587922256122,-0.000846822201525015,-0.000500989068542413,-0.0035445019824468654,-0.0026317021138238467,-0.001345337558930084,-0.0007816056400262707,-0.07406421426355748,-0.24521639892839645,-0.45850820814084586,-0.059230371040643645,0.024605310281867573,0.01670458856684648,-0.0047466270027690365,0.03553647064482162,0.004421425897073387,0.004425463668745403,0.022177658560853082,0.0037707916156772677,-0.003560461001416258,0.0021715842555880076,-0.009048558517712108,-0.11326288024568264,-0.007730591139705289,0.19897015073316446,-0.12101636920639394,-0.014806265177827899,-0.017789185895181883,-0.022584585835626142,0.010513365249436838,-0.03835116465075994,0.0033217770546771917,-0.0010542780092332566,-0.028631860132968846,-0.010217859922417508,0.013824506574936614,-0.001738965003821882,-0.0010719780888543335,-0.00048018784304896617,-0.00037309668614828257,-0.0008005381172363668,-0.0006209528864541673,0.0011635913824976738,0.002167080453297829,-0.023555230588691224
15_2,0.0021524854641643285,0.0042821539833371326,0.003994985890476882,-0.0021354511458117073,0.0020064953558234337,0.0008362668315280463,0.005003834527804136,-0.0007429641821127997,-0.06172879209289045,0.055647885998276435,-0.1979731385012719,-0.0049916186972573905,0.00019127423378205807,-0.0022890021336040476,0.0008770929072588372,-0.003356683126049876,-0.0006562694988467595,-0.00015460813164294392,-0.003480871959544919,-0.007155619009270496,-0.002154398438959001,-0.0006814215494364187,-0.006690168840422351,-0.02896685279586844,-0.009037015231306051,0.1893742919938055,-0.08455896261047459,-0.013636034719682754,0.004608275456187002,-0.014404826302058745,0.014545499182598594,0.017897354695718407,0.004047532437888275,-0.0014065404256678375,0.017324386557035117,0.0028188969488924212,0.020944020748676222,-0.0019459530280992745,0.0012698542030666836,0.0015384064834503062,-0.0014849841521949894,0.002601323850216459,0.0002928504221865369,0.00273096768199437,-0.0015156864898195903,-0.02443335805074439
15_3,0.001217073353483379,0.002911827750867809,0.004450339390240679,-0.0011950112214364084,0.0022159077925616444,0.002123606028360369,0.008403297561295368,-0.0023084892600867034,-0.05383315653176764,0.039339772986612634,-0.20660312295983735,-0.007060780719232143,-0.003215331580725746,0.0012397353938982444,0.0014653629170027506,-0.029520194922174576,-0.0036339111373958795,0.002519207057276164,-0.0065180414216474275,0.0005262761650499987,-0.0007077475410635474,-0.0011254168115332958,-0.0007664899141601441,-0.040456867524702386,-0.008321523018934298,0.1856197672158556,-0.09133388135359126,-0.012909228399894583,0.00799136481892045,-0.016500666421622907,0.0203057958305095,-0.04054308516259897,0.005803023197931919,-0.001364305821862397,0.016678427830459426,0.007459537237512347,0.01884598669044728,-0.001624670921640233,0.000825865217259158,-0.0016508155208554342,-0.0007069138319711187,-0.002455404006451878,0.0007273256026455528,0.0018638079001650992,-0.00046892630140375584,-0.016335456597675258
15_4,0.0031492347871242797,0.004159549302102824,0.00403322172691486,-0.007983505109987929,0.0027497415513528115,6.529800859653739e-05,0.0048278246960301125,-0.006921121173362849,-0.058010214503905096,0.028979934516726168,-0.2156845179642971,-0.016837140198541378,-0.0015914631871484187,-0.0018535627286980771,0.006684302344288431,0.005447133752301311,-3.290455519556935e-05,-5.866295963830188e-05,0.00043737774323643846,0.00464510181615315,-0.002905332038472625,0.002055238110174506,-0.0011937254714503745,0.0072819390037863335,0.011858852161417978,0.20313010235788692,-0.08758569951294166,-0.007575865566965689,0.0028418914996032503,-0.019422018241023648,0.011475532675276581,0.017335742565383186,0.0023684287624363555,0.001267076475930748,-0.005260415385939656,-0.0009374588324509272,0.03173287244927201,-0.0017769783352246848,0.0006050307341053333,0.0003963397877457963,-0.0010449519470996595,0.002470577645428349,0.00018071855805425714,0.0016403374912026005,-0.0031428916656857063,-0.0063429585209320485
15_5,0.0012431383506215457,0.0035515684516781573,-0.00047845825038468447,-0.0016298914807185722,0.0018155083578406692,-0.0004883997031961857,0.0032668343974730655,0.0011056494267733636,-0.05627467664542719,0.04495727434755224,-0.19470702799936163,-0.0034082087993150614,-0.0038683125627074822,0.0002665554758585932,0.0018708798851436196,0.002090836422863575,-0.004756867102571086,-0.004954487966390463,-0.0027279537498447522,0.005932036380556059,0.001268123814460012,0.0005299079822486066,-0.001050846986421877,-0.038003064707366356,0.008709427025767748,0.20373295700332036,-0.08920007877381599,-0.002293804186926764,0.0048358661634946756,0.007674317724301158,0.013272846707328293,0.011314051157571121,0.004532223796899555,-0.0006780168117130524,0.020060857492010937,0.004174337523566332,0.02535337413043398,-0.0022820888730082475,0.000430874015167186,0.0014212722291715423,-0.0015607391138327692,0.002946582696403499,-0.00015162153334833016,0.0007758239825107732,-0.0026382944928551974,-0.008238995975677404
16_2,-0.0019282481206057767,-0.003882849758441525,-0.000927916232098025,-0.0005333448741068669,-0.002288353678855611,0.0009672707644507005,-0.002524775265479765,-0.0013389663982522006,-0.06205405652359671,-0.013569997165175249,-0.2638060519286019,-0.006896041473250683,-0.0007823128568423105,-0.0004944783877717379,-0.004600109698414684,0.0003836567523514003,-0.0015141384563729513,-0.002934856320756568,-0.0045048712463778414,-0.005488084495479743,-0.005732840918071847,0.02781493656030672,0.01759331969797657,-0.06011290078397928,-0.0016287858512076736,-0.2293760835814013,-0.09463534756050998,0.025509573462212057,0.0075737919021150015,0.013880468191553443,-0.005978841251432301,-0.004675565272878612,-0.006787544574931841,-0.0027782298776843025,-0.02859699994389674,0.00033861458885823116,0.007843872164196455,0.0012352722733261017,0.0011970617387678667,-0.0006466641951282596,0.0022711189361024164,-0.0023702768755091462,-0.0009425257009489315,-0.0018014016554531588,0.0012207345719138353,-0.01773398265610886
16_3,-0.0019624943947327473,-0.004852298576678603,-0.0030305111378408074,-0.001980423187344899,-0.0023849462905752637,0.0010658455392691035,-0.0026397975742249793,-0.005823332892922185,-0.06905252467141959,-0.017710744443750932,-0.26707201243315626,-0.00869865056633629,-0.001481388901694529,0.0006951093454942568,-0.006796818203066518,0.0002850693622747064,-0.0017874047074648545,0.0006853468838906345,-0.0048570747076013285,-0.006434800474868044,-0.003240134608080347,0.024732870314687096,0.016034717163922393,-0.061199717817300534,-0.00030602362781393197,-0.23539535927539773,-0.09611321397884849,0.023309630402482576,0.0060566358213735615,0.012727916070225097,-0.004190213943960011,-0.01188864228477038,-0.006966350865300676,-0.0029453466064364342,-0.031669911496811864,0.001162054742985731,0.007816135310938528,0.0004698442788591856,0.0011764384990391784,-0.0006260506991967157,-0.00228143042142281,-0.0032900597488741377,-0.0009416364367195364,-0.0017333797166886949,0.0010923740550821922,-0.01849314626402954
16_4,-0.002180070188920747,-0.00453720973028327,-0.0023410183081732623,-0.0018020272718342412,-0.0023441468079604916,0.0006921459693231711,-0.0024329575485584347,-0.001356805379834575,-0.06762501642635191,-0.016889121936636723,-0.26958835459890795,-0.007351367085131775,-0.0007663186361522888,0.0010396600655641955,-0.0050375385030710885,0.00034901887712817433,-0.0017560626500974206,-0.0029181062853201782,-0.004897676072752224,-0.00569630797068824,-0.004196788234231133,0.025277054478645974,0.016495932935808182,-0.06085239239200686,-0.0019729453997244187,-0.22830242097942569,-0.09528867684665966,0.023574302148641296,0.007534769147457419,0.013208442959651167,-0.00660710620612006,-0.013214117396086692,-0.007254106952749515,-0.0027335805426187535,-0.031528848455951795,5.29731887833216e-05,0.007245450541044383,0.0007394672190392464,0.0011813305201410333,-0.000761280622121048,-0.0020605693707896346,-0.003205486294393732,-0.0006823536783354994,-0.0016574827462939405,0.0014230583361664769,-0.018341006069517368
16_5,-0.0021516227023529073,-0.00411693684360602,-0.0012211732007599198,-0.00280194643424635,-0.0024170132896778637,0.0007271653847882819,-0.002634167777076232,-0.002353848643977502,-0.06891064274407557,-0.01706653224963691,-0.26863364749057966,-0.008895904432462385,-0.0015574677543080926,0.0001164891313015363,-0.006954722389189586,7.34579156402807e-05,-0.001176161927307828,0.0007888570782616551,-0.0060016231201574025,-0.006130794338107976,-0.004385880092175628,0.0246231190192163,0.01564474885622152,-0.06250379404058061,-0.0012338294654611302,-0.23435990882698698,-0.09697888284537176,0.02308142829834639,0.007232507464792472,0.01301479827279853,-0.006554006998066615,-0.012953027180860928,-0.007270508576588304,-0.0028211543180855247,-0.03218926205769339,-0.0003192699638520135,0.007569153319609642,0.000791605051664856,0.0011599941229295193,-0.0007001364372888385,-0.0031943551396234936,-0.0033291581039345654,-0.0007886821445905507,-0.0020132182406007153,0.0012763929384752464,-0.018666968884098623
17_2,-0.0018376527510976508,0.00020491879043371304,-0.0007271451296770298,-0.0019404810698429456,-0.002505460986639756,-0.0007466506458071965,0.002109415005922079,0.0013322664991871314,-0.03497090806435461,-0.21333813733845666,-0.4525505488428632,-0.054436069039616675,2.2678760074569787e-05,0.0014973332230594494,-0.0024766102062258478,0.022151826166805832,-0.00460913467790968,-0.002380465233978045,0.013725665494053301,0.015462265538418656,-0.0031933592104429675,0.013852581034606312,-0.006419905005516754,-0.079418004607397,0.001458720062095791,-0.26638828113805024,-0.11437202577027279,-0.003241257292605363,0.00549895875251512,-0.022970817358806638,-0.005959291557523812,-0.007131181571151054,0.0008521013437089588,0.0010534960694741223,-0.012320125530909339,0.013346813031942179,0.009482211188432791,-0.007905139895804025,3.680974599209731e-05,-0.0006100582565501899,-0.0007245716834669257,-0.0007337775952872432,-0.0025606469668888695,0.0019201972605022016,-0.0022519588172535587,-0.020249698096698403
17_3,-0.0010410612893946977,0.0013761537232121826,0.0011962275818338155,-0.0010568229459562998,0.0011671516202809774,-0.0004653496528253263,0.0040025501068054,0.0021421231412856625,-0.033839162446734926,-0.21867921337332819,-0.47212474854001146,-0.05633115575116466,-0.0004958394478018971,-0.00014869085065995184,-0.0027179096753331255,0.021674897946780004,-0.0002826015597463913,0.0006924420667493149,0.013913409200222757,0.012565801012898307,-0.005909181072364749,0.02849543764750631,-0.005216118327949018,-0.07786628152212506,-0.00477300772141734,-0.26348847417264865,-0.11591542809135712,0.0014205535819142464,0.007148217382881934,-0.03345374905005762,-0.0059364781746702126,-0.004503799483979435,-0.003379084001917075,0.0010880119721397405,-0.013770006207353712,0.0008152387500562984,0.012728401631851433,-0.005551931368071692,0.0005559000768664681,-0.0010971722219415697,0.0006508386798007319,0.0025772607575652363,-0.001366192691801163,0.0020776351917337495,-0.0023508271966524723,-0.019223997998968262
17_4,-0.0022285881485862003,-0.0025819109377623545,0.0009305803161820054,9.813359682445026e-05,-0.0026166698026510128,0.000569424219595846,-0.002316546623405381,9.612408081424327e-05,-0.03201211622607433,-0.18600139065680177,-0.42791844009154484,-0.008756054764932906,-0.0006478258074945896,-0.0008874805681542065,-0.008016342356598238,-0.0011662600118738599,0.0008745237070599346,0.00026677761089821287,0.014754894246115563,-0.002769064069322556,0.0023616086218705323,0.01361199198775461,-0.010036102935561777,-0.1000697964359884,4.5063454156851935e-05,-0.2566279185999593,-0.10345250519367487,-0.01253712704431663,0.009372255305880274,-0.026526077966695573,-0.005779109898530333,-0.007997740124761704,0.002019838328414646,0.0015304634189414958,0.0018104457037328092,-0.0121063043195739,0.012388878243996194,0.0009543578403651799,-0.0008919705831577599,-0.0008758840492574255,0.00015047505658604974,-0.0009471758866163213,-0.00048379127400574064,-0.00038244368855807807,0.0031899321422154013,-0.02015249477593221
17_5,0.0005325804604340953,0.0006110745918461142,-0.0004676786230188144,0.00012321088403062554,-0.003106962552467074,-0.0011286090349305591,0.002130706676897079,0.003224649718193059,-0.03896929067801938,-0.1831763301206636,-0.4275063163018287,-0.05039436618761196,-0.0014308503655010105,0.0013296979625198107,-0.002740061073522232,0.0024221405629026136,-0.0011942681381539137,-0.0006965153007388494,-0.002045771718128209,-0.004605464146720435,-0.009150545744288049,0.021435135671981295,-0.007033608628620981,-0.05720526301113985,0.0013331249180406931,-0.24175034838111287,-0.10375983752483438,0.015635517661188505,0.006869254269259698,0.01779310208024723,-0.006159204336822408,-0.003532132385332958,-0.0014631799487139544,-0.004724716891086759,-0.013307320122867146,0.012760364470143615,0.010765075202355255,-0.007748867601963988,-0.0006856454939252533,-0.0010004035345922094,0.00010582885460633296,-0.0005560219459012121,-0.002165270773833117,0.00189560907641294,-0.00026602350674309746,-0.016881979223999283
18_2,-0.0015028588670626796,-0.003192205193596428,0.0011424045304936111,0.0009650297595757298,-0.0026228224449416715,-0.00010261017522162003,-0.00034249227039468767,0.003207928395018699,-0.0667373647691451,-0.004395841577223034,-0.259137017387258,-0.008671271049777714,0.0008552497538013414,0.001629762637846568,-0.0035992767743674397,0.0010766066409639756,-0.003610232983068972,-9.68983496637827e-05,-0.005960295192644377,-0.0058870428724183774,-0.0005860589894842783,0.020803758029955075,-0.0041573636214217,-0.07644723620957497,0.0014144471725578071,-0.20873379256958816,-0.095818021889647,0.004660247726188595,0.008149062630577823,0.003810756694098066,-0.009299285934168126,-0.0041087339347522555,-0.003410059360059534,0.0006026347341211123,-0.030589452259067368,0.0056895215544559286,0.010398127040418705,0.001309945819263342,-0.0007151174499953209,0.00018918568210400113,0.0012204851785455868,0.00020161864429184718,0.0008310982372886599,0.0015710018105355883,-2.5667909648344222e-05,-0.00913648406172124
18_3,0.004643281640605765,0.003102463825297631,0.004566481073130834,-0.0028700320045972286,0.0019875375309550978,0.00281400514518317,0.004474143287151334,-0.0024041897568734647,-0.10096229678815954,-0.016137828049092345,-0.2666152142394279,-0.025059834019752356,-0.004482165061583437,-0.0002579223653096958,0.0024154380603290332,0.00029625538092695853,-0.007950540777863767,-0.0051293295855960545,-0.0005890090212699406,-0.003460891243006034,-0.003732090112430933,0.009307911789226889,-0.0014922350913155926,-0.07710508844517697,-0.005244635408086252,0.17060725644966426,-0.10066058204196922,-0.003359296952189982,-0.0020350883827919336,-0.015036054574991025,-0.018535046791527926,-0.00594692950469594,-0.0014646589477392432,-0.0020392963622045614,-0.055844156272096684,-0.004041290418009228,0.015662899047837957,-0.0016313411903677005,0.000620293377665754,-8.349817542862632e-05,-0.002369649157103483,-0.004184598730015965,0.0007236569043674959,0.0009177696746555112,-0.0025495866869049456,-0.00784462945627999
18_4,-0.0010457836188382634,-0.004814101960909376,-0.0003692782017838317,0.000193156595546976,-0.0037044206994918784,0.0009514474381048686,-0.005911471362651476,-0.0019847963693564626,-0.11157478665913205,0.00353775389014551,-0.22240752125642885,-0.020668946102450188,-0.000937192534315693,-0.0020539545012080804,0.0013013615372718583,0.003184985235792614,-0.0005856962073704898,-0.0035689233705407998,-0.008992150369449222,-0.008605323980375676,-0.001946289498586313,-0.0007621169373543627,-0.005904209413286285,0.0031186435356748182,-0.005843538607132371,0.16261959113576857,-0.09608289448668662,-0.010108568292559924,0.0032399859367854486,-0.012904592719162888,-0.015348432305064535,-0.006348311569222838,-3.7261679487347974e-05,0.002033759243467378,-0.04205343767341419,-0.007702245076296867,0.0265666856357656,-0.00041701499953704184,-0.0007778162768212449,-0.005267381330275917,-0.00010081153058547418,-0.001422579082747413,-0.00224604248399861,-0.00041086371385102774,0.008947809258971377,-0.010905643716663376
18_5,0.0013263909314753736,0.0023390344089283394,0.001279484172103723,0.0011934426625015344,-0.002465488776284571,8.080207639366921e-05,-0.00036073919319341114,0.0037838582809968323,-0.056166052650056315,-0.008056565053125572,-0.26406250380212987,-0.006694719080282694,-0.0005902006340451811,0.0009727030412486683,-0.004416509954602139,0.0012433904034064734,-0.0031793852192369388,-0.002227591433775252,-0.006559997966178502,-0.006374077105217224,0.00229969476985303,0.0265593500184553,0.006205976712286137,-0.05676413863289173,-0.0019222110431941605,-0.20210572680474062,-0.09615170285512258,0.021042303259505842,0.00900086940086799,0.015467397945078662,-0.005837806662028575,-0.0033729288453883894,-0.002090508819492919,-0.0009767233451462472,-0.029566035939427297,0.005290290191401806,0.008293998522698201,0.003345898976645656,-0.0022898868923376518,8.546756155698834e-05,0.0006155554768582964,0.0010606978843237854,-0.0010661962970202408,0.0016272608498285265,0.00040752916262474923,-0.010157144581283582
19_2,0.00022666242538170564,0.0007160552310487883,0.00118563356575135,0.00011336599336306361,-0.0015267979305772306,6.0011132341267e-05,0.0010184564544030044,0.0028741637934955027,-0.023087598831591276,-0.1961925944752406,-0.42800770300609137,-0.04660413371242591,-0.0014825836238134115,-0.0007369644107680259,0.002472043223570291,0.006887168041691834,-3.314022051104683e-05,-2.113214085735022e-05,0.015338238694991908,0.013711652710407533,0.004630425042660502,0.018410371856297816,0.00942071638549247,-0.058593364770970706,0.002750195846998393,-0.2460688938442135,-0.10731040843104261,0.01696547341247546,0.007371949841275194,0.017576115725858297,-0.008186603506551947,0.0013445321695846183,0.005526054173496141,0.0018017969562043891,-0.0013846558923420068,0.017900391577271014,0.01439519082494504,0.0010298840245697295,-0.0007755500736604282,0.0008060537312048397,-0.00037036337625869035,-0.00013366961944517798,0.0002449966978381128,0.0015962532371819654,-0.00020591932787704617,-0.01397334111858047
19_3,-0.0001481401810701736,0.00017837552617642574,0.0002786112857922972,-0.0015263795629843905,-0.002497770749575516,0.0002770627381884639,0.001178311221385263,0.003093769903003813,-0.026667713396852196,-0.17687995651051933,-0.42384291111471206,-0.046059972022153714,0.011545869662915884,0.003936517113925709,-0.0035482979254484225,9.419498384016816e-05,0.00694799198783506,0.00036775693282886364,-0.002899909264324002,0.0016356653222489939,0.003066005187631696,0.01756536201243597,0.009114527118511524,-0.059708107335966445,-0.0035537028725182817,-0.2565634857436067,-0.10391414987827886,0.016869373563503612,0.007322387214964473,0.016613181830650848,-0.008942240556395538,0.004730974803437757,0.005979144789691964,0.0015401391912015312,-0.004054439029383092,0.008851970262394013,0.013814898162482325,0.0014875789704606396,-0.0007802361720682478,0.0005763847089408627,-0.0005789890037214364,-0.0005612360948750285,-0.0005631936008984608,0.0014597860618014151,-0.0007444094184018936,-0.015720884476485817
19_4,-7.97766682192873e-05,-0.0008110042102006586,0.0007340341092485633,0.003256735919896365,-0.0022410293806421613,-7.096250703512899e-05,-0.000614559239915129,0.003224593559503708,-0.022784408399219018,-0.20262387745171542,-0.433890144716963,-0.050494077011002066,-0.0014881651857718602,-0.001719408267585168,-3.3996999503018604e-05,0.023459342813129867,-0.00030118035235670156,-0.00015641876224464454,0.014988808811098566,0.006003885765815354,0.0031465437556315,0.01955130162574258,0.008319810025833083,-0.0660983428022416,0.0005579111334969243,-0.2418581171347313,-0.10861974723519267,0.007681038865131278,0.006444982785227886,0.012934405947282377,-0.008447611448016014,0.00101632684796368,0.005327251510192105,0.0014406204119226187,0.0007538515164453325,0.015933586362608075,0.014349789800561397,0.0010938227155792843,-0.0006379556757436819,0.00011373985075570126,-0.000616847112569144,-0.0005490236901420586,-4.137621556814094e-05,0.0013111667316257115,-0.0007910841372692613,-0.01385021269406374
19_5,0.00014705465460267044,0.0006981807054046446,0.0010049179977548194,0.0005705465658863559,-0.002096055064226809,-0.00016455302666313463,0.0009235940145200645,0.002900842429076139,-0.02380435192760797,-0.19788184276306306,-0.4299905258517809,-0.05344931086463152,-0.0014553942245620205,-0.0014763765996186496,0.00723484802107336,0.006439740520893942,-0.00019660607833119924,-1.080721813769267e-05,0.015406036084572474,0.005750931418926644,0.004066622377178252,0.017670348844368536,0.009059320704329861,-0.05816219697862946,0.0025658638759796836,-0.24538835092135486,-0.10370296702182132,0.01700089219657902,0.007018023086497117,0.017045160683127242,-0.007066579457253792,0.004554604513737117,0.006124353632460707,0.0018671275200353977,-0.001168376195592465,0.019138759896792694,0.01517829646282846,0.0010499597895638462,-0.0007810554981801945,0.0005956155448882371,-0.00041627787709309726,-0.00033714740277406897,0.0002064841585851441,0.0016134118498133236,-0.00013084310863511653,-0.014063097715009359
1_2,0.001093897478268416,0.0008873943835560335,-0.00037171354441882797,-0.00041575653760562076,0.0013627183072087799,-0.000492999417812481,0.0021710522326128376,0.0022703873707859592,-0.01741516722686398,-0.16995199152129353,-0.4364858139130998,-0.05080577862997541,-2.1802322506846118e-05,0.0007078841772068706,0.00014595493263374782,0.003827426821958133,-0.001983648833678119,5.8198325836735917e-05,0.00023049258521093614,0.0011532578719007033,0.0027120042701315513,-0.017428382620974237,-0.009557666160129019,-0.0836885630882116,-0.00815890438880218,-0.22987400886683845,-0.10596087914063702,-0.012156816772572457,-0.013925922305427017,0.006765376106846054,0.0014054477962646731,-0.009295985772875376,0.00676770390895359,-0.001919791798137353,0.004519484639907632,0.020115963380701075,-0.04027369963392479,-0.0028350350810412367,0.0008608812857998758,-5.76447928811901e-05,-0.0001433459616016688,0.0010701563345833795,-0.001685170356952985,0.0023025204342068395,-0.0002922406136210119,-0.01786697850433595
1_3,0.0014527641089556696,0.0012542947972239715,0.0007415225866918348,-0.0013436220130296217,0.002707055160127924,0.00039831475482358795,0.004829515165704862,-0.002044168982709713,0.10949729788534715,-0.21598684462145962,-0.457855523690822,-0.05679763215872676,-0.0019127470265954787,-0.0014556105538041037,-0.00024722270317894596,0.0020237171423365813,-0.00019252302437070825,0.0006950757402713808,-0.002523992097411799,-0.003835029816944983,0.003006236691483247,-0.05134760970279396,-0.00904379666577826,-0.08616178450097534,6.236060357405055e-05,-0.33877339650724453,-0.10247722062834962,-0.01532028750651945,-0.014887465457790367,-0.02288282706521779,0.004015503274683606,-0.0056389564356129065,0.005226224811155014,0.0008557967124786982,0.003859283588054409,0.01931521425581083,-0.03251802135783728,-0.0025518904044565,0.0008875146936436947,-0.0007134539054677997,0.0003809902282296404,0.0010007617372785145,-0.000968763380573529,0.002659591327028194,-0.0006111708230981084,-0.019979997221189223
1_4,-0.0012056933624574138,0.00040439338244360507,-0.0006819132813156404,-0.0020339919888695593,-0.0015529840926903947,-0.0005027931347135909,0.0014467232503518322,0.0007691078358411314,-0.01797349264553266,-0.19613501766416125,-0.4356698476913902,-0.05054265536411364,-0.001963763511565465,0.0016115106663423476,-0.0007605504404388988,0.0029714887319008316,-0.001219016803034303,0.00010181759451594548,-0.0020100588305306186,0.0018348307291825023,0.001183175193303355,-0.020641772321595992,-0.010177526827884184,-0.07638321520301583,7.158304633072797e-05,-0.23115054475367075,-0.105236117103926,-0.013442512351099277,-0.0160653543057627,0.014364619720937681,0.00331837205504613,-0.01165954229114264,0.0050261830729797655,-0.004895218807194178,0.004418766494958999,0.015233175518302134,-0.043669001624693886,-0.0056993030689628165,-0.00021216327864231077,0.00013357418372428873,8.966126983529215e-05,-7.484067170760305e-05,-0.0020322907675020298,0.002410842147988955,-0.0009012919640355557,-0.025133459653606863
1_5,0.0017441419217173126,0.0009275753664180776,3.837070940471733e-05,-0.0007515714815543483,0.002637402920068102,0.000717922180176918,0.0020622439112709203,0.0021855257193100675,0.1072491304908137,-0.22085002418638927,-0.45383804979273396,-0.053973626435382116,0.0028360881984634137,0.0015247467505655598,0.0050042186463511015,0.0033802140291583085,-0.0010023955270985802,0.00012074464337263886,-3.049343339285766e-05,0.0016077125357144846,-0.015797709222565435,-0.02021765571579326,-0.007883601659847812,-0.09201756677565753,-0.004257619892653495,-0.32707903587824394,-0.1088042253130916,-0.010391335522729297,-0.017569829747943484,0.013914102341169549,0.0015097588211353274,-0.0029035221446501143,0.005408222543988286,-0.003035385079544076,0.0040609024481956905,0.01842781488560968,-0.030526322434290428,-0.002412753051160856,0.0013129853214279366,0.0002872287373829333,0.00037692023035341553,0.001774254893519058,-0.001952335549142922,0.002963747865996654,-0.000679742424658278,-0.01777645121283037
20_2,0.000297622373568047,0.00170423413365733,3.52382452334657e-05,-0.0078111984244519225,0.004929267339144949,-0.0005734922525977395,0.000607462186611776,0.00289933244767815,-0.06124293529915342,0.026959424077059223,-0.2217070852991262,-0.020659954940276715,-0.0028094507455801374,0.0050476913931781515,0.007981201862905756,-0.001927662513972059,-0.001432743669741866,0.002218206941072796,0.003021906533755567,0.0008830552333254584,0.00321363493706334,-0.0021474465967089356,-0.0044027306442190215,-0.0020940316241517517,-0.036926064846309274,0.15266968394581423,-0.02355977986088535,-0.0198544393172669,-0.014275912168020061,-0.02625224902952926,0.012953497523230328,0.006218214863344435,-0.001428401101304776,-3.7067349285830405e-05,0.009199450487868814,-0.004318820369084933,-0.1216133309785276,-0.00055366998545192,0.0006137469127137397,0.0021711393460887313,-0.002098792248970842,0.0020458933389623122,-0.0011486098887219286,0.0009667642470971491,-0.002465187109325423,-0.031451060006584486
20_3,0.0010137974374868947,0.0028382968075308713,0.0003654859676716594,-0.005888432211720055,0.004581923841808265,-0.00014754009618036455,0.002013687297434387,-0.010417773864899421,-0.12291312829325804,-0.0024260297383801414,-0.28060497408605034,-0.028684782695791503,-0.003952490763251678,-0.0053948027288226695,0.0011642103481979695,-0.05073951753570593,-0.00253139304087056,-0.001541130495705969,-0.023354538219665627,-9.29424041560303e-06,0.00325423418529212,-0.0009810129659199038,-0.012475391616768684,-0.015224349530652668,-0.04131647253315074,0.12190256312135445,-0.038851789707113754,-0.02183531906274848,-0.015398722912351781,-0.03297064260982827,-0.014880837205578158,-0.05266763404943768,-0.0014714413930508345,0.00033345336947903287,0.006837187352267327,-0.004678174308413597,-0.15754890765024915,-0.0032415911184075323,-0.001572080267767257,-0.0020133268412667743,-0.0027965392507447746,0.002443313286504441,-0.00021763238025893425,0.0016266538932708803,-0.0032804249401122277,-0.027232117445203544
20_4,0.00106906632060585,0.002727562013405299,0.0004763253572441367,-0.008110608166139415,0.004335022664122505,-0.0006189192264523483,3.20445415681985e-05,-0.010393991761955806,-0.08094738670020309,-0.01017755938709221,-0.2749051702108019,-0.027678742950157813,-0.0044573788409664784,-0.005239985486215788,0.00043696884740589695,-0.04946738280899541,-0.0026106144552084987,-0.006843721811580912,-0.02644183589471464,-0.011269975610808431,-0.002968968582577084,-0.00041036278965979876,-0.016315412328614023,-0.01891029364520832,-0.039247844360793684,0.11924621087733615,-0.017715765552911975,-0.022696700729380105,-0.010717424390730236,-0.032684728352127865,-0.015537598936780167,-0.05623352028473253,-0.0010123725772257194,0.0007670259391224511,0.0038652687965038406,-0.007815587912240945,-0.16378284737433718,-0.0029455053252881516,-0.0013513397203295011,-0.001448018718146597,-0.002634009086328706,0.0034772645572146324,-0.0007262822947048416,0.0014963985676703076,-0.004022226232014954,-0.029253432287446316
20_5,0.0004951289020465931,0.0015919469034033496,0.000136466103436849,-0.006220931726209167,-0.00887903278154919,-0.002215638089900159,8.56660053841152e-05,0.0030424556843658217,-0.09438718402602797,0.0071914075576754045,-0.270815471412085,-0.020600125871492212,-0.002797489416517093,-0.0032424088284952277,-0.017534948275629555,0.003934348044551174,-0.0014297877796935646,-0.009925053836754148,-0.012833106110744098,-0.022936081096089994,-0.0060681521062157465,6.553809971597302e-05,-0.000358165450641161,-0.011225669076581245,-0.04597023435934561,0.13032796422586204,-0.031147623279775362,-0.01252400545541571,-0.014604841326276104,-0.024742405193584303,0.013824253381836306,-0.06517511987128731,-0.003008017547078343,-0.00067689014770902,0.005798985966137461,-0.00736525444597065,-0.13381283224696255,-0.001453020751025969,-0.0038541859093916427,-0.0017360034636289808,-0.00016710984158349823,-0.003915086817819229,-0.0017536765437069818,0.0009341017110552081,-0.0009242339241581094,-0.015158547078038685
21_2,-0.0015105739651558475,-0.0011873638572144948,-0.000993276572589062,0.0009321497211681259,-0.0018939715212527896,0.00124066704762094,-0.002492303911536286,-0.0006219593437669257,-0.037775925224175576,-0.168585979838357,-0.4049757653521006,-0.04365076846282334,-0.0029541690139979313,0.0011154587640803495,-0.0020153511169087265,0.0016386764994027725,-0.0037052846099557735,-0.0008914334968403959,-0.0022149781766144004,-0.0027101221445231575,-0.0030841374823027457,0.022105838787825283,0.010415939184685814,-0.0559008439445409,-0.0014715849014449297,-0.2516329963226918,-0.09942455486245558,0.022089099557427487,0.007491481692168295,0.01662163169003449,-0.004691591271021093,-0.004614286129129291,-0.006600184839031902,0.0018457947682202947,-0.01071863037716099,0.003749717731287756,0.012984499257512097,0.0014782046649794523,0.0011946623024352168,-0.0015732979435310929,0.0008798513497146943,-0.0027418204615091216,0.0007104363671783029,-0.0022618177847447065,0.002174290084178487,0.0502970688117009
21_3,4.6361280921127816e-05,-0.0016135977828581546,0.0006695594653624891,0.0016109035177113643,-0.0019562668185045986,0.0017227472150820246,-0.002345009609748244,-0.0003587262470175637,-0.03288912875806846,-0.16379066499813233,-0.3968037233606874,-0.04026784580935616,3.50812367552279e-05,-0.001089106870972533,-0.002891454322771013,0.0020845653412963805,2.1947078384014792e-05,-0.00010688942045486785,-0.0018060929014431831,-0.002480234408171932,0.0057483760839627685,0.009337514405811854,0.01045048290083033,-0.05547892881063167,-0.009172198531895987,-0.24004095763878755,-0.09822909856658839,0.025391295153445133,0.009302419311887312,0.018480118581830546,-0.004340082891387662,-0.0033066501792198095,-0.006324928385273001,0.002720600124502404,-0.009381808390027722,0.001849399079317859,0.013901298885834983,0.002247075090058515,0.0012071738698233327,-0.0005568825184209532,0.0008711798440293789,-0.002753740027053579,0.0015981651508280735,-0.0013540337028593882,0.0027453873925080566,0.07676782330831908
21_4,-0.0014627601818574274,-0.001179324801484707,-0.0013843274230374869,0.0013930457522744522,-0.002042193445850791,0.0017741898028228893,-0.002650730037422062,-0.000456410402182296,-0.03172175939735736,-0.1677851684654033,-0.3944532426890269,-0.041386365339909574,-0.0023380116093278825,0.0009016492015702146,-0.0015797633351231062,0.0019949960330937337,-0.0012229006663294687,-0.0032952632665838436,-0.0015868920982826814,-0.002173552015487757,0.007897332004045923,0.027704182628127225,0.010756367311161873,-0.053488966399006944,0.0008200210912305151,-0.24001059885719253,-0.10006214214591504,0.02311705219646622,0.011111726279486167,0.016855036642841617,-0.004403136809772883,-0.003258526530826858,-0.006685439784860069,0.002497893609465919,-0.01010844619575063,0.0013442170845200346,0.013564291312162203,0.0014187732806630264,0.001101685062648612,-0.0015277294160684293,0.0007108375858640044,-0.0028280139359038847,0.0012921893441231055,-0.0019556848488922894,0.002610127607683136,0.072261638299102
21_5,-0.0016342026315684661,-0.0012475959708237929,0.0009027940015098085,0.000704778165694279,-0.0030029210275063735,0.000955651839258396,-0.005192349975843922,-0.0006145582416499493,-0.03822995092636228,-0.17175901384259928,-0.4125425438086522,-0.04131089491117172,-0.0004222806653769582,0.0012505785614315488,-0.0018518171600462165,0.0005881910213897325,-0.00538580367479156,-0.000989684661194281,-0.0016132993938043952,-0.002688403368148295,-0.011025532050318879,0.019530552026204042,0.009376411350279033,-0.06037726290037593,-0.009286366839912482,-0.2507943115940713,-0.09920761558432258,0.02063415941510522,0.009612852580711087,0.012952273397316734,-0.004272180073762077,-0.004408513043584577,-0.005443545685751527,0.0016971256395632989,-0.011049580807876934,-0.0005799724438024661,0.012975425588132744,0.002322962227462357,0.0006084434072078499,-0.0008471520152448755,-0.00020034592823738853,-0.0028307417824114944,-0.0023613531136477774,-0.0013001952951436882,0.001699398735245862,0.06060888836602283
22_2,-0.0013171903524497003,-0.001271336993809501,0.0002766663393052549,0.0011096642690524537,-0.0017932434265962457,0.0006352470130062044,-0.002201215953486534,-0.00038764652198256357,-0.026194415523026694,-0.20957459705700882,-0.4230729361032251,-0.049090954804253205,0.014142650756352123,0.005360612439146753,0.014596666444047068,0.024515005344563114,0.014538752873321537,0.012540794574453226,0.015572104072970855,0.0284056096375624,0.005388420158672927,0.031369130312284735,0.011650140369152406,-0.06337700445379002,0.004295090139842326,-0.2742771184034125,-0.05037864282606147,0.025620017440274923,0.01045611341051209,0.02664435398163438,-0.003248044565297147,-0.0035708578609104057,-0.005358975474876975,0.004071686613776015,-0.009974694135689764,0.004578546397745254,0.015043635120967435,0.0009437081045318562,0.0014507811345428742,-0.0005939949631887434,0.000783737948201443,-0.0027460060628880616,-0.0011481671363651762,-0.0014806064534139563,0.002640573332290293,0.08271236726496645
22_3,-0.0012278329617113263,-0.001151565739747988,-0.0012152146676472487,0.0008769119249131257,-0.002746795819504805,0.0016027912550064386,-0.002282310468154385,-0.0006851670959882182,-0.02730260296767391,-0.19909018331099046,-0.4169687631910148,-0.04409155044017598,0.0003099728380516689,-0.000849689467121176,0.0005575551728559091,0.022432657503340142,0.00019551626860400573,0.0009185152813883252,0.013336215810147791,0.020133343707378803,0.0068613546627423055,0.030279887551556733,0.009995324051349414,-0.05904717152025514,0.002351543478514813,-0.261387224034591,-0.10702667715792959,0.023415209262974752,0.010558478253468156,0.022445839255764297,-0.005503610657813412,-0.0036994992940206526,-0.005440569694824576,0.003458961353980264,-0.009951362814365206,0.006744642463241308,0.014987295259393732,0.0017551501748491601,0.0011096624217037728,-0.00037085777128652764,0.0009131544934358141,-0.0029501387224563393,0.0017110751197473666,-0.0013490621489132028,0.0019221953159984768,0.0846794649400079
22_4,-0.001542811349271222,-0.0008021536381766716,0.00035845791832618833,0.0011133346828226033,-0.0029213190478646206,0.0011716971354452628,-0.004005087992999612,-0.0006555754825314267,-0.03672964380102767,-0.16347230438812768,-0.4013529314850206,-0.0413411818981018,-0.0007712214150076205,-0.00034856220636953806,-0.00175863771241719,0.0020713972516787555,9.509519385794998e-05,-0.001595425183207034,-0.0013982325777424248,-0.0028935367024426647,0.005623099618290969,0.028666892727716674,0.011074392628298532,-0.05538644688218061,-0.0014679597540141415,-0.24126596630358824,-0.09604904120621874,0.023869206175128898,0.009698689638945235,0.020354158089993222,-0.005358140885718558,-0.004534649850346888,-0.00544224368119028,0.005722593089931241,-0.009967401104877215,0.006593783680187342,0.014106678080223199,0.00267169109550669,0.0011345855934926281,-0.0002701048934024308,0.0007659443325020627,-0.0012311522079056093,0.0014885561333057955,-0.0013530655915842693,0.002649436582316843,0.07483755250678896
22_5,-0.0010140438935011494,0.00013426520556228012,-0.0016281757939554773,0.0010283296512798544,-0.0022991390156234214,-0.000834116069200687,0.0005090356471650413,0.0016394197205534303,-0.030587530570599337,-0.1789581575478632,-0.42794683499080444,-0.048785261744306495,-0.0007089962652072647,0.000914608048660734,-0.003912771687657733,0.0008986091200782087,0.006656631219563493,0.0022257309760367397,-0.0015745995559345953,0.0019071802456677917,0.0046771594941703454,0.03059656214655627,0.005226575536035464,-0.055149212176049775,0.002889706358268437,-0.2517828440170738,-0.09554491305464474,0.01667696384923453,0.00922844292739161,0.020852766467579963,-0.005324715377170809,-0.004765221308813966,-0.00612051769035339,0.0032037374871796216,-0.011834380866395208,-0.0012454276497413529,0.013967792811439964,0.0016691471099490114,7.483714601795393e-05,0.00038646584994432955,-0.0004882211561144922,-0.0004500619545326575,-0.002179819744415813,0.001492104490021106,-0.0008475263414120392,0.07917116321393332
23_2,-0.0021974615594821077,-0.0013557621204896115,-0.0020184849020253885,-7.978580553632563e-06,-0.002166417273514248,0.001494511740431486,-0.0036215087794413316,-0.004686728053691436,-0.04145786737609197,-0.22450817222953973,-0.4419949523533446,-0.05380770199085952,-0.0021481156455092935,-0.0006394064367963579,-0.002433838573938367,0.0234777468102316,-0.0026269137616909315,-0.0012127583364184595,0.013867742864386651,0.009865529655918281,-0.020487278522947207,-0.057127292898224685,0.011977193639990273,-0.0728842665138879,0.0002140377374054687,-0.30653506644971795,-0.11693619585777498,0.018657396443139546,0.0036264411018581723,0.01190348302865237,-0.004994653333638084,-0.006892346197476991,-0.006181522781827733,-0.006257303925444863,-0.014897775685342705,-0.015219920271114963,0.013005912846601245,-0.00013634181324527993,0.0006401652954458584,-0.0010246842224856567,-0.001114892543607805,-0.002704009412821412,-0.0002085375226530118,-0.002191080516879168,0.002655472719461603,-0.02616215938490362
23_3,-0.00241156703029218,-0.0011575620786933732,-0.0017218898823545977,0.00021076449700052944,-0.002100999133791602,0.0016446891845196053,-0.003497006476837898,-0.0007779997357888956,-0.03491009216151715,-0.22709494132199198,-0.4371522413204815,-0.0531110818994989,-0.0020781012510934635,-8.980802542617173e-06,-0.0021681413732469513,0.023390431572154962,-0.0006429486855424382,-0.0015322371856909209,0.01383846173437911,0.009718106475812,-0.018730119520709854,-0.05220632901826223,0.012473817903230934,-0.07285835121825983,-7.40637654966485e-05,-0.298213570134164,-0.1156265247571752,0.01976444373818703,0.00611334804788241,0.013040040185959391,-0.004697563851575074,-0.005367984292674635,-0.006014188376133229,-0.007367291222787413,-0.0144265371464519,-0.006535777785824388,0.01401333689327333,-7.113857131720384e-05,0.0006040021427044251,-0.0014047188913324266,-0.0007431699147765095,-0.002689759053710783,0.0001870998785686823,-0.0015824244462520128,0.0025469011552241637,-0.021357595161074976
23_4,-0.0022617757959829676,-0.001498505548588483,-0.0015696427409326473,0.00035471242855453434,-0.0021581084081876336,0.0016910796585980453,-0.0035206523386359704,-0.0006238121689331633,-0.041035818702192,-0.22448524617699253,-0.4382045694861884,-0.053317575007609835,-0.0021213658813850583,-2.893415905937921e-05,-0.002162204036006006,0.02341666410645298,-0.0024073855561317493,-0.0009711785725954054,0.013829499644871452,0.009461545900253223,-0.019591986072175535,-0.05079111243867806,0.012841639060457126,-0.07259345530659442,0.0009960472093307519,-0.3008305809322515,-0.1160109415023031,0.018752575666631372,0.0048899266097817,0.012716350989049644,-0.0044654533470102915,-0.004875909430568412,-0.00580514979188043,-0.0071973035384215595,-0.014287039233078006,-0.007584539672007772,0.014237078006397997,0.0003648152231643117,0.0006667954795087415,-0.0007384514998507311,-0.000594116217044515,-0.002705882923586661,-6.724903192746122e-05,-0.001464441868369533,0.0026968037312227948,-0.025136983903328317
23_5,-0.0024758682193056466,-0.0012432967887590451,-0.0022697975105286515,-0.0001707490210575313,-0.0021467731102689045,0.0012230308557996086,-0.003619122220218484,-0.00491204527253776,-0.04225348172084406,-0.2287414928563858,-0.4430732347696648,-0.053704987575895646,-0.0023897588412392827,-0.0005599269198334014,-0.002471024788802999,0.023383257471624303,-0.002603644282905329,-0.0022495042265354855,0.013566186474739034,0.009375322654961686,-0.02134614706225568,-0.058874534233869076,0.011964976855332463,-0.0746270858643533,0.00044452641169951816,-0.30721130729824053,-0.11844687071405763,0.018911597649421942,0.003620674704791554,0.012213619617530104,-0.005368119453667343,-0.0072190663629919565,-0.006677470897437294,-0.0063921498835003915,-0.014766878355383551,-0.015263945028300144,0.011428356159731323,-0.0008756641642660123,0.00043295524623617495,-0.0009739339413226382,-0.0012310162175741134,-0.002667270242851898,-0.0005469163644047458,-0.002415581429037645,0.00246531659144691,-0.022623923303672664
24_2,-0.001096173957911312,-0.0018619671963753608,-0.00014224671317422747,0.0006597524477216142,-0.0030801402979228256,-0.0003685298622142405,-0.00036632924021380033,0.0013982150675360132,-0.062251927067397045,0.026725010768885445,-0.21472876535651533,0.006748086289904419,0.0027769618877440602,0.005112013338280738,0.0029572403583232936,0.007927723024892723,-0.005997465507345172,-0.00404536276227452,-0.00014176056705167439,0.008700223792549195,0.00535373190207272,-0.01083115245993648,0.003791682859396114,-0.0484465070861054,0.02115302108652048,0.2052402836058225,-0.08133242030400913,0.005489969280228004,0.007757519695511763,0.010204034289018596,-0.011189300451133359,-0.00014345615656014213,0.0019400097763443134,-0.0025844223719359034,0.022851170841646683,0.006828215765412382,0.03333660313975946,-0.0032384415230392845,-0.000846181840465919,0.0008163964257676523,0.00044986287291289787,-0.0010724143568156415,-0.0005159988763766071,0.0011025690678737926,-0.0019189842366869063,-0.004878117670317178
24_3,-0.0005608798874047359,0.0017842572383650812,-0.00012009611487548687,0.00010266002674694171,-0.0031482860945030743,-0.0007148852414318146,0.0016688679218401156,0.000558432799754701,-0.06267356925560427,0.024476159094283027,-0.2154342453271439,0.008596018536158665,-0.0018411216088004122,-9.758046300653757e-05,0.005855940206510777,0.00659259010201466,-0.0037710724420143915,0.0016981858828376696,3.303649591896961e-05,0.004013475354319791,0.0014649970858947614,-0.0007705597269166861,0.0009798616685525927,-0.049695611999873164,0.022316108861361206,0.18853094622947802,-0.08350617761627484,0.005822412302395525,0.008153094695518323,0.009055192305313329,-0.011119888630457726,0.0018549837756833005,0.007596959306259494,-0.0025764689376692267,0.02409300075396858,0.00480713927494191,0.03286128936487498,-2.2109286647993375e-05,-0.0006762955654853828,0.0007384739260260669,0.00045067115424994716,-0.0006496065181184418,-0.00026595728355613657,0.0018880143615672034,-0.002857860031134073,-0.014867136517758736
24_4,-0.0010427406321988177,-0.000745001896805841,-0.00016172507256791976,0.004346950743532811,-0.002810468521942217,-0.00049839958417573,-0.0004906779557835234,0.002271153474889069,-0.059340634649449726,0.025804355003916098,-0.21779705590109275,0.007429275361937319,0.002953218436059909,0.005063997827410671,0.0021434431746899163,0.007786074005221838,-0.006619791684439538,0.006195931204183127,-0.003704153458270518,0.002425040195430087,0.00514694037737975,-0.014079722779014673,0.004410892996466671,-0.05188833229460978,0.021793833377769627,0.19938325839387813,-0.08348375195759679,0.005995150971242987,0.007411551499256233,0.010302150500940792,-0.010285743383467476,0.001519140337073297,0.001911038311406542,-0.0025094360457167406,0.023088654363140063,0.005727873174822859,0.03479704412217323,-0.003166863169801032,-0.0009595860045555637,0.0007982041063834577,0.0006183959799389497,-0.0008787941802036242,2.498002046876108e-05,0.0013925920442938884,-0.001876521803136302,-0.010008052232605353
24_5,-0.0006133625823151088,0.0016766282573109905,-0.000443975975569788,-0.00027261466487175435,-0.003045164623201659,-0.000754488056065494,0.0016587366347037284,4.6257573123323174e-05,-0.06386663586764008,0.016952990553132433,-0.22154044939044207,0.006805560029095806,-0.0021201155211030115,0.00012002377277491825,0.005772882499197295,0.006118943171626444,-0.00391462574146208,0.0015162906785131265,-0.0006810377518381934,0.0036646259490923537,0.003498187294428268,-0.0032311701282698255,0.00024780938705703625,-0.050564920825126036,0.021392258086439964,0.18336252078852167,-0.0849827414335356,0.005636651181458651,0.007037215337088347,0.009171117000620444,-0.011328980139414236,0.0018879622073641733,0.007621623787122122,-0.0026832319414420856,0.02300403971144207,0.003774517797873367,0.032262328939994124,-0.00013832699900373437,-0.0007513237696399613,0.0005137165493214065,0.00039911472100594885,-0.0007499762191791381,-0.0003331231354258364,0.0012272843136069424,-0.0031450297101719106,-0.018255187218738575
2_2,-0.0044124685533553165,-0.006203085338666064,0.0011382094119750644,0.0044197501118095695,-0.004684446853196717,-0.00016941652680757825,-0.004425241605124131,0.0008578624482509036,-0.03241711864966335,0.34052351230046674,1.7854408988908812,0.11130992336744407,-0.002152895171289382,0.0008371111924964156,0.0035954612566751806,0.002247867288818072,-0.002469145237213318,0.00029531712948637764,-0.003755143898318782,-0.008519309324716246,-0.0056296030491073,-0.04459583262696448,0.014564699264097957,0.08364591892640551,0.010480187105733712,0.07861919148697896,0.2712625721944701,0.012674856321893972,-0.010847130896165088,0.009467169330782076,-0.026056706248732662,-0.007001720142813575,-0.007257682508215273,-0.0018618657088775045,-0.008029228519350942,-0.004239291982494516,-0.07854391299440931,-0.0008857272424272241,-0.0010185970032929334,-0.0008756670044711592,-0.002402660901328283,0.001077980936115753,0.0022319069346886473,-0.00844787182302902,0.0017171293125346943,-0.035433096045718704
2_3,-0.005503730083555804,-0.000828937869371392,0.000883313015219213,0.0036055927059808687,-0.004632465180590475,-0.0004362571492844534,-0.002252246583071381,0.0019726080527703704,-0.037365707178199634,0.29726268796836336,1.8853283958776716,0.11532522870446893,-0.0023595135981866445,0.00328541095268039,-0.0007256930062624488,-0.00027463723608164435,-0.0022461396127094343,-0.00036287083611784185,-0.0033112423976327304,0.010396603828541821,-0.006196881414748124,-0.03743133337945914,-0.009054829120503156,0.10853058437443716,-0.020828704590539163,0.07215338179714105,0.3580253025348303,-0.005476214367631209,-0.012213439250166222,-0.010330577532682572,-0.02725062045741806,-0.0060060021621387814,-0.012538793408926288,0.0015907849571241213,-0.009936756309084548,-0.01511975719545079,-0.06879407542670826,-0.0008192651443353428,-0.0018691809286168514,-0.00044463023423432915,-0.003585516486496058,0.0006699078643857131,-0.00011085750946552921,0.013451930935723116,-0.0018595127780878407,-0.03316658113542182
2_4,-0.005602938000004612,-0.0011948575835826244,0.0009862429506342083,0.0035532871016487793,-0.004678831080631789,-0.00046435960663159177,-0.0029666085779973665,0.0011971131745211,-0.037025998277858824,0.26495115072785475,1.8414895125328576,0.14035182780491673,-0.0019249564702000887,0.0017171417213158616,-0.0005405353110086519,0.0028704753722666294,-0.0011307998906864465,-0.00028103519263742387,-0.003227493254651286,0.003879973209457345,0.003976178346939446,-0.04308810088419058,-0.010074763683254925,0.11587487488718462,-0.02163717589841666,0.07863692083223668,0.35733115960092604,-0.008198491847082894,-0.011258005619746448,-0.008823209545517154,-0.02775639500050871,-0.005270026504447016,-0.011864147665451946,0.0017615959866557973,-0.010752175666282988,-0.014639656387566834,-0.03419644511208363,-0.0006283235165253368,-0.001271003975030695,-0.0004919185938470264,-0.003992993936972458,0.002172331010759055,9.784536939868987e-05,-0.0090940284866625,0.00103432658013916,-0.035640296093981054
2_5,-0.004783363675712427,-0.004306460901764223,0.0006571926979962232,0.004379462961249906,-0.004927223401554255,0.0016949785917273839,-0.005466134329607544,0.0005756523528998097,-0.040117510124183596,0.34227237998924903,1.7726407203891636,0.1147692649927066,-0.002566466349754022,0.0025167160612520447,0.0017652497044790287,0.0018174689115147804,-0.0024825121970935365,0.0001147935520886371,-0.004773759545302001,-0.010241382736515417,-0.005862447257692249,-0.04188660117650543,0.015163871997586733,-0.00639320291368593,0.006650761716252571,0.09303367573296233,0.2686425608362058,0.015589543021872288,-0.011461075740675704,0.008408556854662146,-0.026454559818104937,-0.007119011222658515,-0.011070002198573781,-0.0012637617982246814,-0.008487642265839103,-0.0032596460762026234,-0.0782641425462538,-0.000769467287721007,0.001237575862806025,-0.000807571708172451,-0.0012567133107322136,0.0007629823243963453,0.0019935574713889383,-0.00870449784354335,0.0016860136177912952,-0.03530220701006908
3_2,0.00010860859282732369,-0.001853756651209905,-0.0002977208214720403,0.0015006526145328058,-0.003804930495399233,-0.001438816462828716,-0.0009320312156072918,0.0018326120560449208,-0.052536721590250565,0.0418044973618555,-0.17096601124145336,-0.012886760162963296,-0.00332309481810396,0.00046099300014696397,0.0038562867587754587,0.0007520255555697175,-0.006966482604486811,-0.0028301565084897706,3.4979826234457864e-05,0.0016372460851323068,-0.000542762225770919,-0.0004724095906675443,-0.0003080812116773749,0.021201921014124,-0.0043070514178439245,0.2064842247628958,-0.05541216622876488,-0.0028191864916052825,-0.0049899214375942035,-0.015564409195369226,0.013409688009402738,0.013802938790537208,0.006892476726962888,0.0041654589517920795,0.013846510222194087,0.003719692992410131,0.01569406672044302,-2.59870490906978e-05,-0.0022175369724338127,0.0019974960586493537,-0.000455087292914707,-0.0011832157638899078,0.00017163751505233402,-0.0015490471673765438,-0.0013332107306094152,-0.0029874711589646373
3_3,0.0004608442064426247,-0.0022007596741191373,3.557544525405151e-05,0.0014371913386876025,-0.005936904609288809,-0.0017065940745577357,-0.002916292664749057,0.002462420305019007,-0.05638844322579054,0.035180738069384605,-0.17702084776565918,-0.011933562301076879,0.002485751916914228,0.006534298457445693,0.0036682854006875832,0.0026827068867052374,-0.006039729274872314,-0.001543208137477793,0.0026374164012240293,0.0032025273192891534,0.0014261888897291312,0.001972696512253332,-0.00016714289222414608,0.0246112935811133,-0.01361489690371223,0.2065053374119807,-0.014139729794177203,-0.00798259989885094,-0.01373137001502586,-0.019372922108474053,0.008816430555167638,0.014904412933919321,0.006630185588994871,0.00314936575962412,0.011322073792718186,0.001703125788940734,0.00476312411035513,0.0005465248906625923,-0.0012197248003959047,0.00220136745953478,0.0002217312181437788,-0.0010944314852844238,5.198344011060824e-05,-0.0015235711657143089,-0.0016301197106022556,-0.007554804004791688
3_4,-0.0005372755036926602,0.005108626136229419,2.9770079727560215e-05,-0.0031689263227363497,0.0015520851925114453,-0.0007850379330587131,0.0011387458596650813,0.002002386686716609,-0.06328600341783712,0.038567165302107666,-0.19345017665717296,-0.0096810976094086,0.00043689225206667534,-0.0019765712756252647,0.0011905534674530153,0.0032786050448182437,-0.0010517043697870461,-0.0011335518754120083,-0.00013670634862146357,0.0042122163155522245,0.0020349712325750933,-0.005583379294809243,-0.014025044066845445,-0.007848277523983526,-0.001238723203985801,0.2199752500766273,-0.08952534682868914,-0.016125925528344673,0.0019829267111796446,-0.013563344759377566,0.011360686133748,0.016205168247555152,0.0057658932479064985,-0.0005373036952127649,0.017779346175945593,-0.0006210015392464701,0.004995783627472964,-0.0011312045203792985,0.0007326531503834728,0.0012479075230026984,-0.0016829367374679891,0.0019957680316302403,0.00033235325934801645,0.002264796410411099,-0.0024847070255829464,-0.024294991283046248
3_5,2.1146264310030883e-05,0.002861089740807701,-0.00035966598287492425,-0.005617433781866122,0.0017699194322797753,-0.0015509759089625832,0.0006194291161160212,0.00015750460526924048,-0.05849365769452593,0.038921971513633816,-0.18088796404746182,-0.014046301445974229,-0.003386073421290246,0.00022374934429095832,0.0032821642255842923,0.000426815199414357,-0.004006135669338365,-0.0031780683398101818,-0.0001425315320166962,0.00389198181659778,0.0016991528682507686,-0.0002563401511974225,-0.00037790527757005445,0.023292911946714193,-0.010354905459815935,0.2096403639655463,-0.04154208764184493,-0.0031518501133950866,-0.004729479820557558,-0.01803933348319778,0.008692087928064758,0.015616471990532345,0.00689319576669292,0.003115881368964728,0.011328401223188903,0.0030059678004636724,0.01645548265888701,-0.002140414538310122,-0.0014442461460385074,0.0027012357364383224,-0.0007769690954885101,0.0024815337741578136,-0.00028673422980143816,0.00040800484502659455,-0.0017389263822296763,-0.00226487142822814
4_2,0.0007240307171470922,0.005087250173204304,-0.0003787325198243933,-0.0014773572422960173,0.003196222391198166,0.0007447702550022633,0.001303761971287963,0.0036759726875734582,-0.061744080095536356,0.028168391075309235,-0.18206952652401284,-0.014756150338760791,-0.00163244555714292,2.123293582061786e-05,0.0028105267314147975,0.004706085076980746,-0.0007631307441256167,-0.004828955107799879,-0.005753416128723003,0.0059622023382896175,0.000559956924458007,0.0002036838546351913,-0.0005893370507494768,0.0220418599424094,0.010215087612901932,0.18658448505928185,-0.02662879598684028,0.005568233412954798,0.0013593393969937174,-0.015811831377598295,0.009867720078533789,0.01799687542063131,0.006437159666208993,0.005963975305642539,0.01167573369435059,0.001736572949370714,0.02419318736084512,-0.0007898327553303017,0.0006202992497931196,0.0024693489045650285,0.00015457688963544332,0.0030990344478647944,-0.001058182154105928,-0.00015427596515747716,-0.0025338115907050608,-0.002426284215905744
4_3,0.00031443485508410573,0.002712274420931485,-0.0001480830356752181,0.00846197872911482,-0.00371100675362093,-0.0013146404782321413,-0.00017457901628673315,0.0023814749978399467,-0.05564319665630538,0.041245814870848725,-0.18287846454456674,-0.010647415851432872,-0.0031692485863580137,0.0002597287655667851,0.0029857418416885193,0.0029534987919483716,-0.004696941187255153,-0.0022338665953823555,7.926182794502058e-05,0.0034674492676146657,0.0008455954681089189,0.0003833150726336647,-0.0013769901226097566,0.02560186729105468,-0.015097587999708364,0.20405310100877885,-0.027007330522099686,0.00023506422053502362,-0.0019467658297330273,-0.013990121330211183,0.009986992264101137,0.016890857883453434,0.0064614368587659265,0.005848737539135302,0.011053287792422777,-0.001632122343106243,0.01436238147128945,7.807600298270286e-05,-0.000965717752001118,0.0016041594863686458,0.0013175798038590754,-0.0011957496140805677,0.00011722281112381709,0.00010875779771596708,0.0064910134110744006,-0.003919289259282898
4_4,0.00028301879616542775,0.0030652297611933237,-0.0004748002664027007,-0.0011014983670969614,0.0016210915796575787,-0.0013430492451743927,0.0023578276332666733,0.002252509338853094,-0.059728582464619484,0.0471249748718808,-0.17643228552887935,-0.009704420954930137,-0.0034986576235811603,0.0005889391983226347,0.006785871192285788,0.005642918351314164,-0.004489922079596233,-0.002835541817986488,0.0014142067824140206,0.002861263862957186,-0.0015900297232093598,0.0013961431231878873,0.0017881601796102544,0.019330966180200367,-0.010800209759353228,0.19666249127061075,-0.05410945521533994,0.014891887250341818,0.006436947825329803,0.021036220818900057,0.012012914441108895,0.011578107676584707,0.005142504999136783,0.0028071539842146023,0.015252485218567965,-0.0006160328079505208,0.02329391361656035,-0.0016659859591367256,0.000806929891237763,0.0012225328590311016,-0.0001442539029958367,0.0029571941780899952,8.408985579973274e-05,0.0009345086378632851,-0.0016896657363586272,-0.0012518240871697642
4_5,0.0006034097995681832,0.0028222472412834957,-0.00020350340556094394,0.004674806414172481,-0.0040504097646375465,-0.001821300374844149,6.909724549841102e-05,0.004421021725402767,-0.0465408874871054,0.048354344604254085,-0.19228742782914854,-0.010674817005919454,-0.0011230873424503815,-0.0008208230484978237,0.008402902995511927,0.006370495729319862,0.00024837870708938856,0.00047259106274156006,0.0025810086104650866,0.006316335769556868,-0.0008011935357905346,-0.0005220130123258517,0.004016045788754863,0.02015205706720045,-0.005060271220903586,0.20365432775677564,-0.050788423710362116,0.020414426989178877,0.005690788678932617,-0.013549862577621512,0.01025239935644763,0.01618784305930252,0.006600969078367625,-0.0011217582888686413,0.01755206293761627,0.003497458394834715,0.02973835316525319,0.00017743410937019147,-0.001976893769668806,0.001522748719182484,0.0006488159371856904,-0.0009732973638580063,-0.00011065610068530232,0.000580020240271327,-0.0006413454435821402,-0.004206145233410617
5_2,-0.0006322034009620041,-0.0008744277659282057,0.0004966927721932819,0.002038945492213898,-0.002754947948461335,-0.0012079182430514202,-0.002303380780267302,-9.083041590991054e-05,-0.02369589254593798,-0.2007188540902353,-0.44382315120059923,-0.06072531499261166,-0.001514840205314734,0.0014981072996199576,0.005464339633677173,0.0020844610989895493,-0.0032737167563478965,-0.0014939418846931461,8.733869422735102e-05,-0.004203158516560121,0.003106300294103567,-0.03003539520301052,-0.01059543021609858,-0.10632887897849298,0.0005900157489661038,-0.26992342790647206,-0.10356191688788875,-0.01400592970736894,5.041117881166788e-05,-0.015352478786762888,-0.006068379950185634,0.0034396998646560213,0.001851504875968238,-0.0025331777294237334,0.004936334625552205,-0.004914376200906204,-0.03671614387988227,0.0009518656594401183,-0.0012022232759579486,-0.00032338890762576174,0.0006250342985137672,-0.0005911566555527907,-1.499632884600486e-05,-0.0001218476737832414,0.0023498696433436354,-0.009112286928274876
5_3,-0.0010103426560616206,-0.001622989969182128,-0.00017098288111445134,0.00234312578432982,-0.0029141692721500988,0.0017312080987934328,-0.001506922687149358,0.0018754408418418752,-0.026347494950821556,-0.21137453650715057,-0.45061568983645084,-0.060005084844794186,-0.0014096995188070845,0.0009589906144067862,-0.013491613570989922,0.001660221111382237,-0.004452319208642002,0.00020671551167163638,-0.0006791376873144693,-0.004060481593220074,0.002019476748809516,-0.0386586266773695,-0.01120402016165666,-0.11195596684845985,0.00037223383346139243,-0.2759622103128538,-0.10425396497466827,-0.017004346722673508,-0.0043796247986800235,-0.02081888140350645,-0.011193987891257213,-0.001784350440058117,0.001549072355385897,-0.0013708643014372394,0.004999986811779576,-0.008384836796335058,-0.038428956872493314,4.3584064796943955e-05,-0.001486664419321946,0.0006496611435640148,-0.00017334896628370367,-0.0005819565120653041,-0.00023087389994504886,-0.0007135856043086486,-0.0015495359659166404,-0.012625421668647432
5_4,-0.0009368509333470578,-0.0020872476247263154,0.0006381384107792278,-0.0012163942977024536,-0.0026676850350378597,0.0016161017308092597,-0.006106927729703681,-0.001805918537695201,-0.027251345976391755,-0.2058021323077948,-0.4358077712178095,-0.05970713655476038,-0.0016632087313191105,0.00016041004828225037,0.0041081721762801435,0.002780179307549785,-5.886753057391742e-05,-0.0013402359732292838,-0.001785940942483916,-0.004229101423267533,0.003091845960133844,-0.033079875604280363,-0.01227082411706721,-0.1067767448148415,0.0013216248911132559,-0.271792975401643,-0.06402148709851567,-0.015613356348468251,-0.002653920013120417,0.0022083744331986,-0.007794518773810273,-0.004724574767979512,0.0014013470445163136,-0.0023898004482258025,0.004835084999422888,-0.007866611106165182,-0.039699257885883285,-7.565867954689796e-05,-0.0012366701849288078,-0.0009051134677209595,-0.0007769474169563902,-0.0008115822928152429,0.00020689341457181247,-0.0039296581514715115,0.002303003626071049,-0.02544087567683087
5_5,-0.0008876482164340877,-0.00313777675799253,0.0004872929869973886,0.0019881492384911715,-0.002715224071551287,-0.001139675609863362,-0.005248021489884819,-4.9780037985487613e-05,-0.03365147987185395,-0.22236668555701766,-0.495169783565071,-0.06480382130340671,-0.00496457000083702,0.0013603693355925864,-0.017396576094985725,0.001394248727191354,-0.004465307689109613,-0.002872186668978673,-0.0003464407406277767,-0.003482625301001509,-0.016314083825530727,-0.08147883356917916,-0.01243166199080959,-0.12959315377733494,-0.0005481673899558106,-0.3008533914762873,-0.10960863018713439,-0.026052813681252524,-0.02203950540348836,-0.02700627847048397,-0.013100009200140234,-0.009329367468820097,-0.0101373509489034,-0.003120283613860594,0.004916326888312969,-0.02075440627071013,-0.037445040740579964,0.00047483946885289375,-0.0004107409814848188,-0.0006262411840277673,0.0007957093788384787,-0.0005181667104298154,-6.942685255626919e-05,-0.0028460090755778613,0.0018952162297674103,-0.028203456482732304
6_2,0.0026163531549877397,0.0037570585644716857,0.0037175450739558333,-0.01474452344937027,0.007470533083116436,0.002640478567807694,0.007051079053434031,-0.0129019161638723,-0.05977960555164039,0.14498248389778137,-0.1536766012047803,0.07209983716544441,-0.0005761942910268587,-0.004868450947974271,-0.0027892260869963005,-0.007184096133606737,-0.002850915196644164,-0.005136305835377008,-0.014698754908863187,-0.004984892251421501,0.0016473124750782397,-0.0004650917266243066,-0.012469248951221394,-0.0013517626396219438,-0.04246922292365797,0.21180463839143993,0.0027627021138452034,-0.010189495475083575,-0.004720529540955164,-0.02785617047467471,0.0177926088994864,0.012208230576964074,0.006213965313670673,0.0021443622334930885,0.00659651006346631,0.00629050460773249,0.016323629282793406,0.00037989137986432905,0.0033447354061707647,-0.00455710883659415,-0.0008969174193649164,0.003159499330968346,-0.002105438635121475,0.0023623167013644975,-0.002130925847122627,-0.008016856603612718
6_3,-0.0030776419999378156,-0.002600595942235329,0.0001551205312447656,-0.00823463081044598,-0.009275990117644656,-0.002736415364008653,-0.0034016220679494663,0.0026704797428645506,-0.08314209205505001,0.12190145548525386,-0.16581783060358593,0.06058512258189845,-0.005770003292074932,0.0009617900112524026,-0.0011429449477852794,-0.0005348199795155379,-0.00885939342239781,-0.004798488701561366,-0.0023600813160985523,0.0006565919876287187,-0.004755144874924655,-0.00043325231805761515,-0.01495074814958731,0.003254819823885129,-0.046748950385474046,0.17593007834853064,0.005630899395697881,-0.015298517310704998,-0.017715481232937775,0.013469513099757661,-0.0023821294400350294,0.005190579461059717,-0.0002698401189506078,-0.0008011257094160068,0.006077354707097745,-0.006383096248391563,0.006906409000337191,-0.0016925400169218205,-0.0015606465109072275,0.000680048217168215,-0.0038673631568242745,-0.0035521723466304138,-0.0004824815874849692,-0.001393599257080704,-0.002071886803790301,-0.023668159652090848
6_4,0.0024650348560194095,0.009484285190040053,0.004331429788275349,-0.0016289895902680438,0.011255371709273213,0.010652977488730465,0.007617964910119126,0.0022874276645946405,0.007720960896813125,0.20322285463406814,-0.0925840627994395,0.11240648405982148,-0.0033125930885851513,0.0007449906718548043,0.0040110978710326825,0.01319116971106643,0.00021485017917201196,-0.0017010861183470137,0.0012648637641259888,0.000992637479802847,-0.00694104467649608,-0.0025510421373200207,-0.010684890353983654,0.04787915471576201,0.027520601697952445,0.24823444916880416,0.09284051047111737,0.0010966891039061498,0.02759180898650194,-0.007928894779129309,0.020350882472684174,0.0054689175252283255,0.012769059257827047,0.00205503768887235,0.012820783409181155,0.005861007760484294,0.007900748394483985,0.004309462994062451,0.004401841126416251,0.00021313772506456938,-0.0005132008117881856,0.005365304600777022,0.005415104890364262,3.444728482628447e-05,-0.002404179858040379,-0.005504373971015771
6_5,0.002826270484907253,0.006299895349834193,0.002683928058879088,-0.013062429582547719,0.00792884735287773,-0.00016612519606469336,0.008363609465431434,-0.01501629668768295,-0.02659385037337351,0.1415094725825377,-0.14548057230953648,0.08242704232609949,-0.0009393990280152304,-0.005049718372564049,-0.0010138483997028428,-0.0038411253973793663,-0.003575903178134614,-0.004254957213628327,-0.01865324112471422,-0.008356128398825897,-0.002783480305959489,-0.017400234036381343,-0.014582415047025194,0.0035889031859075767,-0.01472734305445156,0.17990075472767086,0.024093158226758865,0.006273453378370094,-0.012135177527672927,-0.030689480430627105,0.01064893608218928,0.016709056635214065,0.00627489164340139,-0.0003392179696597401,0.007641304958725573,0.0015388689184014195,0.009041966973084415,-0.00030412311552836975,0.005219284735839399,-0.006680004607554334,-0.0025311103212266985,0.0029648410648653576,0.00024396016801475482,0.002274425109329566,-0.003015399591851694,-0.009283073235430038
7_2,3.801515100117762e-05,0.0022753678995171907,0.00016042936492218374,-0.007212509443800416,-0.005223522018704342,-0.0007819680332106522,0.0009718076098624085,-0.0010321285001405145,-0.10461009465959632,0.01428054665248839,-0.20697866943061694,-0.023425766675083948,-0.005205608315566618,0.0003707961204585672,0.0042348617278872075,-0.0005387135291678506,-0.005102193382947035,-0.0013117906828160747,-0.0003216444401353153,0.0006670996080512649,-0.004470851079899903,-0.001993041601949715,-0.021446647592099966,0.009541616064663605,-0.011490907029100808,0.1552256891693404,-0.09456323000750848,-0.020085141560597597,-0.033168376433988504,-0.015543334131465046,-0.019460225434473455,-0.0030350898641470117,0.0035151613644850517,-0.0017657428261705628,0.010734285252571052,-0.004173350223684377,-0.0028873263521847015,-0.0013558345932210083,-0.0011614208659571756,0.00025226863834107216,-0.00287397085150975,-0.0008775727342415268,0.00011548644945767443,0.001723027152864449,-0.002067319219446909,-0.030909956352799726
7_3,-0.00028776732264046043,0.0024439001388877712,0.0007354993087045691,-0.010804989128538965,-0.004718323076202954,-0.002396297352566149,-0.00010220662579321863,0.002442311827870248,-0.1006531867051544,0.0019893472101990854,-0.20240618272882036,-0.022529927270805824,-0.004098531215560699,0.001985979046315302,0.004307670886960081,-0.028061696867125042,-0.0011322764280911005,-0.00015091390421058162,0.0003141570707628494,0.00032878366439497916,-0.0027261325935257485,0.0018893335598532198,-0.020397455303840274,0.015615779054501136,-0.0008255925686673307,0.15615167526706436,-0.06778741266826276,-0.0009395913130479297,-0.020701013269777364,-0.02478700216317262,-0.01776002668735652,-0.002013477057132471,0.005374825880412926,0.005340561299653952,0.008834666164116555,-0.0066588980626555725,-0.04118819482453124,0.0004384660706603608,-0.002249649656606691,0.0008229404610436955,-0.002822819418261466,-0.0001307224717718849,-0.0005913678345972069,0.0007723361377957362,-0.002580990633998849,-0.03251267403217894
7_4,-0.000978969199248557,-0.005987734860604995,1.0337628662237101e-05,0.0025682756404981563,-0.003802739514729771,-0.00027102828332635205,-0.0051285960724689605,0.0006833652858117637,-0.07823904536971611,0.022527481039711545,-0.2015475733231476,-0.021632700830135833,0.0003926585227523416,0.006229402528592562,-0.0027642899395377498,-0.0003367942626622781,-0.0019340387538620486,0.007991286771600438,-0.0032062048274186226,0.0015527846110081462,0.00015472095312852753,0.00011896471584126202,-0.0014315027122336298,-0.02650060206982928,-0.002554329626832309,0.1606739552111537,-0.10654885261480537,-0.020066711309269184,-0.014282818302626725,0.009169454559298726,-0.01806988581236599,-0.0041445721490583455,0.0056052277949880805,-0.0019836529790224523,-0.014920867478946932,0.0013552111504890046,0.00433999819687866,-0.002927645492992002,-0.0013752414548672085,-0.005676795895184802,-0.0031265355984989125,-0.0014322058638408762,-0.0027472791223275045,-0.0015675540831534057,-0.002406979139763351,-0.02846808499267738
7_5,-0.0008710117023430004,-0.0027770974702205505,0.00015959636430423394,0.004490543870369671,-0.003673350608119735,0.0019809510155323626,-0.0065945823836903,7.435819711461321e-05,-0.07687573602531425,0.030337198528774832,-0.2026537882275039,-0.014329220088824141,-0.0031689737067211567,-5.421940615690026e-05,0.004841424296505097,0.004858242065876223,-0.004200704657676583,0.003211619885800688,-0.0022924041931793554,-0.006365869660578318,-0.0019188774986264733,0.002047770323567999,0.0031123706642301368,-0.04199818031226892,-0.013934293595113693,0.14986642856703103,-0.10650177550688829,-0.017099576854548246,-0.013690230661470387,0.014043393474692667,-0.0190601060260484,-0.0015283198084824624,0.005487941345027597,-0.0034483138714794985,-0.03825170723856366,-0.00029425843364623094,0.0025039075663817892,0.0003231898149183124,-0.0008736368176104406,-0.004862858691328307,0.0035054143753959536,-0.0011585494979267012,-0.002480176025339704,-0.0009970284471732627,-0.0021206046787961884,-0.010433531602280355
8_2,0.00040972272222172736,0.002253439744764939,-0.001059547316382942,-0.0009769818463539052,0.011286767215862838,-0.001279762986023909,0.002050205515990372,0.002058624619211875,0.2426259175794224,0.19979856014197128,-0.10276403154107762,0.081624251619579,0.0011081338578333455,0.002505457356545626,-0.005921415105100205,-0.005941422034806195,-0.004884819389102648,-0.003156288610756327,-8.695695368739305e-05,0.0009764994456806233,0.002514431448086342,0.0022137484306225127,-0.0027360174029822577,0.03651906880034855,0.013600361260391117,0.25767532394587783,0.019651445331918694,-0.00684739294302378,-0.005214335050740537,0.022183832925306797,0.008795563203140518,-0.01750909029782714,0.005874380832504388,0.001808309970773817,0.007882061104947493,-0.004448098919771021,-0.0018044070868795373,-0.0031091952741677115,-0.001505119351761096,0.0005260283318380551,-0.000223497380144127,0.008197077426996286,-0.0004982956480942093,0.0012547027683450142,-0.001020216218975222,-0.009607072929761835
8_3,0.0008532695955160636,0.0027247705957200163,-0.0009498701737978771,-0.0011466329816772172,0.013054251451870249,-0.000919765617796899,0.002489961313972336,0.0027815129666155704,0.28331231484354774,0.19503570453355973,-0.09923520008297408,0.07585557110118955,-0.004747294603978648,0.0015007899071525503,-0.0011611973898944458,0.0053466839695365895,-0.005358791931759933,-0.0019111020838184205,-0.0004365030371854132,-0.0001318930546032804,0.002540562198523341,0.001781392089775179,-0.0028435097334088572,0.030095103201361596,0.02225710648615268,0.2673113939294746,0.02473491560629334,-0.004977266236753565,-0.003942917622221738,0.03192913900869844,0.013619864716984762,-0.011519524431120323,0.003909785414649884,0.003613633542024076,0.005304440736737746,-0.0029728211459308365,0.00495234615344895,0.0004949687656079161,0.001694626677638843,-0.000225038231915323,-0.00033257325977849284,0.009060083379263232,-0.0005113973935205507,0.001743139379396385,-0.0014683825879886249,-0.017269200295466598
8_4,0.0017705219377019221,0.007294404759255167,0.005300211039848577,-0.002246164449689285,0.014581429924090943,0.005339763265212373,0.010009427897819823,-0.013489114312242655,0.3052976793323322,0.19497604556704404,-0.10653077926263231,0.08582019071755229,-0.004539927642555808,0.0020917997328516714,0.002130795095181711,-0.0020990398537054046,-0.001107178663869158,-0.002093874430928564,0.0018795640308774805,0.0013306469090505863,0.0074512620302931015,-0.0013194214978945603,-0.0023805781889082505,0.02323827600971106,0.021933333847116522,0.2841871725790802,0.022874833065618824,-0.005311364995157883,-0.003253671473181769,0.01570298126458034,0.008711110127958848,-0.009828773499183733,0.0030517645194331772,0.005844387732245129,0.007729046338479086,-0.0054630869312436115,0.006881981998289945,0.0026212504544647743,0.002933195470217672,-0.0009436835856897668,0.0005400672936513097,0.006163089251610187,0.004361111151465111,0.0030740723489290985,0.002866768002809739,-0.01259839150476167
8_5,-0.0029289111134346716,-0.001559381516538271,-0.00032541264269305196,0.00036909574165313664,-0.020383007242004224,-0.001694766208284383,-0.0009876957916261848,0.0019112228301953883,0.25154952681161585,0.1805812352258099,-0.1140266879188128,0.07964245948608868,-0.003638834291430622,-0.0021623085173782027,-0.01730677287926177,0.0026159415427920198,-0.0017914044884114657,-0.005232589088770062,-0.0015535325039750883,-0.009452004121620654,0.000776324141363137,0.0026421089897049966,-0.0028943442735945477,0.024605794394021187,0.015531730362469342,0.2500217206036099,0.02058823088936487,-0.005662207740746545,-0.010136852272426253,0.020746598276990748,-0.0026008799565091596,0.00760569569694288,0.005859757860187337,0.00036390198485914007,0.0043923583599902154,-0.0040044969616071695,0.004444324767488533,-0.002299180001968181,-0.002502078589224254,0.00013368140429179196,-0.0008385009427643477,-0.009135869263460814,-0.0011484975264111298,0.0010967827694487067,-0.0010122572658296347,-0.017568947329671535
9_2,-5.871869727660592e-05,0.0026596855682434815,-0.001445637177042192,-0.0017594774585336422,0.012424758617329562,-0.0022125962546467996,0.002162655263549192,0.001461365878564266,0.27111398471148157,0.18386270028735158,-0.1242134851526185,0.07038778592096476,-0.003404348591181331,0.0005694690797264019,-0.010137965268187298,0.0023166784323101317,-0.0012775545391559787,-0.0018595149306671651,-0.0026838861166260885,-0.006691972952846311,0.001664455370360993,9.30257999871066e-05,0.00607233141698474,0.03640039005949879,0.02215257027023998,0.26076326282866596,0.02112652168157959,0.01892908512785832,-0.0034348683908536353,0.03213612696197877,0.007200019193506159,-0.008785240587780007,0.0060600303823815085,-0.0004438323524800374,-0.00045363243682313835,0.010185461497346905,0.022533529734230288,-0.0022884163088687896,-0.0003497849377735873,6.796752571863827e-05,-0.00020367118473420788,0.009042775818142758,-0.0004231131899549964,0.0012847843805629772,-0.00044539551595535593,-0.008092601085698302
9_3,-1.597381778307492e-05,0.00211275892608294,-0.0012517009771016703,0.0037261719809259268,0.01110728643774933,-0.0022943947837258637,0.00044952785734260237,0.0018403092914419847,0.21115725750816855,0.1773325760716417,-0.12997246645399532,0.07134288872376779,0.0009475443832518905,0.0021118183041033433,-0.0065673257749614775,0.0031050395042325264,-0.006882038669039363,-0.002515964704115682,-0.000225078332929841,0.00045397252441666463,0.0012910321601714303,0.0003891424810575549,0.0067099615659206085,0.035226790563102954,0.017140264999372993,0.22913084455011934,0.02308256578191952,0.020418058249123384,-0.0049470717030397245,0.023342190370041104,0.013604588075290565,0.010144520239654486,0.006275786379418792,-0.0010361640842352295,-0.0012157416305959374,0.0024997936541233065,0.0200986830694322,-0.0023350707752702055,-0.002706462091848223,0.0004725292090787317,-0.0019039476152007033,0.008455853842533362,-0.0018490083662837272,0.0011801128176741828,-0.001482722112568114,-0.008322434807116828
9_4,0.00014481532242353756,0.0009046976459795951,-0.0012991506043659041,-0.0007458357358888272,-0.021503332074088114,-0.001972077066694157,-0.00038866332790397164,0.0022312008801086127,0.24345000846434997,0.17221801181073715,-0.14129868062213732,0.06553909949235995,-0.005355943666379292,0.001649499332767366,-0.007089433923589389,0.00549450432898007,-0.007154233608290172,-0.00331859298088768,-0.0011711305458396502,0.00024479672392125967,-0.003677862081587509,9.622807568777696e-05,0.004570344491762139,0.030815903400650237,0.02027754099931483,0.24016676381987428,0.01822088121179688,0.013087110309346891,-0.004372700284759999,0.031524569428967385,0.006970938492483619,-0.008661632147392998,0.004586994116324855,-0.0014587603224383815,-0.014415390596218899,0.005059481739013812,0.02026133060523047,-0.004539479642783925,-0.0027186637770272074,1.3426987071319622e-05,-0.0018738830282622292,-0.009131851899408806,-0.0020192462629348884,0.0013618547809563272,-0.0007288098457092759,-0.007616676253274376
9_5,0.00015015611178066622,0.0022183130329812544,-0.0005987984262851589,0.01177603773714869,-0.002098923620306077,-0.0022130677936976996,0.0018713131068079096,0.003575620743968252,-0.02167436831265912,0.16329791783646505,-0.14562604259433623,0.07146556750753151,-8.580776892796797e-05,0.0058681959880596945,-0.00653335583565711,0.007409992694227386,0.026062925772895536,0.007902978003326578,0.002663513878137002,0.0005721479995968624,-0.0037523924409526063,0.00017659154294759197,0.01857832631883498,0.026850071965315282,0.020986144711307057,0.21252861633292125,0.023111110102795047,0.020140094424732424,-0.0034230345638785755,0.02896714025064,0.01863716794352764,0.009425469520939806,0.004793523760936444,-0.0007056383887623013,-0.0016168353685867525,0.006849440523591409,0.031590188634415706,-0.0022534764034088193,-0.0023956848330420485,0.0005014138842111924,-0.0025125902372175207,0.0005273905308272921,-0.0014412796049855842,0.00145288089699628,-0.0019211219476348777,-0.0033712935276426063
