,0,1,2,3,4,5,6,7,8,9,10,11,12,13,14,15,16,17,18,19,20,21,22,23,24,25,26,27,28,29,30,31,32,33,34,35,36,37,38,39,40,41,42,43,44,45
10_1,0.010335362645969225,0.003044270943128567,0.05160180252924191,-0.006291403761537696,0.07917287991009012,-0.03097725375646851,0.000397468264136647,-0.004108210420215504,-0.03751793104639794,0.4770701258109649,0.6551346916547743,0.2961549526008022,-0.0016840520321368532,0.0012138236791044033,0.0005405915041149829,0.028877029408953644,0.005602441312969894,-0.002694398613196057,0.0046329326716802,0.1265554720184908,-0.012562519957644253,-0.05507342604297319,0.005491377169381557,0.2505146300569868,-0.00488392659467817,0.653311700252588,0.3485568035172798,-0.02508459282251064,0.0012708613213406601,-0.011892964866465246,0.06831497020927851,0.022822190685472286,-0.03325807551834663,0.0032149483149637725,-0.05494483784351027,0.00020350364014715561,-0.02250528443258586,0.00046600364103390336,0.13535480955332735,0.009169311680365045,0.03976405479735291,-0.03632925677626742,0.038770773063745774,-0.001584265165457941,0.010332212808628873,-0.006811585016478428
10_2,0.008563262474643637,0.003116760187040118,0.05306717938058753,-0.0066995346009272915,0.07692129771169577,-0.03318869571456279,0.00039789579758178653,-0.007242867506708204,-0.0007685530943167499,0.47296026924362233,0.6581105479681215,0.29202197397638685,-0.0016699539248092076,0.0012138236791044033,-8.394902283413318e-05,0.03234021282662997,0.0039130230589941905,-0.004003665765492614,0.0056168430433917605,0.12315714282978776,-0.00909180931282649,-0.05567618877502034,0.005982773892189998,0.2482757409310688,-0.0038674525348204774,0.6146815026204059,0.3543305963670589,-0.025108980049807203,-0.001331278224415577,-0.011929981469680785,0.06311409846442646,0.021128639029249555,-0.035742191255165444,0.0032047015276175927,-0.056609097303397596,-0.0027742460348568485,-0.02306000396709203,0.00019530534044542587,0.1340049296596349,0.007346016814267849,0.048196702748612825,-0.03632802589648016,0.036935025851539606,-0.004824045368010734,0.009965654471126746,-0.00685641507653742
10_4,0.008806229020803817,0.002562620163773921,0.052499895682024914,-0.0048472758154521536,0.07809929513639316,-0.031062084129260488,0.000397468264136647,-0.006659122791934918,-0.0004179185457382905,0.4737452879238059,0.6035808122966537,0.2938878432260401,-0.001718188204449327,0.0011982076222073785,0.001227240026690783,0.029376243138491423,0.0034534519397137363,0.004259155880087403,0.004647909977105222,0.1298803701707222,-0.010843381749063805,-0.054057067537661,0.006031016178901684,0.3048147201225346,-0.0038265817413002806,0.6344578970315877,0.35095088878139546,-0.02512850870048381,-0.001327991250223116,-0.011942347189684581,0.06304522110566846,0.022850177604059437,-0.03549016498458794,0.0044485033673879355,-0.05611431437431347,-0.0023241187033246893,-0.02323352443903094,0.000878599586192988,0.13411954957379546,0.006681026656251507,0.03951531374254842,-0.03632873369111137,0.0375227692547778,-0.026502199171075696,0.009965654471126746,-0.008673946787756168
10_5,0.009345709207134885,0.004037124300936708,0.05329710089353066,-0.0061429901993637894,0.07882965131599992,-0.032416676199542395,0.00039881283975196015,-0.006518783201121209,0.0034729434600646613,0.4749046163456771,0.6194814440356262,0.29485699624081824,-0.0017353877293310527,-0.0018637628616783434,8.217574723573941e-05,0.02922199329522144,0.0037893183523089033,-0.0020110336300254786,0.004585106250349165,0.13811366803808672,-0.02516990102241256,-0.0533846033822514,0.003444615670672558,0.3196542191364548,-0.0031861122304155795,0.6400784542360081,0.3532988259878696,-0.025124113205198965,-0.0013750141414375404,-0.012114897451732849,0.06268988286957858,0.022350059483927206,-0.03329016372357395,0.0018138924053589106,-0.055617999689451456,-0.0009302638019856721,-0.022530242701633032,0.0009559276566005929,0.13491523167359343,0.006683180306342661,0.0404658259141555,-0.03631905975096482,0.0372363807341563,-0.027338887265474322,0.00996857334639244,-0.024662573660436365
11_1,0.04942709752998014,0.006923948541606997,-0.19138049609217112,-0.05190312295782695,-0.17403128464960707,-0.03519373556926838,-0.00019848034558526408,-0.005273234770120603,-0.03519187494861577,-0.09422882905779655,0.27217586035240304,0.15696006598215095,-0.007191408997882128,-0.001041949894556467,0.0001924350230724711,0.02631929203056768,0.0052393495325453576,0.006707281411488936,0.0016319671094948574,0.05910803302139439,-0.02775805202183618,-0.051658857369892536,-0.008303581322705722,0.06803056069862329,-0.0037809626235858706,0.3758053955263777,0.2271000735586759,-0.11848527894129104,0.008072064826157082,-0.01686295044186354,0.0410116485732518,-0.21765867307583764,-0.009196421546774438,0.00016363442355822252,0.01710591298946885,-0.00031897266461930994,-0.02232991688565041,0.0006915107392658577,-0.12771714716477936,0.0075885600330348555,-0.32391723329446753,-0.12349228048324729,0.015597618928812491,-0.0016727483943143016,-0.03578479537175807,-0.12575224686445144
11_2,0.04844719516013204,0.007106761312429994,-0.1896796990612727,0.004890781548935328,-0.17360913394601352,-0.03519359756831065,-0.00020263462360796934,-0.005265195643868301,-0.034635440807265536,-0.06095336923491862,0.4496573996365376,0.15659657352738415,-0.0019900984501238536,-0.00185551347414408,0.00022668768619443834,0.029520957377826108,0.005597522368234868,-0.00023941762391390883,0.0018697968183594722,0.058184837934723045,-0.02837075426132522,-0.03992112460736687,0.0032372085448710746,0.06258735963016832,-0.0027093814747492654,0.34011982291759757,0.2990247370187113,-0.12088278735643251,0.0057673401218164165,-0.016824081144003963,0.03137851093043937,-0.2176903590943102,-0.00883872332858245,8.930844538276861e-05,-9.520951203886993e-05,-0.001108773514130172,-0.02348355828098506,0.0005485862377272573,-0.12719505011061502,0.007591282719750444,-0.26942637162947547,-0.12077239821624501,0.016279170574871327,-0.0014816127214684095,0.011602312656230594,-0.12631586302188297
11_4,0.04743212980372651,0.006887541995141212,-0.19277726727187577,0.005166921508697611,-0.1752535917464161,-0.03590737544241349,-0.00019983280638869773,-0.005253248921991158,-0.028148047140070485,-0.06311296592603056,0.21529585198586887,0.15653560294287375,-0.0017252783071959434,0.0013688504326873608,-0.0016147272060401652,0.03302960224016521,0.004997795501377971,0.0010595234017333095,-0.0005024654213374104,0.049496368381560116,-0.0323152573379091,-0.04989144703187466,0.003521646942674703,0.05956734500786001,-0.003187738916152813,0.3802325302152242,0.1525473332474739,-0.11982383541286659,0.008159702035771684,-0.016863527559975187,0.030588668982137794,-0.21911954183468116,-0.009155802761874818,2.1203334046980202e-05,-0.04165647642443142,-0.0012756317109417327,-0.022515725093207626,0.00039585170749159646,-0.12817425753148043,0.007763157976823447,-0.2658666843854231,-0.12219237121109168,0.015428990960546401,-0.00124963844039632,0.012010575355864798,-0.12886487078329137
11_5,0.04942709752998014,0.006923948541606997,-0.18949145935388928,-0.051914582684968597,-0.17393010391610775,-0.03726385725264654,-0.00019537505128906882,-0.005272807236675463,-0.029896982180207587,-0.09364052976922167,0.2807990233519789,0.15467175109544726,-0.0070673669756645624,-0.001041949894556467,0.00012608787636444037,0.029168394583998704,0.00527159870165377,-0.0003018809383421757,0.0018594168620559518,0.052134159028891854,-0.03174537134414066,-0.05168589598013584,-0.0064567287132453206,0.06937789113240425,-0.0037809626235858706,0.38110679832043004,0.22743467559495956,-0.11701872337435829,0.008068883752209455,-0.0168364436783217,0.04100263384438838,-0.21763910738213085,-0.009210264531884848,0.00025030207916821104,0.01705986533057897,-0.00035546360444735445,-0.022330382659267903,0.0006915107392658577,-0.12623748150223746,0.00842752283624565,-0.323963278889149,-0.12348781606332201,0.015597618928812491,-0.0016248452656175937,-0.03574536187677382,-0.12563759064219127
12_1,0.002122049079295032,-0.0019749162494310433,0.018617996087193257,0.023777669402825746,0.0012433528850834662,0.008269794662903271,0.00039356834531805384,0.003586863863793278,0.00891541067736896,0.5258623568875136,0.7518226590753528,0.10088889147560624,-0.0022089877220322495,0.0009268448984489455,-0.0008414254948010656,0.07706524535102703,-0.00035859735992644796,0.0005359260383307821,0.005444655247435136,-0.1868818862826187,-0.03516208210085576,0.5100449850555151,-0.017289843381415607,0.40699771960123526,-0.0018252492436200331,0.7485997484710472,0.17058856724859145,-0.024386157849193076,0.002157410409568885,0.39597847024834865,0.0997377763293366,0.037235283706094656,0.07063991439813079,0.0013514427830597009,0.11894730452881101,-0.001700684512041581,0.15335908614096924,-0.0005245576169203768,0.04376971983092563,0.0002909057843552491,0.06000537786795064,-0.0013987774536596415,-0.03889541297887966,0.06855116337366884,0.009920401359418782,0.006904599166484899
12_2,0.010401660370722128,0.005783901302635317,0.06120696963311686,0.08085988288633139,0.002354489070430436,0.012914927313330493,0.00020045826761068484,-0.0062817700027657936,0.006817036119052362,0.48663859939241577,0.7615071131866963,0.1662661988923877,-0.0006568475343526106,-0.0012105081229668098,4.637723988794643e-05,0.02916978107221013,0.0017491882419602303,0.006904651491887455,0.005291427880114716,0.15768630030034242,0.38336668257226025,0.5150025015665043,-0.0174265043516101,0.4343542200868364,-0.00381220816036564,0.6420384931967031,0.2683701240732614,0.006108157790042206,0.003184097164377739,0.38860309185505193,0.09938906756709669,0.0004445721260405884,0.07014551870219166,0.001503627932230963,0.11901898676472482,-0.0007850499681081608,0.14431908359739773,0.0005376267343755281,0.04940547396732308,0.001169721337091725,0.05673273228065186,0.0018508516441756973,-0.010789049804013781,0.07463109663095813,0.010594111636024438,-0.012914979791258023
12_4,0.009867640863317527,-0.002038180634753271,0.06101560840491996,0.07495653980202936,0.002364136347578447,0.012628414450058769,0.00023050276677627794,0.0036441280207728326,0.006625202952535126,0.524998121641346,0.7520121927501322,0.16432498876310878,-0.00188174047089411,0.0009268448984489455,-0.0011785026067516688,0.03410316638036345,-4.5264838307200234e-05,0.001123191906782772,0.004456326432774486,0.15556570012748086,0.38509297798368636,0.5128079894857597,-0.017789383502532907,0.407817069225241,-0.0018349357845973556,0.6421067827436417,0.26569482607889294,-0.01652249632463838,0.005200987956280518,0.3859885981127048,0.09932965061168215,0.02308782641568441,0.07075513081050179,0.001442640305398363,0.11970818691210705,-0.0016498823127771836,0.14868978170307284,-0.0005262794095495553,0.04593809413228055,0.0015445815250563738,0.060004975159463,-0.00033509211126588485,-0.01673480164610179,0.06861114295117501,0.012763589007815889,-0.013512652764523712
12_5,0.004585116281449164,-0.0020901379292770097,0.060907083459812515,0.07791078665897588,0.0010842855032035144,0.0036987189321752664,0.00022896471715470423,0.0035339216691243074,0.006820068090948149,0.5192045840306393,0.7509021302739228,0.1615635317992322,-0.0019414052178321423,0.000919749693369882,0.0004270065986791223,0.03223732716354496,-8.101068499982483e-06,-6.267974945111526e-05,0.005284202430024199,0.1586130336166813,0.3791099510067542,0.5068630862465647,-0.017822953679105736,0.40750749992189655,-0.003190150576347915,0.638612532270026,0.26241962001117597,-0.016460528004921374,0.0014842351576197744,0.39733123398034415,0.09788168735586437,0.02282129908784446,0.06861933203245536,-0.002405114636495769,0.11695969309935501,-0.0016257958768330534,0.1458655594815639,-0.00041216412923393683,0.041776787311651783,1.1538078757329607e-05,0.05962640000417964,-0.00163304112211873,-0.017782697342016374,0.0686053120189502,0.012763425624106206,-0.013442677231916295
13_1,0.0033904563987525956,-0.0015297822416246822,0.03150681108601893,0.034328729026277205,0.0007695504546200494,0.02165929781723675,0.00018176967481588804,0.004567284056286142,0.033235665230370394,-0.06430320749220533,-0.0271015499629321,-0.08383298411787676,-0.0023932960129759012,0.008617377836817867,0.005334170674825483,0.080901327508766,0.005610187177325299,0.01568641685719374,0.027386733371722233,0.0909477851073758,-0.01608369282124784,0.005282944654195044,0.01932677779259393,-0.08076361947862493,-0.0004564346184040878,-0.29090863345158785,-0.146768652186278,0.03480061646407796,0.01020472147800906,-0.01581810464667048,-0.010473272337012673,0.04360889898620891,0.004520411059922676,0.004836471799920102,0.0808922830212199,0.019042357708819766,0.05037694966240637,-0.0007600941190220479,-0.001468793259206679,0.012636755627494592,0.02202679204356981,-0.0025049855809758724,-0.008247678936914124,0.011754910857522529,0.027663168222630086,0.01820220116224535
13_2,0.0037116664608497674,-0.0015297822416246822,0.030819950470387717,0.03451447565528118,0.0010979370536863251,0.02169126559632892,0.00018722225434763135,0.004560473065790943,0.03462274084090857,-0.051261617754553984,-0.03251764091543142,-0.08688777343769027,-0.0025287379757926148,0.009022337988661124,0.0051730409840191095,0.08153483653887951,0.009653822834903805,0.0009262393799693248,0.027233655345776507,0.08156990238843116,-0.0076968575639966745,0.0028768329263946946,0.025284093816186008,-0.08285085409591582,-0.0002238909138345662,-0.290880085833985,-0.12780497929507345,0.03473924709309693,-0.003255885475620285,-0.01579991273623309,-0.01037901658142059,0.061885506101852616,0.004621215759972191,0.00406420762748443,0.08137004773292114,0.020815429659432692,0.05196490798095548,-0.0007453691010609307,-0.0037917330663258426,0.012636755627494592,0.02249118286482267,-0.0024208030663404076,-0.010749442360153445,0.011853431205124904,0.01823445938931208,0.018901914448934416
13_4,0.002372011047996644,-0.0015195275549362574,0.029205926721386524,0.033480394064759875,0.000775325939203915,0.020895294560536477,-0.00011778814094934222,0.0045754346923034105,0.0318531126548365,-0.05307233688173302,-0.02613163125598802,-0.08638798868690298,-0.00262566859059793,0.008332341682602627,0.004844034540824528,0.07941114723095201,0.004542535843505297,0.0015466194383273518,0.027239615443794385,0.07194614292064568,-0.007859510849053949,0.004210348132640372,0.024368611344764035,-0.08577015407596476,-0.0004975546267000463,-0.2843618300604308,-0.14288345291801277,0.03483303849941804,0.003120116883508102,-0.01586395327520983,0.010799095961519171,0.06322054447292519,0.004432271824340169,0.0043336993550893545,0.057200651296913346,0.018129146529151777,0.044651777634829325,-0.000754316009323815,-0.0035041479595749395,0.011477510119699288,0.022670745880066755,-0.002568161132144329,-0.008786536200572338,0.011701109847533617,0.023590179997616798,0.013706767821217356
13_5,0.002659655512282429,-0.0016611996262688312,0.027493292649011004,0.03366749618023184,0.0007695504546200494,0.016717184186693764,0.00013135511179221312,0.004569921882025731,0.03270015487680685,-0.056578321141815144,-0.026586832674932313,-0.09137499093930362,-0.002621085538033043,0.008332341682602627,0.0032696936097728656,0.06235080226120526,0.004891827655276227,0.0015292480424706064,0.027551697106187198,0.08031036480767575,-0.017858832457111354,0.006262033716072686,0.02469663354757609,-0.08488172827907554,-0.0030095111806901966,-0.28336809644071936,-0.14817790350728172,0.034843877581399195,0.0005857220215744435,-0.016295221328464667,0.015411406698592346,0.06348795763028045,0.004432271824340169,0.0043336993550893545,0.05771545410341944,0.019168702504472543,0.04376840237572358,-0.0007511399992520542,-0.00372813989327319,0.002276244138566841,0.022406209160830505,-0.002577686506838188,-0.008801965045907377,0.011714109206227286,0.02310960209008378,0.01611830598258828
14_1,0.018527411882624797,0.006250514674733551,0.012266849774664804,0.023465174543335413,-0.0011749492668132197,-0.051335339038623265,0.0012978226523563713,-0.03438685927012769,0.009031326263118188,-0.2503269564247567,-0.3380672932757509,-0.11430737072544404,-0.0027331672811058685,0.0012200831203575146,-0.011910548715078063,-0.13019556211183267,0.010221213425305178,0.0017279801807626176,-0.04941963998107625,-0.08494977523294217,-0.01652047774282744,-0.06704908024333164,-0.000182794993316931,-0.1551287533010581,-0.01684950350899579,-0.47131003474812855,-0.13922804369912806,0.015780393720354845,0.004127539416320431,-0.019239446763037082,0.019750876579214743,-0.010393850869621697,0.005255502451958419,0.009643186157082376,-0.048691439794247206,0.0002656946894691891,-0.00522668550224193,0.0017757658026723712,0.03941425537886681,-0.006544855407832291,0.0062606659540568495,0.007287753441167404,0.03459293378325003,0.0017323098902009835,0.009938897458978298,-0.03613368516862541
14_2,-0.004084888153701222,0.003231430793982884,0.011728079077166609,0.035567012154180316,-0.0009600516159810632,0.01811990823545194,0.0019175893246574532,0.007679097134313133,0.013847724208892355,-0.25816747218891445,-0.3066745038917675,-0.10438462068322618,0.002495258604917993,0.0012795282787831709,-0.021705763189969647,-0.20397645126102884,-0.007779169268914934,-0.00905500890679493,-0.05689386507198557,-0.12231440658428815,-0.04085437497611964,-0.05891837645121749,-0.016508133159192112,-0.140397755937442,-0.023111825809007336,-0.3981038298096736,-0.18600604910213706,0.025158307449888694,0.009338828773248334,-0.01837377607870325,0.020007785275012777,0.01857172524424498,0.004613030790364629,0.0007990952483707095,-0.0581723631758912,0.0008669126282227616,-0.0050377528482053475,0.006517390608761034,-0.007355433468396693,-0.0005822972237662057,0.013828917778433904,0.0018945244017986528,0.0038868148240968747,0.011074005902098963,0.012414259377180433,-0.03450017920170737
14_4,0.0023156285180883653,0.003217065651480686,0.01173692258354403,0.03136398829402783,-0.0009131436882998042,0.016607131205410464,0.0021186489314790557,0.007696484113619791,0.015811841639222536,-0.2533539073808005,-0.3141341310606611,-0.10583081040161135,0.0024912732502979716,0.0012323115757898275,-0.02149857669592138,-0.1514341308132531,-0.012539978153438614,-0.008724550216126167,-0.05193650550873892,-0.10855315247065814,-0.01858265204688174,-0.05763836999351006,-0.006353731692233248,-0.1470518485125284,-0.009875935789676415,-0.4334204536176553,-0.17975067080340404,0.02103820946599385,0.0030760728677337586,-0.018346575218531228,0.018282983967747378,-0.0116128364191302,0.012077874702808584,0.004641440459568404,-0.057885361490187144,-0.0036102711370403846,-0.004898545702047435,0.006835248973578303,-0.007145950106057933,-0.0006112342238797622,0.016837194004343903,0.013149766972804521,-0.0006559604498599728,0.01243973975838978,0.012391532171554673,-0.0180436959746467
14_5,0.005894739285065703,0.005706631251927235,0.012173129562279898,0.02452348235911554,-0.0011713309895120634,0.01949562316175009,0.0007783022277811015,-0.025046328807247095,0.01585387753895614,-0.2504590261861582,-0.30853550003804014,-0.1024845587964474,-0.0025452358329303244,0.0012795282787831709,-0.014904526834450163,-0.023895161381062246,0.010952224107365618,0.008128872672129424,-0.050146933761497856,-0.04927992809416797,-0.016917270377348845,-0.06796969630628537,0.001950183039080767,-0.14380609085527618,-0.02476542329521468,-0.4749460823079368,-0.1700214359499052,0.015810707319466297,0.0026394544991222685,-0.018286342984607986,0.018550915547210816,-0.008736145091232276,0.005108587248055819,0.004525018696207582,-0.068454811555898,-0.0029687858252955305,-0.005917209619443002,0.0018725589157208146,-0.001930292153559709,-0.006210261500816792,0.006723042659656076,0.007008475723931557,0.016481604842286543,0.013253066358512065,0.010170287034455949,0.022802857961027503
15_1,0.0027555810653675547,0.0047631845314914075,0.011922760275907485,0.028144041524923967,0.0034668518316912323,0.027427078536376392,0.00028001572930327207,0.004620055076329489,0.029008145168713122,-0.0541780768576862,-0.057767509527869,-0.07748397135507759,-0.0005491483020994408,0.005145027933017535,-0.00835640472521472,0.11129458894313028,-0.008660781715053464,0.0007237389863667923,0.023249035053463124,-0.05512440140977108,-0.00405616950475585,-0.09457350368881742,0.017816401192168797,-0.11442884380964125,-0.0031921704911806697,-0.2636271201206854,-0.08053706030393128,0.027355941707697614,0.0035855151498809905,-0.01654556453155835,-0.01167017048197021,0.02782312507133181,0.005571414581039417,0.008264837552946856,0.046480070437869316,0.0003651130683315338,-0.012506853115904824,-0.0009780070527032692,-0.0015921883723478488,0.004490256857622603,0.02000792170578813,-0.006648563240484155,-0.0114564028370734,0.010765836322899888,0.01523611305900233,-0.0037986235900524306
15_2,0.0023066435229443408,-0.0016024999409022956,0.02912271053740952,0.03045618598633934,0.0017292735011595539,0.026248006957806644,0.00020418232325678616,0.00455810666237036,0.028240638725741764,-0.05635909838005217,-0.056544367253381286,-0.08829301282432511,-0.0031496509182756278,-0.005207325775147724,0.0014346564340125966,0.05561109936906963,0.03023291419958122,0.0010226610525145676,0.02678243700361064,0.06823509219511113,-0.010586520685726622,0.017607943131136117,0.015514986316308823,-0.09752981686625296,-0.0003613477308715688,-0.2575221660572888,-0.15080237085377146,0.031082120628498407,0.003976552101320545,-0.016877935609775758,-0.012739780695905726,0.046676400390124634,0.005137397207796328,0.00617280122390469,-0.030065089220008705,-0.0036579779382401893,3.127562515711454e-05,-0.000847416334248073,-0.004454196845992707,0.0019997776037510495,0.022495872720439014,-0.00857497168544504,-0.008740986032693248,0.011064955789707315,0.018077335429393604,-0.01881134647012333
15_4,0.004461197040057598,0.004036425599615136,0.029709008962872752,0.030807752848470836,0.00421946965092854,0.02725805564913593,0.0001740650016955128,0.004615377945559575,0.028571207334961293,-0.05664705993652581,-0.06956828598185155,-0.08599701922082188,-0.002873305045472469,0.00397501977148354,-0.010445734169584706,0.06795715119591582,-0.008540066860359057,0.00010478449982868118,0.02367390427160608,0.056928699306988365,-0.0016272604444373534,-0.016271903554837423,0.016211960817606,-0.11380378421103916,-0.000635399999888563,-0.27555836003166256,-0.1613915957047086,0.03136429585485463,-0.0037215599661590427,-0.016846423036864885,-0.013071664464893417,0.029991243701751245,0.005696380517726563,0.007940954237685004,-0.03262520140218725,-0.001744681561070314,0.00019552813085488025,-0.0008920593249100046,-0.0021577776882333124,0.004494980018151476,0.020208568211102645,-0.006506454887024912,-0.009885979006797897,0.01065831743570601,0.011906472334381716,-0.020488154387520826
15_5,0.004411443589044559,0.0034775685180542097,0.02951747265417146,0.03077635972066494,0.0033451697179727865,0.027732793991602694,0.00020411868609997814,0.0032125015705881067,0.02636770431291756,-0.08840200712791337,-0.06159319312386706,-0.08727573220781401,-0.003723296002219354,0.003981036726511997,0.0028743796065415616,0.05381164532293421,-0.008031691727176809,0.00024495440191048745,0.022942979072107184,0.10664180109343752,-0.0388400474621004,-0.010389484295197945,0.011001164698025836,-0.1142490113387392,-0.0015292988297912098,-0.27713906249896897,-0.16317528126450173,0.029284444532902975,-0.003405329376491467,-0.0169553953128024,0.018744254972082965,0.030011801728869147,0.003807953053836826,0.002401516594020721,-0.0372967983146358,-0.004281626955365635,0.0032717006473784054,-0.0008861587119055808,-0.0010333481227875947,0.002359059885072072,0.022754211093182725,-0.006121541708326848,-0.010949300795694278,0.01246183541103791,0.011477329892577824,-0.02038800635998104
16_1,-0.048367532888120415,0.003690320505130858,-0.07411650700118919,-0.03321490804258119,-0.039880447087253135,-0.05327403439130539,-0.004772213422938658,-0.006151200546209382,-0.0712879968676459,-0.15283060027897322,-0.3499427134962941,-0.07587014578110435,0.021965424802836832,0.000709121655662437,-0.01880508909299084,-0.07544647215559452,-0.02152908406558358,-0.002886320006889336,-0.011504617717083863,-0.048473393435329,-0.027059843093277792,-0.037038548896727294,-0.009093771516882045,-0.05313912341138194,-0.011675041760071099,-0.34158318027632606,-0.13267034160459423,-0.006278003163258196,0.03831052943534472,-0.01999613233706839,-0.011737212097953531,-0.07227655951318582,-0.002890843158836476,0.006674647043916036,-0.0308713765915642,-0.0015354706616891843,0.021747725504342136,0.007659144586995728,-0.025538303991242583,0.010468420423751618,-0.11102595256192604,-0.02901247247838234,0.008820652340090744,0.0013821587611355267,-0.03971442875029575,-0.05679753021239535
16_2,-0.016855115167176412,0.0038835993929482444,-0.07411650700118919,-0.034123822032815686,-0.03989257358735991,-0.05379362214953591,-0.00453536734343112,-0.005445221611723995,-0.042587294276102895,-0.15283060027897322,-0.3697552434883129,-0.07609326228408177,0.022402334904932323,0.000709121655662437,-0.01880508909299084,-0.09696294873807051,-0.023419677827259792,-0.002894162787894926,-0.01147101711199881,-0.04409874318272351,-0.025825112903109116,-0.03322429795046331,-0.009373291927749435,-0.0501587542492697,-0.014656284161502086,-0.33003749285716966,-0.13760209338764542,-0.006271292636400944,0.030947822970411515,-0.02001435075235417,0.03408324584940901,-0.06091476823493247,-0.003150131498700093,0.006674647043916036,-0.030087169162182636,-0.0014446057366182625,0.021747725504342136,0.0077530686607815685,-0.025342179801053275,0.009833885681644306,-0.1193180667533503,-0.029056883508430508,0.009121036093346196,0.002057144241271537,-0.03967779387243889,-0.0435139653096301
16_4,-0.016556275291351768,0.0036916694473291575,-0.07411650700118919,-0.03281266253242245,-0.03989257358735991,-0.05379362214953591,-0.0044849885954695206,-0.0053943347015684585,-0.042336300433042796,-0.15283060027897322,-0.36972315196697547,-0.07609326228408177,0.022720423073765473,0.000709121655662437,-0.01880508909299084,-0.07506166818590897,-0.023372359845119695,-0.002886320006889336,-0.011381822125295243,-0.04808337966587641,-0.02576455409925871,-0.03317716855466723,-0.0091352993570924,-0.049632148687603406,-0.011525131802915659,-0.3298185264482581,-0.13695066930485614,-0.005587485647676443,0.02958029376765325,-0.02001435075235417,0.03428005585819499,-0.0667041491739706,-0.003163652531079306,0.006674647043916036,-0.03063942169355669,-0.001516185507123993,0.021747725504342136,0.0077530686607815685,-0.025218151166550778,0.009826410005845049,-0.11912282918560863,-0.02901247247838234,0.009169495770181562,0.002057144241271537,-0.03982857764379066,-0.05721257772556425
16_5,-0.04459567966981324,0.003767908459820423,-0.07411650700118919,-0.03405439151946677,-0.03989257358735991,-0.05379362214953591,-0.0048023345396413205,-0.005713033297424472,-0.07284189741953098,-0.15283060027897322,-0.3499248717651882,-0.07609326228408177,0.02249149116261945,0.000709121655662437,-0.01880508909299084,-0.0771163117669205,-0.02151618123478594,-0.002894162787894926,-0.01159381270378743,-0.048330094487162134,-0.02708204433065804,-0.036294595622561585,-0.00923792635222409,-0.05411142584174296,-0.014870036569988204,-0.3417898889166476,-0.1350254486351817,-0.006234127806490353,0.03859504457157176,-0.02001435075235417,-0.012197624052951318,-0.06726808384846936,-0.003130292789208855,0.006674647043916036,-0.03086537239886917,-0.001516185507123993,0.021747725504342136,0.0077530686607815685,-0.025341971679924063,0.009398349313686017,-0.11205409571356938,-0.029098926798030222,0.008610989481708462,0.0015943895531818518,-0.039772721099241515,-0.05717195654123
17_1,-0.02431021430728135,0.003895858404501186,0.012075528448233876,0.021295728858322486,-0.0012963527385555962,-0.04574123807271446,0.0015905510602507787,-0.017684501850806746,-0.04994504689111218,-0.2446718253824798,-0.35142608255651603,-0.11044715873984963,0.002504496073152921,0.0012672998233508614,-0.014023995493967828,-0.16623787287553424,-0.0046101463941842806,-0.008663529487909034,-0.054136095318064695,-0.12154702440561076,-0.03456986010311487,-0.06753391368763836,-0.00024623231934158083,-0.12672343983797235,-0.014108353884598723,-0.403583896264261,-0.1564606497341508,0.015600737483310066,-0.0008637972300073789,-0.020543982623962904,0.03179871207847878,-0.017457986660394137,-0.005665572588112468,0.000628422928975659,-0.06595784180701555,-0.001971168058020802,-0.003510737439710988,0.01104841127166063,0.008165907115273563,-0.0009034335042105068,-0.00191761247617206,0.007079419531850694,0.02791527476907811,-0.007254908454111154,-0.006033615188620757,-0.06295634406682363
17_2,-0.002772054041048458,0.0031385100003450852,0.011906445450632894,0.013077352696019753,-0.0013371082225731488,0.010003700292540087,0.0008233212657636139,-0.019384282982986376,0.012842809758159936,-0.26475495780600655,-0.3442989663707341,-0.10400875417939785,0.0025331770862658935,0.0012870534821261327,-0.0134296148338928,-0.16475945706194797,-0.026725453094559162,-0.008805945732206923,-0.07112100113665236,-0.1376392429460333,-0.04072158611317235,-0.06425550612348223,-0.007958216960810742,-0.14293941224358586,-0.014131028406835952,-0.3955922794741212,-0.18615415133358543,0.01641372814848662,0.0010939851318040221,-0.023503664977033198,0.02029063409654331,-0.008081930784109764,-0.005440164474206329,0.0014551765194094793,-0.06356465268827009,-0.0051262658216984554,-0.0047289955621627475,-0.01051283580483015,-0.006961569310498798,-0.0005573787877029572,0.014935013080988302,-0.00410752747409908,-0.021593828651404412,0.011492449087149345,0.00910277699328851,-0.027757540610734707
17_4,-0.005078080501018327,0.0030026843644092196,0.011919500926940964,0.01864544386901151,-0.0013480623727332914,0.013353431490941182,0.002211770167265989,0.011143209508326564,0.01242501917692209,-0.2581539922455522,-0.3131241354212857,-0.0956772682254716,-0.0025273303197646648,0.001276690668616093,-0.01937075918880633,-0.1536038037172871,0.014257857341345966,0.005996332588135982,-0.04326202904175269,-0.12790948868848653,-0.04060187395699274,-0.0757272108974752,-0.010672073513812837,-0.1267266555860195,-0.008031258630930972,-0.39144876803012896,-0.17764671935860005,0.012488071200559463,0.002282866630579645,-0.019181229411836045,0.02051470397593721,-0.006924658291535938,0.005236425866961203,0.0009788475179041585,-0.06577298617510728,-0.003765360426920085,-0.003923598579105542,0.010362611326798851,-0.008570794531062778,-0.0007247106825752107,0.026611059754024124,-0.01940917696801279,-0.003771219776165917,0.010936119590295272,0.013385395220879146,-0.02770890055025106
17_5,-0.003016793281042499,0.0037470052864388595,0.01238861048465387,0.009856082463359127,-0.0012502540534298943,-0.024606593959576036,0.002202052268152624,-0.012438084583594545,0.01232537065150863,-0.26500213784371157,-0.34328334731399773,-0.10775500062721023,0.0024999594604815383,0.0012672998233508614,-0.019137123773707035,-0.1453029795252924,-0.04249507191725771,-0.002288071028792395,-0.05211837889311492,-0.12758602482272263,-0.04018893963736849,-0.0639148354353465,-0.01014429470251361,-0.1421266105336107,-0.013668758556424432,-0.40718326023691404,-0.1530970312545887,0.015673280315743734,0.0025051844532628406,-0.01982746983028051,0.02024454791130574,-0.01712756412599413,-0.005432956419555144,0.0005497482704246467,-0.06378051388875469,-0.0018571911892328054,-0.003038968082786403,0.011048449462598977,0.0094819557312284,-0.0008318290572897084,0.02171491388332018,0.0069936597016833565,0.02113523983866797,0.011053331821790528,0.013828589482049968,-0.0223217417966516
18_1,0.028232417121542935,0.004111507931906513,0.012056886651070079,0.02421540735955463,0.02350021809377726,-0.02465850169220891,0.004599021308192069,-0.0033566364838097298,-0.045241207584244075,-0.2522413463159925,-0.3273596987779527,-0.13257551081026503,0.002504249589746986,0.0012610245667062947,-0.018044019263438377,-0.13192506513831587,-0.023183613520509884,-0.0025050082110194853,-0.042363235417581815,-0.11047623193500224,-0.0432468868145934,-0.060921637444827384,8.142110078274752e-05,-0.15505497594845596,-0.010646717368458142,-0.3657464663087761,-0.13349743225301963,0.015526164920217292,0.0047957026604894,-0.019553372668538693,0.041617529704908264,-0.0005757972095963466,-0.006855521772940906,0.000628422928975659,-0.05032219704088418,-0.0020488908210861234,-0.0046006639008562685,0.011080770108725104,0.04789940933128081,-0.0009994229496038986,0.0017270152678966512,0.007100054999569115,0.03072485165494572,0.011818289612895543,0.009060618375778148,-0.016654660681515984
18_2,-0.0030746511255362666,-0.0013597273900462525,0.011943886622031243,0.02212083165762054,-0.00134552772024651,0.013807760806169356,0.001126965453136505,-0.0042852944314004755,0.016351137144281703,-0.2386960045966252,-0.07825207687529034,-0.09522499414605161,-0.002612069656237879,0.001316140416108539,-0.09261609140378958,-0.1544900608658253,0.014578294800877094,0.005972351617426788,-0.05993314974798916,-0.12167677073404332,-0.08370852818797134,-0.0673078686334107,-0.0024603700402484083,-0.13912924928776807,0.0008955064365750399,-0.32230725724463394,-0.1636721999950658,0.016250230646331413,-0.0016741787180726319,-0.019156759260957487,0.021353412992228676,-0.008826077725001442,-0.004127294176372434,0.0014611325882266449,-0.07698989300496838,-0.0005788556296275121,-0.006402687245130747,-0.0024640897362744434,-0.0086508899332147,0.0006078826798078555,0.017301555983382025,0.005160292788096779,-0.003957095592749912,0.011639917829208719,0.017285541696705962,-0.027623807832496936
18_4,-0.01292946336005197,0.0016770554244267808,0.011905105433941833,0.014863388392824993,-0.0013833962457035715,0.010230440902348311,0.0005940619401502627,0.013590341154218718,-0.04932300399659811,-0.2642853753053493,-0.3053481189016228,-0.1031935765394786,0.002498504477371426,0.001269380208024379,-0.019903307204238663,-5.1825292966365386e-05,-0.04296243440343903,-0.00864589221367498,-0.05565958067156827,-0.05369800885324675,-0.0352798851763076,-0.057894855194531636,-0.0025679850192986443,-0.14296626561234888,-0.009217146867029596,-0.36959004647920196,-0.18093128673029124,0.01254445364639288,0.003999327483437563,-0.018812706391161105,0.03181087007076062,-0.007616679893244261,-0.006446552821486195,0.0008052971255839594,-0.05214442808295775,-0.010217253502735025,-0.0034576157104421845,0.003530162288196165,-0.0012206474819309713,-0.006820409245089511,0.014937732616057282,0.006404984636531431,0.002270150949575788,0.01045837797838304,0.006641291173932733,0.0029496532031340174
18_5,0.029835450706381217,0.005214931153254987,0.012402229367018174,0.02444676754811875,0.023517371938845295,-0.033477278080900126,0.004866172610060782,-0.005287858337962559,0.00926845722162248,-0.24055790492137713,-0.23552596442080964,-0.12961005255193742,-0.0026211095011033003,0.0012672998233508614,-0.08007008467186869,-0.1381794623916163,0.011225120690056342,0.0014259994212110988,-0.05628059600925146,-0.09251940402396115,-0.08380466012467683,-0.06453654091166017,-0.012639516278764222,-0.15275949057640179,-0.0018959033302282783,-0.3531622032756282,-0.14038630182114892,0.017909227056193997,0.005241122702352318,-0.018757523672992132,0.02366808720889739,-0.006990573537319297,-0.0028031850336321966,0.0007089152400149498,-0.06838205304298439,-0.001093695853629604,-0.0015084590099413593,0.0020851061670911883,0.05091242049000125,-0.006633829665090842,0.018366898813569302,0.006752293673110456,0.02213890068412188,0.010465520236529312,0.00910579431996945,-0.017075410607483684
19_1,-0.006250590137231026,-0.0010561897752935814,0.012158011475627197,-0.026112791713168545,-6.256497175918503e-05,0.012960784321298617,0.0011957651589551764,0.004096651912398234,0.010706113459025333,-0.2279736205691381,-0.31453886642820594,-0.10791299381618605,0.002610444157776407,0.0012009583573472367,-0.01942014967422064,-0.19817188381104128,0.0010029877519451295,-0.017678590767453595,-0.03845856568621293,-0.13171907856604298,-0.029678159819578644,-0.06008221447169328,-0.01290119275206573,-0.11091154568337441,-0.008837112056102474,-0.4254303382953923,-0.18895901475298058,-0.013667541113730822,0.007990483590612447,-0.017807616865180922,-0.0160905211968229,0.014273306738157075,0.0007458456765391954,0.004357261111579408,-0.05850018628451499,0.0031632821249904463,-0.00436895742645953,-0.007149628638022187,-0.006019052164573402,-0.002635395314093553,0.012388949478441208,-0.007337196195290113,-0.014844970260547041,-0.04535276339207758,-0.00046116015723799905,0.0004185380891157547
19_2,-0.006275568624747736,-0.0010561897752935814,0.012158011475627197,-0.0242868132136036,-0.0004260205199035352,0.01321126510193381,0.0011768182516947025,0.0051261144418733,0.014026138482123652,-0.23890555605482727,-0.3162286365145184,-0.10535855694638077,0.002610444157776407,0.0012009583573472367,-0.01935589584785129,-0.19640300296362395,-0.03404555482645513,-0.017038989566251772,-0.05989092644759895,-0.13142579307212918,-0.024572494830984982,-0.0601721906086609,-0.012102653987232025,-0.12239629818287764,-0.008844844135810818,-0.45322440867848157,-0.18779372558210128,-0.013528378471341772,0.008088640877719079,-0.017757762380964714,-0.016271910565330658,0.015592807880006712,0.0007775813212674885,0.004357261111579408,-0.057621987430916614,0.003498301016989175,-0.005052608712818209,-0.006988886154343036,-0.005460588927166327,-0.002344137064436436,0.008790953800034659,-0.007031294937471845,-0.0140319031151828,0.007894933286980425,-0.000360999299281,0.00047322665905967726
19_4,-0.006295374200711648,-0.0013419911596210675,0.012158011475627197,-0.015218982799321441,-0.00048367632732766426,0.01310680516006753,0.001192628363464079,0.004959549191230474,0.008131689031595472,-0.2389643586623952,-0.3165637479253295,-0.10562981033173582,0.002610444157776407,0.0012009583573472367,-0.01942014967422064,-0.19950216287495903,-0.03445032196055403,-0.01731299963844799,-0.060021558032307,-0.13171758448013207,-0.029563679830452633,-0.06012596931747172,-0.013224706929688466,-0.12328839116229057,-0.013511232297945545,-0.42489091313085553,-0.1889879773524664,-0.013775671514109876,0.00782061708157739,-0.017823246888757503,-0.015412004367791046,0.013306408051314554,0.0007458456765391954,0.004357261111579408,-0.058226238734563555,0.003341354136262824,-0.004248821355557765,-0.007149628638022187,-0.005043041601576289,-0.002828499649458982,0.008983339907276637,-0.006781304310008179,-0.014448498086623324,-0.04535276339207758,-0.0004191110097161374,0.0004185380891157547
19_5,-0.006302344914549806,-0.0010458988084476937,0.012158011475627197,-0.02502765646255151,-0.000348084488624945,0.012960784321298617,0.0011871989990087837,0.004286461324245123,0.008188171508915034,-0.2389490385543911,-0.31677224936550447,-0.10577677049569661,0.002610444157776407,0.0012009583573472367,-0.01942014967422064,-0.19739286589100197,-0.03445032196055403,-0.017571724208812173,-0.05995489117136104,-0.1316627740220623,-0.029532275813011974,-0.06001182835328518,-0.013224706929688466,-0.12247637019667684,-0.008937105176784919,-0.4251414005263867,-0.18935401582645156,-0.013581258494742964,0.00782061708157739,-0.017839437019015848,-0.016110113043572044,0.014826626485459444,0.0008438361923201785,0.004357261111579408,-0.05818669000915856,0.00318234883707052,-0.004249430365784849,-0.007149628638022187,-0.005177112438529315,-0.002635395314093553,0.009012694815733085,-0.006740013464210945,-0.014764433603983666,-0.04522294144152071,-0.00048200051748908956,0.00047322665905967726
1_1,0.001133489523241739,-0.0029680939722264987,0.012459369008695789,0.02581090941617861,0.0002595783718089117,0.00402685378033268,0.00038503076765307356,0.022710814172689997,0.01863016221139492,-0.24702396862269746,-0.33229703992075826,-0.09640359061444559,-0.002655484609679983,-0.0013692844089110852,-0.0006045547121918628,0.015081282051179019,0.022938788542984066,0.01961055029218589,-0.03585510809023217,-0.06959635997286397,-0.01981640015867897,0.0033597417565211837,-0.009134610326937657,-0.10555704484038413,-0.02408013542519501,-0.38797633849756363,-0.1549233048769181,0.02066354143005426,0.00621887958014711,-0.017591267924602496,-0.008752640984748953,0.02570652928525792,0.008302649117957814,0.012244320492731577,0.0403090121964422,-0.00960638977914894,0.007875987743644116,-0.001585406815177356,-0.0019634831824151943,-0.006030159412157882,0.014048428958288613,-0.005238059131872111,-0.0008633248771383797,0.008609792778528219,0.002814100254334857,-0.02194869025377484
1_2,0.001826804633663702,4.690273353199527e-05,0.012488477702991177,0.01988275107927347,0.0002465510247194624,0.0060251447621262775,0.00035846338791920257,0.00976053970039559,0.011070681736607425,-0.23324226655319338,-0.3224394150925786,-0.09595276406773079,-0.0026434971394149413,0.0010412171534176075,-0.000398138329019166,0.08033498633443609,0.017231517576279554,0.02137639484252355,0.015380562717331793,-0.06665504206995793,-0.019210660244422598,0.004379234293631918,-0.006773703573645786,-0.1327134053982338,0.027798687959806972,-0.38523288193940003,-0.16235495055752566,0.02621638348996747,0.02135607407805537,-0.017387799950922395,-0.003925764321979299,0.02795159620928949,-0.012840294649006384,0.006005187767642119,0.042962007965073656,-0.0341197317278241,0.007763841298002923,-0.0014619315809185813,-0.00033549340477058084,-0.006515446105028573,0.019333080615584725,-0.006064669404195044,-0.0027549766641674737,0.008837233834139011,0.007465459469953731,-0.02027764145575396
1_4,0.001010100343746305,-0.0009684494633776589,0.012468529354252314,0.032878618952863925,0.00024799404419405474,0.004259111579541868,0.0003863545995673724,0.0062944366093469414,0.010506100706304469,-0.24675510792210334,-0.32489983215058804,-0.09593259979321644,-0.0026427664451450714,-0.0013597808101418534,-3.2436746466926736e-07,0.029376772591166632,0.022926595164365453,0.020148139616278583,-0.029209102263761694,-0.06960256223413779,-0.019028366715123347,0.003132326806740386,-0.009305346474427508,-0.10681830849511648,0.03243798389289955,-0.3866979890701636,-0.1540953920845644,0.019558406829424658,0.006101483401911081,-0.017567226323721444,-0.006290333086488413,0.035265717017052646,0.0012355265779905205,0.006017954819750437,0.040449514581453794,-0.01131569620317532,0.007799790639918695,-0.001352108367624993,-0.0014437787779277376,-0.006030263782723551,0.01347233231886944,-0.0049067439503829675,-0.004511516648913377,0.008736739928514495,0.006925080386129013,-0.021857079086940845
1_5,0.0016875984404823487,0.0008141069551451706,0.012508742618514628,0.027381915374775197,0.0001016827487242411,0.004259111579541868,0.0004056183008254257,0.01839590961472552,0.019204285515459447,-0.22026900201827795,-0.3012848165638085,-0.09627763017565544,0.0026445947473309217,0.0010311602511544982,-0.020509223979401876,-0.06764652353596816,0.025584235065760838,0.01979141718385432,-0.03522377691777879,-0.06864907921344614,-0.019855726559448707,0.004543336628219095,-0.005549169120865572,-0.10382558513864383,0.000641609653449574,-0.381540903902026,-0.15220902200037645,0.01718812550994145,0.007022515576986731,-0.017558784336970838,-0.009414331889351374,0.03411154354756219,0.008337022313983596,0.012304359062361728,0.04916296832574069,-0.008469454955816913,0.007795458100578705,-0.0014903807712179692,-0.0014365242111951835,-0.006053214917724545,0.014628988345128071,-0.003651204706513031,-0.014405462040787659,0.008522805813134419,-0.0004689132346397777,-0.016260389311988623
20_1,-0.003126342194632632,-0.009340761494497985,0.043600031084164916,0.024548695672399035,-0.0040103061918018035,0.012256988411914607,0.0003203649885090666,0.0036949054533705404,0.006816430652049359,-0.019001885004241374,0.35828627922809203,0.06720311490743915,-0.0024281382677845405,-0.001641748316537956,0.0008895391185470246,0.039573942025936254,0.0034720455997922523,0.002168391952978948,0.0097161792001383,0.09841599181526331,-0.012369855472140314,-0.0742873312294375,-0.0011512561545806584,0.08084788135514248,-0.009451217131100517,0.48874674258040673,0.2391263199038248,0.03772426068628679,0.0028009776463969903,-0.013269253906228462,-0.06459082637957239,0.04476301733820863,0.01699384357673678,0.0019469657648094416,0.012305702134802152,-0.001331087911581659,-0.016377963207407708,-0.0004477141817588753,-0.0254449245841126,0.0023137232715852935,0.039356615645604734,-0.0016954122996827767,-0.03552580767901242,0.012195034411389489,-0.01935520386728258,0.00685928112016781
20_2,-0.0037827825473950895,-0.009340761494497985,0.04387962843231835,0.024703592134340036,-0.004561130386065303,0.011376452388714434,0.0003058190354258775,0.003831459146022749,0.006402337373115449,-0.019737596839707366,0.3567179549693073,0.07770154593121707,-0.0014034958141159347,0.0010130113017337912,0.0005853314817617645,0.034006524139031775,0.003469334656896179,0.002145177839222606,0.008921513441719361,0.1029003406818659,-0.014849585260582766,-0.07683523809951676,-0.001895115605325811,0.07798164793354256,-0.010322739015543259,0.47621007349026756,0.2332709217713412,0.037717708430730135,0.002622166230879085,-0.013404588701852682,-0.058439911809340384,0.044358050099445184,0.015881341172209063,0.0020773423053176508,0.010652936096194861,-0.0031388839523791975,-0.0186343181907521,-0.0004477141817588753,-0.02641885982119624,0.000112425286504554,0.03788819439861386,-0.0014916229799301814,-0.035532536781317625,0.01200212402898448,-0.020967834654154343,0.006347410163856048
20_4,-0.0037053048538024406,-0.00962282472979797,0.04539926505545851,0.024015497879436982,-0.004406048880912285,0.011355003060186764,0.0003066967446360384,0.0036949054533705404,0.006509927043107962,-0.019452578366083956,0.35521782677364483,0.08145519212352333,-0.001422889573986087,-0.0013092016904558057,-0.0005285940074227201,0.038992966088191326,0.005001877069046112,0.002175056413424647,0.0077545348634547664,0.10448475120262178,-0.012353961611845848,-0.07711490237078672,-0.0018554975517602206,0.07856125423846269,-0.009213227333754194,0.487719978706909,0.23860008285242096,0.038404029439146545,0.0031585019139030055,-0.01339343701857456,-0.06579465757307003,0.04486684509086009,0.015883537151105714,0.002055735905290802,0.011969921116149041,-0.0031938198488468362,-0.018480920962698377,-0.00017560974671938258,-0.01160442485055642,-0.0030442764698836475,0.038185964548342784,-0.001758061538276043,-0.035532536781317625,0.012150598858601805,-0.015798562153235354,0.0077744680506484296
20_5,-0.003746218782572552,-0.009442068231839474,0.044069206307975374,0.023613113534186114,-0.0009378093884879367,0.012086291573064203,0.00029023885954791137,0.003831459146022749,0.020934512131747237,-0.015861347131682614,0.3566162118134339,0.07364575631510466,-0.001416840757706146,0.0013036201978957427,0.0009915907244363608,0.04065243003067041,0.005091646907886871,-0.00032476048482533645,0.00869525192242035,0.09991515087230726,-0.012588213525240971,-0.07648565259046712,-0.0017210952218335656,0.07903344145618371,-0.009913063376400497,0.4790295022122937,0.23994828534067827,0.03840887350942285,0.0010876953493186617,-0.0130221794635676,-0.056776819995101216,0.04450361816986069,0.016065251934421286,0.0021319396574179996,0.012091943886992052,-0.001785511843865553,-0.018527941666041332,-0.0004477141817588753,-0.024637985682583276,0.0020165307423206224,0.038172837849856776,-0.0013395917345096742,-0.03615691160909068,0.012167346402082392,-0.020491388905314305,0.005948877034370957
21_1,0.020331007885208457,0.0045891809629255076,0.0110214215724052,0.020428953221347242,0.023610013139462187,-0.028526394907214397,0.0010702713821612053,0.02119704901107244,0.00825634159344497,-0.2803500251066521,-0.36057929753301354,-0.13022389324488023,-0.002953725333838149,0.0018971075439629796,-0.0012370584451977156,0.05955204421977568,0.01342929265435781,0.0024695750599961243,0.01149434674859438,-0.054529548498003864,-0.029311963382940214,-0.06494227967939019,-0.034334701890476285,-0.14883741328246758,-0.009734919057921738,-0.41640029613485113,-0.14557366064529018,-0.03394402844778536,-0.0018492154346233794,-0.018531038168594707,0.027207886676567122,-0.012962769506246937,-0.006753001854381223,-0.002640874094715699,-0.02138066136317078,0.004239133119089985,0.01645728574493982,0.0018496810563138105,0.0345279378789307,-0.004799994488440336,0.022688408991024738,0.00848449304009825,0.023946773413315768,0.009911205183947933,0.017768404447515613,0.0021652339285101025
21_2,0.0225483188593481,0.0045737174485941294,0.024364438572933033,0.023532711244053036,0.023806261165503755,-0.029083068720398987,0.0005695857016884587,0.021182544832784162,-0.06091170511772208,-0.2888757625916386,-0.3601152583751366,-0.13849447884839666,-0.002242718916463604,0.002007360020832688,0.00011011454382166622,0.04569308503391155,0.028801905853093095,0.0023762833844278375,0.010723200222955347,0.07285211949506706,-0.020919186010960007,-0.060125465640067446,-0.038274901087939836,-0.14429546438919713,-0.00864176049951267,-0.356155465909131,-0.25175863781010144,-0.034260937433497125,0.005830643369510121,-0.01845329068027217,0.05026179191146021,-0.028920566159753726,-0.007283266869695095,-0.0032450537426878933,-0.016818994008834166,0.00430649876540602,-0.013221296070288954,0.00197220719713428,0.03378281345410568,-0.004217097945931781,0.02978113161634099,-0.027263585414526916,0.024825955007023087,0.00153672939971832,0.017989389036655368,0.02126990482715195
21_4,0.020039234146587256,0.00450934949940589,0.011010805046113965,0.020445974484678855,0.02366019968202163,-0.028518715303685688,0.0011532474926999373,0.02114606474872379,0.008119599770836438,-0.2803317495416979,-0.36068140415305217,-0.13025092921041947,-0.002953725333838149,0.0018971075439629796,-0.0015141975175160015,0.05897588787040836,0.013498996887320706,0.0024695750599961243,0.011509264974747298,-0.053783243877713084,-0.029168029654179247,-0.06636106538334728,-0.03436561944394616,-0.14967440505566199,-0.008800161039505743,-0.4163533268251436,-0.1489894014667014,-0.03443584204203311,-0.002218620744982142,-0.018525913645910025,0.027197089980488295,-0.014521203333203824,-0.006748541112677055,-0.00264761716539522,-0.02141624574713266,0.004232105322424488,0.01641317583861132,0.0016398422080356229,0.034549991827314316,-0.004815155602744728,0.029325183358048096,0.008480133442686314,0.023864194956106095,0.009907333922054964,0.01741079828348008,0.002151657983841216
21_5,0.022960044326955375,0.0045671612573654945,0.02436004902986773,0.023452428342300085,0.02370038055665735,-0.027250853408438143,0.0005483551014224893,0.021040346224358113,-0.06118538459952054,-0.2805956914486955,-0.36044042219175976,-0.13892082627242514,-0.003283771498526449,0.002002686957373974,-1.1676790728125733e-08,0.043089136076448466,0.028824562360546573,0.0023683525829535238,0.011002193829619384,0.07259065545785384,-0.020680989096812808,-0.0587856921345674,-0.038296248994121054,-0.14966341323966975,-0.008766230580665845,-0.4072146689019392,-0.2440605071120838,-0.03601293175502628,0.006372272706753082,-0.018536135024027935,0.050278960584229836,-0.027903309827917354,-0.007362560715558928,-0.0026294622452886825,-0.016939661003246658,0.004128331065504396,-0.013720814405963724,0.0018593073360703605,0.03379346014082664,-0.0051184813633976265,0.02226482830871132,0.008592277966091104,0.023892499201805653,0.00946872353261447,0.022092820274079536,0.021006783149268696
22_1,0.013930058633966229,0.0043083217744130245,0.010926344440211648,0.022428421182287616,0.0232780885446589,0.011969142800991723,0.0011424785881255371,0.021677399932468255,0.01097663031800414,-0.28260507103152677,-0.3599883023141649,-0.12223545728420732,-0.002671128653324541,0.001964170329155328,-0.0027179110712327622,0.07643359840606453,0.003060052671142759,0.007886234525631008,0.012299940879268341,-0.05409067111630953,-0.02945936291173254,-0.10035285065004731,-0.030753861745006786,-0.12664615549918856,-0.005160929864991394,-0.42498312041232383,-0.1839026054367132,-0.03326934336895211,0.003973622703880751,-0.01757506829496224,0.027206873225464757,0.031815917697285076,0.0035859422769185653,7.5603373292345e-05,-0.022433660039851606,0.00029051919535703127,0.017019372592013644,0.0019180529248189024,0.010432190906379394,-0.0033162369560996077,0.018403129824315655,0.008525009012103029,0.015697747125213386,0.012288791073718577,0.01783267555699405,-0.01213102468855809
22_2,0.005195942651624081,-0.0006453958510673801,0.011276326310939624,0.03223281043886364,0.02339980824537349,-0.06613762735662009,0.000601636137096189,0.021322496951042793,0.01753570217179996,-0.28735255956988925,-0.3622733500123019,-0.12797367851685934,-0.002673931754449746,0.0019830499322325786,-0.0027485455494463853,0.03612745698285653,0.018998687394273146,0.0001135982214536869,-0.01534419023722083,-0.05582457494066069,-0.028274023075889082,-0.06718047158569257,-0.032416153473853654,-0.131430810433723,-0.0056155102892767456,-0.41960163240607534,-0.11122787678261817,-0.016289623472924907,0.0042770045900716895,-0.017406806775149677,0.02629961421719141,0.01720111485310374,0.007638056672623625,-0.002500161637524895,-0.021636744729056526,0.001555401937014561,0.016946900213434826,0.001582971149683345,0.03452070222217268,-0.004247335479884932,0.0162590905454111,0.008192683138681146,0.024223216774008405,0.0021016167460439997,0.018008476698015956,0.005210143052765653
22_4,0.005389333710115308,0.004217251626927214,0.023237124133476804,0.025184567493632227,-0.0013471434231023555,0.01183952034677924,0.000407340814528498,0.02124788985087788,0.016175938292592403,-0.2836755118283178,-0.3541451343086991,-0.10503734560305561,-0.0025584846249334173,0.0019374082093223618,0.0003316130417419886,0.07097431559014991,0.0026742851427321536,0.009407660104643598,0.011088352276858494,0.05218263640742817,-0.02928038598716447,-0.09759181832948058,-0.03189446954499975,-0.13014160134147743,-0.008033390581099718,-0.3925879096621854,-0.2764533603035012,-0.03707760103938732,0.011219300670600086,-0.01782948763582354,0.02607835493634513,0.028681583069646122,0.0035272761453645904,-0.000827532008818431,-0.018240369277368995,0.0004451702079659931,-0.004856251405326611,0.0012998687897110357,-0.002464210854888757,-0.001736299508794388,0.0173792137664268,0.007953674760425081,-0.00807210700979571,0.011682923790050134,0.006854756025855035,0.005598743729997933
22_5,0.018978059249328685,0.0046411933020853,0.02451492179933695,0.02302576235490777,0.023451577060352596,-0.02863719763110772,0.0005542863881520159,0.021324112538683097,0.008987726288484692,-0.27009026820520865,-0.3593431282049354,-0.13612586167351082,-0.002261751938028328,-0.00256322877430682,2.6546856881124554e-05,0.04658866977749671,0.02091635752511528,0.0023886136196917644,0.011319466723555539,0.053326225107003904,-0.028576668822481357,-0.058197812411600186,-0.030851854068168167,-0.14789984065040576,-0.009602762193281354,-0.4156055806037534,-0.24905077908043585,-0.03369630459108436,0.005809153808142822,-0.017661525891255657,0.027149382819800914,-0.02685630966922158,-0.007237183164858949,-0.002500687053351285,-0.01712167647150254,0.0008113663530485145,-0.012689985469378965,0.0018267865338463985,0.03372302537906975,-0.00401845445773556,0.023269653666821676,0.008709539498500361,0.024252411908842413,0.010156263935594618,0.02020381760785131,0.019866868980179635
23_1,-0.08948137849891132,0.0050536949472438425,-0.1697054529029473,-0.09815668144484908,-0.04006815380887616,-0.06439632152565523,-0.00039610849538533957,-0.0312907355392993,-0.07139620294154427,-0.1452148850054123,-0.4419648829932747,-0.07673897946721725,-0.02196959238830569,0.0006323601308230986,-0.003999565392742724,0.030617473567299134,0.010599222674780437,0.002519437183607887,-0.017914531137341785,-0.010651337248013017,-0.028300849007575925,-0.03855776629834885,-0.01650945004304338,-0.10530925091389191,-0.017022329257847867,-0.36431880551896334,-0.16879339543402708,-0.013206401720773187,-0.09743061868045208,-0.020043014232637196,-0.017856917248482995,-0.10855742981573065,-0.004883864558202555,0.007159844363932721,-0.045754429109977776,-0.0035389582144486143,0.013900115412105597,0.0010260452232691343,-0.033760353790920836,0.012004145614467335,-0.16892684799335586,-0.030066053129853117,-0.0483971932561215,0.0010299614249202446,-0.09729890913506585,-0.04537124581045432
23_2,-0.08948122443900637,0.005055932795189919,-0.1693699065474538,-0.09813699283167825,-0.040056027308769386,-0.06657984973121191,-0.00039530318561414,-0.031228773415257316,-0.06941972617824536,-0.14519532071229346,-0.4422181316900215,-0.07660751107961651,-0.022438585820347277,0.0006002278627719957,-0.003948253730443771,0.033653879977603954,0.01061556713148657,0.0029308700794333717,-0.017999975734016096,-0.014334879666654358,-0.026221473411042858,-0.038496973415364774,-0.016415805041611012,-0.10558862899172099,-0.01702067764558819,-0.3648666304919552,-0.17066115446979296,-0.013291043584985427,-0.0974193900597855,-0.02001311719617756,-0.017866752310931527,-0.10951019539351069,-0.004894456492155169,0.007184817367016396,-0.04574985273751343,-0.0035778458653173955,0.013918995015182838,0.0010260452232691343,-0.03377818452716047,0.012889414650713343,-0.168902290137286,-0.030064717527470385,-0.04839318576124551,0.0010280645244712086,-0.09828140873808028,-0.04537090292183073
23_4,-0.08993330734878573,0.003724881770132671,-0.1707047235391733,-0.09831563295964134,-0.04006815380887616,-0.06658218743655622,-0.0003910729825501117,-0.03201162167893588,-0.07212664242914467,-0.14465202583636008,-0.4430992997381385,-0.07635141824358538,-0.022388820695806774,-0.0007753811873338867,-0.004116340205306755,0.038286866757040156,0.010599495663003368,0.0022875055784808383,-0.01853229478613695,-0.011046788403050966,-0.028269091960332254,-0.042278673423494936,-0.016488392657273084,-0.10555869700424787,-0.017302530529517197,-0.34993822175564876,-0.17128120851732467,-0.013278504573614649,-0.09852361723329169,-0.020012940851160944,-0.01831732920348078,-0.110226434948465,-0.005997134392765909,0.007159844363932721,-0.026656629475452016,-0.00353828445257865,0.013030569601392036,0.001030459876168037,-0.03204113116112776,0.011820671028726155,-0.16980806012773744,-0.03011469675605668,0.00851962218054131,0.001046537876677155,-0.09828668165086776,-0.04503273074196075
23_5,-0.08977863502736032,0.003922608910462409,-0.17054939251744533,-0.09831563295964134,-0.04007662950208071,-0.06491312104040947,-0.00036818455034994414,-0.031239441069697477,-0.07285266634888182,-0.14452944937304613,-0.4425349173667567,-0.0769499694700879,-0.022345658220269425,-0.0007753811873338867,-0.003996449390419981,0.03520615230946578,0.010586739717741316,0.0022887215635831962,-0.018200665496693375,-0.010949813994548134,-0.028380263935474687,-0.04208556067824004,-0.016447473900950162,-0.10550010745430412,-0.017167780738956306,-0.3497598122458582,-0.16908909375120387,-0.013193862709402409,-0.09850046820433254,-0.02006140899293959,-0.01825349959562268,-0.11009016892744834,-0.006071076004425889,0.007159844363932721,-0.02664723398064692,-0.0036993431149551373,0.013879536065192388,0.001030459876168037,-0.03202758286436926,0.010998750637632431,-0.16968554785975523,-0.029954633069844847,0.00834241897303768,0.001140495062077526,-0.09813810854990238,-0.04548318422050521
24_1,0.0028750154069737605,-0.0016359125809606552,0.02945465549069758,0.024193742521236492,1.0279847842150844e-05,0.0158070763639494,-0.0005329458324153631,0.0021337010812130883,0.02793176117823388,-0.11853905914133961,-0.07217933575783686,-0.09261257679032592,-0.002533468916549793,-0.0028728147953460156,0.0023201645992045545,0.06296843758389624,0.006137273873030157,0.001059840088789804,0.017392870211752717,0.07501995650348492,-0.024094599932006584,-0.020662859726094975,-0.010142227455341121,-0.1172688713783747,0.01028638674184278,-0.3005789137812409,-0.15851112743390108,0.06114777937143695,0.001346095953099119,-0.016489886384310398,-0.0022241706873052276,0.05119556299812042,0.014342688065568961,0.004035405994744578,0.04534064019975863,-0.0018070842982938556,-0.007038445216087,-0.00045095817359331057,-0.0003039832196115276,-0.003686211478769634,0.02008013951743883,0.0017244275052303699,-0.009683644178196133,0.01092965054549079,-0.008535144047482764,-0.003732887404281909
24_2,0.002842855741128829,-0.0016359125809606552,0.02955698438640073,0.024353563621831293,1.0279847842150844e-05,0.016628823391948325,0.000428429131161174,0.0013801992537114671,0.027992035903674876,-0.11607957462695578,-0.08042600165157171,-0.09218703080054233,-0.002759299763583579,0.002083298905269461,0.0024306930384066254,0.060831594630862705,0.009235953435007258,0.001016042286541147,0.014823476230007182,0.06765083604649766,-0.015673936479919808,-0.024881082281306748,-0.03714588709237465,-0.1170922154759894,0.01026770894037788,-0.30068509002612887,-0.15613497479855512,0.010072678781767487,0.002453964887296719,-0.016408546920653168,-0.002417635084154778,0.052184904466640106,0.01438925156090773,0.004060015119013103,0.04544145116269925,-0.0007834958992475277,-0.006615864323717564,-0.00048469460500614173,-0.0003009019214184096,-0.008130298812033598,0.020076509673362032,0.0017047363545243384,-0.009711205567353724,0.010954909271661165,-0.011064553202131596,-0.009309996199187232
24_4,0.0029158243709155236,-0.0016359125809606552,0.029562131827138762,0.02473836104358342,1.0279847842150844e-05,0.01581097705655418,0.00043875510770223584,0.0022820346885921456,0.028628730215129315,-0.11370901283452681,-0.07092257265463128,-0.09264764562591471,-0.002663258620733999,-0.012276981870871813,0.0023288303227149533,0.06380483282707719,0.009026013326402196,0.0010833651460577373,0.017502560998355184,0.07537583312999863,-0.02262809959317685,-0.025134266689947178,-0.018713060892722774,-0.11650152649905264,0.010278308728913835,-0.30031544100391977,-0.15760495042244493,0.0616205516454741,0.0015846046783400394,-0.01649275742248772,-0.0021504585714381096,0.0523128969911659,0.014402867417817796,0.004035405994744578,0.04547518738300595,-0.0006461091806306909,-0.006415790547301044,-0.00045095817359331057,-0.0003039832196115276,-0.0037350175657535917,0.0202302811319554,0.0017320674393882843,-0.009683644178196133,0.010946292501580714,-0.00802018234312349,0.006995054894290573
24_5,0.002851352144931192,-0.0016359125809606552,0.029599555169542432,0.02482316386915839,1.0279847842150844e-05,0.015998067731478216,0.000414379878010942,0.0023528163285448257,0.028595261835943526,-0.11391588368681352,-0.07969623658747685,-0.09290259312216032,-0.0028118722303983983,-0.0118351851613066,0.0023542994359437444,0.0557755472013745,0.006005143207778386,0.001051809675228342,0.017534240079537695,0.07527925840568067,-0.023014395221820333,-0.02033887751841572,-0.04557938625352091,-0.11692121956655487,0.010229091562086942,-0.29980272224633636,-0.15645490013409358,0.01265556393107086,0.0016403756595809093,-0.01647535372958047,-0.0023476214249871195,0.0515069228952196,0.014402867417817796,0.004035405994744578,0.0454555034155463,-0.0005291962821187288,-0.006764529571568903,-0.00043572124180903663,-0.0003405418441110343,-0.003551627253542201,0.020547971546552808,0.0017320674393882843,-0.009673377731796318,0.010943543269664156,-0.010506544313148654,0.006966586021952499
2_1,0.017122006577185524,0.006007203045578173,0.05343807123968929,-0.005030488404455892,0.0833433750573421,-0.03332484994528403,0.00039648001232051044,-0.006555134664349516,0.017446846837546968,0.36208352987328185,0.6374974198213101,0.3041400252641382,-0.0016077336858077084,0.0015810973618613563,0.0015262200928683228,0.03251255826921645,0.0052582146176241564,0.0048405527590238955,0.005638905578294098,0.13102928998678529,-0.009878071094219301,-0.023079495304694775,0.0047164570451675445,0.2876397453614779,-0.004194268920647979,0.6507937042101565,0.34642854507096155,0.019219294576927358,0.015852890525201082,-0.011716677816993865,0.05957334765727193,0.02374639764398969,-0.02629090259646719,0.004136661844726473,-0.03895409817689064,-0.002125785346546616,-0.007495936555493504,0.0006130483583186854,0.14570442675091422,0.0029492187794428497,0.050874173004886454,0.005886612736445858,0.040371458166823776,-0.015558559279261234,0.01243271537535335,-0.006506439183131216
2_2,0.017791782101352592,0.006007203045578173,0.0645135400401704,0.07950116694031117,0.08348302536214475,-0.03096262273480847,0.0003883156531104783,-0.006556535076642063,0.011571819764404528,0.3610583034084476,0.635214352091982,0.34632623116002925,-0.0016346789305214772,-0.0012465293259776458,-0.00010837435632203346,0.028851343741265523,0.004740957143476949,0.0015542677501024227,0.005644365291287335,0.1587631629990197,-0.012699841741254039,-0.022785672856612288,0.004670378257374216,0.30472053167442,-0.004156475679971353,0.6491138066949855,0.3715821703092851,0.01960681607655581,0.0018335256460775577,-0.01172420687446152,0.0581898718975702,0.02096228070004072,-0.024108182491897803,0.0042813072618181625,-0.038221179178756524,-0.002102736187913474,-0.004898306875722982,0.0006252148488725452,0.140726529562058,0.002103014611150732,0.05470823095112038,0.005867642304653618,0.041647877567084185,-0.01582700106574694,0.013661422707376296,-0.005340128166037457
2_4,0.017510980283592076,0.006007203045578173,0.05328791088747179,-0.005206397552236722,0.08238557112856895,-0.03125532668665906,0.00039648001232051044,-0.006555134664349516,0.016827779987685452,0.3618416894889066,0.6363502315637233,0.30473553844640056,-0.0017181403412072135,0.000816718657555219,-0.00040968971669335817,0.02956962982357434,0.0034908067964499233,0.0044451089615131206,0.0056958284500502245,0.1305503146101513,-0.009777322553379167,-0.023171684431025134,0.004874107466422317,0.2875407902336321,-0.0042052291253067975,0.6506575162630525,0.34583240767490747,0.01921704166950821,0.0159354682704072,-0.011781160514785735,0.059543553951213586,0.023754239306565055,-0.02781417318154777,0.0049713754457138305,-0.03877963341645131,-0.002094218342742281,-0.008369817518309315,0.0006178923645731118,0.14468023566362115,0.002104045188752965,0.050952127708929186,0.005892455447981796,0.04035362135479156,-0.016443873650596717,0.01243439033500323,-0.006571673688629041
2_5,0.016315636453819747,0.006007203045578173,0.05255559342655277,-0.005323329990564881,0.08348265839277633,-0.033305107717170664,0.0004334843478145824,-0.006505743553042924,0.016697490597786583,0.3591855478682485,0.6377783303039237,0.30528605277183285,-0.0013776096710367064,0.0014111218511260037,-0.00035244824268140394,0.0326900924427663,0.0030351593099067235,0.004180916066628529,0.005676685932223325,0.12611828208222528,-0.010948859856598466,-0.024107897142475347,0.004608647219739242,0.3081788734042785,-0.006526918132039302,0.6501274418629301,0.3470996350608661,0.019436188022392602,-0.0014432729871140932,-0.01169102902336553,0.0565507743110485,0.0192157052231183,-0.027899136460656022,0.004125930371605888,-0.04036599139161032,-0.00197846772257124,-0.007384219872265734,0.0006061448049993819,0.14397295413131944,0.0029492187794428497,0.04954589259932191,0.0058706471387555675,0.04009845489621994,-0.016090812197068444,0.012106972543208673,-0.009238872994795092
3_1,0.001712999788689535,-0.0015009371302905042,0.012854749761675673,0.028569542767048053,0.002054105445131829,0.03444617069378181,0.0002712030567624569,0.003942907778833075,0.02882947361813991,-0.07783922531770933,-0.045288207242627734,-0.07950161054007257,-0.0043816598941117365,0.005371512957291827,0.0028226455352865568,0.10959594504950985,0.005757874850221816,0.001442779037411527,0.026344475276638538,-0.06010479707816118,-0.0018293776791856362,-0.03106009637251901,0.010942802810656793,-0.08894479871539528,-0.006049634832660905,-0.28550369624261757,-0.07726151171007727,0.029732191535154637,0.004418690569957399,-0.016368294434092823,-0.012392094754364598,0.04814011960922761,0.006980073960348109,0.004299083178224189,0.05540485861347706,-0.0015342837933711717,-0.012602899138079406,-0.0008196610365394338,-0.002908736219483482,-0.004455261185461454,0.021741011651234467,-0.004027607968101136,-0.008654236020625533,0.011201203175616944,0.01386047807097241,0.012710684795248573
3_2,0.0026990560357228774,-0.001538620165242563,0.031051115532707448,0.03123860680677113,0.0014714970490960523,0.038206108631316876,0.00017598017759229244,0.003999625343948332,0.02699071948121935,-0.08850380522727062,-0.04583065800554108,-0.08438463013029493,-0.0027098606795321533,-0.0022123500226563157,0.004478537950613665,0.07850680066910895,0.005380637900579955,1.22352603568604e-05,0.025867725998017087,0.06386822860320242,-0.013674694295025542,-0.018481374494270703,0.007353316004250002,-0.0863265128609494,-0.005978266385747005,-0.3024775192482625,-0.13588055042740185,0.03382734736954915,0.0064297199860184106,-0.016004421220074692,-0.01247850390789948,0.04950628925328447,0.005716836194637189,-0.0004876571070698476,0.07090485380053384,-0.00393047552793837,-0.002967427449781746,-0.000793401521605712,-0.004734522918777115,0.012471665244921007,0.02247850129494571,-0.0032606018720195778,-0.0077638171340978866,0.010675996730907411,0.01748074700846443,-0.0018224104921339707
3_4,0.0029933817742130516,-0.0013927465100525727,0.01285367140362205,0.028143528675230636,0.002294710798538596,0.03540151940443596,0.0002568149727742302,0.0037245356051816636,0.017388000995504714,-0.11783816222231192,-0.04480982775078016,-0.08081471214777225,-0.004119781917879291,0.004013733287572488,0.0009870150151864395,0.10807457814971484,0.005696404415909143,0.0013454924066133994,0.025940854559647772,-0.07088832119024631,-0.08271604293821849,-0.029320749115060912,0.0007833602881093208,-0.0889790775679984,-0.006210965625514254,-0.3113129481098277,-0.07695598128452515,0.03355344686061544,0.0041925431829657285,-0.0165267096046588,0.019979873820157118,0.04842545565856672,0.00678209473376382,0.0010990944820579297,0.05039129857774484,-0.0009304529085717439,-0.009734453874362784,-0.0008196610365394338,-0.0026483729877029676,-0.004662173029619188,0.023127972572089876,-0.0033235027139096505,-0.007793529117532682,0.007381800393974199,0.01370077675313081,0.012984441038774134
3_5,0.0026087128834725664,-0.0013701282567214123,0.012371896365085608,0.02876747786600377,0.0011347760381732355,0.03533755562485383,0.0002645185993636889,0.003754096158571133,0.028376731910274608,-0.08661596446716789,-0.05067834788069441,-0.07970544229554155,-0.0048468741632554865,0.002410933839254092,-0.0011334379919950824,0.10740366816696746,0.0060181950026638,0.0002127783400831841,0.025023915693060186,-0.06331710029462612,-0.0038577773074338143,-0.018710969442305617,0.009698580192996832,-0.08784437724161961,-0.00606067673673881,-0.3118585225183183,-0.08192979409497583,0.03317937161721044,0.003941684427865924,-0.01640218177943348,-0.011922594169085341,0.04826318058980293,0.0067375944204364395,0.0014409702761188042,0.053909738434330105,-0.0018546088019036479,-0.013283237129920883,-0.0005518491753726013,-0.001686975241479146,-0.0047459617359628505,0.020953187484157153,0.0007195768484345544,-0.007779264012852623,0.011012493275457207,0.012445806481134953,0.014981870582050673
4_1,0.002511357819137947,-0.0019122816200494376,0.012324915335847269,0.029221536906461468,0.0027073270344253482,0.03649656137657634,0.0003909765388361383,0.0037174535231218075,0.02911071944472822,-0.11193017521821808,-0.037955798974148455,-0.07800219840889114,-5.394209132282091e-05,0.005255817659950552,0.0032271773650629394,0.12056798097038907,0.005633361413893069,6.723734347576817e-05,0.033338278664275814,-0.06119161905165869,-0.0026298860048340404,-0.028933539245546577,0.017004483573298187,-0.0876048931077599,-0.006395529409436837,-0.29479514167423454,-0.07976915846110749,0.029832160826341148,0.004855903596934927,-0.015620945183971821,0.026641949277505614,0.05524409323897739,0.00683813462251513,0.00449705517947176,0.055689260258866,0.00054453013254374,-0.01160992769540423,1.0831365853772128e-05,-0.0016489675065100608,-0.003669148961424509,0.02332641162029789,-0.00360516112219761,-0.008661566590315263,0.01124039533833976,0.025857701263332342,0.01803883189484744
4_2,0.0030371289991611783,-0.0019222660167746426,0.012131906028781388,0.028208084728590793,0.0035377971441157316,0.036444111161320424,0.00012554827199660716,0.003797874245442585,0.029116444066531227,-0.09014383667938049,-0.039871246884506197,-0.07937103706027365,-0.0006010862100265924,0.0052744932648568395,0.002108720471942953,0.11997033010202403,0.0034488236984007155,0.0005893250087674522,0.03256390656138419,-0.05929566552184131,-0.002552158983503978,-0.04341096442665887,0.017202600246387763,-0.08822331048486058,-0.006292615130122754,-0.28329136741000344,-0.08036244305613588,0.029366390994382038,0.004513865293555141,-0.016648053410775,0.02482117299254498,0.05530562984810081,0.006836520269946124,0.0033185570717324093,0.05584189433401726,0.0003103891750648041,-0.011764985454635848,-0.0009317178682452801,-0.0014171496915548441,-0.0037187304296648523,0.02315108848415067,-0.008987599388190597,-0.008656896705772422,0.011259630381732645,0.01471505946168456,0.01780744071426463
4_4,0.004976383622953856,-0.0012645302563340484,0.01240402572300046,0.029169431632099535,0.0028340535281846063,0.036274838150968665,0.00034470660807179443,0.003605995849123972,0.017473048646590477,-0.11222684158777063,-0.046594869988089205,-0.07830521441934243,-0.000574113685713446,0.005497488728106419,0.0011969591434238573,0.11877232023814219,0.005637015697553777,-8.425581156852342e-05,0.03209861646299174,-0.06585183929192531,-0.0850279681564604,-0.028799440768938908,0.006919399455617098,-0.08702653112069018,-0.0063250731638512855,-0.3182366575367193,-0.07771427535977535,0.0283431581168553,0.004587279779898201,-0.016677537421422625,0.019454364841965423,0.054801656607998295,0.009811589852443835,0.0041934598969914465,0.055919781654158535,-0.0007861863068381199,-0.008798966893527525,-3.6856045981797513e-06,-0.0017002123409836315,-0.0038992528467052096,0.02299538652026156,0.002363363071200729,-0.008669229866425964,0.007410693777411034,0.01731161614076992,0.016789046615106887
4_5,0.005357871116415879,-0.001976911180468455,0.01306281051961538,0.028502665606628105,0.0027073270344253482,0.03661700072988546,0.00017503625208327949,0.0037016180593259025,0.02910770437357886,-0.11170800490965221,-0.03698311311790044,-0.07785343869211916,-0.00020560463075729749,0.0052744932648568395,0.0032283315264755204,0.10550051952564372,0.006164292302136078,6.965568054566329e-05,0.02944560322871854,-0.06122514603344053,-0.0027477880786605196,-0.03237919408133103,0.01703482426557453,-0.10499672605436078,-0.005322159496155937,-0.2947662288173263,-0.07934228869423525,0.030884595043763865,-0.0016550600802470652,-0.015608007651918235,0.026651323732989327,-0.031137227619919373,0.008047578954598065,0.004512693614518105,0.0553036160873975,-0.001092232348074222,-0.011592669604809477,1.6500451573717406e-05,-0.0016489675065100608,-0.003543266861400658,0.026272163263447123,-0.0034528413801805896,-0.0122707064195028,0.011242299254271608,0.02469298334373818,0.01791444928070424
5_1,0.05479322156455122,0.002030445038820285,0.012374470976597388,0.023399783792121456,0.02237585868649049,-0.007579043035653979,0.0007954276855743445,-0.007847254352840217,0.023822077929108936,-0.1721357701948585,-0.26952205104981247,-0.11867814169928644,-0.0026798187898347025,0.0018666674209477333,0.0022508758843229433,0.04167332922225275,0.019685965510378958,0.0029285805734960407,-0.02453736884562687,-0.0577697049315467,-0.01275294456828442,-0.0064062471695364425,-0.026136969382691194,-0.1352037733842863,0.06550240957937728,-0.30081607923827863,-0.12597847542759305,-0.017058543820850067,0.07688062043777023,-0.01740963121644595,0.019772715949664003,0.005659947517647725,-0.005697030239587177,0.025086305444931838,0.04461401676379941,-0.0025835263493679266,0.01253434808498194,0.0018321294014295806,0.037890504493480054,0.031007875237930898,-0.06439283905472643,-0.028905149293471207,0.015263026823220954,0.005408249152935128,0.010577828197637976,0.026952914368560486
5_2,0.010357375747312512,-0.002227849522604057,0.012048065054936087,0.02918376531690664,0.022767209430161372,0.0141525357385801,0.0005489177988579313,-0.00980844114911202,0.028978280720918025,-0.25518783736322753,-0.2642030865582612,-0.11335662461961737,-0.0024960987166959036,0.0018557752659081183,-0.0031792821271131796,0.029014185455044667,0.023134620741335748,0.0013490506428746381,-0.051128080246770916,-0.07162988587291995,-0.012818562610771767,-0.00705321667089393,-0.02586934014433877,-0.12731636311351763,0.0739814166752833,-0.3547019808895877,-0.08888184535840458,-0.013098661965050317,0.06710472993185007,-0.01655439834634695,0.02376169415239824,-0.00043993336561517224,-0.006416752745365982,0.005251926550867054,0.041983764351031454,-0.002686043829704693,0.01129128276544448,0.001732142756554839,8.012350184479237e-05,-0.006712882331572777,0.009795809477502087,0.005719121931379228,0.012045964015907637,0.006756379504236199,0.004694557210796965,0.0035707803910784218
5_4,0.055080724221821205,0.002067512735382187,0.012503778130176935,0.022683478038940583,0.022321065393230425,-0.03348830230259867,0.0008061800429706265,-0.009485606288262817,0.024126717685776327,-0.15809887926357483,-0.27436479259175234,-0.11454120881044881,-0.0025454850008900425,-0.00241756008558228,-0.0017780377547634398,0.03675380031354981,0.020555887911252846,0.00046512867571796507,-0.02616533179427022,-0.05835766281646387,-0.012783571453255652,-0.006798131196337208,-0.026442811796858298,-0.13527708591425602,0.073099361343509,-0.34669486324054144,-0.09793929708286621,-0.017070968183179592,0.07609674203379893,-0.017131303486423242,0.019769695474959558,0.005050376624032411,-0.005617908544414319,0.02579057369364411,0.04475722342572449,-0.0025672585847523483,0.012671495345510824,0.0017360765752230767,0.03840820487539007,0.030832040720587896,-0.06448716700242665,0.006572711697846732,0.016077357973100434,0.0051899150465944234,0.013265802680277102,0.02577970936768698
5_5,0.054489438866481096,0.002030445038820285,0.01239956795958436,0.023143373008160013,0.02237585868649049,-0.007533918070941661,0.0007093746061349214,-0.007625164802869818,0.022156962702232264,-0.16551360577341734,-0.2702035504099636,-0.11860390922282556,-0.002502121026125033,0.0019159776623102365,0.002249224579313403,0.03716342487611045,0.020054456302994374,0.0028210421372975494,-0.02453736884562687,-0.05829439734689438,-0.012774303036285994,-0.00019135514963074121,-0.026519567004041608,-0.1352253653985186,0.06550070995418394,-0.34440406401340057,-0.12680102407073127,-0.017070181112011047,0.07584468832730708,-0.01742132561095678,0.01945878747645805,0.004971381659063745,-0.005669438049666882,0.02581133140324016,0.044698748467252435,-0.0025672585847523483,0.01233085825843404,0.0018070807554502694,0.037825029094469415,0.03051419680975814,-0.06436685109763211,0.006474866250667718,0.014639267105717004,0.005413810667014651,0.013256321016987604,0.026856713019680196
6_1,0.016596684349393216,0.024672557479305947,0.048223816410441794,0.024808351387268307,0.00724210502077736,0.014913420716678748,0.00025480000133083276,0.002387102966400041,0.010967836972403574,0.08984834265362326,0.4133833913616252,0.10515464699399961,-0.0015144373999098166,0.0010030178436935121,0.000965244447621172,0.03649788000107097,0.005045020831486605,0.0010948350504020633,0.0073877286531488584,0.12642636811917723,-0.013633229932074288,-0.013945244578062165,0.004344238883556103,0.14468151352614997,0.012529592392596807,0.5641711854743088,0.31338544048604905,0.04170454126546307,-0.0006181862524471764,-0.012465668354312565,-0.047679356134907494,0.047362158836103986,0.022093739948207396,0.004558644793876972,0.02083943704219903,0.0055286811717160855,-0.02527144864947898,0.0004847982159018103,0.005774966049565658,0.01035736355625312,0.04418979803574116,0.02464875139391228,-0.024130473641899505,0.028473249696180213,0.04977867751066284,-0.003572126616713779
6_2,0.00048364841367157403,-0.009792181184229014,0.04649699908936467,0.024711592420839954,0.004499650847124204,0.013126712022525463,0.00022791502226143773,0.00405172428196888,0.01054153256358878,0.09991899843885423,0.39391904629545943,0.09598797211163256,-0.0050022273920098,-0.0013012259770675222,0.0009353999903358719,0.03759392376617619,0.004366003468875745,0.0043257026466682474,0.007714526955909376,0.12163475617339896,-0.012690964418992172,-0.01159163557733802,0.004293509022581185,0.1324030312583848,-0.004337274316152202,0.5486623307562307,0.3076611412705468,0.03426710146022829,-0.0002803266603927908,-0.012606972162463488,0.05006659922098776,0.047638615513075404,0.017581210847828595,0.0010990490692963303,-0.02303765622712257,0.005222327086901671,-0.03141702016609619,-0.0004613560065624263,0.0038838038740068703,0.0008155249290677327,0.05149228511846305,0.012920907183841777,-0.03773766995099069,0.029876435361643607,0.03976580084082187,-0.0021075795641687343
6_4,0.010533715414544008,0.02457245575974466,0.04748712059034298,0.02482844559578765,0.004990891399867438,0.014162351167086439,0.00026511611859576925,0.003808675848398724,0.010845116315810656,0.12622376988838369,0.42287076625562475,0.11168474564718463,7.246970173606403e-05,-0.001257442131801427,0.0005508526472739288,0.029334006035918396,0.005255351215743252,0.001131202475176861,0.008009175636874529,0.12816843275400175,-0.014266632347671455,-0.02728432642333941,0.004364006571268362,0.13878068820639353,-0.0019480229362041591,0.556770814601019,0.30938668243246814,0.041671115113731,0.008248813408287651,-0.012608722259721728,0.05001200745816929,0.04283023176102656,0.01899922789634106,0.0046392362488719766,-0.017523286512167644,0.007118585315197863,-0.025762769335935878,0.0004859753617225834,0.004528604120522925,0.008065721311306687,0.04780056122196457,0.025650122389640286,-0.023328696396817297,0.028428009796327005,0.04688340412320366,-0.0022303128724683943
6_5,0.012683657001682109,0.023639074679922524,0.046928069217179756,0.024800629442190483,0.007827120129989866,0.017103170473923124,0.00021607636777105558,0.004126361925351729,0.01012207406225618,0.07157388138112723,0.4165470375070261,0.11095832922064379,-0.00035036401647266203,0.001102361060453256,-0.0028223268726745012,0.038539459752218334,0.0032242274827017706,0.0012789041108049286,0.007553693949793717,0.108837068319463,-0.010531826024668477,-0.010436651575493566,0.00450537117595873,0.14408136159660725,-0.0021030411393334883,0.5491263660847068,0.3153013629960059,0.039174924287806404,0.00031289089708824475,-0.01247048219263777,-0.049914133794565115,0.045467695011827416,0.015244010428145747,0.0009181369163645467,0.010922341109390724,0.004610248567448163,-0.032140796637061285,-0.00046532112049067406,0.005631524930168582,0.005526599085385177,0.04270386195662803,0.023277291200839184,-0.029028267067994766,0.028577701948963922,0.04067763445253339,0.00835233225046431
7_1,0.005426334123105069,0.0024882946569268934,0.0309168379924329,0.03507808177517623,-0.004913478475183378,0.03911083839352333,0.00021161264155715356,-0.007733105912746833,0.028538087523487462,-0.1265447013188617,-0.003939694232352263,-0.0879344976028578,-0.0026891868296720044,-0.0020183000449671765,0.002246560400747359,0.05124442577910005,0.007931674205196432,-0.00032806126058090553,0.020901226562104358,0.051009453090954046,-0.009661995909810067,-0.03850598897464701,0.010961139197790116,-0.09772190749820206,-0.0023398363933402437,-0.3277549100698018,-0.16330544305684824,-0.0028892442138314833,0.01508758369235804,-0.016541060796101945,0.02317676344833039,0.03633221566695413,0.00504524066581873,0.0021750954117606925,0.0456027604296589,-0.0033622142140761575,-0.005318740756821925,0.0008827230439238762,-0.0008158597733668609,0.0025405784834598407,0.019602023054661702,0.006194805250159071,0.014099188965364383,0.016004474576953805,0.011607052814245988,-0.0019236458601016879
7_2,0.004716393865782466,0.00401531506007747,0.029075683592892348,0.030962684636948727,-0.005580136288282083,0.034208462457327546,0.00013186370075841155,0.004795205267627453,0.028020412658013024,-0.1263986011515938,-0.06824047072619875,-0.08873126586237637,-0.002338244159402973,-0.004112979387189717,0.0025638460720615753,0.06447343874251359,0.009345793296417961,-0.0011834531092933874,0.02253599445908052,0.05837652103883137,-0.02425816015518453,-0.053110665521606135,0.006452313034793037,-0.10443347626121646,-0.00342704417216326,-0.33250771244181593,-0.167182258600971,0.030363898931240956,0.004301052101046953,-0.01662665433524106,0.02316138256087373,0.04917233669940668,0.005553421134846657,0.003578804494027611,-0.0706586634132886,-0.0016020754471767302,-0.0035217829385516273,0.0008345433714925792,-0.0018753602159140522,0.0024414426855619434,0.022012821465530016,0.0057306715361605705,0.000580322070437666,0.01691121171370983,0.011346935813227843,-0.006897625922645997
7_4,0.004705835264857232,0.0018421340584658414,0.028453032301116666,0.03377956852628512,-0.004913737916648468,0.03843041291858548,0.00018130873710512838,0.0023872876080871935,0.02882090477331715,-0.12765711577932373,-0.030825298097579498,-0.08319386091495677,-0.0026891868296720044,0.003213112571091542,0.004533379462845351,0.07277478005786307,0.008132553627192007,-0.0005881247311023022,0.022086894448220706,0.0482150442539548,-0.01284493341045724,-0.0403851502922728,0.007786519016663596,-0.10235475651366582,0.011260269783070228,-0.32774936850028324,-0.16150833604043888,-0.0034495020097333536,-0.0035959226931056043,-0.01611487452799906,0.023025595650914707,0.05258011559887783,0.005575173729706422,0.0012986700491738404,0.04451283958214122,-0.0011612859872662034,-0.0062053376120799406,0.000859289046772358,-0.0005329672667746172,0.0131103673783247,0.022004336414306092,0.0061167206387746365,0.01317365884275584,0.01703688127197636,0.009779108893090872,-0.009716884135815772
7_5,0.004717426925123332,0.004092854841194197,0.02601258449423528,0.031153336476357513,-0.0067116124510508465,0.03874125726304593,0.00016719691026993624,0.0026952279566266587,0.027261905411867092,-0.12855096467162,-0.06396551743665087,-0.0831155720770338,-0.002453496450554881,-0.0041903988223304135,0.004469649015534163,0.07248476239478191,0.009035222660580995,-0.0009428908288202577,0.021590770688569377,0.050974473669898906,-0.014537575674703361,-0.0429626755270581,0.005807043239640107,-0.10477518912758517,-0.003431717745497472,-0.3099561502639995,-0.1625720632981975,0.03003236539040007,-0.003457408612555275,-0.01612310295602695,0.022721887406181085,0.048254634007264346,0.0055545765416061795,-0.0006878113534923682,0.04052587506514933,-0.0016877611772925004,-0.0069871867448233465,0.0008548765649758997,-0.000537638922293924,0.01311504237467,0.021805214360104543,0.005731927017639735,-0.004902321755057516,0.015114619130647922,0.008941103256201325,-0.007419146828206489
8_1,0.015165340429351823,-0.005207900918658804,0.04585144632795308,0.021042406821941632,0.003340041457106214,0.011776708305953475,-0.003419775686350023,0.003261475843580417,0.009607094290423267,0.05337592469162677,0.41420291972550477,0.09914713971118327,-0.0018286049554790294,0.000888163707405348,-0.0006239397356812813,0.03656306676227986,0.0031044771284071213,-0.002031937793014523,0.009659728877238956,0.1204802558412108,-0.01712331490489487,-0.03100123344344751,0.0022050141438881574,0.12897000705930975,-0.0021963868196279235,0.5799672935607716,0.28229262485892903,0.02682900864985056,0.0019123324483750486,-0.012763342890192157,-0.04572261441823417,0.04571259790188269,0.012586042252261745,-0.0025133583605003893,0.00596182473449586,0.0005020794784675248,-0.029608492763455042,-0.00040418016555886,0.004050888517968627,-0.008299710280789616,0.03879909951060757,0.029804203879405324,-0.04418279526454005,-0.026384090713643383,-0.011402458309699574,-0.004630763151407669
8_2,0.017103537956211196,-0.00420136335748339,0.015368243024294554,0.013551599840883504,0.004681088307357142,0.01107100998363559,0.0013785536784574515,0.003290013255163267,0.009607094290423267,0.0654570540718566,0.41937486453681666,0.1465407347853518,-0.0014629939879284345,0.000888163707405348,-0.0006098606343565673,0.0630335749510671,0.002628999220814778,-0.0033097471403075833,0.009156102564941747,-0.1392602610957821,-0.018321745403098295,-0.024255502429050016,0.0022200166651932364,0.12933612892585614,-0.004828035421118358,0.5841488059081653,0.2435900921214443,0.03680918794582618,-0.003606052021264967,-0.012655244897047377,-0.0493654587006803,0.04610185535587156,0.01178108786793895,-0.0024899377337523907,0.008024939786312888,0.0018598882160346841,-0.030788005048655136,-0.00039013389318543086,-0.0009520682916961207,-0.008299710280789616,0.04264265936594106,0.03094318590950002,-0.039266835067857365,-0.02200222020313908,-0.0050202920967994755,-0.01907298351014023
8_4,0.017413190462976638,-0.003994432542370396,0.01617703940950475,0.01327432131488372,0.0033788685952953323,0.011183741383885594,0.001526310815267109,0.003292135027707501,0.009607094290423267,0.059824747531336576,0.42223984399023745,0.14363398394550705,-0.0014629939879284345,0.000888163707405348,-0.0006098606343565673,0.06276904230331591,0.002745586429612465,0.003535245527003253,0.009570291860676235,-0.1361117843229091,-0.016867088090735362,-0.026212443864492584,0.002214616729979757,0.13254358400746427,-0.0013666647875765637,0.5876315219329584,0.24526747967928664,0.03750222089294606,-0.003592208657449934,-0.012760167387218961,-0.0490427851455407,0.046357870928561466,0.01713462194632011,-0.0006352919902632851,0.008194387439146408,0.0021384337906330095,-0.030745395160325303,-0.00039013389318543086,0.0001637206857282008,-0.006675057239375893,0.04312253666859248,0.031165095911848215,-0.037879968112073885,-0.02159231323792745,-0.0036850802253135615,-0.018990023945671154
8_5,-0.007716599695678937,-0.004994535668241087,0.0454663299335616,0.02355505734734813,0.0027720258541117293,0.011931680502171287,0.0003066967446360384,0.0032640930859764265,0.01005508039221024,0.04667858463994525,0.4203273873528878,0.0959500358170818,-0.0014047839400781184,0.0008973628917225897,0.0004252304340611348,0.03898978878828665,0.005645926916355471,0.0038132578549167073,0.00833852974668154,0.10277514843126183,-0.01418044942985232,-0.027644716481176418,-0.002360740481962675,0.12930108230029488,-0.0024660360452670362,0.5170061961966111,0.2905267003899388,0.02599815650988962,0.003174117481679509,-0.012812352779776933,-0.05609537862486422,0.04561123227696958,0.012848473091580772,-0.0023269152362003203,0.00636302702459824,0.001269757836072403,-0.0293649538144659,1.327175477291141e-05,0.002802525734250492,-0.006911649945993811,0.04071539935927091,0.02390931053690193,-0.040504526903765325,0.01555777920695184,-0.01813797097484701,0.007135386875100579
9_1,-0.0010770339319305395,-0.0068066743589773465,0.04503610192770174,0.020901988867626595,-0.0015025046925195521,0.011641141257089978,0.0004292861575519642,0.003868395422570829,0.01519768896169052,0.042890758626019564,0.43832025482999687,0.08975983130369736,-0.0013979566663457751,0.001147800489584855,-0.0008141377019911065,0.039453513591387844,0.001996057257897285,0.0016856432321588864,0.00700527337079017,0.10270478220191691,-0.017485562857275868,-0.080112654819162,-0.015483041818013585,0.09449270215546046,0.0025595218866302713,0.5989844068224434,0.2643723879044846,-0.011709514055906886,0.0024529344563153864,-0.013129932635197886,-0.055377769392302365,0.044374886422739866,0.015768775146019372,0.002744778359294599,-0.0382370337443031,-0.0015719724440185585,-0.030959045461250636,-0.0003603089972111713,-0.003278792742709497,-0.0028746741494536667,0.03840238065225295,0.031334815583578,-0.040254704066790756,-0.024532665350100527,-0.019943562262370623,0.007364048076173406
9_2,-0.00019831276075312528,-0.006902822555790597,0.045132684370558646,0.020377762228903282,-0.0012786895686262463,0.011639085678850688,0.0004319936979442474,0.003868932179189599,0.015680063983231508,0.042739914995097265,0.43664770077112786,0.09049847222425089,-0.0013973665263869789,0.0012733635019661405,-0.0008141377019911065,0.039592020014507394,0.001996057257897285,0.0016963467755405706,0.005102006115704644,0.1029244289546284,-0.017485562857275868,-0.08005050325010912,-0.015230987280512096,0.09691516213970766,0.002091637302888351,0.6013981902976293,0.2656527176812642,-0.011765455301075268,0.0025685872898472974,-0.013111349690294429,-0.0576158613040616,0.04381108833408023,0.015342807785386544,0.002744778359294599,-0.038006137181988205,-0.001791881959106469,-0.031005346622302404,-0.0005268500557959881,-0.003430239128542397,-0.0028726216385689895,0.03801305964345015,0.031391118361233726,-0.04024146347634304,-0.024532665350100527,-0.017529756671864558,0.007361760834357977
9_4,9.97329681634878e-05,-0.006786306465860708,0.04513374920246074,0.02066279887472707,-0.0012786895686262463,0.011739291095313475,0.0004326308418249247,0.0038716743456901972,0.015680063983231508,0.04341418056146394,0.43780886197732166,0.09035081941669902,-0.0013979566663457751,0.0011840137432466689,0.0005451964696831302,0.039564092525345415,0.0016843722458670914,0.0013476138193177223,0.00543701665491615,0.1028932811912194,-0.017450791276977243,-0.07986101430749193,-0.015213627006630702,0.09769827460216948,0.004410718787548047,0.6004262018366343,0.26574119361480125,-0.011134019021377685,0.0024667778201304265,-0.013101518109764837,-0.05539672393330243,0.04405024390336647,0.01573109616788828,0.0026901810071942502,-0.03791772924143424,-0.0015943496635619009,-0.030976897089011465,-0.0005268500557959881,-0.0035419737240944445,-0.0035771973431470198,0.037935840331628064,0.03148089816355921,-0.039947591474656166,-0.024575522711289474,-0.019476121888603107,0.007372046519018651
9_5,0.0006095662221602847,-0.006786306465860708,0.04511852341212388,0.020530108802930564,-0.0011262700011366962,0.011709407863158404,0.00042671157007856224,0.003896923456123108,0.015848734619937764,0.0467307189033433,0.4378683772420892,0.08986626232196954,-0.001991907393263186,0.0011740202852063967,0.0006171355962917124,0.0397956084948983,0.004560335457814007,-0.00019696567352929517,0.005385552893683877,0.10296218854681166,-0.017436852443533536,-0.08110207246384786,-0.015335668592327356,0.09629960693070602,0.004918377926110405,0.5998812309655953,0.26585106266252906,-0.010258422386643326,0.0024545606427273116,-0.013090990499523341,-0.054171045758000816,0.04438110994746397,0.015914019604645835,0.0027930459214123866,-0.03830975587484949,-0.0014515775194838725,-0.03093580109116054,-0.0001491353012615797,-0.0027937254833626437,-0.003874288733205213,0.038285478499205376,0.03149964100122151,-0.03987828666134387,-0.02425421391271252,-0.017523658636124994,0.007264761475820239
