,0,1,2,3,4,5,6,7,8,9,10,11,12,13,14,15,16,17,18,19,20,21,22,23,24,25,26,27,28,29,30,31,32,33,34,35,36,37,38,39,40,41,42,43,44,45
10_1,0.0022010422058406525,0.012540353210800173,0.008138889354943892,-0.005976158096368308,0.028058450278468535,-0.018174300111606787,0.0012352384250280783,-0.05501179505777426,0.08913981723912927,0.3153191574838346,0.4594254703523305,0.29943970381140605,0.01484450463838608,0.055157269993031326,0.05077479627107281,0.030437893317762237,0.02444714994968519,-0.002501016866809605,0.06952081253845914,-0.008051936846069195,-0.03090282526427434,0.018281708326650704,0.09553333866701645,0.4301269139317219,0.017499899644924554,0.5025452652113568,0.34268213157718114,0.05561933388882496,0.06426310899845404,-0.002941964122876634,0.019327091603820408,0.03864900165756103,0.012131130746068643,0.055295276040071076,0.10107050618266694,-0.01269362747313444,0.05549169608288598,0.0011478342736045378,0.024259805476545937,-0.00671067814623148,-0.005820393299564495,0.010934068918324201,0.015657600595417813,-0.02824567576649062,0.011002080890125544,0.042906827581137744
10_2,-0.0012055478458094387,0.011203600297404038,0.009453576391231401,-0.011813781990975098,0.03272293840423364,-0.02985639422199241,-0.007054387988260316,0.05236936689576805,0.02885080310947378,0.3273148518327806,0.5700298431817473,0.3292120560205221,0.012935796745385031,0.05510871277694603,0.04520270151830846,0.04578886452620747,-0.0017728885635899946,-0.0005917643977718734,0.06838471969737335,0.00939813688944879,-0.03270914722139493,0.017836465698124047,0.064224289015365,0.4214755270923844,0.05467167069789018,0.6014821439111202,0.3412217216597933,0.07106965796472055,0.018287151469300423,-0.002172438048831245,0.015252125505502496,0.03475006016590022,0.008260352148503576,0.060653416230292446,0.11520050725139672,-0.011074902618057287,0.06013045814717504,0.00025337583615820986,0.019536890700052656,-0.0073447011307954165,-0.00435884362158898,0.028204350344542765,0.014786593200814392,-0.005093643642736115,0.013055427946198529,0.05214261765498496
10_3,-0.0026663183570273855,0.010218260021581665,0.007540049677165164,0.013059872939610882,0.01741360152833987,-0.015565401581017036,-0.0034910920587978853,0.08530667237561256,0.011382786943954275,0.3376782576084584,0.5624226680120226,0.30918967440335937,0.003430147498634373,0.031710170718102615,0.06894257148109494,0.05361194110124806,0.011881935398591082,0.004677318344332225,0.04937719602193019,0.013837343988560196,-0.03480911353609698,0.018505572306483038,0.09713446056580288,0.26320894193448463,0.054719073255964985,0.5973978109084879,0.3387417785333731,0.06555724034079737,0.06546227454271934,-0.0028310754283203867,0.011998294623764488,0.028766646998152363,0.012492485000462988,0.05053649919553882,0.05800851391188349,-0.006457437002701177,0.0516152980735766,-0.0025940894902137064,0.01773803407848013,-0.007758892021692871,0.008690885969763492,0.01923479938922567,0.011694079464770333,-0.00796647561776402,0.022095481764058338,0.034977934769870475
10_5,-0.0005204244173173573,0.010868172987032111,0.01251308722505196,-0.006492981607229983,0.024337052186997322,-0.03011369044474864,-0.004077933734444011,0.052667216061825776,0.03450448508632821,0.32213515812832577,0.5752281873481573,0.34152057672503594,0.01364105235029214,0.02724492202727648,0.056532245429624005,0.03772972517669824,0.0245125804246923,-0.0010752555060446686,0.07438078881362203,0.0020233004095598717,-0.03199258311458317,0.017783759324505512,0.05413713917717536,0.4178919325448991,0.05977266862813352,0.6297652549416886,0.3340164329511507,0.06686592135438811,0.02444037485649567,-0.0011210777608858854,0.017399060218298682,0.03751323916150379,0.009987846629856773,0.059213624720663625,0.10039946632122476,-0.014465264899951688,0.06129909371734247,0.0007276909432766505,0.01644470351626886,-0.006279104937769487,-0.0026034960630397105,0.021140247210999594,0.013351097674414671,-0.0009460960004683671,0.013522699955202765,0.045483485307270616
11_1,0.005011128423401775,0.015126136366168106,0.002172222621435719,0.002004218639588888,0.01768306478114871,-0.015462824853817768,-0.020398165516489975,-0.034956693040730964,0.007915016648487575,0.07386518400119092,0.12452119156457021,0.12599011063063995,0.0021360789326571364,-0.011025935242155002,0.029608262182108967,0.023747308658236592,-0.0015655658107870867,-0.0015613472601047574,0.015403490368143877,0.009808868171410154,-0.040099610214271074,0.007628721019732723,0.08693013831780606,0.013011200247541873,0.04121673127648665,0.044857870586776226,-0.011677670463177187,0.008245953093470045,0.07708434826118259,0.0007382688500658898,0.009267487415507446,0.01779131608140656,-0.03456259790425219,0.10608474840487991,0.053277593016706065,-0.015397376838375661,0.05064862772787891,-0.0004322054676144461,0.007803621234511622,-0.004514023563628137,-0.00027578825375845013,0.006379658914514774,0.01267438581062314,0.016361555996154995,0.0038683671997785064,0.03582034017231401
11_2,-0.021580402469800766,-0.024134547994722103,-0.014079407641848443,-0.006376152692697712,0.01269810248565875,-0.025447312401832525,-0.020281655288679073,-0.10841955184105055,0.006146967778519547,0.13999143205467734,0.2195875740475336,0.27769539096162055,-0.0016825828774553917,0.021728336993833072,0.03797550387034517,0.03909626040392759,-0.006220825356924313,-0.001094080106394191,0.05779732413329261,0.0032654427501883315,-0.0355556269390773,0.009286813767576277,0.042217612995381695,0.31347299873396467,0.05133212298508499,0.4775455961691763,0.10868547754003748,0.035999123985420184,0.020359756860494793,-0.0026202999297625196,0.00083222210795316,0.007722978155753674,-0.07336436155249008,0.041026972956687224,0.08429424903331297,-0.012578567762383988,0.048259738624406565,0.0012579099479144542,0.009868889647578512,-0.013771711454647678,0.007474188876802456,0.001915369124953749,0.026331790319874326,-0.03514313743801814,0.006064481874803595,0.04540713657560819
11_3,0.00020295150236332107,0.0021349536619304317,-0.011509278294513913,-0.01444083495423666,0.014807132397078095,-0.012210816920167199,-0.020688529279783333,-0.04796071670229765,-0.0038699315466946315,0.06273745048658114,0.10029162442354368,0.20361159408115953,0.0005266456860805298,0.019658003057873182,0.028465523432780766,0.025829436645067295,-0.014672202982180967,-0.0019699558186946535,0.02960482191850932,0.000255074438428235,-0.039247119102561095,0.009224142675082968,0.08732483691708533,0.16205633483625004,0.031450379755331215,0.21959676100128198,-0.023289970003066072,-0.001608512248284163,0.07472498695750145,-0.004984043122681064,0.008305412425573684,0.012621684412390834,-0.06236925976744273,0.12707360506519622,0.05472300376608012,0.00021752384784368985,0.038115176455467296,-0.0002622134279466282,0.004816903966967717,-0.017180644848641423,-0.0030402473852538733,-0.0082094536464011,0.011893257836027439,0.013008859738326795,0.004646858713522838,0.03532780865610971
11_5,-0.0019458141186017817,0.014949732664192384,0.002860335134809712,-0.0037258633426592853,0.014440390252022931,-0.015155870769849582,-0.02061983548215359,-0.04699139841386066,0.010042130994277637,0.08075970328826047,0.12550941489042372,0.12951682968982084,0.0048895445411260355,0.0047655535213965835,0.03941636800374219,0.017860078332652247,-0.0009975668808727544,-0.0008807621175983686,0.016726719806884904,0.0074684303946337075,-0.0400896762749743,0.00811841133507198,0.08622946187472257,0.015059037878241626,0.03472935149859134,0.04561435698492843,-0.008161886700788152,-0.00685091868238845,0.08148309226942156,-4.622852618568822e-05,0.0076456871715631855,0.017235625383855063,-0.03414773662788159,0.10716976976377042,0.04367840546575654,-0.009574764910894701,0.04699213728375602,-0.00019421690642528627,0.008299516195471677,-0.005500430313729893,-0.00328290908091292,0.0070146479969829196,0.006242948234531245,0.02203790190691575,0.005022748856210734,0.03715996615994969
12_1,0.006978704558393005,0.0066010385217305295,-0.0018300455001462389,0.02013114503855176,0.02449433703636734,0.013007329314201222,0.01641036942754625,0.051380457316129995,0.007108988076066014,0.3114916096709844,0.5036113154024623,0.3438387732687827,-0.0005950670453868431,0.010792574614829057,0.05041363773319536,0.04662888434237945,0.017911163093171846,0.0015808396961649884,0.04648516421391474,0.014604044969692542,0.2938933512520435,0.13529026290801377,0.10125808002629902,0.42229688473884863,0.034680290401426006,0.6503219620086951,0.35431586133176085,0.07960673669200283,0.08001628743112615,0.17228488020783503,0.003925759183961872,0.004966125442935902,0.02749566596891752,0.1281930003029632,0.10929155412628341,-0.013373054528027431,0.10606717589383996,0.00014331895018450912,0.00214824522948582,0.0048638817187350285,-7.303254024406325e-05,0.00977417075592044,-0.0005070030387749185,-0.003377162106947975,-0.007782745950311903,0.1194452379827178
12_2,0.013281486876710696,0.007562194715188682,0.0025952518164997136,0.03575612836722597,0.019727970943573696,0.006244173084222495,0.01368015888730094,0.07404965459223871,0.004184063546032792,0.2996471744890777,0.49262843797484235,0.33701153171681336,-0.0007896687625469443,0.021893991729285484,0.042406181603789436,0.031466247236233306,0.01951665836433558,-0.001863817653265609,0.053870370441792034,0.0002640304177568904,0.2994883828222442,0.1543535110340497,0.10000773159953062,0.4348421286819937,0.04048716177446244,0.6729983180330702,0.34791651543395763,0.08001938673314048,0.07728156520329615,0.17608191318124913,0.0032622601718927157,0.006654803335727051,0.01900125630327352,0.15993765139154134,0.10237567887176743,-0.012464103355273579,0.11340650286537789,-0.0048305768881111415,0.003650016904338492,0.004605510932423672,0.008581744154076844,0.01219658260405199,0.025997373562329028,-0.006726813417644034,-0.003968106985849898,0.13327418024557805
12_3,0.009338763005748816,0.006812551451284709,0.0037871412914992583,0.03490021289258146,0.023617794905303583,0.007975216994384495,0.014162574073616327,0.08762320047281145,0.006564798254539231,0.32603558790004583,0.5173550495705508,0.3311568684184965,0.013549753462498178,0.021730772480514724,0.03662572393584722,0.048505481514910034,0.017740823745721578,0.0019205349514105083,-0.02757221470375136,0.011410665046319617,0.31947492634347974,0.1294644273439859,0.10031608408246831,0.4399274461819165,0.04177950622718379,0.6723104802020828,0.3549011401065894,0.08117241286955194,0.07459825614946461,0.1806433447167559,0.005126200515817811,0.008009247478378808,0.020574897526224326,0.16785844743961656,0.10715775591502208,-0.009973815354096032,0.10843342897952898,-0.0022732006432752694,0.0032019613051178153,0.005150236781353737,0.008389427185470824,0.0140340644857392,0.02415625207991895,-0.008785939009047514,0.016797883652929616,0.11968619667291787
12_5,0.005687034583082377,0.007285611649272609,0.003120319382098825,0.02044212635559176,0.024519017400299246,0.01244603560415925,0.015876338327456496,0.04678419959658345,0.007020239880390563,0.3052708647027603,0.4949043251699025,0.33161992901525295,0.014112190450194895,0.028249944298076705,0.04586286085968029,0.018780930828803846,0.016094254714236096,-0.0012896647527655789,0.05621737313325437,0.007252995087440326,0.32669717893909755,0.1515969419023609,0.1009627217542613,0.4352973869627745,0.03269844562924998,0.6499871951810087,0.35774492218763354,0.08156106058135096,0.07267764910715531,0.1714524908825411,0.002662219031000959,0.011717627388481732,0.02665671228053544,0.15795832672660132,0.11385056736930613,-0.012296598612628556,0.10998710350902893,0.0001293684448445152,0.010673050301809185,0.005619157963692138,-0.0006867253724658411,0.003193466443147069,-0.003877576591584652,-0.0032460982620572086,-0.004862398695329192,0.11413906023038001
13_1,-0.007760852244041837,-0.004739900008446889,0.011187005537634208,0.00015815721789916076,0.008112758910188686,0.014484054468845355,0.006561571440642169,0.02616577420799147,0.028665902870789177,0.07279916802857056,0.06780447070200338,0.0661906570857938,-1.5993977229202325e-05,0.011933471681438561,0.05234840314820152,0.026332268114400533,0.02323482026463146,-0.0038794122338402823,0.06511553298272371,0.017871430033254705,-0.011569484467965942,-0.002004333964996833,0.04484062274991959,0.015538028174892153,0.039403032556098,0.006649007182446084,0.0017651108833782927,0.08628119078347567,0.004283586405330649,-0.002379513645152965,0.0031377452421671526,0.005872889077680041,0.06010606788872405,-0.033567455331723055,0.037411646038551606,0.03552915964451063,0.017287613448974063,0.004300781680390524,-0.0024956800821488074,-0.005355402072233895,0.005904462054123745,0.02314532846727799,0.006314573000860254,-0.0006136474742163521,-0.0024625006183023033,0.006887484821543689
13_2,0.0036539529342720705,-0.004687414036161184,0.0060389195399785465,-0.00036062928775903004,0.004363259523901692,0.013472143863553025,0.00659711803117249,0.02536184337693887,0.028497426300746757,0.0582069255801366,0.055504688377136166,0.05987729973142362,0.0122752013546128,0.01103050135116068,0.05442081179655374,0.03368141927339804,0.006561054145620549,0.0015569120296896441,0.06872926381504192,0.014530122635673092,-0.010787726194571393,-0.033238175959377066,0.047846625731436276,-0.0015654972260571065,0.05018464199512251,0.03808883610977129,-0.012175767957573304,0.09186481239823266,0.014523543398412223,-0.0010336573155645002,0.007272036036444441,0.003684281363560783,0.048454859484764884,-0.03179250276673367,0.03935913707349379,0.032747735770650224,-0.10332363766299082,0.017462628706152956,0.006047967865565482,-0.004749432088554011,-0.003737348746211469,0.02286158274076314,0.006293566056254704,-6.170820928662209e-05,-0.003934082993090061,0.018463104872750352
13_3,0.0009961800026706369,-0.004605916396157858,0.011534448987829087,0.015419477122061211,0.0033041630719544486,0.014782615952464655,0.006161864566583325,0.027562941922336586,0.026723225364742857,0.08025872916781489,0.09322278417242912,0.06591131579291315,-0.0007184713299052891,0.016853074346701146,0.058280842107127695,0.026564293822279726,0.01927734424329621,-0.0044941865996093455,0.06849853745956143,0.01272775034480592,-0.009013884864929248,-0.010031064535811792,0.025181852867195837,-0.00701795773891498,-0.09740924077255102,0.03955401541874685,-0.0038794594119304577,0.09193025369901088,0.004538843002356045,-0.002958028330196992,0.007378894844097506,0.004898500661358759,0.05585618713032496,-0.032327957688599605,0.034599676041946796,0.03435570123755989,0.011526762863671143,0.004047539568025559,-0.0027520763405159054,-0.005164257586194321,-0.005567344506461562,0.009206714086172041,0.01676868471585126,-0.0004484988064820005,-0.0026675828868240633,0.007311701173939297
13_5,0.007139741007693729,-0.004618342911768765,0.01170929952402833,-0.01142524318477486,0.007177579899881809,0.014334747279040036,0.006253742539886727,0.03133699681693445,0.030187463020659167,0.08473925151159895,0.06278174224508484,0.06727066740246598,0.0010059511136538152,0.020817672083479746,0.06037690021633224,0.021684628593049763,0.022823924720317072,0.00046803376658846016,0.06876717448590541,0.018499776575844687,-0.010266857210097161,-0.011271387250444766,0.05549007116294994,-0.02652419844443986,0.03775809736692445,-0.055682964110464736,0.008171441170875307,0.09064754994254398,0.0014978829418123088,0.003067953000837952,0.026292250825761736,0.004823740197712241,0.04832526324168812,-0.02858474192271177,0.036882931267882425,0.035574402669455045,0.02621686760675243,0.003142664680911341,-0.002061577711510038,-0.005167292778590923,-0.007158590810660882,0.012797350914174983,-0.00040257130801342044,-0.0031452670999203352,-0.00490817429037109,0.005830787679691936
14_1,0.003105129576581272,-0.015975743979285358,0.00010936163023245326,0.0002571506127016913,-0.012751154038195182,-0.01449511180488171,0.010519284136275982,0.03796850316934377,-0.017569769178669616,-0.13940946570505122,-0.1991252541550405,-0.13107803908343021,-0.007337283449266872,0.008938446815951004,-0.057831212252948135,-0.034573740046499275,0.010931415577730372,0.0010515887372625611,-0.07271656302093343,-0.031608215523495437,-0.039926721053059715,0.0125708588059184,0.07920139683897093,-0.14508426404708155,0.03223404000702416,-0.21208116895041704,-0.10461838748798877,0.038714126689908236,0.06495507675084494,-0.02185098917433174,-0.0038303073748185653,-0.0003466607820630063,0.0031167722742099914,0.03247583075358004,0.060654806016484916,-0.00266327542129998,0.06593128490695314,-0.00436879827918216,-0.0028783095475400067,-0.007675196337320188,-0.0004238188536174858,0.016885841721655203,-0.009477764849131794,-0.01177873715985853,0.004903834328107981,0.033762098762059996
14_2,0.0023348500556460653,-0.008915831476666745,0.001332460107793717,0.004305784304278728,-0.01087301683943689,-0.009347651298993603,0.00950687791802817,0.027182361087602275,-5.992834672238843e-06,-0.13315521360253546,-0.19100478390266518,-0.1304431892518623,-0.005868296740101672,-0.012760877468696932,-0.058867958369851196,-0.03320121208543713,-0.012792487431466968,-0.002706665099107456,-0.06722933385512692,-0.031938616181458164,-0.03626660255984964,0.01165070547368675,0.07928376255974123,-0.1398149883352965,0.024209907504242126,-0.21928519063773938,-0.10781472065408311,0.0375017302995245,0.06365948360045176,-0.017619915466098326,-0.007157013556192047,-0.0008269972041362576,0.009296167410961047,0.01943081668953916,0.06026562314865304,-0.0026326535969396995,0.06786358052546362,0.00022471987377479044,-0.003707877177718109,-0.007285292483299045,-0.004850963425946257,0.02190857475440293,-0.007805548686763187,-0.011448159877653812,-0.007971482755412367,0.025819660103039637
14_3,0.0003387541816717083,-0.009066316257624713,0.0019568954880618524,0.0004967603500149625,-0.010502614718321377,-0.014291757638267772,0.009213695439632805,0.02651550349470909,0.00019794732675593928,-0.11575525961528346,-0.18823050593222304,-0.13219015862864722,-0.008188714945703699,-0.016058746468915294,-0.05534577455973584,-0.03319146792574449,-0.012965479123570985,-0.00274420676986677,-0.07598341499405431,-0.036723147816632495,-0.036843218210269306,0.011064860276168171,0.07864125772198725,-0.135882938738634,0.03278909302693235,-0.21614422872700037,-0.10800753608053512,0.03929074624590536,0.06368717339820483,-0.01725955513790144,-0.006584581912356015,-0.00048394211722073443,0.008679879793193478,0.02045364267490749,0.06310295517710268,-0.006847728950843603,0.06871342040664657,0.0004191445250315033,-0.00392259517143999,-0.007410856977927574,-0.004033926335086673,0.022092340066563926,-0.009855842903498278,-0.011303437411341762,-0.007903215666798729,0.025004666394861402
14_5,0.0005584326823819224,-0.008063140076155778,-0.0009700933180179595,-0.001946979858747254,-0.010798976083218947,-0.013142324783167195,0.009813688885471227,0.028110469256957538,-0.010735164574252179,-0.13672623449629343,-0.18605675905434432,-0.14251985827685257,0.003508034863130703,0.0077849441052750745,-0.05277411453432726,-0.035954054791110114,0.009142318407194842,0.0007854451860427096,-0.08579557222777759,-0.039765028201104516,-0.03075220639118504,0.007525717960511522,0.08484316499809551,-0.13938380136475842,0.020778941889927977,-0.21457399789175063,-0.10901610711959708,0.03671153852651524,0.051416668149541774,-0.021944324499636098,-0.002976193719238176,0.006743316695388956,0.004829453344884752,0.01714968435270272,0.06367662566918797,-0.003039422526728247,0.06777718961023776,0.0033345643977144425,-0.004842892390293115,-0.006932535947465452,-0.006106654167841281,0.020905539646697075,-0.014236730808242537,-0.01162140072575514,0.0013690898318956272,0.040163278366950515
15_1,0.003449549886707589,-0.0005670717473741823,0.008274223793885352,0.0018894434488244015,0.011962417601457758,0.009009172390060308,0.007161205528691731,0.02548410903936844,0.01282181499922207,0.06518144572389531,0.024642713382252393,0.04824450124928321,0.0024670692311413818,-0.0010706083067184484,0.050443203807725594,0.020818086914494622,0.011781239091550209,0.0015693221599871806,0.03648140052892349,0.013447171235471117,-0.02690492515123304,0.0024284870498572884,0.08353415995897391,-0.004974541889923532,0.02973630351170074,0.035179346069202734,-0.013885208230459967,0.04683991583792901,0.03819588142670123,-0.010186163841868339,0.006945628455931195,0.010890991911790169,0.012101409474703855,0.010678703551482092,0.07207916834227704,0.012999806206117718,0.08150652636060944,0.0005960776940975082,-0.0006013684436236219,-0.005925974602223641,-0.001992499724057248,0.01679207353840198,-0.003610581407639146,-0.0029421287300790983,-0.0065019769270527,0.028455804141796756
15_2,-0.009146508335421502,-0.0006694871740182983,0.0071159249132024035,-0.001511553247256588,0.007038144376494339,0.01274034786476741,0.006427779564395585,0.022261188439746407,0.010264578661943172,0.06248974267791661,0.033591168544215316,0.05492920407046049,0.002041163906471309,0.033480551748208416,0.053331150455905606,0.04015617309148077,0.0021461627513467488,0.0013165697783546172,0.04410770458386615,0.01808108916132393,-0.029383663648723534,-0.0031993482712101146,0.08393865322899041,-0.009058339035390191,0.04114743214783149,0.03374630902284907,-0.013173561236623244,0.06821795977446422,0.02680962549609905,-0.004444471271030077,0.00994693089803659,0.00409317482369099,0.03884750351121434,0.012215599477283649,0.05691989972832763,0.016967851401882516,0.08119273149118922,0.003038063144559914,-0.0023836257009269388,-0.004303232649700879,-0.005049338664019634,-0.0040514519484315045,0.005040017943749595,-0.0011750744583818211,-0.004175214946588948,0.027064102303248943
15_3,-0.00253301109566259,-0.0003489996411449596,0.007177469640568994,-0.0013079999791267409,0.007293213301883538,0.012845028660205513,0.0067020586311674615,0.023685600616990325,0.011884099507382418,0.060365963729741845,0.0339086896583139,0.053653017122689904,0.0018540721112165121,0.021946207276758375,0.04440826657212327,0.039497448371435956,-0.00021380306764871764,-0.0033475855933526523,0.04724733458119412,0.029643281086890207,-0.025997928534172838,0.001558201720328107,0.08291390187265478,-0.0061758819333936526,0.032382076483978034,0.0303689531428389,-0.00994046856191184,0.06452423016933405,0.060590378717388184,-0.01356146075619911,0.008984064901809802,0.004267393705391513,0.0580612219845862,0.013244651213673497,0.054582053384165975,0.02848829054298551,0.07993363214303986,0.004302935308186717,-0.002812977568006688,-0.0047402923339526955,0.00558103022944497,0.014440622790876531,0.005249775471407663,-0.001257552359420977,-0.0032807842790504122,0.025932412825266052
15_5,0.006314234902793089,-0.0007199338539224994,0.007155821434255869,-0.0007023249993538902,0.011387025160211627,0.009045962129027908,0.007343341017402138,0.024764434486267455,0.007236487302180652,0.062275403992889,0.04097204706654589,0.06639509393495392,0.0005105004720129325,-0.008769196846110891,0.04694432256585641,0.024343109529225377,0.008328155051466057,0.001732461973146903,0.039864002860779894,0.012239026032831835,-0.031049622050183145,-0.007587340584539632,0.08371433909890652,-0.008081042902194826,0.04187511817570429,0.03545241941290513,-0.016144251083680356,0.061157645451646335,0.015784279703212483,-0.006363271638540932,0.0027260659526341276,0.012468010705183092,0.016604062243214493,0.01022822297652758,0.06646675737012174,-0.018881891448453304,0.09613393359755641,0.0003920955379621352,-0.0017010523667822177,-0.0027376224132049146,0.007971898127521623,0.016160302492801402,-0.0015851966776411707,-0.0017291007907503046,-0.003602485548439688,0.031014957009493957
16_1,0.005091464121759698,0.028565961859079936,-0.0026639047258938376,-0.008009002108150646,-0.0019367603083981935,-0.001330999469262921,-0.009169185552220818,-0.03279136001792887,0.005484281188889618,-0.09704833391203353,-0.13994546170654432,-0.13771013055218564,0.0033993618665006933,-0.0012855664646847977,-0.0012354852002570288,-0.0002465390503428705,-0.001283748727629295,0.0030639027145901174,-0.0203480249509028,-0.00909644941576825,-0.0034524499354652615,0.014325816167616263,0.09072324453440016,-0.12167292909599331,0.05832085298493928,-0.16389948029715123,-0.08669620830914396,0.04422024051919325,0.06710226327776764,-0.007210408971093831,0.003901848670402021,0.010423482411610311,-0.027090375708638235,-0.03245887456827739,0.0532656885845447,-0.0030215878260822513,0.095808975609828,-0.0007172094931519929,-5.7410691416789525e-06,-0.004286193937584211,0.0030505094623618336,0.0016739238320198295,0.0171806781500168,0.019306830097423323,0.0034407221317746626,0.04277069336061052
16_2,0.004871097143634939,0.028014719677441773,0.0010961576793353895,-0.007957145156627356,-0.0030056756404857493,-0.0023246907836766027,-0.008802828423202668,-0.03443770475033209,0.00498202692284744,-0.09651284969538321,-0.1399152207587108,-0.13324447493702923,0.0033466040122223763,-2.4359364059516205e-05,-0.0014972194127215895,-0.0006972559659727717,-0.001877030137341513,0.0029765789243730153,-0.020990222634939278,-0.011395574721022117,0.002859047369230199,0.014929859119976303,0.09493269512275514,-0.12267404275199173,0.05336435681988983,-0.16416819564331397,-0.09594663893504751,0.04367984299754343,0.06709981000417059,-0.0005450898446351046,0.009971912017336992,0.013289008779728818,-0.03201518226718529,-0.03228979482256358,0.052794441171989885,-0.007534199898894155,0.09573690939628807,-5.179511174798607e-05,-0.001191072582818956,-0.004737098643623953,0.0023236351027720965,-0.0022996119810082013,0.017015178780059006,0.016375220987592365,0.003502951487319537,0.04270182739090916
16_3,0.005470236406649417,0.02831425227459385,-0.0027618093849757076,-0.005623192430772503,-0.0027226584893786346,-0.001326456320937032,-0.008750735057801075,-0.032518199762571656,0.004916307069292069,-0.09621585561920984,-0.13999905054141815,-0.13302452321643782,0.0033984713899635676,-4.097513664769864e-05,-0.0014512882100708674,-0.0005980613790436858,-0.001836598583694589,0.0032427231622584292,-0.02026019870267056,-0.009290878377219914,0.0009988578219226106,0.014837513838202476,0.0950255438245299,-0.12202523728295779,0.05313422090838354,-0.16160012912996014,-0.08792869690304646,0.04435417417175323,0.06775762405475388,0.0024609856415313543,0.010573213394820211,0.012699383559080858,-0.030450935938740924,-0.033283167498953034,0.05243012619386105,-0.010564344076657697,0.09564990196821468,0.0005046661836011603,-5.112603378420685e-05,-0.003806629966301801,0.002881250088445566,0.003116012874643374,0.017249915329531344,0.01937054607389544,0.004296756278873434,0.04278871298864163
16_5,0.00479705072211316,0.027441709396394,-0.00019491201349137956,-0.006173871278878279,-0.0028254906348010827,-0.002168188948624483,-0.00908446378662993,-0.0328683325477739,0.004549795175468968,-0.09835888610416016,-0.14226561976487656,-0.13460062628541766,0.0030646744725436764,-0.0008721818363137757,-0.003142909115274975,-0.002649278618079723,-0.002896884761021113,0.0023989959975299893,-0.02146251447622292,-0.011620720545241409,-0.0035293088502448946,0.014072938900516519,0.08940093792821009,-0.12653654068499715,0.053594244267386335,-0.16334902043066207,-0.08886989676725195,0.04402691862488133,0.0677131306884724,0.0014403978250462138,0.006924845760601402,0.012999314760143772,-0.03269770350835687,-0.03229136093659494,0.04808971255625475,-0.007443313851082798,0.09459186890594508,0.0005347052060357869,-0.0008749872641036746,-0.0046106564957796034,0.0028890763800197275,0.001931437733370093,0.014435403266724569,0.019124921702557682,0.004260533202238843,0.04234227312196555
17_1,0.002326686301852528,-0.008156679484271326,-1.2207962124157336e-05,-0.006589429690739239,-0.007997788995148164,-0.01248686421835652,0.010732355998894598,0.02050581095232718,0.00796317146495022,-0.12668792431056525,-0.17063930185067117,-0.157096781207268,-0.010752594966544824,-0.008044560106148173,-0.04529610425468808,-0.03444525273284604,-0.01403349380831357,-0.0033991535362648583,-0.06351533765177096,-0.029544479007973298,-0.037217680811024674,0.011481448203474022,0.08077435669063628,-0.1390487364625949,0.058131326696910866,-0.20449299405643087,-0.10893950161185674,0.03976058470047141,0.08595685575620916,-0.016202600590995243,-0.004137232175816692,0.022205843715413006,0.0070550691342477255,0.022686841105188243,0.045231945768218575,-0.014396424080130903,0.07417809385451588,-0.0037754166235425724,-0.0033272349798333053,-0.0028610528113300012,-0.007080126670846511,-0.002649958279609509,-0.013379273459159345,-0.011441483734952733,-0.000712416037902351,0.03146549041742773
17_2,0.0012696983470728066,-0.0025937393021082545,0.0025148622445544757,0.005869342882104812,-0.009587817606937532,-0.005466195777246527,0.0013340372089178467,0.027043144858616485,-0.007484796167106188,-0.13764224797813623,-0.1563408540808627,0.017380032844222338,-0.011348225163446874,-0.019264281806653252,-0.06040798733055393,-0.042713947413535125,-0.019027920050852336,-0.0036220706544406126,-0.07042831285272777,-0.03147157060470226,-0.051653267329976944,0.009234217312138223,0.07958914512352246,-0.14423394627887595,0.04282315189263516,-0.14670932255645255,-0.1099771653531954,0.01821471599470789,0.027095826181940497,-0.009471684459266754,-0.006024157282955528,0.0060802518926849495,0.006605195217217882,0.023426721828937035,0.03736608401168256,-0.01761842526262009,0.06822270611967035,-0.0007573250149465505,-0.00269253698532975,-0.00517760910447434,-0.003323311072787831,-0.00442336179746951,0.0010208854155257243,-0.015876611333585908,-0.0012093251188930092,0.024600167364267997
17_3,0.006356521236432141,-0.01646744371106926,0.0008061608981238407,-0.005042196212205171,-0.008964252898147689,-0.008450974596497107,0.011325776196575144,0.023488851582793124,0.0093726032754585,-0.126456627796601,-0.16001543600905832,-0.11614222870432594,-0.008761545893220198,-0.00638514560513396,-0.048164655496568724,-0.03753994617481132,-0.013744241655412996,-0.002953529488737265,-0.06454839738115456,-0.026204594628891822,-0.04339935697430288,0.013125399417950264,0.07929958560523605,-0.1392219144918848,0.05735849094307982,-0.18615696072247795,-0.10549707508805538,0.03919702206115976,0.05524704713692428,-0.014064113273236974,-0.001827680478108346,0.012706424425693034,0.01096724446537355,0.03579326248665238,0.04816400818692317,-0.005057581666037434,0.07664486284424861,-0.0039059980141845823,-0.0034742671668668164,-0.00016421767061798207,-0.006269221895549274,-0.0010597343275024116,-0.003588773623599406,-0.014384290406781295,0.0018782410976617547,0.03372697113930172
17_5,0.00014463801826560332,-0.009298863379989407,0.0024696518928454315,0.0032104608956883417,-0.012533088784340687,-0.01268096870830137,0.011690762090949,0.010412669921814478,0.010371749369738503,-0.11757937164095193,-0.15529818603845222,-0.11428088051578733,-0.007832881577621846,-0.00961571320085639,-0.05594908315279066,-0.02901920140699723,-0.009707163508994808,-0.00350204410715198,-0.0566552170332221,-0.026102268163444818,-0.037172111511400034,0.010354137967310956,0.08040805146329,-0.13915208701850895,0.03339353851124914,-0.19678865479513297,-0.10906675928521554,0.04053718884450997,0.06609321916105043,-0.010447134361258919,0.0005246210903449613,-0.0012981985500761125,0.006887915928810885,0.022424563621679303,0.056138928819262815,-0.009675624880716611,0.07342131491564038,-0.005815418234084668,-0.003799377446894597,-0.002620502081233864,-0.004808244330020493,-0.003960735319695612,-0.011241774401940203,-0.010802868917439755,-0.005082016655205565,0.022224716858580865
18_1,0.006856914683514316,-0.015443218988583552,0.00011197726569400204,-0.003382639118319092,-0.007473113686600507,-0.006586898366964727,0.0006031867628960091,0.03123987966260404,0.004536476527237701,-0.12324167045369831,-0.185904355207457,0.012248483390533629,-0.006002999484572777,-0.009897952160959938,-0.039546202344533946,-0.03958852385780058,-0.008125210323291495,-0.0018065257189285886,-0.06082605175031315,-0.02363867655197006,-0.0519135116129086,0.011478157081267896,0.0815222430509442,-0.13256304892288254,0.0589711910827453,-0.08584139031237474,-0.1074231207059158,0.03930526198263082,0.06918311480458693,-0.011210636658365532,0.011784214601662533,0.014230824203213832,0.016023578131144908,0.03942995729308399,0.041353532762607725,-0.0028455047866198548,0.06926933090459107,0.0011267892123245633,-0.004351784916272879,-0.005157578872728013,0.004018057920401439,0.023556699164004442,-0.0006192982516015769,-0.012538506130971152,0.004043379445529237,0.03652058900794422
18_2,0.003485592363724557,-6.18344808927881e-05,0.0036224090198763,0.004385009613249008,-0.008516100842136921,-0.003989878808373955,-0.0005601766091993393,0.02602078841563712,-0.014019663403371926,-0.1281677230131789,0.005318325075778552,0.019100181340261608,0.005881714395963712,0.006511435645885835,-0.05063532857762211,-0.037976717669277314,0.024844635576108783,0.0014266877368885468,-0.08003704285496076,-0.03569597451890858,-0.04850057108394428,-0.00036690376587565214,0.07738212203916725,-0.07157737968312447,0.03295878163584326,0.012839260077350475,-0.12872497166623972,0.007165197157026875,0.05961774327003781,-0.005082344237020643,-0.007381446633530982,0.01487641566114913,0.0058252830515665155,0.026985894206270872,0.03681633272927321,-0.018499335140600426,0.07047309016974528,0.0015481172903297831,-0.0059993839326300605,-0.004075924784154528,-0.002248607136973475,-0.004399476094620741,0.019979055313055404,-0.007104265300649491,-0.004430036618183415,0.032832514930571495
18_3,0.004013994630378827,-0.018169788542106595,0.0009182740544616593,-0.009587654587616472,-0.009495272517689281,-0.0035777745245987457,0.008153192685365004,0.02104639325945742,-0.001141371174235221,-0.11155553243997295,0.004272634485207158,0.01277087598870887,-0.002214757341263893,0.005711829064588021,-0.058215702747190685,-0.06567562537149388,-0.046527421032116566,0.0043212784763655785,-0.08235321322702238,-0.03256995664319717,-0.0516305232626559,0.005166499344405428,0.08132350423341857,-0.1340534490233112,0.046521944865245406,-0.04178051092664865,-0.1212515037113322,0.03322034500743394,0.06688442236296009,-0.02352409273486626,0.0033210706832198134,0.01601251083987557,0.008814625214450603,0.041774831855102876,0.0423726585914286,-0.021417081140530744,0.07244506338634132,-0.005801343809951452,-0.00929419407812846,-0.0019440658070732642,-0.0058100899374857115,-0.007792400681072017,-0.0038331219561364743,-0.016689084554170366,0.003432391761285948,0.040426535989792005
18_5,0.006949307004260586,-0.012657059682174381,0.0035889280994471314,0.0038839121721602875,-0.008787567561389717,-0.006383522304581783,-0.0022246449125751587,0.0118218553063455,0.007100949544043741,-0.10671768303893636,-0.04973255668430736,0.017672356119125092,-0.002857383306454564,0.010539929607949715,-0.04667594602118771,-0.036769314740078364,0.008211565058274093,0.004361243536686176,-0.06600057237133329,-0.03190097919637202,-0.05023788365319345,0.0018087729961625313,0.0798564967960686,-0.10999368606122989,0.02610640614926785,-0.0680656278644666,-0.1205293257449559,0.03730960627148251,0.07308362456719167,-0.009874935806582098,0.0005098672923233303,0.018610698000517453,0.006471591850341037,0.040963767683645694,0.03757770064785298,-0.020617728621984716,0.07210091210934678,-0.006850321826447124,-0.006532545273036615,-0.0026352265587349707,-0.0052380881208700806,-0.0017132221375392828,-2.5433848216767886e-06,-0.010330507954289655,-0.0022132901124319697,0.031928006043799306
19_1,0.0072803490399252525,-0.010087796227089881,0.007399908097046241,0.008175192088106424,0.006048179085951348,0.007752246320902849,0.017266253568887502,0.025554242210778445,0.000692189779601426,-0.14490299504210455,-0.17068392544264938,-0.15471817730219356,-0.009999750806891458,-0.010696157858871043,-0.03433385234588322,-0.026613285909532127,-0.004480180017596127,-6.627289609060344e-05,-0.06675578046596879,-0.03774236542463509,0.0011395731788579624,0.01614240006860727,0.09460386284046637,-0.1555767642041301,0.03475972822725942,-0.22049518898229112,-0.11137315982147675,0.0631842525959065,0.07727276382445575,-0.007575494558840114,0.003043109595375923,0.0040393992923916065,0.01682935060858417,-0.031362507083033564,0.05098406092394852,0.010248317090775248,0.06645181818412384,0.002217215418842406,-0.0034634496294990006,-0.0009564846993248919,0.008135674339100727,-0.0005696463739078727,-0.003571047075492161,-0.0014975577319255211,0.0038633741696473553,0.027486850338890666
19_2,0.005701292567434598,-0.01053757202035014,0.0022054732505779532,0.005497095929115904,0.005919610388725356,0.006244365283180957,0.01579744547451371,0.02538955051737456,0.0017521357801047557,-0.1488862253418269,-0.16917427581505998,-0.155053294118066,-0.00938288811805833,-0.010953079201261732,-0.03395032308433993,-0.025810789414576894,-0.005068662288964339,-0.0002818927285494527,-0.066052055494968,-0.03714249631671365,-0.0008493616159995375,0.016012347468325406,0.09289224303802619,-0.1543678962002864,0.03396186517204949,-0.21964666458417606,-0.10939438282657046,0.0624723431280891,0.08597092644036058,-0.00809585286844214,0.002451816084293736,0.005926844099764857,0.017195082498182097,-0.03129330211314331,0.03798615173147543,0.01015165221760161,0.06565740734119771,0.0017413344628601538,-0.005119945252965552,-0.002071622138066967,-0.0023422602026862732,-0.0009407135328911682,-0.004894586022611741,-0.0020363246577291484,0.00039562201687248387,0.026621202595185998
19_3,0.00735038100593402,-0.010136808291140546,0.0023697969497152066,0.002153215617744815,0.006406726284426746,0.009398202614951997,0.016557506093364108,0.02568094909613299,0.0021173581522557533,-0.14049049361640942,-0.17381538410967595,-0.15727190995213483,-0.012733808452891397,-0.010732001516967156,-0.03878692494601085,-0.031187819066222904,-0.0011533371704241398,-0.0003180612668481784,-0.06848738308697243,-0.03314906438546079,-0.02505040888489448,0.01631800807719952,0.09402609920182174,-0.15228531283428334,0.029277919837476456,-0.22392358737391085,-0.10455244911260585,0.05699415465420452,0.07738143902772114,-0.01981620383548211,0.0032726691240883617,0.003016599581808972,0.019369489534150325,0.015382769547461508,0.0416297580272554,0.012249954886517514,0.06502528837732931,0.001791514733107611,-0.004144142279747783,-0.0007897173994401433,-0.0014348174659532054,-0.0013280772995730061,-0.004051064682201133,-0.0004269325498281154,0.004238270547745877,0.026923899285829746
19_5,0.007225783556168994,-0.010008959096633508,-0.002059032471276578,0.005602240509476257,0.006200603003099963,0.007151013435612931,0.017176129826300922,0.02432719212027155,0.0040927914956330235,-0.1529144868268597,-0.17093954291736033,-0.15214288161591752,-0.010096306160095107,-0.011024133186883039,-0.033634575767398284,-0.026268098684401026,-0.00463982451770742,-6.39129431876474e-05,-0.06732189593032231,-0.03068889497795577,-0.0004572105847027729,0.015915227022001027,0.09330497013320434,-0.15685133013932204,0.03331182414844725,-0.21830621660991525,-0.11806213556348588,0.06298859202558087,0.07685771097570301,-0.00788669653379404,0.0004393275268263615,0.003172694106102172,0.004758742527130038,-0.0313901657910803,0.03890411658086146,0.01011808440136456,0.06811181200596003,0.002335100041902019,-0.003418042702142595,-0.0008691111439262239,0.006929283944551442,0.0024251894894746673,-0.0034887694821801357,-0.0015017048334182324,0.008826715632766944,0.027642912591808965
1_1,-0.021412965515684695,-0.008323040214141389,0.023914375972804637,-0.010785327078143706,0.005332339206517152,0.04526349404990199,0.013228713648887886,0.020965808558552824,-0.1088116990403015,-0.12605562811869161,-0.2229979462836917,-0.2121338163489464,-0.01018362531251837,-0.004337488521930775,-0.05562431060531741,-0.03489819390699812,-0.010646591064171521,-0.002415980727393524,-0.12664517637831024,-0.047464669629776066,-0.0015002306245645775,-0.07995403720445048,0.033289474195834404,-0.12420165599081205,0.035154839964401066,-0.21564631173451135,-0.09117195285984182,0.02065342599985282,-0.038818616255362266,0.0009281222586752336,-0.04736309203912342,-0.060481360515921005,0.015035897939665468,-0.043010134195975866,-0.5028018983901452,0.001949453552912018,-0.47048061071912717,0.05301473082728141,-0.011375746490479132,0.021540574240972814,-0.005737663960191515,0.02019461794957685,-0.007995333574194874,0.009370154893087124,-0.00954993881506802,0.0553512236131284
1_2,0.0033210859013389884,-0.009438334617698496,0.02329260538014609,-0.01073093258843037,0.003857408805146534,0.0462348881674044,0.021305559970786054,0.022072513716016415,-0.096299844495547,-0.13574013101498494,-0.2307541352883562,-0.2047588643245316,-0.0058422843520138145,-0.00367510505655992,0.0031593159945177804,0.01431756425268186,0.0007837225516305143,-0.0020838517967757017,-0.1031077049068125,-0.03197199401010553,-0.00119629596760707,-0.048176987987297026,0.0398644295129093,-0.1257344093764041,0.007000109167846013,-0.2214516274719729,-0.10637429151635369,0.0039086836097652075,-0.04610256005950637,-1.4933156334119916e-05,-0.07070893156149366,-0.045142936713551164,0.014551114258851503,-0.043360790705523386,-0.5126143799606923,0.009161631510415526,-0.4772432250732709,0.05607972842178897,-0.004302678100066293,0.021654635330069828,-0.00569901035974031,0.015399534921830183,0.007173068183703784,0.00788581126884537,-0.00522096752572271,0.04110461459863221
1_3,0.0035420450376862354,-0.008236875827592171,0.023101564053033295,-0.010048522318664179,0.0033143382098823316,0.04583019157237296,0.013304649065971187,0.015224666366600026,-0.11114138732819802,-0.12196565484568922,-0.22373487632041772,-0.2068522621129906,-0.014298075205162684,-0.000332405428184524,-0.08275913813925867,-0.03874417204346742,-0.023925943981016,0.0018328517423804448,-0.1767138756999256,-0.026959844509132497,-0.0008153608405346303,-0.1873284821623333,0.03364254744237781,-0.14675947389438287,0.04218203533408835,-0.20858188077099205,-0.08810423136350806,0.020825235328673378,-0.03992781126302268,0.0114065549488096,-0.03831829950088238,-0.06159626037183871,0.01317856911346813,-0.04264295608171692,-0.4862453036257805,0.005198574809060746,-0.4706974848488612,0.0530060813657901,-0.010545297100988938,0.021809907043842527,-0.005207462580076881,0.020014579440900827,-0.008087516877211513,0.00978659225631371,-0.008243982758068546,0.07124452640833859
1_5,-0.024621919620495234,-0.009757846709557668,0.02384141900160211,-0.003128747855459806,0.005929336869782112,0.044752924679202104,0.012419620008784731,0.025488223244106368,-0.1035553797804386,-0.13404871607566035,-0.22307345947776178,-0.19015009132984376,-0.000983394453080578,-0.01582151516177313,-0.04741974011656508,-0.028913885271304625,-0.0017440874499298042,-0.0053377641126542315,-0.11557970732147312,-0.06329758767173865,2.1782507404540506e-05,-0.04671277844651279,0.03251117996245613,-0.11557864389742288,0.04087048477281838,-0.20340316292635274,-0.09971566300192032,0.029875054288129792,-0.01152678666115178,0.0009809481390922652,-0.04402464426116587,-0.05948923616706387,0.02762120488262126,-0.04665576245148056,-0.4878205015639949,-0.0015049840877846268,-0.4566092726140483,0.04951592042934898,-0.0041926625178416435,0.021510155306311632,-0.005706838536932001,0.020417141040521832,-0.008759761675851336,0.008109629746815006,-0.004862366078608236,0.03838629235016835
20_1,-0.01602031092027861,-0.006828693404828737,0.0015574985332475742,-0.002035974697353634,0.003809835610667842,0.013756762486263866,0.002823364837646265,0.015552135204341866,-0.006831752867316112,0.008660967120240247,-0.0008805352287147471,-0.006099575761023409,-0.004515935400464911,-0.017596047878213124,0.02049935120018909,-0.021766320587781437,0.002040089275271886,-0.0034382932149652936,0.015653775732136173,-0.011612544919637199,-0.03340431000465054,-0.0011696290905451744,0.026626835210293923,-0.049010287348329865,-0.05907353233596956,-0.04944010518409009,-0.03106368865182185,-0.0028410184182538108,0.020888539751738332,-0.020678923947345232,-0.006382995959371415,-0.014898785008129758,-0.0011604316883303647,-0.039312510892646,-0.005782153681127438,-0.05490529554202637,-0.26724417114437093,0.002546518001038803,-0.005390987418303079,-0.004118842945863244,-0.035285286676258534,-0.02192185972297353,-0.015099486490042698,-0.003925514882824519,-0.013042948356932732,-0.00795984605721445
20_2,-0.012455654815726415,-0.0071057379541309106,-0.006095319828327267,-0.0115611141731932,0.0038103989220424797,0.011409968720919062,0.0028147372807248556,0.01055720398063872,-0.0056043152045945725,-0.0010185611972151848,0.0003151619007413323,-0.010355732134344306,-0.0029936075897717997,0.009022338077679118,-0.015629041707399392,-0.03530944852149658,-0.005789252900305559,-6.531106276662976e-08,-0.0802371255402988,-0.014234016886344007,-0.04030307242679773,-0.006494870646201813,0.04258688445583978,-0.05153330327393877,-0.05399174260858993,-0.06038764021839883,-0.02268731735689818,0.0028686455550066504,0.002879218771957185,-0.02041756073489205,-0.023495934144538544,-0.00967120056936534,0.01123318309787732,-0.039182185937005704,-0.012661196220607117,-0.030908149596805302,-0.3181962186441165,0.002502595421086046,0.001819144793672622,-0.004783615531781579,-0.0365438786946789,0.0009467199338739618,-0.016922119630036297,-0.007211122307271352,-0.00938862377723692,-0.00442932286177577
20_3,-0.012498463575753052,-0.007408694707030376,0.00011368045148224467,-0.015258697233523836,0.002532166562516634,0.011743278351886478,0.0005477086554660731,0.017884302333436727,-0.007348075526063081,0.0006522101728131878,-0.004680750794932668,-0.018465623542434226,-0.005768033636832043,-0.014188202071201254,-0.010067423577009828,-0.031672974096873294,-0.007194241372544183,9.366864319312505e-05,-0.07509023144170204,-0.03565657957213144,-0.042799554035101196,0.004327924638330585,0.025980910492794936,-0.0676181901478357,-0.0640137069556966,-0.07228637542632185,-0.022863591218981624,-0.0028508452314679415,0.0034544574114845103,-0.02109425574282281,-0.023135487150548487,-0.015212513886434695,-0.0030626575138657753,-0.04331834229516646,-0.006434185054590822,-0.04010909945898907,-0.3509248348831761,0.0026017527045120187,-0.006915930237718615,-0.00909450240176163,-0.03965343245437683,-0.008533227942778205,-0.016928347565150475,-0.00606085053363939,-0.017668884285963273,-0.005153293469933799
20_5,-0.015326673680817391,0.016090802962047273,0.0027735284493881425,-0.014741213962490137,0.0023209990583744995,0.01488623054941662,0.00033307234764946424,0.023767040599077624,-0.010333980383845075,0.00307588961452353,0.0037006283243086273,0.00039100541558895424,0.003819640336742973,-0.01346441160577126,0.02284701136165055,-0.0022860028861387497,-0.0016658709402694615,-3.1977694489741847e-06,0.02109886368321016,-0.022525734383319097,-0.050115181795365005,0.005138653195085109,0.032644925531075376,-0.05554054571718997,-0.05229970750747272,-0.06738738817607538,-0.02502544097127669,-0.003223812700113426,-0.023158982447766027,-0.022047149339573607,-0.020841263195288208,-0.018207293248184042,-0.012296495803211835,-0.04858140959805454,-0.00989507213709048,-0.03991315909368429,-0.3395745256552628,0.0026630065984140977,-0.004363783006674242,-0.008619259561812856,-0.036220682340341606,-0.020986720126937,-0.00930524600752914,-0.005344246823460414,-0.0095506097368464,-0.005724975140658605
21_1,-0.0050441957614471775,-0.015822337374779873,0.005283038606604227,0.007364152679833404,0.006315361361739147,-0.007318412462410167,0.014009712497233012,0.012344488652735627,0.0073543326759456604,-0.15185079999214782,-0.1714600474429124,-0.17195518500925577,0.0030207692222400874,0.0012222684770160017,0.030548396080151287,0.012923587218651143,0.005475823639129773,0.031756618977375285,0.015258940281064661,0.00277440543470751,-0.038142719235884436,0.030661972922374443,0.09180346490816822,-0.13964553196318968,0.0361561964862208,-0.2305511710519278,-0.10690755019744753,0.02170033587953605,0.08652862683952774,-0.006047194804614559,0.009978096562549778,0.0017679796489791055,0.011315217848966594,0.0360237520116674,0.048952038707947246,0.01040258648529976,0.0917849764413235,0.0002709566599198111,-0.00021261924611233157,-0.003774519898284498,0.002230583243829396,-0.0008101391159853512,-0.002542315181358331,-0.010158760054572018,0.003938315758357147,-0.09962944847712339
21_2,-0.0035789346825623697,-0.0151225381143616,0.0009047275602608007,0.0022296359946623475,0.0068848728889297755,-0.00798752762408902,0.010564311426123548,0.010683445907876418,0.008564339569101126,-0.15307651065710068,-0.17119677537313913,-0.17934719750617084,0.003749218322928915,-0.0011317184950849159,0.03157222737213063,0.013360344144820173,-0.00642471780520952,-0.017534232383561943,0.03807473040307244,0.00012501034961190306,-0.03936947512792375,0.026268755811768005,0.09282333526502867,-0.13583860895946606,0.037684515049637664,-0.235806707325273,-0.10844097069636917,0.01630464713134051,0.0646601794765089,-0.0040283635382195124,0.009339002393042178,-0.0007702032504413203,0.01291553451232618,0.03939458003322396,0.04657457899236651,0.008498938075135987,0.09165662157052909,-1.427594188954098e-05,0.009028552882360538,-0.001430261744452705,0.00010220449695873919,0.0004419679091038832,-0.0026596044935210143,-0.008506834864720788,0.002135537612526204,-0.14811268161459942
21_3,0.0029257889513862167,-0.007029327803636786,0.006212929858255232,0.006604222350686676,0.0068591540942829965,-0.007993330229437367,0.013755634703066604,0.011787662161090558,0.009665798556930245,-0.14969983143281065,-0.1648035913985178,-0.16323559993933526,0.0023909301229479885,0.0007659502548581612,0.01596609720997525,0.012353892914577187,0.004851008023547891,0.03192740955712726,-0.01916780211483321,0.0008936736567668684,-0.033936247435186334,0.029895010909994413,0.09020900884922904,-0.1445727038971122,0.03706471163791274,-0.2220541992116586,-0.10903494777549434,0.03188846679101178,0.07578389103990156,-0.0006482009319520664,0.010187001636165241,0.001692659586625079,0.023542021850581338,0.021568684223893703,0.04708284601211695,0.010249663183808044,0.09297300099524786,-0.0006403199161806973,-0.003063782786675672,-0.0026045985044420056,2.5083007266668567e-05,-0.0012261879024021412,-0.0027034579396778913,-0.010636284130238188,0.003199055163724374,-0.10067110947403834
21_5,-0.003236707490087009,-0.022810942756194223,0.005256302393613369,0.002974753877157447,0.003448751623021471,-0.007410644461684647,0.01667717485533427,0.011938529640629135,0.01203817246157781,-0.15233248845736136,-0.1727740096567951,-0.17239274778605118,0.0027099745873560995,0.0018733299414320048,0.032977098477639605,0.014245325810567113,0.011874756937736307,-0.01600221698985605,0.028561360952163863,0.005277626630692383,-0.037567543698749054,0.028680318104560926,0.09323854916260534,-0.12985439216900077,0.04747685177465793,-0.23786125315130854,-0.10859455770023367,0.027948728678309873,0.06525061252140614,-0.004060148426936057,0.009601984581558023,0.002619638598700174,0.01586336560389227,0.03895068755644711,0.05406979399310935,0.011990431781849187,0.09275740124370267,-0.0003345753156506646,0.0031410369842016644,-0.0005597867145370077,0.0024232260823806337,-0.000312375438622385,-0.0022693753290640196,-0.009225327317618964,0.00505983713067703,-0.14046415473091353
22_1,-0.0004839088860461011,-0.007061613994705343,0.0053014039113169495,0.007069027331644438,-0.0034315625258808696,-0.007898598947221207,0.014234862775189216,0.023107767896317733,-0.0078050637432599025,-0.15537656733163227,-0.166741575724347,-0.1556245724095084,-0.010253989526365553,-0.001005000252339225,0.010100525983113492,0.015292374364049554,0.003824595319842982,0.021056525641199544,-0.033529730367506956,-0.01622823980356777,-0.03419393144420441,0.026909344268019015,0.08826709600839688,-0.14047970591273215,0.04245954029557354,-0.22449718198432553,-0.1064906485797648,0.05900917124843779,0.09466134761491252,-0.004719739773293467,0.007185072088602998,-0.0025747846919101625,0.025592394355453265,0.021332077597135863,0.05288100989126492,0.007241854377760579,0.09398809935783983,-0.00035588258533781583,-0.001977078861809427,-0.010321977415432637,0.0009617244700335609,-0.004637410525849665,-0.008076695876133723,-0.010686965123457338,0.0015965214063074105,-0.10091422339205702
22_2,0.0006406408282718106,-0.018371784806316627,0.034057969155931074,0.005343774776376563,0.006296271821204358,-0.010030167746734901,0.019290446695551147,0.02355901329198405,-0.012930434299951804,-0.13377314135230986,-0.16766585560183156,-0.15726131061171375,-0.011011900416160618,-0.009851284843660258,-0.01998770196889732,0.0003117494100869083,-0.015241163386279745,0.017695669587879492,-0.05963821163963311,-0.02326798489927401,-0.04652880857798334,0.02889239998117417,0.08839420532599594,-0.13359015595254392,0.04436693788125204,-0.20256404886847199,-0.07213801989599397,0.05979138645356961,0.09433671872015809,-0.005289343948987277,0.010875771472825401,-0.002456929854890146,0.026949545877817612,0.03441768026917841,0.055136015620142274,7.262756788323913e-05,0.09695211712936873,-0.004216414286387015,-0.0006056334565054481,-0.006467015973994373,-0.0015904344528171925,-0.0008520949621092424,-0.005418370471255891,-0.013142498051539874,-0.0020282669402211214,-0.12361060298780191
22_3,0.001113283681588789,-0.006321952007571998,0.033565483574925836,0.006542073241625845,-0.0039600417638333075,-0.010682800522329318,0.011645793690439471,0.02400733319386126,0.00028762002962259923,-0.1411316565351366,-0.1731561852287141,-0.16055152964307534,-0.011820374563560169,-0.014051488880558053,-0.018642970978283765,0.0002284044109121267,-0.007684404740488854,0.017337924231507304,-0.062436942325275045,-0.018388085077751786,-0.040209674495214905,0.026218405217838796,0.08029156319118208,-0.14188342992388298,0.025812981996523033,-0.2041651431516171,-0.10156655157585684,0.057217536665936174,0.0926945052174647,-0.0032937424646908237,0.002197127775098488,0.009864814816171215,0.02670783666230833,0.022963734312719895,0.050356176645086605,-0.0032305488767463367,0.09316433564497793,-0.00380853139438096,-0.0032570649725549026,-0.005361516442818355,-0.003410055349141576,-0.000293315182429333,-0.009727668597270235,-0.01211118089469175,-0.0023176491498718755,-0.1203616129948918
22_5,-0.003596715550531955,-0.02166748201234359,0.0051304678378827585,0.0027163768906982087,0.005603790968839918,-0.007582569810673669,0.013343490720051091,0.021767861500831123,-0.0029737996403003796,-0.15706265790607285,-0.17564600828692098,-0.16765903188533335,0.0033729664199224356,0.009979672646883632,0.03598556587293209,0.014691454107925666,-0.0036487560638062606,-0.017468281306865827,0.025470518560445667,-0.0001904405529538931,-0.04267781727700975,0.024105166094210737,0.08829757549299358,-0.13302584165692236,0.030559700247569096,-0.21479579559611509,-0.10564509952848808,0.06436031113439551,0.08905293081933423,-0.0075399401234496006,0.005304096126225451,-0.0015353107477738231,0.012739616552002408,0.04172734940967753,0.050882555313792606,-0.00010790543687408115,0.09246139434090529,0.0004213537677780812,-0.0020651238441635965,-0.005926850987927503,-0.00038363712644140166,0.0009919488354537286,-0.003902229876773338,-0.008141951093568297,0.0031724494197801064,-0.1412527366654033
23_1,-0.008006315752709395,0.00760792751980421,-0.007581913801147507,-0.018977852981629673,-0.011473561949942689,-0.012689900276261845,-0.015838366206441544,-0.03501537791285483,-0.010665704658559112,-0.15749350573731283,-0.18421007698792122,-0.16811964361364237,-0.005131550118782042,-0.001072974713746804,0.012024190421818112,0.0090026398121423,-0.014367066069362472,-0.0019148801672675627,0.0035072570347021194,0.0007784721841029705,-0.008778171357129029,0.003902134529271843,0.08450540920264021,-0.13784532521583423,0.03610887089888317,-0.21194666781291663,-0.11645805696935298,0.015664266018396527,0.0029816503308835044,-0.011431673973715055,-0.02921031213333082,0.005746175439414743,-0.048977494711187224,-0.04005119976269893,0.040300216951379954,-0.01573044755427018,0.07467509308339741,-0.007683827132684571,-0.023050056786188648,-0.00917159705615631,-0.002231559873650901,-0.009221925704161603,0.005952962278456559,0.007468278704293142,-0.0007306812731830092,0.01634082539235919
23_2,-0.007989958782991396,0.0145786822384469,-0.007785329173383695,-0.01674560533857492,-0.008903058563566905,-0.012538795246535046,-0.015076848100878724,-0.045686251077832196,-0.010354827637600886,-0.13393990319000076,-0.1833971439674207,-0.17583523509030968,0.0008636830892418124,-0.0012670693937529517,0.011441112175880102,0.0037401677824345386,-0.007442695815769028,-0.0014969604938684456,0.002806964365284764,-0.00999053402152326,-0.008280539906723536,0.006668870339206037,0.08399623374876243,-0.13908270527848732,0.038428133699899815,-0.2045320307319238,-0.1149712899830573,0.016792228024188543,0.004519612196783333,-0.0056752926482436915,-0.027966421634160486,0.005983086159653813,-0.04802791374296074,-0.039705882757392424,0.041269938064813036,-0.01550138028629428,0.07430788427183183,-0.004196878847147293,-0.02290352447651578,-0.009241447744098024,-0.002305381602719655,-0.009214510748439122,0.0045637343066444215,0.008507338468966659,0.0018274864442375145,0.017116231062677636
23_3,-0.008652803752167532,0.00481444643236537,-0.010410349662782242,-0.012696983797667946,-0.011846455360846251,-0.020541909917838764,-0.006688408987373695,-0.03747835497242917,-0.01117633512348819,-0.1582416326788021,-0.18703251412608876,-0.1689396754763363,-8.591940229036015e-05,-0.00043814460783300264,0.011320323776286228,0.0040048356131690875,0.018468911634831733,-0.0014323408643608518,0.003125711729436305,-0.008017535045579312,-0.008428908115557169,0.003104517152471684,0.08202163690604777,-0.13318773768050549,0.03549727275091426,-0.21429699661004198,-0.11699083228673546,0.016407233062567923,0.0024426387993747045,-0.007513303881245633,-0.030027735854653067,0.005349165092253829,-0.055435649641806466,-0.040104906968737614,0.042912247878410095,-0.015886686378846538,0.07322170986512953,-0.003394561874942416,-0.02887501314853265,-0.009198854412831912,-0.003964371396662465,-0.012595899455023856,0.0035347624204346197,0.0017865465279934616,-0.0005919598053521931,0.015996550370565365
23_5,-0.0079151871808151,0.010695094840934331,-0.01028334082022408,-0.008733363270664799,-0.010806938890045689,-0.02045032599158173,-0.015611021450874514,-0.03838751029584641,-0.010728670105157418,-0.15274955293312473,-0.1748931642188646,-0.16290302567968293,0.0017332841384977097,0.01376159126869967,0.012204160470093177,0.007985946808198406,-0.013609314191447262,-0.0023285112548340394,0.01405382340157261,-0.00504662668973893,-0.00789187744571451,0.00488294320946059,0.08570184144822614,-0.13754715878931173,0.05680872098696965,-0.2142584225216449,-0.11481363820091174,0.014808838272394369,0.00048206191273919346,-0.006581023273944712,-0.0034063947183972493,0.006273752498800491,-0.05513966903522366,-0.03827262864008786,0.045352735538618676,-0.020295744420922128,0.07427022822298351,-0.003249575377552409,-0.025024452852679728,-0.008483819809351034,-0.0020091299038401626,-0.007620069192929423,0.006759362696545233,-0.005148427499146972,-0.0005415664671911907,0.02082022962302775
24_1,0.006187267009269151,-0.0027762727056757797,-0.0010773020666409753,0.031927746250019914,0.008600520817505541,0.006156100790938654,0.007164578947335918,0.037434866341619646,0.03746476779087386,0.07211135195993078,0.07765465364194044,0.04543889286491384,2.3296697051944203e-05,0.022789359767745297,0.04613231827318667,0.026331033980034012,0.007974549025731244,-0.004101921078616697,0.047625011304687215,0.01957310001625196,-0.00890946306724771,0.005559953780142117,0.12041714326914435,-0.0949662826081347,-0.009600873072537241,0.03832766980034057,-0.004262461910876422,0.08650739749752627,0.08084130824010016,0.00131670887641094,0.020532291739196868,-0.006859706827159604,0.05515516701248999,-0.027682163348701484,0.07385330938400883,0.010940467422679073,0.07262092082614685,0.0016116078993001412,-0.005425815438559427,-0.0030891854339122225,0.015724295467315262,0.007264511074190184,0.019543476965170174,-0.0004940205793772924,0.011999539655592584,0.023682997786433412
24_2,0.005942371611556276,-0.002894429703147409,-0.0009248819725909086,0.0323893379142646,0.009979410531084714,0.005860681406586845,0.0013387180283966646,0.03696910749305066,0.03886167777947455,0.07095185911928373,0.07920227723383483,0.05110245204881857,0.0008551077200605548,0.014611262726800996,0.04680761451038551,0.025587111870473706,0.013236587114790976,0.003259606343495071,0.04246197928529873,0.017974293273257846,-0.00794312394187459,-0.006948598912010038,0.1208130169466659,-0.09048634893914059,-0.016340578856762423,0.037663981187536937,-0.005730602856473862,0.08636618211357883,0.08575523943239938,0.004162022153090104,0.022190543223036648,-0.006721448572583744,0.05268209351254064,-0.027584477481100968,0.07825569832469634,0.02175302532553554,0.07130747782676161,0.0015430211021017844,-0.004667407532641599,-0.002539970920745914,0.018573891245793978,0.0086956585776749,0.020400812818053678,-0.0017765183894756656,0.011616634277282725,0.020283058709139573
24_3,0.006041085904946069,-0.002992107563888892,-0.0007345411544366766,0.033335058697880074,0.008283450415842183,0.005783073896607679,0.0072316592750069275,0.03250084197030652,0.03742385418276626,0.0752494172091449,0.08064764327191551,0.0436672605380253,0.003074539992543257,0.01182382232684164,0.05411256148501982,0.02693177420232226,0.010170641138847964,0.0034340473785756417,0.04437080155356101,0.019853031029134764,0.002085505138472402,-0.027062564002794016,0.12029663671915895,-0.10307670903000521,-0.015507947396745544,0.03671534348082441,-0.03585850022083604,0.07684616002324977,0.08338880591265443,0.0024804728383943527,0.022440358649998774,-0.007652850627899081,0.06039190367590757,-0.029673405205049096,0.07224947421614795,0.02547163570765457,0.07330343119428641,0.0013646801685103251,-0.004632077337863572,-0.0032367683978354374,0.017937785801561176,0.007679636325816856,0.020783974976991217,-0.0008053277410796445,0.009443597178926446,0.020907573606764596
24_5,0.005791665037913727,-0.0027796377921043636,0.004372357880857079,0.03207123247793822,0.008677230209936647,0.005986083971024422,0.007477505897863791,0.03389516564429495,0.027207113437339652,0.07310375582616487,0.0777770274799717,0.04507187783995618,0.0020606765147727717,0.014108397383541747,0.052668491076580476,0.024102971550685474,0.010843737097273022,0.00042522820825983385,0.052479193020124396,0.0159934985354115,0.0036538484870044957,0.010070989434444528,0.12048357114056109,-0.09392112217400511,-0.013010090362236154,0.03911419610605647,-0.03212092112120742,0.08398744776017614,0.08320502918045729,0.0012346097562546845,0.03008854677693952,-0.006572083232859132,0.055296663956658575,-0.02902882762201014,0.07781853285134716,0.02335765012605266,0.07759445624659803,0.001497174084388583,-0.004750155948768944,-0.0031825830838524798,0.01785537734428708,0.007861731642060636,0.019818531175732703,-0.0004416209615980743,0.012874296461570116,-0.0005859280986659727
2_1,-0.0017717051704676618,-0.023210176400622423,0.021997242583885322,-0.0007162095266280461,-0.0003468987971049218,-0.006625706201126586,-0.01577354114199555,0.05143758594786011,0.00013097760863099297,0.2545382757832656,0.4069740405324166,0.2832040623126391,-0.0036111396371833124,-0.009816033923382336,0.04663108256912196,0.022195044507290266,0.011644416165147185,0.0015638827048187348,0.04937764117524411,0.00805625138659991,-0.07430017397608142,-0.10729619601044846,0.05167127956703167,0.352397994107425,-0.016021659556394532,-0.03659199861846662,0.2761178940659361,0.08186825167994884,0.01207883665412513,-0.026539367795689765,-0.007337971094989361,-0.006914723591732284,0.0022218133915172626,-0.11887669584677837,0.017655040739553998,0.011760516180254196,-0.0026060146259285584,-0.006609516362102482,0.017503175466434227,0.0013043579249505644,-4.5461479609452526e-05,0.005673642157978887,-0.00868794312694772,-0.02069075900013658,0.00829008248104979,0.0402098192896218
2_2,-0.002877695179607632,-0.01091853735955456,0.004070025881338896,0.02982098738854556,0.011343945884506743,-0.007152997241371547,-0.021524417616989512,0.048808193978153044,0.007678539932123898,0.25791611343662585,0.3473553208643643,0.1516771773601706,-0.0032114260015504333,-0.0037618064039248375,0.03986359673956452,0.025338073678075196,0.019774284145195192,0.0016998574541001463,0.04433941978071458,0.0070076547276057685,-0.012854189906876284,-0.28234669879220653,0.03542676959118025,0.37968642873950875,-0.015867904288874607,-0.013357978223290544,0.2664204562527592,0.03755908284461234,0.07296396524956163,-0.045706559179475595,0.004317438830904777,0.00043748416600437233,0.009389321369834789,-0.09485910778141242,0.027685588041509727,0.00858323891119673,0.005124349589662808,-0.0024673897783773968,0.018124865212407276,-2.1431034446572905e-05,0.011516523307495544,0.007423739089431671,-0.0023287039403595195,-0.015040285963841545,0.009075836704157474,0.041538440462247375
2_3,-0.001252687868189388,-0.02441464395686135,0.01273926737713442,0.01901803776573681,-0.007105552130059683,-0.0019196674850821818,-0.025583556794054964,0.05222513705761847,0.0034585465639072176,0.23579220706080076,0.40063391263417286,0.14274956335918662,-0.0011988469962984517,0.008101839427520264,0.050662067471296174,0.039665641375301396,0.017587879446875974,-0.0012706593188280672,0.052430295488231145,0.003979914352187638,-0.07043156423430387,-0.11184184440929773,0.04731522358596689,0.38754080994029355,-0.023328942136807914,-0.0242181934961036,0.29975699421895785,0.01831679005178528,0.0074959220381212565,-0.04306217156559994,-0.005114014454669431,0.001814803239697947,0.007498388975659934,-0.11781020800134291,0.009760209303626526,0.020789843293085534,-0.13141316923637278,0.0004715584084504403,0.011220353164907363,-0.0035719488591882628,-0.0042511965521305276,0.014656011525136044,-0.002990933604205524,-0.0009820695827014432,0.016589913825758078,0.0353930680030615
2_5,-0.0035731698488161703,-0.010575413032909438,0.011709967162985092,0.005238791394810294,0.011250101332905361,-0.0034152089399681483,-0.021781931662607567,0.04977877081689209,0.0012934340295976347,0.24107742633738774,0.39327760123784017,0.15005409262868855,0.015103269108442568,-0.007886556586529293,0.050283732626840154,0.03593115427022279,-0.00029676594070293465,0.0013640465984237709,0.04543710876257898,0.006138520801658527,-0.03075195709043036,-0.022410322360578938,0.040120597824736676,0.3415361149822924,-0.0237887739160144,-0.01596606241061964,0.2838050080338556,0.019569776533549372,-0.0011153099878602082,-0.04675374153081935,-0.005994941065581433,-0.005088260335649237,0.004319910767116957,-0.09254543899662887,0.012845592971645,0.01201320441039248,0.010378763131914064,-0.009947919225770279,0.010706995614455626,-0.0023503883250536916,7.622230158682054e-05,0.011112522832003,-0.010659419165113851,-0.011831933774938599,0.010666727879430632,0.00491837821711414
3_1,-0.004537709078784739,-0.0019220946695344186,-0.00234448553239032,-0.008667737648517533,0.005502745382964462,0.016621434045975478,0.008878049690513054,0.01856650645947092,-0.005200106001527828,0.06623297632454786,0.04220739070686817,0.04628421102120701,0.0031822535625903397,0.0013273943009698436,0.0365389671452396,0.030210673275102632,0.00804416068440667,0.00023264510732164085,-0.023803069866990635,0.00863738613648641,-0.030222753963712535,0.005360881214028198,0.048888776335769116,-0.008795598597395952,0.0004080394313566828,-0.0181712513558368,-0.015353764319754402,0.06132863348799077,0.06303403581921571,-0.019403136172209023,0.003628332008331836,0.005048423527508889,0.010635729667964248,0.007017483013753529,0.01640931458966281,-0.025559750274197067,0.050843594252336796,0.0025747208574680197,-0.005778929192562199,-0.0043705070035890735,-0.01396578358370297,0.007543715634688643,-0.003699143143216573,-0.003077116438374156,-0.014678419793941926,0.012595463233608219
3_2,0.006656679471234717,-0.005390231225852762,0.001727991508850593,-0.005020091752307046,0.008803296422076603,0.013593243146896073,0.005803933549456036,0.01803115938984409,-0.005094543338803048,0.06464993046450392,0.04649723208854904,0.05398512504122698,0.004934877916679074,0.01704772201509134,0.03866550730505483,0.021857661297360557,0.003552992262173721,-0.002839636182832913,0.03516882186056418,0.013525183174141845,-0.01328021939523511,0.002160303242624408,0.05567915700351224,-0.0003710810571049719,-0.014051352828191959,-0.0746341658389278,0.0012775100444163904,0.048520334561356813,0.06268034805099237,-0.0033483667807368738,0.0025326738985552693,-7.935337170477313e-05,0.00890361888732327,-0.03535874364479544,0.014084833170400527,-0.014985530521853512,0.050837573586438346,0.002498253638621814,-0.0031970832571078943,-0.006624779164302062,-0.0115626787381005,-0.0028015115017098993,-0.003971993288658311,-0.0037346212379413546,-0.009861282355072989,0.015110458686829436
3_3,0.0008651178217494185,-0.0021062011567505425,0.002431468884177531,-0.009845367766762089,0.0019776259871009242,0.01699128738889203,0.009002712688412432,0.021330438378746236,-0.005171557353823342,0.060678202166031404,0.038012323920610006,0.036552304184432706,0.003255775074671533,4.2045348902565796e-05,0.038641504439096024,0.032787333385625804,0.007664089304071766,-0.0025705863512286557,0.023855774181564073,0.010754850066211342,-0.02968665347971396,0.005594582858031968,0.04346617030671917,-0.007599006226635319,-0.012082883271412947,-0.005910579624712903,-0.014129737803169418,0.0280640772794639,0.06589593669770523,-0.01904381585069201,0.0035437637681275617,0.004644700810626868,0.0057967910922877095,0.008333424227731161,0.016828777967279513,-0.03120250968865727,0.052740564279982305,0.0024776703394457536,-0.0030944411038979634,-0.002521653888107856,-0.020099278303913434,-0.0017901359710052304,0.000737457946797293,-0.0045193247378094254,-0.01483329463366592,0.012160075600110624
3_5,0.0007501308829846255,-0.001040971705421983,0.006784840430956124,-0.0021127633712192005,0.0026406415029991553,0.016354219518448315,0.0063013873671716744,0.020926973810459788,-0.00360287315345741,0.061316838197071594,0.046489898389564646,0.050264382724870015,0.002216973073246443,-0.009735657922727247,0.041683239544190585,0.02655460196277028,0.006297051502357824,0.0013487850648755898,0.037921682802829614,0.008618780463138324,-0.029463614801489266,-0.011509274045459737,0.04724356019240928,0.0015029577573016468,-0.021776810943301122,-0.0054307717267073384,-0.015595651208171213,0.016968857532884723,0.06538636819358416,-0.018492229792456023,0.0027261070181584016,0.0020174539860875204,-0.0028678753845211655,0.00920484569026185,0.00624981858128319,-0.030491114068131518,0.051217629739966186,0.0017967552049127332,0.002419763525177241,-0.0022608079861786597,-0.011756803832226138,-0.005239426393802466,2.8822823575129677e-05,-0.003200769257814367,-0.007804878062045448,0.006988052679351092
4_1,0.0044252835575173104,-0.0012643503270016675,0.005283852343199903,-0.002999511128618078,0.0015085418020915438,0.019254644107217504,0.0067099628102917745,0.02053581360822392,-0.0022423542749947,0.05823073439523207,0.039530848704537706,0.06092316996871861,-0.004568346823963902,-0.009765529955360917,0.026771561653367706,0.02296902913913452,0.007882320169717794,-0.006211392244554944,-0.04113358534413483,-0.009980967946180508,-0.030273824163322166,0.011037846114449839,0.059804760139467075,-0.01195229689566477,0.008541774938096559,0.0127736560679834,-0.015371293342933839,0.05048316854169636,0.07040143279947313,-0.021841467842991114,0.006018294961705969,-0.0022197837657150776,0.0054272172980885745,0.00891682495576732,0.01788407248883788,-0.017094128354981808,0.055236353682642826,0.003181071441485274,0.008890977210246245,-0.002184689253289877,-0.004687782883822961,-0.004904996619851898,-0.0037586907727552104,-0.002161895969430837,-0.007649800546196992,0.014987176472581501
4_2,0.0035842707081969447,-0.0013001044501378114,0.004230448277500234,-0.0067516221145119655,0.0023162986515563077,0.01862895337007711,0.006368256246523879,0.019589366250043427,-0.0022297021983778745,0.05795728207611394,0.038308926975743625,0.06004707732211224,-0.00459940918615938,-0.009550621199308669,0.027026662271074076,0.025354854373386537,0.008274794341849332,-0.004779753243574306,-0.036553784796188885,-0.007893213329291137,-0.030618855552369876,0.010045610077894208,0.05407626037321776,-0.01157159173283473,0.0084385102494925,0.015011559134095081,-0.01524745617540593,0.052918340343664654,0.06735371479753556,-0.021591162077839104,0.005534450252021216,-0.002934520052643262,0.010226018908841273,0.008990955287417727,0.023267119184114338,-0.01741812026478879,0.05735114725086512,4.075945635658037e-05,0.007716617520404533,-0.002896700748442606,-0.009594624285621328,0.010955427186035916,-0.0033320917138484154,-0.002128163787635017,-0.007340300506320088,0.015639725242276505
4_3,0.0034924149643983915,-0.0017801641931320701,0.0014957264596333173,-0.0015667424467327392,0.002349736664592693,0.008372365971996346,0.0046185695884273376,0.019016503408797642,-0.006563988328491517,0.05691957593598836,0.03515406577840488,0.07277785939498128,-0.007207227364072932,-0.010603132728023745,0.02413748317823468,0.025100772822853303,0.008617574941058144,-0.0027873412117731286,-0.04147382681255605,-0.010230003967850697,-0.02821493830634602,0.007879676389033677,0.07184454854673103,-0.010269604589821069,0.00689957358173596,0.006517358417562628,-0.009740237993518827,0.05649018291704089,0.0662800641146221,-0.02186729223171707,0.006977048081965185,-0.0001240640024135256,0.005661738910128835,0.01801306209781144,0.03357058764122561,-0.020777489051298087,0.05653010314919409,-0.00013229086470887207,-0.004194297262246134,-0.0024499637831046552,-0.0014747331787588929,0.010968249829740671,-0.006817785988220531,-0.000918165908793445,-0.009768883267764995,0.014931011350590679
4_5,0.002152057074081488,-0.0012730439092860524,0.005409297798015188,-0.0029851203151352278,0.0013788326550840451,0.01924696037952867,0.006734384745721293,0.020714860775109725,-0.011186094136842578,0.058212424652738674,0.03961536200358509,0.06028246883245753,-0.004695542980951262,-0.009778423238194504,0.02565810092124332,0.022980622786961693,0.00793421875701928,-0.006195382432588362,-0.040126417550238394,-0.010116724886303434,-0.03025780567917084,0.010444764918825183,0.05982381023140271,-0.011980596975424179,0.00956947357495616,0.0108822063874153,-0.012484737373829876,0.05356475511686691,0.0704390336779637,-0.02188780312267904,0.005914356435530085,-0.0023835855463115634,0.0027606284139959345,0.007805094069842619,0.017857225425989998,-0.017070192465436514,0.05291104649299807,0.002826054016100328,0.009207715113652367,-0.002257922788482425,-0.0046202391701458435,-0.004060979165188581,-0.003756261693496969,-0.002562631099914084,-0.0071023930368599945,0.015277488753016082
5_1,0.00034640834290010017,-0.08949383377690184,-0.013831167959339283,-0.06594768712881048,0.011679598891026625,-0.07717302136793214,-0.050795548422492835,-0.13560327039099768,-0.013782134793485595,-0.14883769084922502,-0.3196289217877566,-0.2624553429893549,0.006147864758054122,-0.01607220818687641,-0.09140236442021253,-0.057112147756080624,0.01080475353290886,-0.020373807226564126,-0.17948020353220434,-0.017581994439438697,-0.08455645335720542,-0.14537043444181438,-1.6341753154791667,-0.18026281906558966,-0.3073662476232632,-0.20964957262953915,-0.11849391143149149,-1.5793283376408584,-1.2151395444640862,-0.043248165126403185,-0.02199657529422717,0.017949827088437058,-0.15059941743493147,-0.07058122003074896,-0.7341234946242187,-0.04425663147877692,-0.6197876384608294,-0.046455503358588696,0.010242591671326672,-0.048746132594132956,0.0002890657741205561,-0.017861459602535643,-0.06080958274928821,-0.05210463818800898,0.007279833157875399,-0.4511029371586105
5_2,0.0015397430484316095,-0.028815427080802123,0.02235736497158078,-0.010462864439524723,-0.00028557840627545234,-0.03073670356839595,0.016598994952344008,-0.13465964708068126,-0.010187820105816219,-0.1382138208292679,-0.32778289218769074,-0.22679544074209626,0.003759414098902794,-0.017061987624512696,-0.10950166684509342,-0.056420030887796936,0.005890310184255498,-0.020233767976117877,-0.159224320183591,-0.01410412873083242,-0.057267464259734176,-0.47344061061768894,-1.5946106969969578,-0.20902128954251642,-0.26780758560245627,-0.2074477049658182,-0.07425152791255121,-1.4944514860400708,-1.1684913469781173,-0.042453165883831384,-0.021531108459857045,0.01675769446982093,-0.08383846794256913,-0.05078986976294265,-0.7301994453236804,-0.04990292858556841,-0.6291222660411274,-0.04540717202185544,0.00016679596689929863,-0.047769095189868785,0.0020292062943144734,-0.0272740215936373,-0.03066763577441975,-0.052061638759471895,0.007150995949623414,-0.4307665879835798
5_3,0.0005343025154676607,-0.09405804768329337,-0.015391898547593829,-0.06767901868028289,0.011866918047368882,-0.02972395884783856,-0.05205817929830834,-0.13563235228566028,-0.013401736778836633,-0.14818302824714466,-0.3240983636328867,-0.24661807258468388,0.0028104580222079994,-0.014977876282391361,-0.11074812308920359,-0.0569151006159799,0.005207951606793604,0.028369098074416992,-0.18113459043313043,-0.016561375395651536,-0.08442763857872357,-0.4704724177285811,-1.592103997837146,-0.20018237592204927,-0.3079618564100831,-0.20723292806554822,-0.11841649600937063,-1.5072652248212157,-1.1692338323647364,-0.043080662089860174,-0.02207451033492003,0.018204311509951082,-0.0844808187105888,-0.06723565902084563,-0.7182526929494748,-0.04903684640626788,-0.6196083616769402,-0.04681854527773427,-0.0004382915780108907,-0.04873818835801066,-0.0026393897650154353,-0.020961726737465124,-0.028454426394592766,-0.05295964638620816,0.006865809176395944,-0.41356357102496555
5_5,0.0002544662821221499,-0.08948822474563857,-0.013763432486847131,-0.06559439147825881,0.011722716312397486,-0.0771758219903563,-0.050408845786880985,-0.13570909600083547,-0.010167097951461628,-0.1468300945004283,-0.3419568710152534,-0.2611271768886302,0.003173535990079735,-0.016018152752956077,-0.1142620838729864,-0.07756190812617182,-0.03707862651838036,-0.020447243451186498,-0.17625301126784185,-0.016603232063484512,-0.08478742675925499,-0.23977966823669314,-1.6337732498143205,-0.20081072298684086,-0.30748285204786907,-0.2101997499468981,-0.12054939324261875,-1.5721008017552545,-1.2161524494612281,-0.06005528379567507,-0.022756166849544807,0.017861277167276663,-0.1507807399015369,-0.07062403731750282,-0.7263729143754007,-0.044860735046190356,-0.6187502925676281,-0.04642775733911762,0.010230253388947064,-0.04913204442732184,0.00032349681637890626,-0.01784982183574749,-0.06060357737746149,-0.05221893889940778,0.006390857604713814,-0.4579909454277926
6_1,0.006531834767315401,-0.0074250468396813004,0.007346521430446313,0.0032918437903369413,-0.00779970353646948,0.007312426930629028,0.006470077188972653,0.0229328523218776,0.002947306452026116,0.0632956391351911,0.0693900839107149,0.11655475278810172,-6.191199168118424e-05,0.018027637049825403,0.05071702511747677,0.037513732207982486,-0.0013299228757524674,0.00047878422747060567,0.04553728062073948,0.010210271366958817,-0.017717077040882694,0.004425325853336876,0.056189301296915586,-0.011861785558280437,-0.032680044107872085,0.038889910875176195,0.004300232804347949,0.08772811732517903,0.010583907320636639,-0.019985864036749765,0.009111089556333166,0.010435157706326779,0.013890089455917909,0.009152010068679238,0.04744727570890893,0.028752943789171453,0.041238026753071616,-0.002828063034714174,-0.0022947509655820457,-0.003081888996487138,0.003970426123289503,0.013253782079671516,-0.0287577354148513,-0.005663461249604312,-0.005974559860335492,0.032271168998477914
6_2,-0.00934073995043034,0.00035788877077763486,0.0035183505684224293,0.00486359338809114,0.003817144292434047,0.008910597111807366,0.007409578632043061,0.025542860203255986,0.0034166814034084065,0.07431320191775465,0.07379407737637086,0.11704642409934467,0.0023200686582402026,0.014449841835083773,0.051406735424925895,0.022704764892899097,0.012478180572511407,0.003986974256104401,0.04929256705151958,0.008195470191901425,-0.02625683246499119,-0.05823293458024936,0.05797085483242232,0.0037280248949475695,0.037727466519041145,0.03835931419429965,0.009055793404173057,0.08433393816471249,0.013409828462923852,-0.01727812090793444,0.004531094800815616,0.011621610483374423,0.017680629209580825,0.01508566823278987,0.04163746087006719,0.029871288474159877,0.05002032157183542,-0.0015905206849228394,-0.009845100374980015,-0.004022377207836617,0.007810436350837908,0.01315362390552633,-0.0033083817496637256,-0.005368395995777641,-0.003183608224144933,0.03804015784776212
6_3,0.012448783032460692,-0.0012333540638877472,0.004364854271695252,-0.0028592118764606163,-0.0054831968422450915,-0.0030157752845160917,0.006192990106084284,0.02501291894178659,0.0006399160883091791,0.05869461459449723,0.08505933154027677,0.11914095385257599,0.002262352316091899,0.024596564048809114,0.04848132957045734,0.029873695185600492,0.008836960792284106,-0.00341307964540869,0.04705166165669609,0.010474977308170201,-0.02549913258353914,-0.07964060663014934,0.058214079850164045,0.02385596375197034,0.042023447652738154,0.03850629202771255,-0.0006848758110587423,0.0748173112380311,0.014277637122165858,-0.014724255203657095,0.008579992268443847,0.007515805119283298,0.014268156975772986,0.008215216000600194,0.04762663114894722,0.0268804119948453,0.04359531898956865,0.00935014255126939,0.006294138108533489,-0.0084824213505035,0.008578708218975408,0.009425017776562971,0.00046648835231312766,-0.0027917774516789478,-0.0058820867660031575,0.0701718593924915
6_5,0.009123864097275716,-0.001870928895130718,0.004842551107506071,0.004532239756282035,0.0036400482005619003,0.008206260153783243,0.006596148720381351,0.025171803589898442,-0.0010658616716848611,0.07329778052720688,0.06726312573559524,0.10962257829298695,0.0023005980906541518,0.009122012713285884,0.05274628604960644,0.028920655762823686,0.009703934132522728,0.0009283905563210299,0.04281642019841551,0.012462083336668673,-0.023624745990415082,-0.0116021254600165,0.055908427316415404,0.0043396357914431615,0.045357006047289886,0.031687135215276725,0.00502689233430114,0.08921237436835092,0.011812345810372264,-0.01842109617629306,0.004663013180033197,0.0004946815488190231,0.01492575930304807,0.014496748751697097,0.044038652208279884,0.0268653255094386,0.049981413955573796,-0.0002102042117880737,-0.002309459981420997,-0.0032111291225421,0.004811189631138114,0.014352266575385894,-0.0038755316213869655,-0.0037909587138751414,-0.009824869154805406,0.033810381288411386
7_1,0.004872795490437936,0.018111508147155495,0.0017820724372919184,0.016784868057885437,-0.006357774830709698,-0.007694231447082662,-0.0010301052997306484,0.022138675895886747,-0.0021031255037535783,0.0797044596879698,0.09370404501476244,0.07254906816745234,-0.0020178297353545607,0.00755022669798567,0.04738787912652072,0.042841621835734194,-0.002177670467583061,-0.004793046984597243,0.05046933094313269,0.015521019163084923,-0.035014181542414785,-0.0026216758091732275,0.05232014590784449,0.0267806612258109,0.046593335967814876,0.03160341239709903,-0.007402609630638906,0.020882911103761583,0.01694943189045293,-0.01959843936247075,0.002435740470514135,-0.01116704778830414,-0.0020587215180535214,-0.03808869522972379,0.054795797532850535,0.014926676270407457,0.033219412859737674,-0.002086911313889844,-0.002255076385790407,-0.009240256719881528,0.015510160263755651,9.372423518790913e-05,-0.003489406476671172,-0.008721795563697714,-0.003513088006414455,0.013571918812148037
7_2,0.0063033046329586916,-0.006514213808850218,0.0019131267625682176,-0.00276187073364782,-0.003824149631698651,-0.007536613156131673,-0.0060612073247696885,0.014870538517199385,0.005905666623004575,0.04381539780219285,0.03026074295304192,0.05363125491112587,-0.0010741404069600775,0.020761038206530972,0.020264018244306847,0.011836661221281365,0.007725982758157225,-0.001416903150232921,0.04478642784913414,-0.0035859064862978655,-0.021735515870512145,-0.0031879926664559006,0.08206070225289924,-0.007708703222495838,0.033102817176609914,0.024191000396981313,0.001516904794986589,0.07462586704721766,0.0312956171613307,-0.019497858463422616,0.0007495708043165641,0.0021805907858651477,0.005700061914870709,-0.035567034778899456,0.07315367770915382,-0.0003066193376205236,0.04185311562564959,-0.0024747967376767613,-0.013138114890303771,-0.007340874287194486,0.0029320976243340656,0.005302520306146185,-0.006834060219777456,-0.00513058702051255,-0.006424200643604121,0.017763973979580232
7_3,0.004505712915632993,-0.007289469302605743,0.0032840522622076544,0.0011186020475545376,-0.007671528572386403,-0.007004848575531741,0.0014656587269080744,0.019492317637889958,0.0038829838448323356,0.0532038731958595,0.02998932146240833,0.05164989671800741,-5.053300715983757e-05,0.02043841517970671,0.042248270504618074,0.024025286691444662,0.014679373905348013,-0.0035135126736617075,0.038776237844137425,0.010232207578761802,-0.020352900822116632,0.004220769207039176,0.08053575728460537,-0.016646079782192482,0.03827999077967135,0.023481086684490133,-0.017552258058102073,0.07910450564053809,0.05559443013554324,-0.020958674935631735,0.0007530695136145301,0.0013591784582993134,0.0035771948837620593,-0.03002943697083958,0.05355871740628859,0.006192632127722562,0.04471700596117783,-0.0020346867306836078,-0.0030809690990549355,-0.008709911600042653,0.00029043155527656546,0.0022324048551922745,-0.00238771464997183,-0.001343594300464894,-0.006317948091354142,0.014938867434116319
7_5,0.005347615992422882,0.01659636535958696,0.0028041989246994446,0.0007526983200055984,-0.00544604709513796,-0.001117764411085216,6.249622168653278e-05,0.02038199545694875,0.0018904701668995875,0.07076007031910418,0.09228053014951489,0.058560748407861136,9.281035874362845e-05,0.021494749628260278,0.05008532153599796,0.030725469920548965,0.0016265563251463713,-0.0034894122079310932,0.04160852592239939,0.006527114799827452,-0.04682945096237848,-0.0025116074526391496,0.05481877832963728,0.01699104726727732,0.035148416373815425,0.031060858453815555,-0.0037611864333196438,-0.007090985980135781,0.014952866475088348,-0.021358549482464205,0.001436959630861748,-0.011549800542465658,-0.0014250448159799734,-0.04458764587725693,0.07864479083825865,0.007426294438037277,0.036818459790441245,-0.0019207621083281764,-0.004126287150855921,-0.008356121074178895,0.0024731540611830152,0.0052816098641648105,-0.004319016084468775,-0.0054881214441085775,-0.007665182659421309,0.022956272729325992
8_1,-0.0014913330788699241,-0.00490698605588687,-0.00025618164830702164,0.0027084363825776803,0.004674546073973433,0.018201949919689042,0.008427976083492031,0.03403531379816388,0.014165639062606256,0.07679540853534045,0.07593323396898376,0.08138357529643396,-0.0021436679822829656,-0.0045945954937787565,0.04366351155357972,0.025441571105268016,0.009612455730607731,0.002633349843532764,0.0511470493209479,0.0180540697788145,-0.009712431264059535,0.0073156831787560455,0.05362615106342625,-0.018071566885296243,0.031114869940336593,0.03122865008707914,0.013107648644874091,0.047281388042784665,0.07010921742362837,-0.017800079936941195,0.00569178380710306,-0.0026498977750456032,0.046501586706515066,-0.02830468822869988,0.011550652965525402,-0.01694848059533348,0.043617922366395306,0.0016207760771263318,0.0007009883820605451,-0.0007716675704272627,0.010411597993900942,-0.0003344285740963176,-0.005969912903615137,0.0049670655580777625,-0.00992319981544502,0.01577477668918823
8_2,0.003984257053614735,-0.004971838774002922,-3.743342356473181e-05,0.00272207948412294,0.0035327353030049713,0.017208089056102657,0.009000612849671265,0.03387257680289174,0.023517386887797767,0.06653082876855004,0.07496731779870275,0.08110037581544599,-0.002129724645682505,-0.0045722005244985256,0.049229078364003524,0.026971196268843676,0.010234370387655399,-0.001400753266527829,0.03898507662893752,0.011920763921248224,-0.010393929156092798,0.00885739692604941,0.050480180366775804,-0.01954470438121806,0.030118291112391823,0.028233216356577148,0.02198006110534181,0.03914100502648311,0.06896437138825197,-0.018026345769408543,0.013407381058822287,-0.0009100998166073279,0.04664727387510768,-0.028946695320786017,0.011390755127507987,-0.012406374341780206,0.04221703158296991,0.0016337963819331462,0.0003130079246431932,-0.0015979039706611213,-0.0010329415941048021,0.0020032767622413755,-0.004485292830398791,0.0008984472479313713,-0.009825780271550474,0.022385219604710953
8_3,-0.003196042375268817,-0.004926912812110535,-0.0013200033473355476,-0.004632669236215802,0.004191997753782897,0.015440755618923534,0.008384104035629487,0.026163494713461768,0.022146242942189705,0.07782088010897996,0.07361300213675258,0.08940805936467772,0.0007852199050388579,-0.0027982800871498266,0.049955360345386175,0.040055699393781126,0.009275563756914077,-0.0020485845206197092,0.015623464321162479,0.011693008949730885,-0.010511738098790902,-0.005317115336883361,0.05382918638754894,-0.016207629335277505,0.03413040624628377,0.026252767430095386,0.019710047859738865,0.044829282801926155,0.06916087224932636,-0.009760243128882993,0.012784802245620577,-0.0003620001421139381,0.04418366571189798,-0.028875148740960997,0.006998232494607746,-0.012557837722110495,0.04434767973748878,0.001448300499991301,0.0022874247543476175,-0.0012130982295309647,-0.0078014527594505645,0.0011675904610358612,-0.004261739042302154,0.004844244730069171,-0.009913784235459097,0.01629095577703716
8_5,0.004036212472069815,-0.002347767844105733,-0.0037514402281052395,-0.008176657544903519,0.0006790857272442566,0.012945699139321745,0.006955390134903134,0.0301263127442028,0.0012821681005347199,0.07997500958645262,0.07005221588490455,0.0746121057219677,0.004367152494256502,0.020100699910656224,0.0385527888700753,0.024979987831046185,0.010875083126899781,-0.0043159418468203346,0.03832702445466869,0.012888693829199452,-0.011892868693146024,0.005816454157555894,0.06064680282569606,-0.0141740093103973,0.033802656841665855,0.016121511384106293,0.019178800849520162,0.058574716576371734,0.07036633911750828,-0.0022847581206916386,0.0028751398047926467,0.005793632187423109,0.04583899103926136,-0.029224364413685575,0.009271514030352167,-0.003174909990629169,0.04835911118011648,0.0026895558519476493,-0.004839779979341962,-0.0034089742268368604,-0.011395210761288974,0.00042917284757688435,-0.0021931291735662003,-0.0023820637394607286,-0.005764238376580645,0.02011592212073921
9_1,0.009456766329910299,-0.0003444802688836353,0.010103586269771833,0.004488579051231763,0.01363438348999857,0.012785722314697235,0.011262008335823453,0.039384607608953306,0.02915981264521566,0.09146530294576755,0.0730865287556126,0.09109320044527147,0.004772026184785499,0.01567076360016133,0.05622530701205009,0.041137030299507986,0.012809597176999218,0.002056668645937551,0.044255454321228654,0.023137214286139587,-0.008509435839787948,0.014475409648125536,0.09772452196476238,-0.004242835418256309,0.02386117258376863,0.02669335587875488,0.02329913995177773,0.08417768033210506,0.09586534770932349,-0.0017796619637961161,0.016247458910048175,0.016644504038803073,0.05692906004279104,-0.026408141988138296,0.055206050497615254,0.030188667607326428,0.08866561432307016,0.003986655819818693,0.008939791139908818,-0.0010739827822107296,0.018153001555540723,0.008022360457282123,0.0011448443625607287,0.0017339986388278297,-0.0017401111563400539,0.028349794382036792
9_2,-2.9822263065198328e-05,-0.0008219241387351878,0.005562709566467629,0.007110661762733469,0.01523967598250073,0.012575272656522132,0.013249820120309742,0.044867500538652,0.027966779767875545,0.09306419740815494,0.07341428632480072,0.07954954468234171,0.0003760463411331973,0.016888210385005868,0.052816756772665,0.031012949436110646,0.009575848428057289,0.0023601631306522496,0.04830743263951425,0.015665487943993025,-0.007808005365360389,0.014609879258888544,0.10084501706324772,-0.0015864496706879667,0.026999613723682033,0.02946975917652156,0.024446700226993467,0.0856534120453614,0.08163655870755966,-0.0014930165071816873,0.007868861871697634,0.014219000348944926,0.043126099381657096,-0.027346967549047717,0.06030744052732231,0.029633812306774452,0.08935257872040082,0.0004917398870177976,0.009495742589202119,0.0006812750922047571,0.01704850947370498,0.007229226526537839,0.0008101488759288593,0.001517782706656562,0.002410924818615556,0.0270567290243093
9_3,-0.001084477429875069,-0.0007702699058777857,0.0024670864333232664,0.0015283204328986923,0.0119607514062107,0.01683730993882166,0.00749917587149068,0.04163313578793285,0.029274328308418394,0.07806181707901545,0.06818984851228918,0.08298006944031233,-0.0010045205889671455,0.01996813331842176,0.048482402933570444,0.008102262160627136,0.014008388894356164,-0.003526317880749541,0.04866597231162588,-0.0016566798356671963,-0.008180543439440644,0.013935035828935615,0.0993779064648788,-0.010625195917003812,0.03213676442794023,0.030705958245438893,0.017334099393867368,0.09277243732195593,0.09109725380174391,-0.0003341283845443637,-0.002176702476373429,0.014872234748452957,0.05274907840329423,-0.025658065889693063,0.059461585666909116,0.030795634058614556,0.08404290235232119,0.000771018915801428,0.007096577891218259,4.446165758843106e-05,0.017132175206530376,0.00888941607998617,-0.007833539909082072,0.0004299001495593913,0.004390942068895084,0.026809998013739768
9_5,0.008806638823520452,-0.00039580416547015454,0.009209189069939708,0.00041459745128410297,0.011894232058703647,0.010881823155666251,0.007674722607225359,0.044886968093619264,0.034391565624004895,0.08945488910628095,0.07296592484944557,0.08837800887042392,4.892896321744754e-05,0.02430214436885728,0.04616491123590167,0.028051773424043365,0.013673334619115948,0.003693986235653592,0.044283644082626354,0.010823954864910636,-0.008624157098587925,0.013453290573958884,0.09698886778319758,-0.01973701984100117,0.03529939509003719,0.030946871152293217,0.020847615107831577,0.08820262713361231,0.09641862792876664,-0.0005497010129749676,0.022730343321901905,0.01712053954560905,0.06265426267941918,-0.027185308595486322,0.055001834625011375,0.025058936814022034,0.0831581443081708,0.0035138547281971235,0.008152251171421055,-4.019020989121103e-06,0.014857815406794128,0.009064706886044403,0.0006928184693169668,1.2726956399858357e-05,0.003117267654318956,0.025332915743326564
