,0,1,2,3,4,5,6,7,8,9,10,11,12,13,14,15,16,17,18,19,20,21,22,23,24,25,26,27,28,29,30,31,32,33,34,35,36,37,38,39,40,41,42,43,44,45
10_1,0.01564873561320248,-0.024065074346754627,0.04359127459581086,0.03260584198740535,-0.02085256938340578,-0.013408497976862466,0.021129393034399906,0.00033689394741121497,-0.019393961149628464,0.2499925648540394,0.9184394287003887,0.241958508091677,0.005998401167102439,0.0008077888727950154,0.02058346420093502,0.012266979649001905,-0.007024788268886541,-0.013658615267666796,0.03355110870139801,0.02052169430848543,-0.03019971426025297,-0.015858708830753274,0.04749680608636092,0.3044416480672896,-0.005002605465509248,0.29919848404769367,0.5662857584933646,0.000348342448228834,0.001710024747934257,-0.016271284054742336,-0.010447864213952038,0.004678823128410266,0.006851335997437616,-0.009805539913583957,0.045355288587319624,0.022573462544525177,0.020567956344773125,-0.005508793217562747,-0.0307698494784102,0.02721721687586721,0.029035168335707223,-0.006421937609442664,0.023661104913475055,-0.0013113311038842463,0.005877964606552992,-0.001585707121250594
10_2,0.015176778974372586,-0.02404003998897339,0.04202779954229166,0.030230842042599806,-0.02096271917762182,-0.01373393352884547,0.020415827362242088,0.006010114478336506,-0.019988982905411457,0.2506552994419427,1.020088856336884,0.24859532994533132,0.0019041966823109525,0.0006340258158180936,0.018357412511838905,0.017273598401657993,-0.003326438309491991,-0.013048402013161,0.03328076529544755,0.015981238314548063,-0.030144041091174096,-0.016221566949177355,0.0472882715146863,0.3069050246619107,-0.007959162676487525,0.2826454913193983,0.5653849666336701,-1.539464314682243e-05,0.004332079950257483,-0.016683766450618337,-0.010974530852758698,0.0009255130420542649,0.00582037917535644,-0.009700617605162803,0.04346950093970045,-0.0027564289361275253,0.02407878246175965,0.00019357145661740043,-0.04297353138189931,0.026720051707559214,0.027178559094196655,-0.0048236842164890124,0.023095552613500447,-0.0012989090871666044,0.0057604613870016206,-0.0008828251146872339
10_3,0.01472192220540811,-0.012787972276988543,0.04354810291190152,0.036209079127842374,-0.02085949419115075,-0.013546984606466647,-0.0013631997642096633,0.006008076215265977,-0.023829321794180267,0.25949135471102547,1.0293088773353232,0.22756084684146036,-0.0024736323656033747,0.0004272737123471299,0.022069378336585378,0.013606045352407906,0.007302083129446685,0.019115868176197245,0.0376496698658515,0.025180915424319442,-0.03220510456866441,-0.005230453136669096,0.04884600800026986,0.11501099548307427,0.01581145855293131,0.3368808935024105,0.585498160331188,0.0006861921313607165,0.000580024672213771,-0.012199459635348353,-0.007292936664774472,0.0037989306215408377,0.005168585834281236,-0.009562702654560402,-0.007947660615143947,-0.0028819416697250582,0.025403040811886844,0.0009101142782898907,-0.030635131650787198,0.02684230704748153,0.02564143144935474,-0.015195259012935647,0.007021032345586853,-0.0017967535670454246,0.005336130265176805,0.0042118434145405545
10_4,0.01531578062845266,-0.023929118100156285,0.03599583963158645,0.03809984475947222,-0.02062668398951489,-0.014056359288293737,0.02198708372326881,0.006021838505662603,-0.019760453674165367,0.24863553992320483,1.0090785584658621,0.2486876275341048,-0.0008667335637861781,0.0004706896127518533,0.019422392508096034,0.012928845823844477,-0.005317262904615234,0.023937439996438388,0.03847310016719338,0.020438733537645064,-0.029846212408932146,-0.01585166609936772,0.031102182443668965,0.40693852885937803,-0.00497060926422057,0.3180907375278702,0.5666117653562922,0.00015737817906422667,0.004623655629757148,-0.015318178109628062,-0.008024063114957177,-0.00768059875684172,0.005653208353610396,-0.02292231779881591,0.03257475300094148,-0.002742850662759737,0.020181552515049397,-0.003905010485970754,-0.04273118511301913,0.026997566920979255,0.028588765977780706,-0.004135436640806605,-0.0031115936617217036,-0.001693282706743067,0.005707996361606934,0.0040405733855677145
11_1,-0.012128320348893168,-0.05900381552361439,-0.03765744979711496,0.012826849944946343,-0.017735048406633893,-0.011161230957826654,0.0015592766443654669,-0.034068353649102864,-0.04090226785132095,-0.00017492798098448555,0.08366688747018895,0.17302883970245614,-0.0010088220705825096,0.00015526003240803811,0.011167666399528063,-0.00688921772544063,-0.015493405752882926,-0.015438593626927156,0.02252927576295321,0.0003802747567529306,-0.04553022717724162,-0.022934576135609758,-0.02151942123198388,-0.011348766868070684,0.00027529972038258345,0.16433972483096843,0.006922700118636033,-0.0004137871375529651,-0.0015579460606727422,-0.043491015363090454,-0.005633458921122946,-0.0734312035598553,-0.02804182968824775,0.0891139207977992,-0.05044772101063804,-0.008936397251755096,0.00602494694638901,-0.01744195946586762,-0.012453463314196127,-0.0023136956216938823,-0.0032525232345401688,-0.025375619384747635,-0.022874042475487227,-0.04796522419673192,-0.029491543860311782,-0.02803925298720167
11_2,-0.028235490215901604,-0.06418148059030687,-0.07479791046824504,0.03746094077447158,-0.01779988132189763,-0.009520938578493291,0.024314223256129936,0.004342318406467888,-0.03093033233001846,0.20240246943595167,0.21790818228372458,0.21198063800765624,-0.0009814898679849653,0.0006309378329356064,0.013971089309407285,0.021702995571342355,-0.01189013793155026,-0.012147741854298318,0.023466798284393842,0.00509887143920041,-0.04142232003161077,-0.04920633659238063,0.006634685819516631,0.23743948602150508,0.0011532916822995821,0.16567483218498688,0.0482322766622059,0.0001752556714315008,0.002942462420652353,-0.03408862487711607,-0.016758668828137355,-0.05847996440890693,-0.018078697968264643,-0.015617977520343636,0.020384230151334358,-0.008330149726690914,0.0058288481894096964,-0.03660100504403369,-0.017618842884126313,0.004706446700274727,-0.009347705821140688,-0.017999373533912344,-0.00433809395537795,-0.04303586327077049,-0.025339009968968994,-0.039902455444269076
11_3,-0.01090540524942856,-0.05557288224024543,-0.03507872767119675,0.005111296523487273,-0.017379919589639903,-0.0109055522433732,0.0013725675522429192,-0.029708644101350403,-0.03966166448894987,0.007360849099905905,0.09643694361328325,0.19649013001424825,0.002493438783828387,0.0009385360300641147,0.012515741060889264,-0.001001234619075832,-0.014465005648483105,-0.012594612488714478,0.02278279419534199,0.0025121081389507384,-0.04831807132686723,-0.023080264565252473,-0.02734297883731992,0.07334944738638666,0.0015293099024680352,0.1583719384384653,0.006033674797093204,3.320631483248488e-05,-0.001041427748928622,-0.02389966299032553,-0.0054202440910013135,-0.07114844564838839,-0.024823002794884513,0.0900324587873223,-0.016602092144456574,0.02275690342830151,0.006807692065347584,-0.019773468227156456,-0.014623248771901324,-0.0023317001878984727,-0.0017416022249944394,-0.02159898540781597,-0.0175056713950032,-0.046771127530009435,-0.028179863116015287,-0.0410854400651102
11_4,-0.01043064700800538,-0.05596499467145089,-0.05468855336427327,0.004260138374468339,-0.01744731504031488,-0.0109037845357486,0.001506540930101901,-0.029460137704911068,-0.03996280151239922,0.0011234708917867002,0.08286456359141242,0.19216642889332264,0.002635538940899414,0.0009548985027591478,0.01657086886375741,0.018518152365137142,-0.014997564926211454,-0.012784123951138942,0.027631244698135486,0.0046045609290335104,-0.0480694232185435,-0.05247409382397567,-0.027579410617053716,0.13927183114666464,-0.002531705683104871,0.1795405239229726,0.005043537575474385,7.7855264783539e-05,-0.0014642897537888496,-0.024452396458702185,-0.005463920213475294,-0.06845043963854114,-0.02738679583125948,0.08918305333871734,-0.01453482435316866,0.022443888987426254,0.00630585709733234,-0.016724972410883315,-0.014664220561464351,-0.0015188340968500856,-0.002188879367552183,-0.02146440473656722,-0.01047810417001457,-0.04631388377845608,-0.027923580998939237,-0.03770878404949141
12_1,0.011380445477624587,0.01018695444391968,0.04277471962997946,-0.0020895354865301603,0.021814356650068912,0.010626394876397768,0.01417423667717948,0.002118732012952248,-0.0012061069279767083,0.27693959459205914,1.0834033055858319,0.35302855404706185,-0.0006275836707360287,0.0005604598736564587,0.023262790636099175,0.010394130376993558,0.028423929586995852,0.02890652184807972,0.03496844854583963,-0.029540891232303627,0.22286950570534175,0.21462471668336575,0.013807248234587564,0.5772393554591753,0.016710442929231368,0.42464484706882893,0.4755887213041929,-0.001967355089771794,-0.0016521270107052323,0.31011949605366407,-0.0019876579909591666,0.015337704759538742,-0.0036872310941129896,0.06596595912111355,-0.006509645348948298,-0.0010245375925699695,-0.043129530693955746,0.029352815811355303,0.046560630090230454,-0.0029538525691407227,-0.010621578036885116,-0.0037151519996714345,0.06281326454108659,0.024538920669377722,-0.0007737378165822547,0.11932870424831016
12_2,0.020268090546703726,0.014616469506895602,0.055562027280554704,0.010224862204403976,0.020103050794180764,0.01087535358753964,0.009778572341453528,-0.0018579632278801213,-0.0112276112154941,0.3100732590634838,1.12896509392389,0.36113728217553526,-0.0007567851047095479,0.001735302881900811,0.02001819458986826,0.013333102284047682,-0.020339596736543186,-0.017377702391530733,0.04001590227486776,0.02515341971889652,0.31708617550025225,0.21665171561373037,0.014851564058505106,0.5987680358660312,0.016570708037657013,0.3981855506800545,0.5480309410265308,-0.0005178368731902465,0.0007026896568884001,0.2711797319680911,-0.011242789415063511,-0.003844008966592728,-0.01736704399289802,0.06888582189753964,-0.006999403768594037,0.003746470892727902,0.030424317402368287,0.04085126752715271,0.04908655559876035,-0.004103428434531518,-0.005625905131629914,-0.014603326896402024,0.0320101677107625,0.016532448677124677,8.507837277067238e-05,0.1219447743618574
12_3,0.02049459497698094,0.014116481291307915,0.04380250506609991,0.010436453297551952,0.022480058978083528,0.009276044210432521,0.012539314633805134,0.0009803295693580657,-0.011421594774953778,0.31114081549292655,1.0914543421658962,0.35303590470165847,-0.0006521911767490695,0.0010657768115593645,-0.023223617577791282,0.003393171922384841,0.028144838552209544,0.02913728960099735,0.04477052088153606,-0.02902703984779516,0.3773602921211715,0.2157678498594032,0.014521886923634852,0.5854027664318567,0.01848572349206087,0.4470198592004194,0.49322097297083795,-0.0016764608670628523,0.002063397963646457,0.2699662038039038,-0.002651751366721599,-0.0020816224497917477,-0.006698736870948171,0.06722950129992239,0.02707513155951801,-0.0010606580777486432,0.03019905578950419,0.040949961064488276,0.05030026476493843,-0.001178719796355272,0.008267267042478784,-0.00520721949603727,0.06475260287186718,0.016048883178859937,-1.5199655975627355e-05,0.12415507197467872
12_4,0.020772266508131104,0.015555801142257032,0.04987063635675208,-0.0017830189588787242,0.021893674888693385,0.010766505611672141,0.014276895326299886,0.0024399498445190062,-0.012450297618802997,0.2764844621827252,1.099311713319114,0.3531031276801627,-0.00037412737782639206,0.001200042347051835,0.02369880192688888,0.0144453947098703,0.02846804801185582,0.029939722139317986,0.045992795676416856,0.03216938124187255,0.30898867024491095,0.21461204872359785,0.014042461656285811,0.5970773799838806,0.016360015235466187,0.4407619038113977,0.5297317095315539,-0.0018528616432541825,-0.0014049738969146672,0.3105260906218822,-0.0017694601410584768,0.01591175690799866,-0.0037251084459557758,0.06591444441469275,-0.006625317268201555,0.004199185882314688,0.02877937137992696,0.03952186363110972,0.05012557640138164,-0.0035985768328323053,-0.004255991523858252,-0.004585661077234715,0.061994793748545156,0.023857054504186362,-0.0010282383141682152,0.11521190902046288
13_1,-0.005016430944550862,0.015474401934079353,0.0029300203238176894,0.002850735182439044,-0.006680774994615486,0.0005276340307748807,-0.0045587615899568305,0.002654165000186475,0.0603392896453734,0.015715518573070946,-0.03655982347760469,0.07268296869589803,0.0011690521578036441,0.004482166157242062,0.021299472904555028,0.03667016378081948,-0.003518292236504163,0.0025292669878197805,0.02858536082707361,0.013743066295701612,-0.005384038540956745,-0.009621259716531048,0.017535027797855145,-0.06565522709805942,0.0009659746851404467,-0.036124846273271484,0.033468372981129466,0.012755217649721222,0.01247231523145755,0.003195138563860624,0.03575920080952827,0.024420403825697903,0.031695935203936175,-0.008575641441090557,0.02624783364215505,0.005606230901559369,0.050099513991209044,0.00635512088105829,0.003420837441468835,-0.0006206533666097004,-0.008114204425942,0.003929913883482768,0.016093262328026853,0.004704806357308687,0.0004644033253118845,0.009383837223748987
13_2,-0.00459778059921934,0.017591092242392175,0.0030014571334784595,0.002288236772355818,-0.005582722383731439,0.001564110661204316,-0.004572364962950981,0.0036146454922218654,0.06207937003661428,0.018027754469627903,-0.03536229186587799,0.07391849270563405,0.003924219998864808,0.005072536238408993,0.023252332274570076,0.03837702129724622,-0.0019271662154021461,0.0035962115132991326,0.028710523132626512,0.014099700691691844,-0.005129720797466019,-0.00956660129503657,0.017354501571704886,-0.06482289820634164,-0.0012000737353963634,-0.040542602634252946,0.032679468192111955,0.011855835767921055,0.012756566905802338,0.002824963971467394,0.03407385275481426,0.02516832500151289,0.03286893903365447,-0.008527107824855445,0.02656382215832015,0.0054518696237061195,0.0516363297861252,0.006483348442298832,0.004138268452601099,-0.00010997247647307798,-0.008330271763519049,0.003961790127666736,0.016772740518935347,0.008676556497180124,0.0002116360379590772,0.012487160777626304
13_3,-0.005180302061910507,0.01517790048057568,0.0024511365700506447,0.002772718424081117,-0.008659402964524682,0.0005883770982137462,-0.004478892347268345,0.0025330020842802693,0.062146179279295576,0.014315532216105445,-0.038610918734135975,0.074715066718387,0.0045395164929932265,-0.0008530993055526069,0.020593938986892366,0.036610030904818715,-0.0033990061984186244,0.0024994717004010805,0.0335621658967922,0.007675722754647787,-0.005562830861741339,-0.009415149689785381,0.014427389891650386,-0.06950238697191115,0.002606221932144981,-0.031144724833359675,0.03214686286968152,0.01121485860974722,0.012669295860025893,0.0032798967105321366,0.037503988505308665,0.026795840999527445,0.031819417242819274,-0.008484736961691344,0.025643259618323214,0.005496065863025656,0.05195323699799623,0.0060375422141788855,0.003237244113017779,-0.0003357882492832307,-0.008428137691847295,0.0041383639688239195,0.01689168460858175,0.0023962798953515965,0.0001525132652031663,0.01102573489701485
13_4,-0.01099562364252915,0.016120859035927887,-0.0014199869575638527,0.0018032514888346469,-0.011202561615793307,0.0012741973064439444,-0.0057452195084088204,0.00308644811819828,0.057197915090025156,0.0156275898440166,-0.03996383133974458,0.06910587071522448,0.0016355714349477871,0.0004025205507802303,0.021254304790143532,0.035923268500668994,-0.003243803413850647,0.002766480529756152,0.027652778338114786,0.013510080993529782,-0.003307210956357142,-0.009551440754210251,0.013969650573087548,-0.065440165203952,-0.0025282252394880746,-0.04147884014044246,0.029626334107314686,0.015654020199652285,0.01211755355563049,-0.004203234052082413,0.03891379994807358,0.03363977012014785,0.031682233863754426,-0.008105276062358283,0.02065180301501576,0.005477380604588401,0.05106606347870782,0.0076444713770634975,0.003771622639659688,-0.0008280406062170502,-0.00855176611449555,0.002889854025417239,0.016623967186035704,0.0013127892552281535,-0.0013281273573792357,0.002079901570503395
14_1,0.0023059741729808876,-0.02010709365342006,0.018642751146870026,0.012457798733830636,-0.021092423689047513,-0.0032274746282152846,-0.004781513068110389,0.0016790495400960104,-0.020078164454861908,-0.12058799145123363,-0.24887457194310825,-0.16879289028447214,-0.0034716806895851086,0.003083668471256669,-0.043366591821082254,-0.046751289051658165,0.004489602976309555,0.005814963606597773,-0.06742842636908049,-0.017693726735545322,-0.021818184252672457,-0.022120791384074655,-0.06236561830543487,-0.1315201941732134,-0.011754685411734038,-0.17861008864593944,-0.14752193423056137,-0.0015174442265262814,0.005948028324343136,-0.02266955818062905,-0.012239690956974143,-0.0049015615348583655,-0.027402091990449264,-0.012771647792132062,-0.01106656002869839,-0.002516374919050407,-0.011311607622822621,-0.006495027869806776,-0.0024069998436886605,0.009671916258987862,0.01064713630026241,-0.015522346408746893,-0.020665788181038546,-0.0020428526945404433,-0.001996081407202566,-0.012003260588517072
14_2,-0.0024642472147163594,0.004727893356361681,0.002888167372393502,-0.0033248340546911596,-0.013746521643735634,-0.003455375159808159,-0.0014111706771919252,-0.0008404270048885964,-0.015103257940596105,-0.10913059531068203,-0.25805566117412004,-0.18323156747040953,-0.004881104508715318,-0.0037499161739716833,-0.05527435293914857,-0.06460563983477893,0.004203234945239757,-0.017243629872847475,-0.07186795786560436,-0.027453904569739996,-0.02218315613188302,-0.024145319846250592,-0.020837480924804738,-0.13339596681479524,-0.005429241448291751,-0.1671161842769947,-0.16226700219609744,-0.0018012979844689724,-0.0028833887391248618,-0.02373566777564263,-0.011481958831374794,-0.007877854787025148,-0.022588416791251145,-0.015228772562248683,-0.013437835101405754,0.0006024437364770276,-0.01289964646302617,0.001452661970728733,0.006991726183022941,-0.004737197903069586,-0.006108543710450974,-0.009385050910738381,-0.019111153448283656,-0.003580651146989899,-7.356820013740078e-05,-0.013218444653230934
14_3,-0.004916218133967821,-0.013978425972742686,0.0012218700221848825,-0.004914590449902881,-0.01784498033647724,-0.004623774122998896,-0.0045860501048653685,-0.0017908537300810473,-0.014139475149930867,-0.0949363356539168,-0.25222972458176735,-0.18058413636345344,-0.005638941647146521,-0.007823125177464328,-0.054770631588351146,-0.053670195587642355,0.003865759182886911,-0.006145452553903601,-0.07197312161213051,-0.02929313748184671,-0.022665475272503673,-0.025743830292206022,-0.02544913564861917,-0.13880670588534552,-0.0019376056812196963,-0.1653395255115226,-0.15242155894668488,-0.0030881067046270344,0.0009486735128854003,-0.02331682162919689,-0.006372335551461753,-0.004795396485874395,-0.026735846386545036,-0.0156233669166074,-0.013651543026023769,-0.0005449844092720789,-0.013171663037226587,-0.003017599249085017,-0.0064332485431608626,-0.00453955982179167,-0.005716834197981683,-0.008246312485716879,-0.023581456678870936,-0.0048175796916013515,-0.00048351008808615137,-0.01257961132401854
14_4,-0.0030067945352832428,0.004290565382592241,0.0028633848443051094,-0.004927416633173003,-0.015945502512809365,-0.003622236096592843,-0.001404090075192415,-0.0013148476407057982,-0.015352806445446928,-0.10828070871598262,-0.260842858001889,-0.18641766099249799,-0.005205312146882594,-0.005603447652393144,-0.05532539730342375,-0.06702235118798316,0.004355345796465847,-0.007309450492943362,-0.07196081217608104,-0.027952536563277605,-0.02439264015526616,-0.02583597115828175,-0.020895259335098004,-0.13015003382336834,-0.0013674767578265691,-0.1670582077178731,-0.16095874877185243,-0.0042292087731972475,-0.0030179704943899014,-0.02385340239358454,-0.016446631609263847,-0.005289896413627791,-0.03256152865068521,-0.012953303445391674,-0.014139589367353034,-0.0008289635403050641,-0.01307065472962023,0.004145879270531413,0.005073340453487634,-0.0047321158598839855,-0.005752503163930829,-0.00771900911111546,-0.02286133582812665,-0.00323251154328606,0.00027624849266831065,-0.012446088735643698
15_1,-0.002491439246054699,0.0128143034189023,0.004437061516072583,0.0018632422290367759,-0.009553938440221364,0.0009577179337731005,-0.004138043283377782,0.004417668547485376,0.007734350105937944,0.010529927364588576,-0.0193011851216277,0.07852817489212666,0.00021226595765647447,0.0009716316679156315,0.022546922626571108,0.025687733444743045,0.002364222876779879,0.007177926206603162,0.03384836006807644,-0.0028549319943938214,-0.020830201860913864,-0.023723475272067404,-0.02928383475419391,-0.06796649830255107,-0.0037408279157523216,-0.052136908153915335,0.05378810740548472,-0.0027324416680238202,-0.0005457089803747423,-0.021892345398527573,-0.015289925827739062,-0.0006051080202009084,0.02118896196651856,-0.013376635995050998,0.03352605821259492,-0.0004657963640523967,-0.0001509216627405862,0.003777641002168852,0.006720065960857718,-0.0034776126345925557,-0.00700418242998129,-0.0043552043900690245,0.011037935410934353,0.004885168486714352,-0.0017596511998537547,-0.020904751461286373
15_2,-0.0028554615721995886,0.014008094355587872,0.005834093019521638,-0.001079196291683578,-0.01178200361651636,-0.002062047694511868,-0.00116701229216283,0.0011778451983003326,0.04855790139363177,0.00905196799630665,-0.026924232141586513,0.07213652697615207,0.0023878842219758494,0.002351684105834722,0.01912033165708958,0.029370665919452515,-0.0018798879359305176,0.00235177755089696,0.02799289597698051,0.0036274609679191167,-0.025127645459909347,-0.023213828447312214,-0.029642970259989212,-0.0669465894936446,-0.0008428724966806588,-0.04347565590011042,0.05295039886143156,-0.0037801551469675656,0.010083035735791895,-0.020758056328804442,0.02533251900070426,0.010372124679158436,0.024864069574201973,-0.013855185646486667,-0.01546165773744705,0.0014852020092851492,-0.02070353162671758,0.004239075739709846,0.006127429337662587,-0.003313172113113235,-0.008208024233292685,0.0005968685118670755,0.010837301694505174,0.002871916474926872,-0.0028112382170487854,-0.025986774303963282
15_3,-0.0021845782825174387,0.015070064262128898,0.00567498541337285,0.0021493397218060647,-0.010753479079705487,0.0010435998394349676,-0.0006557578778606292,0.0034673083063644105,0.03275763775721591,0.013111124749774009,-0.03381304068556497,0.0786457991706052,0.0019264110683920243,0.0022796924275969737,0.018975130936539096,0.02432090522551222,-0.0033805927666715214,0.0020345655212948956,0.027784481035323414,0.0034236938824295736,-0.024118787565317965,-0.02296938904436694,-0.029397757472249094,-0.06912013535960276,-0.0003948788251441857,-0.045882955508824826,0.05141230586714796,-0.003864716615986493,-0.009321571064421521,-0.02082344323384859,0.020588159845790793,0.00400031050888765,0.02227088121356031,-0.01363072070003614,-0.01358327812825314,0.00106375211137351,0.0063186913711774555,0.0050422874740417515,0.005966668122552142,-0.003300145950183307,-0.008137388830410378,0.00026401954663740135,0.01122358599126219,0.002263839125522697,-0.002981588618842641,-0.022260671192922386
15_4,-0.0021497509649266414,0.011795699175245908,0.0026548426653137105,0.002769672574792547,-0.009882875328743388,0.001338749068488863,-0.003746903099718118,0.003988966306224893,0.0024925475549884527,0.011285692736229461,-0.02361948528532195,0.06577350602640963,-0.0008530342180752399,0.0005982561521421654,0.02335399468026994,0.03092512581936627,-0.0009757579784262335,0.0070039393984272945,0.03112402057783538,0.01642251158660127,-0.022816872702136972,-0.019301632643767386,0.006142862461996102,-0.0684256677292273,-0.0003893812696036909,-0.04540144915201014,0.021756502648752875,-0.0062115370801979946,0.005920497252735211,-0.02258088778312485,-0.0024151364079805482,0.004325241511408999,0.028785369100215754,-0.01339669315808819,0.03508374657604043,-0.001840857659387676,0.007362578124186953,0.003488179624639696,0.005664159331671123,-0.00945664191551004,-0.006548530197562685,-0.004790689939040338,0.009722293714427961,0.0038369572742817746,-0.0005166404513269511,-0.02364313897090804
16_1,-0.0053720012521107615,-0.024501002350563652,-0.015211752329912606,0.006053627428388193,-0.010663417899692433,-0.0029815862400082737,0.00884421311774347,-0.01681665131876009,-0.02800681746338758,-0.09913882677290035,-0.25546682306212176,-0.20823411169976674,-0.004712045584059352,0.00292233586278575,-0.022820608354196303,-0.028665676752955095,0.004101278388616357,-0.0050153469405260845,-0.030700299683465625,-0.009342956884994319,-0.011571541739946158,-0.014631048168141212,-0.015610987144192639,-0.13563925360923731,-0.0006000134118296147,-0.16330809364724416,-0.13494673078426284,-0.005614123100723486,0.008371490087816708,-0.008246435090907656,-0.012527487631007889,-0.024788139134557498,-0.04989701152617394,-0.013962519516938231,-0.02853751347308481,0.0029689062524839178,-0.02496750870451609,-0.0012409564212232855,-0.0029835087978446915,0.0035023603929704513,-0.00029953894359226033,-0.010689993224529853,-0.033912675457179194,-0.03162967064484498,-0.006407162317164411,0.0024495959635314527
16_2,-0.0052161994469514346,-0.019596138853907704,-0.015119586417575371,0.01013663525770698,-0.008944208322677186,-0.0030535305850957254,0.0033545859179439992,-0.006191787050860402,-0.007692570281014348,-0.10132422066989513,-0.25574937353982385,-0.19946764251909166,-0.005024225639955418,0.0023677484816414145,-0.022586682788786245,-0.02862416093928103,0.0041882335048578434,-0.004983862368006717,-0.03513763310115014,-0.005755703406045588,-0.011567185472668336,-0.01618618357252178,-0.01591040236557549,-0.13503238025790693,-0.0006639093542386169,-0.15994770228838462,-0.1364141065630197,-0.002028986394204106,0.008415677603678742,-0.005832146678089885,-0.0023934344261137305,-0.018415570787441566,-0.05210521346129028,-0.01343903495256681,-0.02712225870113631,-0.0014390256136366025,-0.020229660060886213,0.0011589598935205494,-0.0029703879551612996,0.0031139906966472937,-0.000444170412792535,-0.007745946416629058,-0.03368202634391163,-0.021946596276636563,-0.00492504211539811,0.0024599960126321283
16_3,-0.005284840135383229,-0.02448218440955079,-0.015122304012025127,0.006004445800195462,-0.009235040381127265,-0.0031085863289214383,0.0024189203299811246,-0.01690339825507744,-0.02130587055193827,-0.10166363824190143,-0.2594522646076507,-0.2042000594916762,-0.004774312313676262,0.0022976477550346987,-0.022725383269376374,-0.028619143809212284,0.004113594870362647,-0.004990169551696769,-0.035263494563868535,-0.009301944799505479,-0.011584180784066454,-0.014517457983140152,-0.01573793152754341,-0.13558036871744575,-0.0006029518669975719,-0.1613871843154425,-0.1331039940099801,-0.0021072570886543703,0.008381560360140353,-0.006944299999592425,-0.00897323826173624,-0.029041022810922884,-0.051082523009054706,-0.013298904818471149,-0.020176480751844673,-0.0014436717420081876,-0.028199882533817746,-0.0003904710222397838,-0.0029060795601448287,0.003439076225724812,-0.0002915550410171402,-0.0071876987801798315,-0.03334719730236025,-0.02211327816539666,-0.006404001306191298,0.0026564891002321396
16_4,-0.005288928460600867,-0.01970506219404744,-0.0151185653370946,0.010104184006202168,-0.00906914707255968,-0.002950277872190528,0.003215991868349708,-0.006032967056532337,-0.0075365198868631075,-0.09879239809520857,-0.25538277561301037,-0.20336344167283757,-0.0050157772556609055,0.0023628134140563977,-0.02274690965164461,-0.02863806623880322,0.004115326418213106,-0.00501305168678464,-0.035245085233194064,-0.006019426149801006,-0.011561196614068812,-0.016259362033335487,-0.01581080346921944,-0.13519774990222982,-0.0015446147934673746,-0.15978521204090312,-0.13644813124460198,-0.002074939664686503,0.008526843766827037,-0.006587356737841676,-0.002396320854817132,-0.01846002281497335,-0.05167447198067303,-0.01343903495256681,-0.028657982299751635,0.0029995909786886335,-0.0202892678149071,0.001104278019349923,-0.0029755479651746687,0.00310096384753432,-0.00047791395654272865,-0.007601260296728007,-0.0341499713061087,-0.02209621295227591,-0.00496183929573617,0.0021727908739702663
17_1,-0.004642751905074005,-0.01625220917633578,0.0187918009209905,0.01170512710221674,-0.025988363532452097,-0.011837392114385234,-0.004335545703561144,0.0030438968302319135,-0.018520610882895562,-0.1201839389163948,-0.27817092531821896,-0.19859976172305424,-0.00929009364353524,-0.006862032790315873,-0.03858100217375389,-0.048447923248599194,0.004952859612544287,-0.007849601290765654,-0.08118834927188555,-0.0354509046326687,-0.02676004808446047,-0.027434858945407502,-0.06699997379220617,-0.1402844335787207,-0.0020630424218896206,-0.17631812611216524,-0.1474031676432856,-0.0006140751341031466,0.005517139234585304,-0.02904637490225666,-0.010551543793518199,-0.0070315774239374925,-0.023812486058200393,-0.0164694446952241,-0.01875136088426916,-0.003755130236773278,0.003193622198530583,-0.009426066828562422,-0.0025486371990421017,0.009330874659281877,0.004890155588479215,-0.01599869518501876,-0.016928163427728172,-0.006481108855923802,-0.0009648708132746363,-0.01204671293628613
17_2,-0.0028186449224307584,0.005687324780957453,-0.004991819110443376,-0.004271353106922218,-0.01757741700940704,-0.017156051047906996,-0.002053490546468474,-0.0160353900671382,-0.021868622065446326,-0.10765938811718206,-0.2824387981258676,-0.01378693720308664,-0.00900275805522853,-0.007884859792775785,-0.056601737596239605,-0.08885134355493436,-0.0017522481835976563,-0.0038074120472134107,-0.09345605784144059,-0.03614759725385551,0.08323868024315181,-0.023292614415604644,0.017937611022346072,-0.14411433701725962,-0.0066819754605512306,-0.13356345531840141,-0.16173530696022084,-0.00017931261928728171,0.006374570917397501,-0.03330844317151409,-0.016492604119734237,-0.012730893469430108,-0.028643522566847015,-0.022600898802320274,-0.006370704009946784,-0.00240390120375696,0.003435627353253054,0.0009274159008310787,0.0034773482313193017,-0.012791776475401563,-0.006656858964340967,-0.014854549949562904,-0.014799004758740715,-0.011968428012784449,0.00040834659697066276,-0.027740891836012943
17_3,0.002267666775196312,-0.01539540945004334,0.015780189188190744,0.006822830658213282,-0.004333374384879697,-0.0119491920498207,0.002651267532484327,0.0046628925829668745,-0.01579823769674287,-0.11882697708322583,-0.25331730656647505,-0.18296792613815788,-0.008575995139411312,-0.00454436112528892,-0.05445258199196311,-0.04896373386912457,-0.0023711171374539044,-0.005186693168178484,-0.07942167467441738,-0.030988532596123438,-0.0242111756418612,-0.03164490459619637,-0.06151356448193876,-0.1456129746102864,-0.00028790063790522593,-0.16974590975081527,-0.14308023602829897,0.0016780523503779963,0.004287774606651302,-0.02559912303220842,-0.008297465035356262,-0.004081329238609542,-0.015127479265085621,-0.015996673312486304,-0.015317426111292658,-0.0036860842930799614,0.0005954086447942374,0.0019782208418151863,-0.002557098078524761,0.010351852833102854,0.0064988930421122654,-0.011819066394474474,-0.009404931665272166,-0.005388490434543255,0.0035147657335664003,-0.01618726645244224
17_4,-0.002612297740618266,0.004780215548921332,0.0029757861800569513,-0.003293999862214173,-0.016719809102583576,-0.005543963605445737,-0.000594113100219259,-0.0015913253638431776,-0.020180102614185968,-0.1065775179455859,-0.28036959119821986,-0.20954707156030988,0.006813814993367097,0.00060216342318895,-0.043090899305287776,-0.052675254159733294,0.0016836684005606638,0.006301438542763516,-0.07654202383273669,-0.03373423784572706,-0.027692070452093036,-0.025259189744192567,-0.028752479635104654,-0.14476950430557317,-0.0022722026703545332,-0.16088898692462392,-0.16030804159123718,-0.0011216289493427886,-0.0013463613422574463,-0.03103764218001806,-0.009810312944044287,-0.007250146948224006,-0.036716955550385406,-0.016974745425994683,-0.011682585720734773,-0.0027817288190528358,-0.015073311046149195,0.0016931534378019461,0.005279306341855866,-0.0043456928098889736,-0.008700003957566125,-0.009500695477371647,-0.009864548309387985,0.0010496203943229769,-0.0005796141810831415,-0.02101576309717352
18_1,0.0006451422134849407,-0.01557268160440702,0.018473662993819317,0.014616683887381668,-0.01916018021229278,-0.014079405347801376,0.002134407547638958,-0.002413884011838492,-0.004574624950132972,-0.1087761094672065,-0.24318973230148375,-0.002532179615793884,-0.004757550797103541,-0.0044589716119085975,-0.047504097379224994,-0.0676346575527255,0.004349620840749645,-0.004675299378350454,-0.06818003393231589,-0.022712634516411423,-0.03402207395671709,-0.02357155613698904,-0.06035002744756061,-0.13252640257479686,-0.006335325242879654,-0.10735091014539849,-0.1369101739077164,0.007070464969915506,0.00288693182858995,-0.022757844921048185,-0.0027390287330600637,-0.013542314449585023,-0.014638449389024125,-0.015535253403964538,-0.015116729347127569,-0.0024996366060733646,0.00936298192367856,-0.0007061655322685733,-0.003240323819706372,0.010706350293676508,0.010462803168463694,-0.011768932297395047,-0.015469675043055558,-0.01181759368832841,0.005338862961372599,-0.013217969440696217
18_2,-0.003470894136098151,0.0034496444760113067,-0.003160638531337157,-0.007714222667493477,-0.024221944187513614,-0.010534144886090654,-0.0020161048956513802,-0.015469225431396016,-0.028254228549070032,-0.11066833642149083,-0.12578228849740228,0.01790347561992854,-0.003129223959817423,0.008707991143420638,-0.053630844166771906,-0.07356836632525696,0.0019820836838512577,0.0012346397572467827,-0.07901821401338266,-0.03987263865057667,0.08389176113697482,-0.022115014318104725,0.01932815395019592,-0.07994378258163284,0.0001351508134664503,-0.07074143094923424,-0.15604285256936765,0.00250459614427474,0.009952316753166114,-0.03569394734645099,-0.015199756642743754,-0.022531183454071412,-0.03499078319323656,-0.016241196770098363,-0.007045090200057384,0.004974840574609381,0.008502999415400874,0.004199042433237475,0.004694995411490117,-0.012772754808322125,-0.0025875540095140516,-0.018090463028766074,-0.018511370006605528,-0.014397980289011701,-0.0001235636237186155,-0.018344814101465517
18_3,0.0006377024952980942,-0.018295606668175216,0.020474709762132993,-0.005957054010484793,-0.012458094812759102,-0.009742613627721115,0.00136949288047488,-0.004468482285063978,-0.025272416893262505,-0.11048226802521026,-0.1190568473427554,0.004369205782632934,0.01275989406854043,0.00603393263876996,-0.046785120407686426,-0.058087358129861294,0.0026764367725551634,0.002502214371515613,-0.05817589332177047,-0.027358714709888633,-0.03404321089680132,-0.0248390699443823,-0.06570702113944583,-0.1420949894460508,-0.0053484110563463486,-0.08528036242337929,-0.14934788246703687,-0.0015505850998414833,0.002975288290877301,-0.02034201437449854,-0.008591020675369808,-0.020151757582403465,-0.028660867193890074,-0.01571513465742783,-0.022501138170798216,-0.0008486679845134999,-0.01300032312017888,-0.0025561395816245413,-0.0036063457544048155,0.010249929787226178,0.009244085539395356,-0.023847339356789444,-0.02297474120868068,-0.015026983092965697,0.003520846104462199,-0.016456484390650953
18_4,-0.004610699086969398,0.005505207494897752,0.0033981003428077508,-0.0014320973047984506,-0.01627085368825555,-0.0011962065605068384,-0.0013323125697887734,-0.0004729896193138663,-0.018179853359854625,-0.10055103409230172,-0.24362761982217332,-0.168217453627906,-0.0033927655911729147,-0.0015019408269787557,-0.03892152932230309,-0.055947288117413264,-0.0005803299611230589,0.002537603352204396,-0.04295260844469372,-0.01616796000657393,-0.026687673344715612,-0.022904373057138192,-0.023758560650603187,-0.13478847599727964,0.0028685287211666147,-0.1436075697883984,-0.15558897551537618,-0.00381107157852495,0.0001847720927078343,-0.022143095779788888,-0.004559458893204151,-0.007659097204968918,-0.02235904939127861,-0.016726920900902605,-0.006666478131605112,0.0007408704089311661,-0.01247059341608939,-0.0047696829430264156,0.00520288802546136,-0.003460650166832051,-0.0038180808942916843,-0.005816656434157612,-0.019568583029512466,0.0016664407609519047,5.853903440226752e-05,-0.01709060624052375
19_1,0.0011505930016465099,0.014191880384039944,0.011426757399207487,-0.009996067034867225,0.010818855411176342,0.007292146791114643,0.005685676077195786,-8.988117297096339e-05,0.02121723315012517,-0.11640135463526503,-0.33492660963943266,-0.3174026345098803,-0.006496438434924117,-0.0045774815078374435,-0.0443866580723505,-0.10872640959374481,0.0033222943930387165,-0.031726717041112164,-0.09155559909652058,-0.02935271033178486,-0.014761885234346819,-0.024927918881127074,-0.022699544734870236,-0.15617368976424092,0.0011671303538223514,-0.1941734735670477,-0.2106184352472766,-0.0017402405142341666,0.005313605180221851,-0.015606071592643898,0.0016618662239703463,0.014684399411710567,-0.0008818001921271634,-0.01147079911261795,0.005304473959769679,-0.00011364618385801352,-0.01924375416436905,0.005630682009541039,0.00874989456191929,-0.005329075058283454,-0.001299432399182549,0.021225213216816093,0.02180993651094784,0.021885086469954622,0.003284345511288236,-0.008559017101846717
19_2,0.0015113932263674265,0.0032684742880525804,0.002564006721853661,-0.010124235802954854,0.010169249414006449,0.001073006179670949,0.00034085049557544935,-4.312611118617994e-05,0.02040252194722711,-0.1194476636681589,-0.3187743732286244,-0.28869229070562535,-0.006512108025699673,-0.004694462878817425,-0.041187601671906514,-0.07286446092755654,0.0033345775731814784,-0.031616352235460846,-0.09137475008562053,-0.029250094568069363,-0.01666679158866658,-0.024648745998312172,-0.022367503229107424,-0.15467224143320188,-0.0023203789270428493,-0.1938645206724077,-0.19532824254470785,-0.0015130840416155062,0.0052589190689082774,-0.015402046381359849,0.0010048875479349532,0.014972072083034898,-0.0008322696953116139,-0.012346223508206983,-0.014605801219006738,9.237348180375366e-06,-0.019693562372414847,0.005516953098528427,-0.0002198008390902808,-0.00510680261170146,-0.0011703018503998871,0.0186862986907967,0.0076210614028001085,0.0038056569944360874,0.003103071960269233,-0.007756724275542881
19_3,0.0012907513400625416,0.01260783165413147,0.0025263136618507657,-0.00943230509091097,0.009729272657640158,0.007829978656458349,0.006299216920060083,-0.000541918340380897,0.019463732159377953,-0.11654607414624642,-0.333982437130084,-0.32003975994110145,-0.006519417557473434,-0.004490352025983833,-0.044075356875717335,-0.07527790372773391,0.0029888265715220454,-0.03169480192238989,-0.09005221281869141,-0.029656426414225792,-0.017760505306803745,-0.02323687583636846,-0.022818970047896757,-0.1541839613369056,-0.0032528387818469796,-0.1914570713667389,-0.21293315975073934,-0.0012959385637576265,0.005012533912536198,-0.015062652311878633,0.0018168543492817482,0.015434675577001832,-0.0013973161553207398,-0.01309085744339926,-0.01478369895987662,-0.0005463336443787407,-0.018787739711661196,0.005451097834140156,0.009115841218272067,-0.005368575949246469,-0.001183355066747133,0.01972136467421031,0.021453761680368305,0.021815115389095207,0.003030169700899832,-0.008606465143657248
19_4,0.0011968518265413324,0.013953439028298951,0.011426053146425865,-0.01215236082583795,0.010032589058897923,0.007090015249274626,0.005684710226895475,-0.00019786964112276126,0.019089052440706293,-0.1159958384487484,-0.3328821927856427,-0.316764078935991,-0.0064305072971083165,-0.004102249675821369,-0.04418514147950806,-0.10877978890525085,0.003323013982685716,-0.03174087437137606,-0.09166888938739964,-0.02939089212929346,-0.014749303536872455,-0.02353924112277289,-0.022420568561016395,-0.15694584650201687,-0.004409411866824018,-0.19231663489308,-0.21199698196909975,-0.0019982685548228262,0.0053216974864893785,-0.015437756524353384,0.0008317580628586544,0.015154805343507393,-0.0008357359679754385,-0.011518853818024664,0.005262804528517526,-0.0007021011253930674,-0.01920792989161038,0.005482250850898898,0.008475282530528,-0.005338009567448035,-0.0013215762047627268,0.021151037837387497,0.022243829729635442,0.021816989197543834,0.003202355766422864,-0.008706746358624525
1_1,0.000742689009623288,0.009476303042919543,-0.006066332334706433,-0.004571441779416216,-0.0014928528163680379,-0.0005806341171817608,-0.0004272167013916779,0.004085147799456646,0.02032808262688775,-0.11497190505168227,-0.30559218205445476,-0.2685588150556236,0.005904451749363522,0.004128489442643998,-0.04348532735955389,-0.053417200194992395,0.0010235462979525322,0.00736058032665914,-0.05559064267841502,-0.018610499929614326,-0.013588234526466052,-0.018236681068123636,-0.0018385344976055529,-0.14431357918525653,-0.01150551969695587,-0.17586459411839014,-0.1803778777404984,0.005231265059859855,0.011655453993397619,-0.008662318864420582,0.010063731000030107,0.01095655429020619,0.013980345546653821,-0.01216391894527127,0.015153005468157333,-0.002041694443276107,0.012798591913170378,0.005827018505598671,-0.005593986395771776,-0.0032319264376235277,-0.0009265428175549434,-0.005740779330195964,0.011281438310012373,-0.0001463057327145911,0.001342539973028838,-0.0026868173663967447
1_2,-0.0033668850910667713,0.007782579792206002,-0.008685043265221683,-0.002525273322934892,-0.003656961970341341,0.0004657688751404535,-0.003967733211195179,0.00392648400969132,0.026668688585367813,-0.11704604692190945,-0.3012173121528161,-0.26519720826380005,0.0061199041412507114,0.0034906487802817765,-0.005634019739034328,0.024075696172228232,-0.0008497078426928958,0.003903357867681811,0.0419307580393165,-0.02127755231063976,-0.009671536500879655,-0.01590325865566009,0.0026399421325611627,-0.14830532860854106,0.004610104892518933,-0.16289644874006926,-0.19295422858987524,0.008322528566205968,0.010274768711117785,-0.006900619841036799,0.014179372330078276,0.012682730452812641,0.014762393222119141,-0.010104642718209853,0.02031259416461836,-0.0013974556021477884,0.02258860525838579,0.0047047042774280455,-0.0071910997061838955,-0.003909154210325703,-0.005231094770499887,-0.010862813233704298,0.014591365450316904,0.0008220445167850348,0.00038533736926503264,-0.004761355349136761
1_3,-0.00138863839547628,0.006282863509705998,-0.006208598719286365,-0.0018847574863130358,-0.0029075535754892416,-0.0007382166086462828,0.0011539454748446289,0.004068943463878205,0.02195083779677268,-0.11970817110328913,-0.30256470611684966,-0.25159442896432876,0.004913585345514199,0.0026031068771524843,-0.05434143439237728,-0.05623409300976588,-0.006286400135979521,0.011949886281404134,-0.05587378239109867,-0.017565836653135734,-0.013073533632770251,-0.015926647581825753,-0.002065939153184166,-0.14398016294032684,-0.0005105523752514261,-0.17707984319041742,-0.1831816188393177,0.005635510863940932,0.0112373216290901,-0.009163557731521131,0.0069922881382675234,0.010989088156923576,0.014004645905206652,-0.012154168234930995,0.014827359836853255,-0.001543272869911837,0.011987622759179702,0.002810949126517589,-0.005865819385560132,-0.0035908147811306106,-0.003647934125386904,-0.008101552009871579,0.011437605930505742,-7.464837701927983e-05,-7.159623211275723e-05,-0.0022009058556696002
1_4,1.5277569605302496e-05,0.008221070801359082,-0.006364897038995148,-0.0021525978925159405,-0.0018479960536818324,-0.0005554883564015134,0.000643632557820393,0.004317451767025755,0.025117704406127195,-0.1127835298262868,-0.2998482296598895,-0.25448082500530383,0.004255268377967954,0.005224329059522738,-0.052776532163275214,-0.05479232563146437,0.0018790796878339802,0.012661404492287769,-0.053434352275972256,-0.016881310893755344,-0.013082389466415482,-0.015497033888572638,-0.001451136268853254,-0.14452927532948293,0.005530184129867919,-0.16997610635957605,-0.1789686663555045,0.006488786320025012,0.012497353625230636,-0.008005509926349663,0.008310883234036457,0.01088330612689951,0.01728870321726472,-0.011630326570592132,0.014516163222549016,-0.000957797179732924,0.012927013460619195,0.002884478262133695,-0.005446599598114548,-0.0034782617095501923,-0.004300123470106637,-0.0054248985808187326,0.011977809468510917,0.004168345601212753,0.0021965986270040426,-0.004155043734607553
20_1,-0.012515325600765428,0.011394267884034847,0.00020836341294153043,-0.001231574576799557,-0.007656088210039761,-0.0029145586875549646,-0.0059337953468861036,0.0014699362552510638,0.04419616547128978,0.029658380568947897,0.02385592970049845,0.1375057661144296,0.001602115326901281,0.0012259857907624835,0.01975325847047532,0.030909908928396432,-0.0036309403465548565,-0.0032249823436866303,0.03391284652255348,0.010045865518613405,-0.005577850668822848,-0.01309494112007873,0.016412650513938094,-0.014670245138567295,-0.0019422517792677737,0.0776450143776162,0.014193575934667439,0.01129640510592341,0.002462834000127549,0.007375699737047146,0.015418551064404509,0.002610185227051651,0.017228090575718693,-0.006760096462853587,0.02665522913795422,-0.000972107553703752,0.03853248359089767,0.008738948677715944,0.003894941779308327,-0.013579373500597175,-0.014189542467086985,-0.0075940626417023175,0.02110147473397581,0.000701709876726317,-0.003094928322934155,0.005232680934473402
20_2,-0.012062666401589078,0.003625963085651109,-0.0009794464518594708,-0.001071515524809845,-0.00892842138473732,-0.0029638780441379403,-0.007996223133588078,0.002659020517757231,0.042971556623829996,0.03414789663458271,0.026210025138502038,0.1401192806826445,0.0031781064515517313,0.0019110438312215081,0.016428824496218374,0.030740670697572334,-0.0037146606530181624,-0.0031131028140674462,0.03157288353404551,0.018156168276978614,-0.007096118230160011,-0.012878339026418356,0.019237609548913744,-0.013679823398617164,-0.0015212389644311086,0.11056453780185184,-0.005329750802890937,0.011174943751250622,0.00873114970428619,0.0048749607372403055,0.016779191423437877,0.01453575084257807,0.021809950164732774,-0.005384038678024254,0.028035752764465304,-0.0013312178810364513,0.03031288961736443,0.00986251974002812,-0.002003982895508166,-0.010872011868110609,-0.013317231431787679,-0.006091388772971796,0.021753844207368884,-0.0006401399837113921,0.006520138121214696,0.005427019455007428
20_3,-0.011988703118186426,0.009930467356882421,-0.000987199162578246,-0.001883232415352683,-0.008605682529685,-0.0028451176109887044,-0.008920000682195423,0.0004505202580758521,0.04968352206888545,0.03193402536957841,0.02919159060639521,0.14392362216584662,0.001450930427829749,0.0008744555969770143,0.020706996860836595,0.029265401931917564,-0.003045915574687206,-0.0032136128340360163,0.031198965573713128,0.01916501250592155,-0.005797476822155447,-0.01415116156046817,0.016896506773104024,-0.01734096494333711,-0.002015834962458478,0.07722585334114355,0.017123505406031247,0.015199363391300057,0.008324214318934188,-0.010833455409777641,0.01703778532292981,0.016262652390152198,0.020469829035791986,-0.004487103708126381,0.028440337789796762,-0.0011538659443672628,0.03889172270745752,0.010400106957176929,0.000270933281949344,-0.008952538168652664,-0.01344986087186369,-0.004426957027892759,0.020732824779136214,0.0012040255165886135,0.009234145764801142,0.006539252640165778
20_4,-0.01250290915149801,0.01854614764464311,0.00036058627293248573,-0.002971646340473329,-0.0016380498812723432,-0.0021086086217585428,-0.004378387787844126,0.0006924453934753658,0.04745515859185351,0.021009824977712192,0.03295354355384099,0.14227864810342872,0.00039995905872162183,0.0016432172409207237,0.021514528221709125,0.03503454386061408,-0.0036795002802549825,-0.0034896144090983123,0.037756910128867734,0.0170241541276485,-0.0022285858613734512,-0.014158122097639721,0.015802218696355223,-0.006555727845337445,0.0016513859222338598,0.1658299336238357,0.0003112823821611635,0.014149715527258485,0.010063439263046677,0.006149955408704597,0.021012052769342156,0.015563344514600704,0.018189772384974812,-0.004285948702480024,0.019341309108544015,-0.0013660749492879374,0.03082658068462191,0.009188799576931306,-0.003822799298433579,-0.00884102539557717,-0.012120502758071205,-0.004535426554878631,0.025322456706887073,0.0019451107346447221,0.0077808513933995726,0.00742197526470128
21_1,0.0021328419049184964,-0.01678625791486677,0.003169058784190735,0.004070636654437659,-0.004303729632144573,-0.006640625385482491,-0.002011272554905013,0.006636793443120461,-0.02010356885656386,-0.10171735857363685,-0.28377823307936084,-0.23157570063963287,9.608687928111564e-05,0.0008793378401278519,0.02068789776363568,0.015923275859285838,0.004182508909440084,0.0060902563354403895,0.02845531968008769,0.0003539401653772564,-0.02239953752344791,-0.026561164071611066,-0.023049273937902993,-0.15191536064737543,-0.0003775237502879709,-0.18360684176114803,-0.14012497418256273,-0.0017993036275201634,0.011886436541576059,-0.008438117278869915,-0.007246827582245745,-0.0035254161360517454,-0.028784101326597047,-0.01659381557747889,-0.03704830624574047,-0.0012867785269720733,-0.0525645932708584,0.007203410266858983,-0.0023305806257509698,0.0001333806526900614,-0.005972768922880528,-0.015198318495033098,-0.02326575676919215,0.00010117781566393837,-0.000541263550488768,-0.0008132028722778245
21_2,0.002351655780924745,-0.021534326123928953,0.01819770896813949,0.004223945690491049,-0.0047865738568542236,-0.005906552229598741,-0.0052203714671973924,0.00545975815693259,-0.018118770962079738,-0.09947587229750784,-0.2798328456892563,-0.24028193711111212,-0.0009855079856487335,0.003045536114346898,0.0010468384535006104,0.013101538475933532,-0.0008966260303629515,0.0003646156020119487,0.011604011355773864,-0.014931687033553335,-0.02888506503444015,-0.025927830481355413,-0.041557880360984976,-0.15730060393968356,0.00038694142678244816,-0.17151265570166538,-0.15031140446427627,-0.001318949819428652,0.01844031308132863,-0.015116847195356317,-0.010018711740589024,-0.0019019651060269047,-0.025656851267060243,-0.016738580188799996,-0.031015616823648284,-0.00023363203404506148,-0.0509347559228658,0.007955118811887707,-0.0024184471842439567,0.004644232338803792,-0.0048166328132943715,-0.014994147106026751,-0.022218274271108212,-0.0024299651886332293,0.0005271174516433963,-0.006745713325026523
21_3,-0.0028823603163302546,0.007881446352115271,0.0025402681865211263,0.00595007842892528,-0.008389436073787981,-0.004608081245238672,-0.001354979704849562,0.007589800418240551,-0.020982463012530515,-0.10884234260604023,-0.28539571103348665,-0.220846105717463,0.0003790689083157937,0.001463009989890356,0.0034698767614202504,0.00578196366670867,0.0038264038234013345,0.006106529551874983,0.029242463062362837,-0.00047381185787774533,-0.02190741821756648,-0.024130242807414784,-0.02191419877328664,-0.1450993315046616,0.0006286169318098863,-0.17414811333607305,-0.14592737179172657,-0.0007683887769346976,0.01300077205430801,-0.007339317563882496,-0.007514270891692795,-0.006657317919741711,-0.027155684275624613,-0.01684039876961422,-0.031290873065535546,-0.0010787773133633873,-0.05132931476796451,0.004060119337502736,0.00647112922210581,0.000988958091113604,-0.006326478322538589,-0.015528725422250656,-0.022181917006459797,0.0010954407482744743,0.0002513763808513442,-0.0011539465340775798
21_4,0.0020205632517746436,-0.016821302101430652,0.003327795697984161,0.0046432743514117645,-0.004310686507884207,-0.006672920238066901,-0.0020103904850214153,0.005528766367072125,-0.019909844383179706,-0.10110464801193814,-0.2835768155091029,-0.23205741539456085,-0.000380624271023649,0.0010886381640994867,0.02096596372689287,0.015634757965016167,0.004419546858097745,0.006056231515082496,0.027814892569196652,0.00019713717139020743,-0.021878665758593423,-0.025722458331063576,-0.022974898011914206,-0.1520805242501152,9.813548406992808e-05,-0.1823545842620964,-0.13971337711142137,-0.0018914955534102304,0.01190339074130846,-0.007848854108377646,-0.00732143445555091,-0.003475964349240553,-0.028410809325637956,-0.016786942900452233,-0.03732037297398721,-0.0011148861573863043,-0.051383584726703874,0.007392706845243396,-0.002381271385031869,-0.001467504539268953,-0.005922277511554812,-0.015170581525765134,-0.022488836638568644,-0.00014359657435580395,-0.0011688441535311074,-0.0007795963217182367
22_1,0.002410818375146778,-0.01592222398035638,0.002548597330967252,0.005977353729478213,-0.005755430739693403,-0.0020822065804777076,-0.0014744070078450218,0.006696583561792544,-0.011319408488427609,-0.09537141537293106,-0.2703223793986283,-0.21205885893695015,0.00041632885150717677,0.004110409786261373,0.0038490227835167533,0.009768802620296325,0.003818245721227112,0.005993844141861023,0.029551135533810245,0.001304041544475663,-0.02340900661762326,-0.02376625784712438,-0.022298730979671604,-0.14928843421063,0.0035143405784492853,-0.17903789161319178,-0.15199321513522895,0.0010739815101560813,0.006422015320719923,-0.007475075939037868,-0.005496518887960535,-0.005715783887831652,-0.033111732667660855,-0.01585624330734775,-0.03045727464465814,-0.0015406897497253816,-0.0513692599666383,0.006411287477433242,-0.0016285706225140696,0.00047370321854481605,-0.005338146283975964,-0.015310564078014743,-0.021960866122062345,5.881462187737232e-05,-0.0007887375388305549,-0.0025732792152428053
22_2,-0.0019615344132853227,-0.013534404285954841,0.0019682073241454063,-0.0015226121706642243,-0.004837179689800607,-0.0014629601493149453,0.003255264995415998,0.00225979394788683,-0.017662925391701015,-0.09437082514885646,-0.2591505303896437,-0.2164311166528797,-0.003562632981929045,-0.002364288278524251,-0.010935709446927287,-0.019102210950254907,0.0025810583432929264,0.0021021691168053268,-0.020183321780788802,-0.0016581236444671915,-0.02227782371540882,-0.024188975120931204,-0.019818839675198385,-0.13835501544705833,-0.0015858346300582768,-0.17294215249045933,-0.13638237579600848,0.0005581634818997935,0.0066765823916541175,-0.018297824850975516,-0.006620306335328932,-0.005173711562865193,-0.028161802038767753,-0.016507961405998056,-0.020356853540169376,-0.0010487537613487223,-0.024841163270217275,0.004090061084514611,-0.0016872283339689526,-0.002469348170243267,-0.006241613220374106,-0.014795240852179061,-0.012758563233660805,-0.003401017144154034,-0.0010326607103534281,-0.0024474103072640364
22_3,-0.0029696435529220347,0.006820542773453756,0.0014064188321109,0.00020299461066949472,-0.010372730527818057,-0.002230898776644762,-0.000883657070920155,0.0036413846459004344,-0.012749350266566461,-0.10865203780641489,-0.2727296172397285,-0.21884473634096288,-0.0034046554556683953,0.0020446350362679374,-0.013575777327966814,-0.025355670217128257,0.002184907210719076,0.006743564012916021,-0.03448015974438745,-0.001066060135677855,-0.024106355866209468,-0.021922380781491918,-0.018838655253875302,-0.1369163223978702,-0.005256555376915358,-0.17204457796947972,-0.15800147281777796,0.000512187699808432,0.003465152451429205,-0.007129195862353213,-0.009697619049439766,-0.00450918866221773,-0.007510481010566429,-0.0175319715442248,-0.01820239810904942,-0.0002814831772549364,-0.010270327524171468,0.0028143690130878495,0.011385768810024502,-0.0019475494038698991,-0.005292047941486326,-0.01406280287213232,-0.011518333598795729,-0.0016065776528204488,-0.0012720192031636093,-0.002082815789981748
22_4,-0.0023442263275990785,0.008392133711028952,0.0027838350110124823,0.005345542993596547,-0.011249088236066764,-0.004711741678122724,0.00013734878989326153,0.006468930546567095,-0.01283012109622853,-0.10871335163646365,-0.2884026713720705,-0.24967793372947908,0.001966905445867768,0.004558694790917993,0.009094652951013651,0.031186030713745247,-0.0016050834866693509,0.003964986270642507,0.02869776418730056,-0.005661902657672545,-0.031165750168737252,-0.022780185997477005,-0.020967033599428773,-0.14607442177844474,0.0011210998467056765,-0.16113288201053352,-0.17824813970512585,0.0004998505521669181,0.008525056781493666,-0.014293382065422224,-0.010128045540827777,-0.0033943424069750087,-0.005854067666346046,-0.01790109335827511,-0.041023375642422547,-0.0006170226714132379,-0.021315465411014162,0.005949108751428891,0.011479181348113163,-0.001491780594852855,-0.005032919215555657,-0.00855816820081676,-0.014425407818487085,0.006285111407690411,-0.0009310957463958754,0.0011820680140191948
23_1,-0.0054261501272096285,-0.033673259992244735,-0.04011687411699208,-0.013761195583541788,-0.01827683505836913,-0.006035959244164646,0.005918521718844665,-0.026601334609106804,-0.037579207682214684,-0.11324747254129701,-0.32147330188481593,-0.255473712374549,0.00544177383598206,0.0001370968174130385,-0.004855457719321807,-0.006522561722737183,-0.008942554131559992,-6.901668917432159e-05,0.004288654020135731,-0.0334297737712862,-0.06650161086761101,-0.02510554533889155,-0.02008634789931132,-0.15433538799598526,-0.009138793415476998,-0.1751995720052864,-0.15938627587001086,-0.011854442342299215,-0.04397588898030444,-0.011045552585295425,-0.02193182965231988,-0.04569284451078837,-0.071138126393213,-0.014119034968950705,-0.09863859124638533,-0.0007034295059347518,-0.12964396562993996,-0.011487185763442216,-0.002746011760271494,0.0025580427364669026,-0.0021427151255510746,-0.019389663163163248,-0.0604826494730963,-0.035019065099733265,-0.0063781324437637826,-0.002721151322138151
23_2,-0.005351834349376554,-0.0336225108505562,-0.03994768282480744,-0.012322833827061164,-0.01827350817406351,-0.00603716112187326,0.005976630216919881,-0.02611653685242829,-0.03728455091338722,-0.10830343536253084,-0.3193150832409899,-0.25794493830680953,0.0014000203219713338,-0.0008575720304913795,-0.003818325440752774,-0.0065555225062683435,-0.001586136011918745,-0.0003657889902532368,0.005345050601654099,-0.03402346361578111,-0.06614903952668708,-0.024986902752735695,-0.02003425714809112,-0.15262045253535284,-0.009049512808002525,-0.1693285311703997,-0.1586405196186548,-0.012022477878124037,-0.043543141479383866,-0.01087854508622544,-0.02173301604723079,-0.04504856166129941,-0.07106767529607656,-0.014114360428314618,-0.09757750522164213,0.003886405679954051,-0.1266193939326917,-0.011345838882332253,-0.002799837771724779,0.002606275620224419,-0.0021424812420968165,-0.01926809319073993,-0.05983237953628452,-0.03503468934474808,-0.0062013681402379155,-0.004284749896536026
23_3,-0.005352478237192994,-0.03359685848747415,-0.03996655685713861,-0.014324225457656735,-0.018364923628216467,-0.005958170956902333,0.006191032641263992,-0.021688527006459235,-0.033068398902485065,-0.112924020671984,-0.3198063387636465,-0.26010131000712094,0.0037266994076841733,0.0003968926256256737,-0.011541299721172045,-0.006235997034520712,-0.019231644931886335,-0.0001622227917805734,0.003361498724026841,-0.03390994393279424,-0.06652738110987454,-0.021666749215397834,-0.01999387477227078,-0.15424524147976393,-0.009030957689194213,-0.17528705157826246,-0.15756408648343082,-0.011752322487213156,-0.043992502468966375,-0.011243234629731265,-0.021920178089819536,-0.04549017024322676,-0.07166417812222864,-0.014119009337764743,-0.08666116618569566,0.003829200324433081,-0.12355776577035563,-0.003336097637373143,-0.002952346021235403,0.002639266657069862,-0.002207943341561827,-0.019392443359878782,-0.05993732254803458,-0.025254612714375617,-0.006309286267301793,-0.0025788874097282016
23_4,-0.005392622858873022,-0.03365519379652609,-0.04005809483422348,-0.004416144112466891,-0.01847249993314386,-0.005919667255426008,0.006027529853586528,-0.010886922814510959,-0.0386015352050998,-0.1102604413989962,-0.3149980808788829,-0.2602091213643669,0.0038208931074766345,0.001077846097037556,-0.011618626656208145,-0.006236853509863484,-0.019269903937722054,-0.0005366143490839065,0.003905302642127159,-0.033504928475434424,-0.06695610388767043,-0.021223604241442613,-0.020207422355075565,-0.153964906480846,-7.690507283032675e-05,-0.1755469095870508,-0.14681657693121433,-0.000926492967241224,-0.044388132206905385,-0.010656073188151417,-0.022375602589695013,-0.045454999111189456,-0.07070725896207886,-0.014097762058744556,-0.08719511217591261,0.0038713881673314893,-0.13012830724096328,-0.011426689379798452,-0.002912687486247318,0.002794595600755603,-0.0023296628663502465,-0.01917059136808076,-0.060423688855442165,-0.03497651007589837,-0.006441710965328416,-0.002669516643415423
24_1,-0.008405029885571066,0.008412927736767712,0.00351299095750672,-0.0029727092484487135,-0.007870033139284603,0.0006991335127787167,-0.0034285253760324695,0.0010480291888557143,0.05462232637697102,0.006134312531633841,-0.09822498690006429,0.04942299389301452,0.00344680199824101,0.002139916026225064,0.02174813689860265,0.04228859662548674,-0.0031998938421777963,0.0021785919078760306,0.02855790637680842,0.010989787774811363,-0.0038694770169282484,-0.004012508684861384,-0.006646416729299848,-0.13402824025730287,0.002355444767184406,-0.05379314917299723,-0.0019288313576000505,-0.005544475504689808,-0.008766949330426477,-0.010277133650342243,0.026506351076207496,0.016801032960242074,0.05936789837488053,-0.009262825346137689,0.030595543236124925,0.0031315344943187535,0.025867446456638736,-0.00026765692164491415,-0.009005492579033478,0.001249441543713154,0.018890829386077067,0.005918532524493595,0.016593016810991942,-0.0009489556998544472,-0.0007915858589681047,0.001806137548716899
24_2,-0.008328859205292647,0.010633120553097253,0.003290521351046657,-0.002035611868369734,-0.00783587512685165,0.000754954996267724,-0.003340499254972484,0.0011014450456357443,0.056405207945100774,0.010067283890560559,-0.09811645731373039,0.049331203043584876,0.0038217579003214457,0.002133665410508855,0.020387834615654642,0.045613831424185035,-0.004919921360522878,0.004161727934447281,0.028527771061999066,0.0063968227521017,-0.0038459131365085105,-0.004921311819624134,-0.007149407496519031,-0.13281265350658808,0.0023015599204314996,-0.05683737601666209,-0.0017021140045357266,-0.005416996209107366,-0.008658384578050259,-0.011507456088763461,0.02391053118809107,0.01703293422013264,0.058309507773855906,-0.00929310275890768,0.031165986794709145,0.0025325718360406048,0.026554565032216926,-0.00018200647158300923,-0.008711337893813733,0.0013141307857655314,0.021580988646040394,0.00591260752904333,0.01815212472330622,-0.0014528885451640756,-0.0007739061356082593,0.0024054010905652347
24_3,-0.008153031720143672,0.009813735811501238,0.0031477996385319003,-0.002579842029918046,-0.007570685527824391,0.0008272571011605835,-0.003906085607121319,0.001121605282326589,0.0540288893350277,0.006383263180703118,-0.10263850651264218,0.03902304042832587,0.0010416246000856427,0.0013936505383808986,0.025808689829800942,0.0472462999420399,0.0012872718772564292,0.006636181809884703,0.03571767213222509,0.02100123471555603,-0.004331402147848924,-0.0041183943050266065,-0.005446971836854674,-0.13363111052079008,0.0025203569038795607,-0.060082994739678694,-0.03547996671679937,-0.005676429474626209,-0.00823699022454889,-0.01041970819458313,0.01983222969276675,0.016416005790899094,0.057887001353013015,-0.009256127689525377,0.030154896805568803,0.00217948287387445,0.026064915013567776,0.0017162853046714384,-0.008148387807040379,0.0012076162248935603,0.017253918397588205,0.006569397553022129,0.019617034354890064,0.002481686425215323,-0.0009632403683481505,0.0006840703452758195
24_4,-0.008444397780858745,0.008603609335679557,0.0037681291196470265,-0.0029190580310164468,-0.007625854533336255,0.0009527843839864233,-0.0031336260928368953,0.007483525935707782,0.05414095099200171,0.008078652458112175,-0.0975671679829897,0.04998855037405239,0.0039134642298333825,0.002288528025820278,0.02182851813741408,0.042415367060670936,-0.003135567409352812,0.002195415486626493,0.028571390702359326,0.01082975578986767,-0.003062495847626837,-0.0039511382189597434,-0.006396374837738172,-0.14104472100236748,0.0024726087599565064,-0.05281079579607373,-0.0016762939641504506,-0.005279456765639239,-0.008695094123773457,-0.010553979378303106,0.026578409549569866,0.017033865228873277,0.05885516126191756,-0.009260059378743779,0.030641566291634306,0.003498809814310585,0.026513810382462116,-0.00036607684197355805,-0.008952061374696788,0.001362670667231085,-0.0009888261364384549,0.006948896955833658,0.016679707089655934,-0.000692075426667971,-0.0005765014228668602,-0.00296879571358851
2_1,0.015476386956308026,-0.022390113040426117,0.046418483692055285,0.03650411452717159,-0.02136104862523563,-0.014412979573670574,0.021706819685393706,0.008003148869915364,-0.013582859254277947,0.23394600634720683,0.9681010466368412,0.2576766142797109,-0.0005407499419410053,0.0017136723482563416,0.021439087131092157,0.03062396159523932,-0.005069029247270578,0.019983980010486433,0.038415129153917746,0.02048162541213147,-0.029642176272369883,-0.0157119936484275,0.016666532579109477,0.5300582738381113,-0.007536345895186919,0.2483656992228785,0.5651996365700668,0.0048235752645995455,0.004636103080246749,-0.01333137262563711,-0.008045952797635505,-0.0024788036715130395,0.0040288806729385715,-0.0198661871080831,0.02278961798582975,0.008483995849636626,0.025054416598717044,0.021701057224327396,-0.041675748023554074,0.027003973081583678,0.028442856207243118,-0.0038360935388266878,-0.023283414405345038,-0.003095805236652456,0.006259560843876433,-0.001400629154715332
2_2,0.015591767792243914,-0.02216609225295452,0.044497797833261556,-0.011044103214085953,-0.02307032907432429,-0.013933754394445693,0.02208732350948966,-0.0007122160822855375,-0.02126846590474934,0.2204064421498304,0.9504246217239195,0.2449830567358307,-0.0008361754146174296,0.0014931777057981793,0.021503085594365954,0.030393877081114115,0.005460891153891374,0.02037994983022122,0.0393308615981242,0.021865388399635685,-0.01881537987747826,-0.015751679694642414,0.016816395740075898,0.5222369380026565,-0.008792681458270944,0.25661435345212846,0.5531506515722103,-0.001501591508790188,-0.00011112067757038883,-0.004164284099812167,-0.008701582756389445,0.0005482214416592507,-0.009334186545889325,-0.019111741258314784,0.023727618885188588,0.008628963316294555,0.025882450420842786,0.02402147226673643,-0.033301299235082765,0.026971007060299913,-0.007339025391230133,-0.01526132227348985,-0.025860125618447295,-0.0019017126068861176,0.006871611158419674,0.001921646441155323
2_3,0.015646887581505425,-0.02257940035777844,0.047294857382165406,0.037808372009869355,-0.021893485148325086,-0.014029097805680466,0.02159757371729201,0.007617328004884363,-0.014354484549178379,0.23516415492582055,0.9671349118294692,0.2407087312089749,-0.0005804999041743352,0.0011395157063820473,0.021810318901150202,0.030733224244038418,-0.001606282820269773,-0.003586823556136884,0.038245512382832365,0.021653481384004893,-0.02910083770219594,-0.015799863732602854,0.014331863685497917,0.5250118050828656,-0.007466574389783283,0.2466549879615188,0.5659051736907207,0.004942461987872454,0.004629815650767007,-0.011923301603238684,-0.006012627177015127,0.0001353691015028845,0.0025927388914174262,-0.019962585225495606,0.022821843674719698,0.008646613416558355,0.024942931895534193,0.02299897782139149,-0.022422334182687267,0.026504625272048037,0.02844627170729835,-0.004388214760042267,-0.018879189504625884,-0.002373188442692606,0.005825167390765415,0.017171985305672946
2_4,0.015226913482146954,-0.023721207320069146,0.0454679238793142,0.03186104257820519,-0.0221334949115956,-0.014387727400580535,0.022040062550078895,0.007479021290563066,-0.0022685373396012093,0.23398081735132947,0.9551074357217942,0.25802568111343765,0.002896760242342057,0.0005008132211274182,0.02122184402059248,0.029259707500708075,-0.006087769612868598,0.008576001779002104,0.03742334062307484,0.019602625715464138,-0.03131291761353426,-0.015900194330327248,0.01607347757723755,0.5287808425062461,-0.00771779607611822,0.25085621400151237,0.563995873043751,0.002435375878651774,0.0044126596479102075,-0.013752850376789041,-0.009868508179857507,-0.003545496646425199,0.004146367199126569,-0.022657262755587118,0.02259255600198848,0.007522636712850947,0.022776964410244488,0.02162404507025427,-0.04181097523216051,0.027031335343972115,0.028347662674702956,-0.0036915952310874467,-0.022696822998077914,-0.002425613187248814,0.005996327284815779,0.003871247707437686
3_1,-0.00447847267749025,0.006904458165546294,-0.0026819963666646707,-0.0047074810839097935,-0.009709323451494483,-0.0009332559688811971,-0.004891069881372353,0.0006313724678716901,0.004087211955654494,0.006733579875030892,-0.031214657776670023,0.044164660508731426,0.00020882995924843915,-0.0012576298088269966,0.023912205413082425,0.009510068993826155,0.003760950824650519,0.007581820697620136,0.030899621425740945,-0.0026668466674301034,-0.022408812727523233,-0.014860912699847668,0.012386461824736218,-0.06882544871927468,-0.00572469439042489,-0.06260924274168841,0.024968709394244937,-0.007148526709832084,-0.005339342405102789,-0.01645873498770803,-0.008723024768033197,-0.017821330766708124,-0.0020109979171617784,-0.01301094853226337,0.014565892362422646,0.00470071860050828,0.019861522304167233,0.002048600793555966,-0.002588639540901051,-0.009399710723137446,-0.01204594254449447,-0.0010875296518131068,0.005482683668253588,0.0033217050896524073,-0.006928233161424734,-0.017107258357948102
3_2,-0.0034014148441095593,0.011667426375296648,-0.0018445403417574576,-0.00014101183230427636,-0.012887626790624601,0.0006862508656330491,-0.005822263458284513,0.003158635695868768,-0.005576649310829469,0.013268173741859983,-0.04902099696599133,0.051795337835388956,0.003494506103381435,0.0024287167298717134,0.019703407485364692,0.03097339681983551,-0.0012838441532209196,0.004087188626355251,0.029242187071096905,0.004543991999310926,-0.009620478150923668,-0.016475231342417,0.010895806876227467,-0.07678217673595149,-0.003880598143760491,-0.08029334401303478,0.013997896351067334,-0.010991906441801242,-0.01007611662476504,-0.006758652882741654,0.0020557572070989505,0.008168003808306111,0.023830179442851217,-0.010791033436624896,0.01462348578060744,-5.492623877572061e-06,0.029391467002563437,0.0036248084540505773,-0.0033929479734638134,-0.0075504599479906225,-0.010992700709658056,-0.008302430929292145,0.009717983063435532,-0.00041536165106661387,-0.0006972282025932774,0.0022312983985224607
3_3,-0.004558000638580478,0.005249571507245664,-0.001101271905650101,-0.004749034801388935,-0.010029184252137318,0.0005217603055656342,-0.004428657963241673,0.0005411207632785561,0.006794700208502327,0.006144995029858388,-0.030923583513850144,0.045280182715444595,0.0002676221461285588,-0.0012384608037791826,0.02371826836329286,0.007667642847171363,0.004710111068914809,0.00790483718787082,0.030599298141889757,-0.0025792453900826055,-0.02085008835868245,-0.014590936516897815,0.013215452073702996,-0.0761245053582158,-0.005776449363166919,-0.058768818143250016,0.028122125048986014,-0.00824978126826844,-0.005377417406572388,-0.01673158007347639,0.0012668674356000169,-0.020315307199216058,-0.0014587883372497107,-0.017070203107664696,0.015816437366212695,0.004752855524458732,0.023848849070128006,0.0020924065549947535,0.00027560537854590215,-0.005338811844378893,-0.012021067488869313,-0.0006428764348156732,0.008251414689838525,0.003468653318665604,-0.005657396802974985,-0.01696330968755461
3_4,-0.0035218739460903337,0.005050927235672634,-0.0028315164613433343,-0.0038578064208612995,-0.010582872582466289,-0.000774216779519558,-0.007787134046056933,-0.000312847539671678,-0.01684953301259739,0.009860410933899812,-0.029287189935170686,0.05000751296196189,0.0005073402571798198,-0.0004344225038068934,0.022092761167525857,0.023079395541636745,0.0041110867286322786,0.009269214258977922,0.03136096908336439,-0.002818149881849146,-0.021853829066423292,-0.014849640256715866,0.012165615083167915,-0.0753075908457956,-0.00422602398396331,-0.06502644774410735,0.022153139078968404,-0.006838173002382839,-0.0047756344328487915,-0.0201771966454437,-0.012661080292528416,-0.01802076158237402,-0.002702854394232428,-0.01707058977394779,0.016186018095676352,0.004681294344031709,0.01674862295937031,0.002087389526878104,0.00029147355727185506,-0.008225284343529973,-0.011845968208082865,-0.004964280601072405,0.00931988507820178,0.003593563719629584,-0.004956055566623964,-0.01517780863463259
4_1,0.0007952848617479497,0.02214958991001435,0.0029721732806370998,-0.009552111051924902,-0.011337028779645108,0.015046356530336383,-0.004811704210261519,0.004144234262202002,-0.018533260657454385,0.052222097156830544,0.008072880411326559,0.05630203918393608,-0.0011300786907108267,0.0017407151055453562,-0.01647917870099669,-0.04127539648701196,0.004098572024200832,0.008080672258421306,0.03564057695939875,-0.006373755876097512,-0.020957266627538374,-0.010299483720885428,0.013168294720028574,-0.06808755353802182,-0.013119638741450836,-0.06549945001443892,0.03151649726137852,-0.0011662432507340966,-0.004846016665873417,-0.018464104337294254,-0.013192211795888356,-0.01542768325412414,-0.026251826119621565,-0.03366937364135159,0.012346977684719882,0.00505881018681065,0.02200495371691283,0.006475907176022213,0.01376666341483277,-0.008133592262818677,-0.011795219054408784,0.0006098674624431508,0.039882529092573636,0.0050393531191130075,-0.0020450435736524887,-0.009866919522069393
4_2,-0.003969711426439872,0.026682599283549626,0.005160863249143897,-0.010641531015013427,-0.008933737839975465,0.002248356029629354,-0.0038094785811202494,-0.00014684542723817373,-0.02015349900974412,0.04332964405071416,0.0014532824658681645,0.05201209284210084,-7.024639286145956e-05,0.0013182922665443153,-0.00793469589303671,0.010849045063803018,0.0040876698757791475,0.010089739886732264,0.034064080948239844,-0.003232003349478582,-0.02194979459461795,-0.013595541038845914,0.014005206669366456,-0.070418620290511,-0.003414977434287993,-0.06178828579291365,0.027530430554434212,-0.004396958627309005,-0.004888424827216189,-0.01803155684536394,-0.014384618361732054,-0.01986371095696303,-0.02323332964186096,-0.0244888706404756,0.017458794942631355,0.005072404717982078,0.022535859478539068,0.0032723876054788787,0.014587635464282796,-0.007840300663809982,-0.011507464611011164,0.000995037574661618,0.01133716024075283,0.003396616665151871,-0.003961618148221701,-0.01381931840048169
4_3,-0.003800523283463637,0.012209441916199059,-0.0018918526876896234,-0.0011215309497596938,-0.008243385931700011,0.0021865874628620445,-0.0017922702472621748,0.004052922001541509,-0.017677846093255078,0.05312680139269495,-0.001986778546893101,0.05151296278975629,-0.0036920091357013672,0.0010150896226994465,0.0011088778404994152,0.010477511615272885,0.004077914960885222,0.008485589148523503,0.034967476758296694,-0.0024987909588806787,-0.021992132200438507,-0.014115508540119281,0.014099642455753505,-0.06883511888300227,-0.0036966441640329984,-0.06233516937386232,0.030300052413638503,-0.00433387942116194,-0.005062968212288041,-0.015809515075959443,-0.01392752542143575,-0.017232518762187694,-0.026420770995114754,-0.014958892888527718,0.018993795234684037,0.004169326928694509,0.02175844057416608,0.0035444446128824994,0.0004882766247390286,-0.010303506793692008,-0.0082927750134275,0.003048862329841581,0.01094572867098045,0.005641235943205973,-0.0010261280475886252,-0.012523857482266698
4_4,0.0031827835398671508,0.02801965106518872,0.004441792062691807,-0.012386532671388248,0.05417432405507517,0.015206126473016715,-0.012255162215966198,0.0056389693838870105,-0.01979880616834146,0.06260798286973553,0.022332783055843866,0.057723596930211445,-0.0011662132139460143,0.002125675220062908,-0.01590928793988918,0.004078075930963108,0.004054010520330977,0.008838000176746231,0.03651045791814968,-0.003797272406328288,-0.029049342297618432,-0.014227440559342792,0.01603509318126445,-0.07373609433251344,-0.013537796789343215,-0.06728037889974214,0.03846706146655978,-0.004830675568193036,-0.004495433184073257,-0.01941958178856416,-0.012005015056032254,-0.01561409733440683,-0.047657843167818084,-0.032756574013191424,0.016941741876553375,0.004959593899673283,0.030684436010012178,0.008669384951409835,0.014254748451393226,-0.007189039336037826,-0.010012064878909795,0.051029409961490066,0.04046033430628184,0.004916833034259759,-0.0038390006593241937,-0.0073538404513350045
5_1,0.0022846834549391927,-0.013604620745743144,0.021912932869488554,0.017803919223210098,-0.01618442414856002,-0.0035660098349440295,0.00869253872596689,0.003436622727468297,-0.024614892078305618,-0.11004272504549756,-0.26847186794091177,-0.1955628395206649,0.006192705186978722,0.003349349861762703,-0.04130394572731375,-0.06453730674035074,0.00097231388927808,0.010510794847659228,-0.05229967437060211,-0.01181526224198147,-0.015030284314755213,-0.013955096833492256,0.017405019931852676,-0.13589129926332455,0.004123233052615855,-0.09294031906282695,-0.13616366315179718,0.004597290510338018,0.010975981824799629,-0.003592355391201285,-0.007270259517153918,-0.04244853978400076,-0.010038746727332699,-0.01266345993753196,0.021820026591789783,-0.000809650767547442,0.018086217966826554,0.004283972425732597,-0.0014642559624593375,0.01070968007174769,0.004275715280592897,-0.014040747686891198,-0.004945653680796496,-0.007057371029504956,-0.004231018332455698,-0.036395218800055695
5_2,-0.004780094666554192,0.006998091308038635,0.00233966142013658,0.016741207605628007,-0.018176583874146047,-0.0045259350457967345,-0.005508701568568491,0.0022852630099313045,-0.0311176409751842,-0.11662231315556125,-0.26063325373221996,-0.1932303214019669,0.005605064212198747,0.005067165364572867,-0.03742397860043497,-0.05574424903707845,0.006854360410181972,0.010537634787888606,-0.04434454283890596,-0.01636164482481424,-0.02002508580815758,-0.015543542342973126,0.010724727530070501,-0.1310313813434602,0.003938392005207947,-0.09437268432990199,-0.12352975803278138,0.005002718037554587,0.012405351930921939,-0.018074474716336286,-0.009586477845504893,-0.013417494466797106,-0.00887323027992653,-0.012239844791266767,0.01897686824032023,0.00019253422405872346,0.017761859251784234,-0.0024156125501453,0.007505368463817418,-0.00401371367142051,-0.0035504089593428965,-0.026930148097751908,-0.013597286467869858,-0.00709113850313171,0.0014692684431491664,-0.0068475214990920425
5_3,0.0021205581945717574,-0.013590929353225147,0.019878266311027917,0.015539707822708079,-0.016317815535489107,-0.00437209635380054,0.008473148779749359,0.004014201305767909,-0.0249898221586232,-0.11011793782292531,-0.2550679631785101,-0.19614761717171522,0.0062221628379153645,0.0034279131857721332,-0.0386778741885424,-0.06497930425321169,0.006382740314510948,0.010556471680140865,-0.04529368882176946,-0.016860717862622523,-0.02014356572004823,-0.014920813389255225,0.01475943572041468,-0.13828572754832955,0.00421990318716348,-0.10356005681655031,-0.13649413523514672,0.0035889024964667155,0.011237014860209565,-0.0118030896338236,-0.007816167160325235,-0.04294292986349864,-0.009783525288450293,-0.012689172871665152,0.02102298421092202,-0.0008721496255539945,0.017492142732973722,0.003319386770144522,-0.0015336373871721644,-0.005033061803170185,0.008330421037266543,-0.018439886760341882,-0.012587810684529917,-0.007012905589695051,0.0011936604436743178,-0.006889717871370264
5_4,0.0021465299454909194,-0.013926772491846106,0.022575933227983715,0.01670760313863641,-0.020256516876622013,-0.0035634281733319556,0.007307633947675214,0.0036292819596761504,-0.028830071006718617,-0.11768662728397074,-0.26907546682948263,-0.19654611728114352,0.006113983520667933,0.003706468302788809,-0.03850971125663356,-0.08048760431432395,9.615596697013168e-05,0.0029398195553848724,-0.05334191481756119,-0.010679713560925733,-0.012060173900396154,-0.013698516834450574,0.01699898886876274,-0.13135386527753432,0.0012199438538400952,-0.0832711922276893,-0.0231176168969985,0.0030898746957963297,0.010235808086311903,-0.00906146993393537,-0.008620259557942742,-0.04337154219138932,-0.011990445960840406,-0.012701922141995628,0.022085762577903425,-0.0016485180157754936,0.01721495130156896,0.004781581672026164,-0.0010066535059125292,0.00777269873434841,0.005016706246563115,-0.030997737191509785,-0.009459690834909591,-0.012453081925580456,-0.006524557854432654,-0.04062345185726528
6_1,-0.010068094977892166,0.008468820268290498,0.011605265167976614,0.002979180375550624,-0.013141026545648686,-0.004406344251211874,-0.004242027727580978,0.004892203105887378,0.02624298629572065,0.025199557799462136,0.014375595975340414,0.20498369701829255,0.0022905046930732143,0.0004326276771966863,0.02115140896589924,0.034603444715293134,-0.022782937942902582,-0.0022913228730684697,0.03657904233685424,0.017860531506438897,-0.015547224991410808,-0.012318706384465741,0.008526929832792211,-0.005914163325092477,0.0032435565411853416,0.16629352542627052,0.003783295918383152,0.015075561406025477,0.004559561067403441,0.009060840017217062,0.01807615289539324,-0.012427145033862351,0.007527549121197383,-0.017811395670884106,0.022905205249686734,-0.0037167945650970046,0.015575134566492317,0.01192651711150424,0.0016540481383797644,-0.0014391870012006164,-0.00734248572128788,-0.014452420424484864,0.02492545721287457,0.0019146174083504637,0.007622423699652385,0.016565770485912772
6_2,-0.009179393624205735,-0.003760798861822523,0.001559534721008363,0.00223157288658796,-0.009274751399754767,-0.0028508972535916262,-0.011799262548542277,0.003766072971988845,-0.019592210630275962,0.010006301861858208,-0.010989613419458717,0.17136271961205274,0.0004793258014006833,0.0013062797260927756,0.0193032470905966,0.024659461190651547,-0.029480231468048727,-0.012499428342411132,0.03250744760574684,0.010659216936112338,-0.042254159810858075,-0.009249050356820354,-0.000652242064228954,-0.01266358885096095,-0.002994666054606864,0.15061623167582572,-0.016277688143881065,0.006711987956171079,0.007024149564010372,-0.029387307399844197,-0.030506051846914767,-0.007676752739338358,-0.023444439230837517,-0.022403423755624395,0.011302600400263861,-0.005841003416107318,-0.004530148584855707,0.013421612387178539,-0.0030542517543822407,-0.015228346923496311,-0.017626762860938165,-0.01580493556703553,0.021485399394481637,0.0007917813602436922,-0.0015455410634097988,0.004486893854026996
6_3,-0.012233085464977984,0.002752342035113193,0.0013596804785052433,-0.0007964908367504693,-0.016068241468534944,-0.006562063839886818,-0.012969547362330937,0.002512434798081466,-0.019699643742960335,0.009409738280245255,0.005431869235229045,0.18634965901427133,0.0015665034081250363,0.0017478914700074458,0.01763154307034466,0.023580130493335485,-0.02603786222474772,-0.01255277921683478,0.028219677978424,0.011506215214433855,-0.04530756601783172,-0.006335159322569976,0.0006205679224624432,-0.021823232027039296,-0.0009680092912672727,0.1453157873114056,-0.012321593951489905,0.0077317610009051225,0.003470417948112855,-0.01313600021942678,-0.015399438295698523,-0.029126979277910265,-0.023612709526963305,-0.014465748148807226,0.023266883497738505,-0.005982375565486404,0.00742892170778251,0.007818813096704413,0.002562523822423332,-0.011615353858552653,-0.012884464869523122,-0.029830188364560948,-0.025527034840704357,-0.0038755254037106707,0.005433897953631317,0.014955080073264179
6_4,-0.013505681151996105,0.0020291073349305018,0.0011627159585517707,0.003136035287858868,-0.01607695230511745,-0.006785398066875492,-0.01300862471748312,0.002598659088483402,-0.014309539045056482,0.010851961189566987,0.01894023061417398,0.18525298299745924,0.008832518984175313,0.001561072837660783,0.013537221427305056,0.022640172046892813,-0.006429475006256246,0.0005892080951653356,0.02728405694441858,0.010381176771410502,-0.0451514580000427,-0.010012326879420184,-0.0015358824213805408,-0.01803034838050782,0.003576685439712594,0.15766183318617766,-0.021320619711886805,0.007538241848351091,0.003262525022697845,0.0037452305706229165,-0.02999781080908583,-0.03210195251385729,-0.026117848639835125,-0.01577771092741314,0.021265364315715456,-0.003705417448610655,0.0060169038432495905,0.009558386648668113,0.004463291051600725,-0.012896239644898434,-0.012438986628614517,-0.031562902058240236,-0.027099851452284843,-0.00922852483307798,-0.004058413922296012,0.024388870839314365
7_1,-0.009136277432787634,-0.04816242143262196,0.00233868981653234,-0.004548177155727136,-0.0215168835059319,-0.01344054864177526,-0.014877452422292905,-0.007903655105717451,-0.015411622606398442,-0.0003233497003444863,-0.009839784916893555,0.03180365613187526,0.009691555160558023,0.0003140547780467555,0.013179529482650942,0.019200128436308524,-0.0027180095048670097,-0.0019323719008467778,0.020153557863626607,0.003782445361882118,-0.028811867331744845,-0.014074216851080056,0.011913316909201261,-0.07072616434985987,-0.005117959552031837,-0.05453863567834951,0.007235259737692968,-0.0038218279453697043,0.0036886438029467995,-0.020738887091520563,-0.008783378375564851,-0.03139512274848504,-0.04455832283203454,-0.012328443579494688,0.026882167312449842,-0.002326987786122744,0.021661555387403157,-0.014966206093046207,-0.009183617808646627,-0.02026749410922135,-0.012509984142548088,-0.026708306660245963,-0.03231885434392261,-0.013244561052854525,-0.002807647365209567,-0.006868050117577206
7_2,-0.00920004120340605,0.005229726607407428,0.008000272569373476,0.00026541644231780183,-0.019995248158489656,-0.014281570373510874,-0.011331021772365312,-0.002990352050919986,-0.007711147744552501,0.010033588106978837,-0.013819958778362429,0.051892267617653795,0.008037111213967696,0.0014534224402470218,0.018979107762937056,0.022530398289385387,-0.006297665011832515,0.001171315484010076,0.023901736178359966,0.007393595483130606,-0.017119202457954938,-0.008894201776376004,-0.02024569281726572,-0.07448181566363589,-0.0022815321305720442,-0.05305241305621546,0.033760713113744865,0.006574469163731779,0.004121445958377227,-0.019538501360547078,-0.01066441769066777,-0.03445295290294146,-0.012949541052832827,-0.013662719908310724,-0.0053056568744666265,-0.0020835603250387523,0.025721040624155686,-0.012214686721870262,-0.007337641529208253,-0.013261980160406365,-0.011678703471431963,-0.010331594761474452,-0.022939176083482,-0.010832990135600129,-0.006410852062970631,-0.005177452887663614
7_3,-0.009476770055010648,0.0029117114890104723,0.009754962789848878,-0.0009830049512289155,-0.021421425588119245,-0.01378831248300472,-0.007592042054468405,-0.0019450095556834128,-0.010226196820144024,0.004770370830249201,-0.03577837707046584,0.04852958839534591,0.0018559631447312903,-6.311769166973501e-05,0.016836120455324545,0.03146637252825188,-0.002054684528813744,0.0024221643756103545,0.027804158207812096,0.008082663833355057,-0.005536653226399892,-0.009096295444218583,-0.02026656634203455,-0.07553995894887448,-0.0026768885245109747,-0.0539391644517257,0.02801897361943882,0.009650381613479054,-0.0023493814835213074,-0.0036998109868852137,-1.8767572787709128e-05,-0.03260300404212996,-0.010630707987121879,-0.013609937649911927,-0.011977496666643394,-0.00025499963571761495,0.017434938945999227,-0.011938414801827777,-0.0004452195729094409,-0.013023195324851843,-0.009779039452861654,-0.008275068712804538,-0.022766067510234887,-0.0015082580457041162,-0.0073083977360061765,-0.014281384353808995
7_4,-0.008690443947137347,0.0038301879674452304,0.0005724227960326566,-0.0017418770292393462,-0.0229147896955628,-0.012050172684584207,-0.010793880645389553,-0.0014703417017701873,-0.016217261543030125,0.0006143845795992083,-0.004677748128905506,0.05235767933366601,0.010141009993525676,0.002146867749343942,0.013068472727355802,0.027509686699962694,-0.0024844715220175106,-0.00018317012290931255,0.023497323290202394,0.0028543686033287627,-0.028553228095336638,-0.014873380077117538,0.011470057295625167,-0.07710040983370847,0.0052678484667564715,-0.045191141627964705,0.005960922650461945,-0.0029884626619049205,0.004166897250295197,-0.020601439718946454,-0.012855502165188578,-0.027894371723676623,-0.042228293746443976,-0.014367062877263742,0.029804312589661264,-0.002774661914983917,0.023035045771954935,-0.013839606459788377,-0.007908511809804418,-0.01889843549813784,-0.012690665058551027,-0.02203750224153276,-0.029418471233301182,-0.012973279190585028,-0.0027097235868706574,-0.0087990850891262
8_1,0.0094326105611026,0.042099802947823256,0.020563177760386662,0.0033704044627919515,0.05671079817315513,0.026417892696544248,0.025939963406517462,0.002696507461354684,0.04596565154387541,0.037325576746528366,0.03948947091989592,0.23179811595005612,0.0003449188244348013,-0.00010711829578885599,0.03284944236911824,0.0320259186223942,0.00490894709464029,0.014942082649604817,0.040526558669182325,0.01918809211900051,-0.010161832916714852,-0.013332974906443563,0.024772411561259512,0.006177104589962576,-0.00047106680965469227,0.21517922849582438,0.017686688224389957,-0.0024992865928660183,-0.0023416254406312138,0.0008377302913739563,-0.007756692072988835,0.027163518134324355,0.02408012127280304,0.0008728857393642585,0.020748578369036434,-0.004059619725708332,0.02706625084891555,0.0217352347796684,0.020114779033851973,-0.0015330616563341492,0.009784834246659943,0.06437765719673755,0.07166083368838398,0.04744910482577448,0.015945167575680035,-0.0006755653860888747
8_2,0.009156908420593902,0.04203312761000216,0.01622417897385265,0.0016305384957923273,0.05743667593815215,0.025468348348839775,0.02494092037665254,0.0048595402997221445,0.0438030933332902,0.03869527951544996,0.03820901312311724,0.23273638696035967,-0.00011982205901476042,-0.0001427979136906641,0.03109787769488362,0.031203607491865883,0.004848568253988631,0.0155040329377928,0.04275943284424229,-0.009363952778059018,-0.015715763669567617,-0.010730815601446089,0.016533010228841852,0.010869060372874368,0.0019890077085318336,0.210865881238816,0.03373865287013278,-0.0022626737604483746,-0.002637099564661091,0.0014881944922259388,-0.00903915908789781,0.027067255275628914,0.023483915221056872,0.0006295379964556644,0.021538179815595564,-0.003930532015869003,0.027436814487391867,0.022417430821713734,0.017723375302052605,-0.00136282692320529,0.00334523866219779,0.06323596296026512,0.0722593355327856,0.0470850152297567,0.01520157095480383,-0.0006129234758875515
8_3,0.010344833671330027,0.04386620318808077,0.015600935077150328,0.004340055988364685,0.06290747588105092,0.028572686035198563,0.026466095629343024,0.004905908175558379,0.04245361524791452,0.040695894294529536,0.03409089525389836,0.23472572093244504,0.0010641073288661929,0.00010179010178326317,0.03270009218046271,0.03167943753188848,0.005651089952768049,0.01649883856170529,0.04247878812117058,-0.009341953509491477,-0.011632102102489154,-0.010187278465855907,0.021676295990825396,0.012837899555475306,0.004829635760323594,0.2043278821528935,0.033919289372897475,-0.0030291648822024266,-0.002022737047932539,0.0025289549298293306,-0.007510754814307788,0.024619022786949912,0.02765532275587622,0.0014027277085517558,0.021552355859335053,-0.004040939870847537,0.028289363648346652,0.02259271045873344,0.01897631244363361,-0.001543954817948619,0.004738373395972024,0.06752633529657259,0.05811183658412054,0.0476761501383182,0.012843813395412997,-0.001424051946447105
8_4,0.010732424707632273,0.044926643370785335,0.015520761668482728,0.0037155718268444826,0.0643347861846979,0.029049356677015272,0.026223617952441693,0.0048738360245400986,0.04634860679241651,0.041044026535509766,0.03487414053247322,0.23470453194267638,0.0011100367655509265,0.002942171512168899,0.033156471498457574,0.0318586222186597,0.005716643154707843,0.01589958962611082,0.0426110669308121,-0.009302496219369912,-0.011615832796929508,-0.012553881973926633,0.021236551968573245,0.01374141856039355,0.004779256163147645,0.21897982413469474,0.033632515660737515,-0.003774799325159766,-0.0025289996782631562,0.0023184266911541454,-0.0069489189454065925,0.029217866743332783,0.02763134833360923,0.0014445174779261468,0.021198786996861552,-0.0038906463147738287,0.028484874131779442,0.02297690409451943,0.019457070581263374,-0.0013705357633924389,0.004437994571123169,0.06836887772007935,0.058104839205581536,0.04750818566354879,0.019465732757838392,-0.003819838967900421
9_1,0.0011713889618999477,0.04379956592282689,0.027142646964385234,0.002874988473733783,0.043907847560441186,0.028135403498763843,0.029125750651962493,-0.0014464828543701812,0.03659685345757291,0.014368255026261992,0.03850873375285502,0.24901089736219248,-0.0007071558024591437,0.0010114480390946996,0.029345619735300962,0.03764354134508943,-0.006484677657426097,0.014036083094988628,0.04080707537040153,0.01774859425326471,-0.015639334038635922,-0.02188397584322721,-0.012116221569440224,0.009169996190089529,-0.0014629099322892188,0.2182534335212855,0.017743999115903412,-0.003532990310192176,-0.001480747976694042,0.00037137622421031403,-0.01327073804118485,0.03113040518621477,0.03937696554448701,-0.0002652640068208103,0.02522703857757,-0.004194854334813533,-0.012323631608118085,0.019188682406095937,0.02224464791740873,0.0012490472510198938,0.002426526112539589,0.042888746220729156,0.059814246476654016,0.047694045602850066,0.01632353441499806,-0.011071245569014456
9_2,0.00048711910987574327,0.04493521325664218,0.030423787922558346,0.0016117480770400476,0.06555111816546602,0.02767420580171072,0.020968900354317154,0.014351829819801352,0.036450227217074554,0.01971381481316308,0.03769696087901632,0.25392061420269757,-0.0009155675188711398,0.0014964117974132565,0.02989117812192109,0.03689963169799937,-0.007429233029270383,-0.0008600242226108166,0.04044412581915438,0.011613359657727184,-0.015709257406265865,-0.02175128746569444,-0.010635337908665424,0.00545810763185707,-0.00033180020300674394,0.2104669730268337,0.01709518729237811,-0.006060782364886173,0.0035620959412462566,0.0007188287991333458,0.007255476114867452,0.032549611528123724,0.04065987729278456,0.0004968118412160051,0.024371507189883526,-0.00545510749135193,-0.0110185775314297,0.020825086857872148,0.022194591897627437,0.0012863689249251724,0.0088977906170493,0.03951318255827619,0.058804687515219826,0.04449193991134768,0.01701655852154281,-0.009726452754593337
9_3,0.0007506518427148818,0.04608237645520022,0.030667646187072843,0.0031138867158958146,0.0665145783791522,0.027681771639959964,0.02090309402042777,0.01452502795945815,0.036726015350376,0.023221888711688697,0.03978071641566931,0.2633132822459584,0.01338681044142241,0.0012339670926610358,0.025463261581882737,0.03267694580084588,-0.007165861410747484,-0.0005161150389769414,0.03573869604558595,0.009802055109186353,-0.014238852773058438,0.0031478103625791325,0.0025892851310220758,0.0066063812531483995,0.0019985104739200675,0.2107506254844959,0.02118393034092594,-0.002532464518440619,0.004020190063203463,0.0010082283152015167,0.009865419060186884,0.03451566382285925,0.04290066648883967,0.0004464573936307768,0.026458211667915454,-0.0039182714807719345,-0.005424624861791829,0.02082917171104267,0.02299830042557264,0.0015137804005199787,0.010859074147338317,0.040906957416801705,0.05689738109416927,0.04676753818912704,0.025318310630030292,-0.014507503193628974
9_4,0.0022816008521989654,0.04719114253457353,0.028638981179384102,0.004682212606983383,0.07084067098741693,0.031120610453193847,0.021717164375851482,0.015132347285261076,0.040273046665064594,0.023360208491747816,0.027395120517018746,0.2569623266605119,0.0020204773100901854,0.0014418491891520207,0.025991626777855464,0.03807450053884122,0.0075774126190798485,-0.0005068243995706703,0.04112230832378401,0.008766725398051721,-0.01333291088162,-0.019527910138993014,-0.009300463640879098,0.007689790746031306,0.004385418816081275,0.21944418405801486,0.023216277592565643,-0.0032309726036188415,0.007180583301091137,-0.002272099572981964,0.00927901603108058,0.035463031922610626,0.044276060244789105,0.0010434091585516873,0.026959879787762767,-0.0037829141442646107,-0.011736300299083346,0.02234161553098077,0.02486489331893738,0.001461932516395312,0.01207506243353154,0.04882396788437129,0.05916986208822008,0.04543815685972246,0.017318967415538244,-0.007638951949899762
