,0,1,2,3,4,5,6,7,8,9,10,11,12,13,14,15,16,17,18,19,20,21,22,23,24,25,26,27,28,29,30,31,32,33,34,35,36,37,38,39,40,41,42,43,44,45
10_2,0.006826986840482484,0.0024631366154191895,0.0050735754892728075,0.004918002410193873,0.01743896128937701,0.0005608559303371138,0.011405897252412499,0.005029468272546876,0.008206475642633283,0.4467390554967274,0.27847306995459253,0.23409674830750382,0.01209258798679499,0.005508642306476781,0.0011468222702467775,-0.003069617845594988,0.014923461415189666,0.0422668402961848,0.005151379240263783,0.011351972505422563,0.00547851387105237,0.00343729314001855,-0.0011945911474069916,0.3519732680556902,0.03196501375940748,0.22320662729688437,0.26534468549936857,-0.08421420771149775,-0.04942293366161126,-0.03530541495836962,0.004936771421663866,-0.004117314448000853,0.014694499456187485,-0.010764728313894386,1.0423113464675013,-0.009457589678234813,-0.02946182906609971,0.014411770831252406,0.003937657929856771,0.006275359943598759,0.010156160995397005,0.021362056287133193,-0.0037758140213363925,0.005810049246561387,0.008878932652868224,0.004333063464577528
10_3,0.00625172053250397,-0.002866100722762552,0.008814161236736832,0.0038835429262368297,0.018555073730077035,0.001362891157120285,0.0056809682687235475,-0.0008970467253160802,0.03561931881114561,0.4289568525788125,0.22795930388893504,0.2577680012269576,-0.04886638356261282,-0.041564791866122185,0.00510467573503551,-0.018418811326753697,-0.11945849982245209,-0.43639745876592156,-0.00826223589489247,-0.0071040145045107505,-0.0024208724984623887,0.004032479996598839,0.02138232972136167,0.26803991987367154,-0.005453144053329152,0.09337637133984682,0.2667148278696596,0.0245359440501849,0.021858413428537168,0.020340062191814837,0.038836426048309586,0.0034249386947144463,0.011704523970492608,-0.005342005021062462,0.9643776583209905,-0.00902582155288885,-0.018202245430513537,0.01290611629249642,0.002552866585732308,0.0058215201864213785,0.010718763001996952,0.014393884824163908,-0.0016449455600492594,0.004287385527719502,0.0010880360948065813,0.0045291992528306655
10_4,-0.0034284742155890734,0.006486072164360216,-0.001119038465957932,0.0022803153856917773,0.015383598359577965,-0.002609805119040577,-0.011988766326506143,0.001897274581410882,0.014351686294192475,0.4691570572835304,0.3021588026002764,0.24570595007827126,0.011512676799595967,0.0006424636725035448,0.0015382368792137117,-0.0018242959962190043,0.015320214725952169,0.04211691388918949,0.003739760496077632,0.010767083410848644,0.011374485462330518,0.0034525111568022163,-0.010432621745680545,0.344653542824051,-0.00029494145650639096,0.24227377076237877,0.2760150455914995,-0.07597342587438118,-0.045841991645916506,-0.030873064093555173,-0.005208692963131766,-0.005438800750579029,0.015622754354037293,-0.0074127435975523005,1.0833442531235953,-0.0063906969552054455,-0.033203428120174905,0.005423100002662044,0.0014105593109868904,0.0008686155250226563,0.008594152886598466,0.01619896533281271,0.0026830791603225683,-0.001934145921368111,0.010502536297028282,0.0037351562034567067
10_5,0.0068134120093063045,0.009400624999904012,0.004527882164842583,-0.0007005839210226148,0.017781904403173215,0.00011353015454957132,0.011342324618138758,-0.0019372153471170577,0.01487988840857447,0.48344057412264124,0.31229596587992675,0.2357916762625514,0.013796123959807591,0.0068113893152657885,0.0026570287153399935,0.017325020256448394,0.015436920272460955,0.034175748385739294,0.003240041506753052,0.01821014219012331,-0.0056115738408170565,0.004321173639899705,-0.011196462126816048,0.3713362589151261,0.05191416333698252,0.23015294016236923,0.28676112305389223,-0.07989231639645294,-0.055252423323663695,-0.07068755272541,-0.004597237407289523,-0.012082070818506348,0.018245032704882917,-0.01052596431980663,1.027919902793629,-0.007974872635861593,-0.03071568602564018,0.015550184680980765,0.004789577386694567,0.004332270231825159,0.006877460623475777,0.01958872817278113,0.0016273152455091326,0.006127060375292112,0.005368345157043141,0.005075133791034429
11_2,-0.008047354232439269,-0.00542977600786476,0.005193144343178213,0.010252445512317857,-0.013793197601383327,0.002005867306029669,0.0068697977424601875,0.004660604019195054,-0.029159141125697785,0.34596300106880595,0.17533381186871547,0.18402086530902498,0.012678644771788915,0.007784337636193132,0.0007789813446010612,0.005180359891931711,0.015628452722875795,0.033391158391428206,0.0007623878771567638,0.00039422237561160926,0.004351847281682806,-0.0026593651551257893,-0.02594513876797643,0.22584516182891526,-0.023091060631002306,0.16235244951318695,0.22328921581850641,-0.0412528289636507,0.02022582763435418,-0.034914720918698655,-0.015449164404734327,-0.03846174105229864,-0.02364089045104522,-0.008324068087724852,0.9782646364692147,-0.0014251111100284373,-0.025021895115282668,-0.009899388329202638,0.003828836111425246,0.006320206963925837,0.01077477928858129,-0.016691686348526507,-0.003049363509883863,0.007387030307988447,0.01032880769490171,0.00499226937826438
11_3,-0.004617616996159216,-0.0068774996311754205,0.0036339381956901813,0.005421356197855699,-0.02988836849195862,0.001304546790910654,0.005276801158734985,-0.010594605089361067,-0.044494673613585466,0.3442338034299629,0.18539347006843596,0.18415633035634865,0.009687700322409934,0.007089049928793962,-0.005130448005112517,0.004424198837224666,0.00887304973045668,0.024618851452388426,-0.005823113459600668,-0.005101847753363056,0.007854164424963147,-0.0014548377081110065,-0.002669827848959959,0.2539077056863311,-0.06707278067796471,0.06042424847389659,0.23022993988912538,-0.06799413979223022,-0.046352401060038316,-0.02774700661228571,-0.014809100956614052,-0.04195369786837615,-0.026368875254513556,-0.008245446581167768,0.9877453620512998,-0.01366818827969901,-0.02784037716758081,-0.014926570365004926,-0.003378295879921825,0.00831626817161286,0.004022068787129178,-0.025703982504113182,-0.0033464811861302346,0.0016918606652004662,0.008981691115934389,0.0011512163123243164
11_4,-0.0009957489137822468,-0.007423221610609194,0.0043453885203523545,0.006786614073603956,-0.026298404417418198,0.0009811841814327264,0.006158495307035407,-0.005252054012603717,-0.03181088444834165,0.3239811776079347,0.16693834243542593,0.17506416880124742,0.009688856407417618,-0.0017333525336642687,-0.007096839959339903,-0.027581612271223275,0.009441945837326706,-0.03769878539554887,-0.009231991934677811,-0.008627444733791947,0.01003174365989195,-0.0006805899535348087,0.023654180958813192,0.21164748261917476,-0.009213623790740122,0.07301775845523867,0.2106219449598083,-0.03592738442950921,0.03615553488315793,-0.017745662116822304,-0.009721459915897016,-0.03872942959048622,-0.02346957924215265,-0.006302226539919798,0.9690391358576458,-0.0012305594531250822,-0.025708602050485776,-0.012020856685258251,-0.004396859232662643,0.0044139147076728,-0.004140316531231322,-0.020855356490765056,-0.004147491036035615,0.0004970725466579362,0.002868165674344567,0.002080303171974284
11_5,-0.004920090312297932,-0.006518450874856851,0.0041415779642304746,0.006025636455373247,-0.028269624901977552,0.0008987235788971957,0.006971684824430409,-0.005252285239590724,-0.021267480166422634,0.32666144932947233,0.15801480946711421,0.15975004477884885,0.013554415434639323,0.005571619339846057,-0.003899605426714406,0.010154673249098415,0.013008439333269634,0.0272366388325099,-0.00026178752617277135,-0.007270472169985707,0.009873792974474067,0.003758676601950533,0.007746668273390919,0.16997077327636306,-0.027457561664444238,0.050571763441266036,0.217884716618072,0.004078879654503639,-0.04703662669384962,0.03012673896187214,-0.017485049489236383,-0.04234195566186732,-0.02533969491241238,-0.007133083331409898,0.9798775228529623,-0.017990350869572385,-0.0215379591688198,-0.013244671656108839,-0.005973197823977878,0.0036900312887999773,-0.005162077136704014,-0.026229400269088106,-0.004148566044631643,0.0017836299089564417,0.0025313886372091646,-0.0012806072261174833
12_2,0.0016298515793342924,0.006064198120899544,0.0038006138585900216,0.005420786841621372,0.012451837938291188,-0.0027587955211768513,0.013797163107981732,0.0037886551879750888,0.015492420334979542,0.49788469804405183,0.2727702057487517,0.25002939822712456,0.01223502129493658,0.007905832110617458,0.0005301581063497965,0.005362746900452023,0.017602927223515256,0.0376065458135922,-0.0018450503600593675,0.008688989331211353,-0.04172134191835421,-0.015891356261046825,-0.0028082426595840426,0.39379230682662264,0.02596843284441312,0.21572334087494816,0.26041355185594395,-0.03541374163106444,-0.052834762344472194,-0.04698269641981253,-0.0004974549707108593,-0.009681582576493106,0.0051998092065978765,-0.009628027244517827,1.0484362428360117,-0.00837230676955459,0.030098236564821003,0.0077445555112071966,0.001392917141843153,0.004577670205692006,0.011890331684257734,0.015087911206007765,0.0022147246419593866,0.0058073968026398125,0.008234578512819545,-0.07035088716799943
12_3,-0.0025100356381622586,-0.008637738875718273,-0.0095808046648411,-0.00778228488795368,0.012141751922008564,-0.0010296991226239618,-0.023055032429978806,-0.00391841345842725,0.015931575864603083,0.48505892901858677,0.2525520705008245,0.2151335814826358,0.012630246740177273,0.005741399787460304,0.005926325168993274,0.012963401002767144,0.009193063992808339,0.035645108119875195,0.004272855837589337,0.007738892517359768,-0.0534271887161308,-0.020812696819900472,-0.02501921517831255,0.3857667838187201,0.011207288643731288,0.23489969730023866,0.213769768001993,0.0019107734703618514,-0.049271222163858416,-0.39126056286799743,-0.004214496314745907,0.02935894127362234,0.005231845462846633,-0.009518029669127577,1.099552634347291,-0.007566741740104721,0.02587522663238044,0.00279754637441565,-4.8274190445788e-05,-0.008039369942339312,-0.017817364435908045,0.0046542815164995,0.004096929441911696,-0.009638149168351078,-0.01733123306593867,-0.07092064585936168
12_4,-0.006355956077167725,-0.009250868003273908,-0.010350185691478374,-0.007173133893960024,0.010023894638001008,-0.003951292847067591,-0.021411893709216544,-0.0037412866381026926,0.01735188480561421,0.3897068179427281,0.2141387910916094,0.2169977201017677,0.014049999223351733,0.008108120464711502,6.18625496486372e-05,0.008688882854126358,0.017479674402618467,0.03829361645074493,0.004376546324793279,0.008818738684174526,-0.05508835958801748,-0.02338610212040668,-0.0077285682105539336,0.30638688942524833,-0.0038181788612233567,0.18942409221174966,0.19192312082422378,0.011703368455458999,-0.04682393885431572,-0.08136702588525044,-0.00686738530339988,0.02577198442582357,0.015124510499872963,-0.008326581603796695,1.1116271484894689,-0.006961408616776284,0.02213403939451043,0.0009219805508098038,-0.003098222277711995,-0.010291652694107737,-0.01497767014621974,0.01199210061133653,0.0031286122453976968,-0.013718349549356357,-0.018432632161850114,-0.08008170893291328
12_5,0.00267152612355094,0.007229944550116786,0.0033279909908400106,0.004481681283468333,0.01357647024997194,-0.004163730205847519,0.004528128099895591,0.0038109823708941935,0.018917015631288742,0.5147536666721346,0.27509347741237544,0.2248443277348927,0.014079412270505286,0.008991997530683856,0.0021670851297788656,-0.0011184619546488245,0.01659078112096752,0.039039196909016895,0.006114244718396211,0.0037172187363826523,-0.008643682369193474,-0.024281021146233817,-0.0055318057710728365,0.42104342097142067,0.0017565718762492064,0.2813745246300225,0.25891424048442085,0.019000039691222357,-0.017323886343153707,-0.3757776010343915,0.002411118098304996,0.03490379215089235,0.009503337271421277,0.0013969190042510805,1.0231627076296987,-0.0007604925030105081,0.025063530196042808,0.009689012511963179,0.0043268888197516816,0.003879521158201,0.011066622499270483,0.011474966615938472,0.0024987221630250103,0.0065318790091262605,0.014150908436728513,-0.06403599084771389
13_2,-0.0027901018543068905,0.0005870372641924942,0.0038836054775387655,0.004925552011279432,0.0011367256674308305,-0.006833060630032466,0.0012343687642810065,0.0024403177055780396,-0.014556666955829132,-0.03528084070519102,-0.013141975702018052,-0.013432398123511846,0.013568960423945658,0.004345150202152662,0.004256633302261473,0.013125349238901766,0.0151976200449313,0.05235351436037931,0.004482226166745299,0.015535525911828121,0.020705263055905455,0.0011473140258509626,-0.017649900027867652,-0.04673950077147155,0.006123475805530407,-0.023456534095961105,-0.020824355299622812,-0.12144689789935083,-0.09089018596540427,0.07685182464282798,0.025318616406817606,0.06020516754579476,-0.020362294809313314,0.08722705562436445,0.9770847063455258,-0.026955111716442628,-0.06012371704615031,-0.0005883620334479502,-0.00041387104922191003,0.0009613371288575675,0.008327851312209979,0.004463977622781023,-0.0006586818698556407,0.0017534233025929553,0.007978299273883643,0.012245000510282645
13_3,-0.002626497197303527,-0.0026924048642590287,-0.0068600020071842415,-0.01908250976632149,0.0024954483922243515,-0.0019088708680730937,-0.011239650211213587,-0.003132920145259167,0.03274806386935463,-0.040558767005990135,-0.015511123878731511,-0.021459977939916688,0.0135017783786285,0.013873143360687259,0.005879581673854858,0.013709390221592987,0.011933582327653526,0.045075824831709625,0.012736137944041584,0.018776055394617276,0.0052647847581619965,0.008639036324646195,-0.02075006765900217,-0.04087281947947073,-0.015219116578132784,-0.01545239511106248,-0.01649098845260087,-0.07749742295850703,-0.05178737259104646,-0.024798738810607752,0.02213043159346593,0.058243200578803216,-0.0005319744175535416,0.0036095313534199626,-0.017794518239345063,-0.004599249852760068,-0.04036867569854192,-0.001973947188942395,-0.0012613968832688878,-0.01607631898439013,-0.010339499405024715,-0.0025096532834353513,-0.0030361806777717652,-0.005092470568606784,-0.0317187241844894,0.011417691558710232
13_4,0.002656090892836073,0.00418018125665335,-0.006115146940520008,-0.007662416662693693,0.0021340267422342964,0.005123712574762859,-0.008827429954802265,-0.0013212109524744704,0.029648139832786892,-0.016689658933310928,4.0977582244595315e-05,-0.014010194135288713,0.016584305488553396,0.010852280840874372,0.004009603805185273,0.017287368976291125,0.015236603305780597,0.057075954919988604,-0.000652895294335173,0.010682941993352894,0.02201874600352468,0.005719595915280856,-8.197867156980797e-06,-0.038856869183666695,-0.01609632822766428,-0.01923017318135269,-0.018162801290997028,-0.05206983306420097,-0.06111979966614142,0.06661835908702654,0.014276098416574928,0.07443675354370238,-0.0030729331884444553,0.06711026121341208,1.105465166407972,-0.015341918548379043,0.005559197995594912,0.002907126173633619,-0.001654658555844654,-0.004256467935835951,-0.013762416927414403,-0.0022391268333801684,0.005670696778865977,-0.003970429825258694,-0.005511393757382245,0.011707320221900262
13_5,-0.001272797253564414,-0.00039616567723430984,-0.0072684712660228586,-0.01040983026592486,-3.589182787841991e-05,-0.004983932445188734,-0.013963212257123667,-0.0031994948852927503,0.023331341730100114,-0.013347938085828582,0.004486743849883321,-0.015918698831211685,0.014861410324679252,0.008678375006880294,0.0006392400918298628,0.015685855784015868,0.01381572112085303,0.05660452183312199,0.0006042192261975858,0.005561570654972819,0.01831302576205329,0.0007188742723375059,-0.010758083452597333,-0.037314265050360784,0.01618104013052537,-0.023219913300994866,-0.017774273172526445,-8.794490164593791e-05,-0.06356317658385989,0.0643835993518032,0.01595745944785469,0.05251494539868556,0.015744763667430616,0.06188089449986691,1.0733943905900054,-0.01602140978044759,0.040934710188121594,-0.0029536901816563637,-0.002030124339320529,-0.008862922770822184,-0.010939818069387675,-0.0019425323741405027,-0.0009262358820423943,-0.006637102728873379,-0.004984165298687223,0.009910800019513165
14_2,-0.004605083540538442,-0.0007834136363373969,-0.00778034528655313,-0.009759318831130015,-0.0005581457344796644,-0.004883217824165875,-0.01608028467064912,-0.001201666328533768,-0.010088008731431248,-0.14444223274763468,-0.11195603476189134,-0.04452320329073189,0.00622099511732829,0.00811467345563748,-0.022753946469478845,-0.0641029153265233,0.006875633839500887,0.03610511800241205,-0.03326936325890358,-0.01359512588258447,-0.13175677722846402,-0.008454664537206544,-0.03371883526839144,-0.07637654998342336,-0.08096959472151063,-0.05882157806605561,-0.1050522687236616,-0.15205923564326493,-0.1971332743783018,-0.7638960067013697,-0.030060913762966348,-0.009451943801156128,-0.03849102691101449,-0.07150934116980312,0.9554691318535486,-0.019470560283871383,-0.06258042195408388,-0.0022901321359355253,-0.001858770899237209,-0.00799913363439456,-0.01706382273098472,0.0012117777605929433,-0.005072578829481725,-0.012674180961923359,-0.009167568079231223,-0.002314862093146406
14_3,-0.006408687748329499,-0.0011998119395749327,-0.015161591814835448,-0.008842611941956817,0.0020911742035233617,-0.007827301741675782,-0.011895327737671437,-0.0024760653073406537,-0.004927542536025529,-0.1546525992176672,-0.12556636697452972,-0.05969385468483406,-0.32937870584738727,-0.08787697683317178,-0.03597118180984685,-0.05527869776839346,-0.15279008527739385,-0.798054296309977,-0.017063460683401244,-0.02186502069368165,-0.014109266759173018,-0.014978495383744463,-0.03659058487629988,-0.0633849629635598,-0.08970989424940917,-0.08132669304513013,-0.052354690438205995,0.0007605358460331021,-0.150291495557037,-0.11531919443580266,-0.02277163213095202,0.025462724521574803,0.030535224942593687,-0.007844433016331046,0.9243101158692247,-0.008487127974415715,0.023513822454935773,-0.0024585614095914542,-0.004085111560667983,-0.011636151861505609,-0.014313116620685228,0.0008193150647060986,-0.0006967752523818337,-0.016030926391429036,-0.011427861822449445,-0.08441114671108653
14_4,-0.003797473394333517,-0.0007460025951913954,0.0007322071044306013,0.0030148715324122897,0.00036978782300171214,-0.004064320008763189,0.003498276242110381,-0.003421185157624706,-0.004012438597848978,-0.14410835397489524,-0.1227124560051461,-0.055691719158278453,-0.30333574591200235,-0.11047313088412582,-0.015771623680454185,-0.05740770696736785,-0.2735243756875234,-0.8446024766433973,-0.006366758400653363,0.0005943354671918615,0.008399570153884041,-0.023828939869067364,0.007388929121717133,-0.07337917010886176,-0.05059172065267958,-0.06531545549623913,-0.06242088769972559,-0.0035341859983145352,-0.162225374390497,-0.02828719604720239,-0.02163024414405572,0.02154208938506622,-0.018335625514679297,-0.006197637594895198,0.8324388627468764,-0.010622741832652853,0.02613851211774848,-0.0023768000248545118,2.8694858721233363e-06,0.003847174483071724,0.00534532216399283,-4.533228697675386e-05,-0.0011629059104199882,0.006439968134535809,0.00045551157041674045,-0.12072889481631763
14_5,-0.0013888136302682905,0.0002577497256635677,0.00045798587671126505,-0.0020660692396964994,0.0007527549808949584,-0.0013021847041278594,0.003441821643707198,-0.003950891706989022,-0.0055970273151445685,-0.14535122237360246,-0.10822446103735402,-0.05368336573817123,-0.09493726784979743,-0.08532138358729704,-0.030643442012458992,-0.09525817398554859,-0.17876907498542474,-0.7586009052286019,-0.03578946533053113,-0.02242898963985757,0.0064917796566269035,-0.03364493732429962,-0.036999196813949725,-0.07335692593165251,-0.03072401491323465,-0.04335759659375387,-0.09690183329137536,-0.06705696154552475,-0.1743333412703745,-0.11850663383783831,-0.017728670773032047,0.027843374247098363,-0.010507965089191176,-0.018536379620747532,0.8285085939554385,-0.013258113190773068,0.026805666435152725,-0.0016152553090581555,0.0022069479712514277,0.0028555509631175745,0.006144359810417023,0.0008791146836127912,-0.0013731792281446048,0.005830951315824189,0.000826512258564069,-0.18592594528672096
15_2,0.003579267949599556,0.008918128803950539,-0.007182217993826686,-0.000723858354049864,0.007957932673631235,-0.00038197083531979817,-0.015818882050541425,0.003546522975303032,0.001503254738159941,-0.027976845858370427,-0.012408545094810987,-0.0018909649848563095,0.017190779896320743,0.008920500853629363,0.0180697847782178,0.032633267245487846,0.012534299637447387,0.054968415164395455,0.018905427547973183,0.03081805331276122,0.011107653377637635,-0.00022199457618229224,-0.010991535327998861,-0.03735764832394225,0.06639719958276392,-0.010494278642133557,-0.024224777039650768,-0.051152808087460325,0.08941248785352675,-0.051643942401132896,-0.011967640426530753,0.07018133191602498,0.05449520885234323,-0.021626704387290793,1.088981475504184,0.008416272285845763,0.07043789336674881,0.002017211747904568,7.420045061109301e-05,-0.00469443661086535,-0.0025673908779635466,0.00038476188975812407,0.004137370338883312,-0.00596717221053051,-0.008134120347902831,0.01212871098098841
15_3,0.003261784170761467,-0.001575737292661858,-0.0071545392412181354,-0.003694225166054609,0.008250209803580454,-0.0011226662230570913,-0.012976751658536631,0.0037247253713834153,-3.228592687754672e-05,-0.015786730412579338,-0.005125639415593891,-0.010153830293166702,0.019486402111871467,0.008558165558319805,0.02421409839445257,0.05908636633900472,0.015313095657978866,0.0605524260071338,0.030805035158542653,0.013517831967445786,0.019499867703641732,0.005294586442721479,-0.0011454137868223465,-0.0343573709198504,0.02395730268362181,-0.01674613490837101,-0.0228762765561437,0.00950902792648349,0.08099270789611067,-0.004824250218298324,0.00668568956176195,0.07242102240333649,0.06444165848071767,0.000674029414875115,1.144466754956988,0.03638782705397103,0.06866151636665245,0.0021223412292029602,-0.0005106689164708327,-0.00486642575006039,-0.006910321305720422,0.0003706618621063889,0.003168027956175518,-0.0043289366443257935,-0.009090100492603137,0.01034143868816677
15_4,0.0017811683344681765,-0.0034752789242221954,-0.007918993525077977,0.020760745286283144,0.00961610151246176,-0.0013725724191809676,-0.011256123805941662,0.010286248435091782,-0.0007604031716639044,-0.011350164781533197,0.009962701237083696,-0.021454185807711846,0.015357286073759146,0.02545591583651553,0.00936841779635204,0.001721221622381091,0.019713014779887104,0.05826544404252329,0.021267634596844057,0.011765632729023359,0.0028935020910265375,-0.015556822152589522,0.006302743769439021,-0.03856347237732098,-0.01337597278228781,-0.018338469071382275,-0.020836113199701144,0.028563197207562587,0.0881469643831866,-0.025314874762317165,-0.012912571212609105,0.07829899183103076,0.07341744117880322,-0.004631077246062938,1.100478383518402,-0.008252900220947242,0.06667614189743358,0.012956362608780587,0.0007388439246975531,-0.0016578431255150543,0.009288737517224354,0.002806315946708746,0.0021647896640522146,0.0007015114758005861,-0.0041139541336663085,-0.08345650827568614
15_5,-0.0006838372661553408,-0.0008218508708836383,-0.008643156600548086,-0.0034923282073637705,0.00014783840665951993,0.002304286570419575,-0.01231029993341602,-0.00045281080318123137,0.0009442251093108581,-0.014431166471430456,0.007019330144232319,-0.0067082278320501525,0.018626008037409547,0.005527591904453538,0.0062776409300752765,0.0666985049931649,0.014656234002002697,0.059418037154555056,0.0214451392593218,0.02570546716869944,0.011911026060215598,0.008462693041417472,-0.0010431037971440301,-0.038427904420668,-0.018978464694088936,-0.020818501977751945,-0.027275468956971492,0.029632727916513533,0.08495378418126327,0.03471875650818032,-0.0027149071772196204,0.04508731282952937,0.04885954198635678,-0.011169041288232862,1.1287733472665824,-0.006730946150071764,0.06984892913967192,-0.0010223365940660698,0.0004271748371463945,-0.005981810017210949,-0.010425291600461597,-0.0015470536516476122,0.008110599273620322,-0.007571981318121174,-0.005172326329283883,0.010773428442599623
16_2,0.004297461479242204,0.0002583603969955459,0.009201125021291529,0.00662072900399192,0.014022374474429578,0.004779995612985114,0.008412598676623933,0.00400538776886237,-0.0037179469397249742,-0.0034924657269664976,0.0014357224073017487,-0.0028601764582097534,0.016955676602092,0.008883409235466615,-0.0034813958248837416,-0.012299590823513928,0.01488956180289589,0.04857318627557438,-0.005915773680142797,-0.00033827833743951027,0.007393166802593403,0.013514427905427354,0.031343577666151055,-0.03715932320333821,-0.015601003873435233,-0.02747432762263548,-0.04278366645791401,0.05836437385148698,0.0924726958163687,0.08951526730523413,-0.0009314169611887623,-0.014447265339178459,0.0045455680775693934,0.06609009273365694,0.982405496178507,-0.014645441873169695,0.06205619439970843,0.004747977365123495,0.0006355182713960419,0.010666106972306596,0.004503985485225893,0.012911316090934273,0.003387785585903665,0.00655521254257081,0.007741683779955735,0.01741021932930487
16_3,0.0040924071110820985,0.00040486551039859423,0.008961032252071262,0.008622727013205817,0.012253977929514574,0.0035232264788493703,0.006729647753890071,0.001722449874829271,-0.0069838028605541495,-0.006040684496723701,-0.0010445275307489766,-0.00136721197563277,0.016319606588522228,0.009195524224263323,-0.004721057213280619,-0.0009487143531348668,0.013754807702858356,0.04677826448831322,-0.006308000044378941,-0.0009694353482077301,0.007043541178154532,0.010235544602271223,0.030134942515349265,-0.03832980503752391,-0.025802786885421595,-0.029032930569924634,-0.026639844105780765,0.04929731802674795,0.07909588509615384,0.08321097677923057,-0.0012280236906216228,-0.015559633154706319,0.001119027535018761,0.06343410078964304,0.9725975570159108,-0.01597880801417992,0.06017437165967488,0.004560665055804247,0.00482246902378984,0.010009218129008365,0.004393037741224955,0.010299373212929758,0.002460295089622001,0.006592172172446378,0.006672764481895916,0.014617647794072234
16_4,0.005485066647074125,0.00036010883237045494,0.009377848479928206,0.008641735450652454,0.013377914422357333,0.0030673014928347315,0.008105138463579577,0.0031574053781357465,-0.005248486223876275,-0.0032533160046098217,0.00014266218928655363,-0.0004953163683622386,0.015634104451044534,0.007215447619843813,-0.003914623395397704,-0.001920889888366272,0.012419880033239196,0.05075787769154704,-0.005890749505138502,-0.0005203822630937923,0.007223398916453487,0.01338075277561589,0.03125229797071476,-0.03752240912768453,-0.017445369323885785,-0.02837534230970788,-0.0431789630116588,0.05755575073322434,0.08078121020489618,0.08838666644059487,-4.450565288335795e-05,-0.014700819709182316,0.0009935338586574865,0.06461963745533607,0.9835547173123701,-0.015189027564782999,0.060412796402118295,0.005810428640080603,0.004855648743373721,0.00979275337615483,0.004161323340527454,0.012046534314323508,-0.00016593363124282385,0.0036773589059638794,0.007534522409540522,0.017344943305748473
16_5,-0.0028621962876112946,0.0001224860582408426,0.007239484115862869,0.006206057413159414,0.010597377998974701,-0.001257302631335689,0.007625286079329507,0.0022022971001765955,-0.007037989747042141,-0.007289797458901475,-0.0035372110114130534,-0.004718556743919176,0.017035996460653416,0.009283075698857163,-0.005788870413537964,-0.0015395080864484222,0.013879597633852842,0.03789191188220943,-0.0076626882449726125,-0.0011906833198466837,0.006895463103605357,0.009265801489468612,0.028459055762083404,-0.039418170382056576,-0.022178906741182055,-0.029540353089612267,-0.03635398745459313,0.05489129474538077,0.07798374450282908,0.08298965275140843,-0.0011423487796356005,-0.016582647765382198,-0.00010909623219811519,0.059764045144419825,0.9685354059665597,-0.01832051408274641,0.05753143092834803,0.0015964472305841956,0.0002343319035315917,0.009613748013619238,0.004314231115205197,0.009853544136289454,-0.0006453739198427223,0.003583545720912558,0.006635703720864077,0.014649172019101068
17_2,-0.00547488381811996,-0.00028461823751765647,-0.006452017609400124,-0.0163992783434637,0.0001292675170965821,-0.005997097441058625,-0.011188925026088195,-0.00526150788267916,-0.009921079575192128,-0.1372376697177399,-0.12221979702229278,-0.04451402151443325,0.014276618415453734,-0.0026853733365500053,-0.017386243063744693,-0.0416754544746397,0.009736855076685898,0.03920555343618232,-0.028956318085684517,-0.02819399013887754,-0.004635642039123385,-0.03025834486867165,-0.06929512506537433,-0.05605758898576082,-0.05452189756191455,-0.037544714915906066,-0.040496481043774665,0.003717291133106878,0.07399316855678957,-0.047692465679728055,-0.0032433395122639266,-0.0555868337751094,-0.019364176103327465,-0.028584324634066738,1.0022766360172084,-0.01762733761760527,0.03818000856238417,-0.009417366997540366,-0.0015489538138153936,-0.011437086466936051,-0.019942692196921893,-0.0014241412014336249,-0.0007548974928368095,-0.005720603886164021,-0.00811089502404931,-0.011794773920269567
17_3,-0.006409768725182298,-0.0030371748860252563,-0.008448833328570288,-0.006394483612071031,-0.0012472601186738345,-0.0026500312705684515,-0.011897582081889449,0.003544536872423483,-0.008424144154826963,-0.13350122383460433,-0.1118144038916122,-0.045727350618999574,0.01065350760195834,0.015068790708775119,-0.02481416315676905,-0.030631583543122978,0.014671293081552367,0.03594756117820151,-0.037761543972819424,-0.02063438625687429,-0.002073984846345818,-0.03093089394016978,-0.03997047849443175,-0.05623147708794979,-0.01825985053132234,-0.03342036994994687,-0.03945103722533782,0.0027480174802219496,0.08174661013795803,-0.08859042087585851,0.00192842267205861,-0.04713657741329364,-0.01112924184956089,-0.004587102982010614,0.9899891560414259,-0.017526845678645,0.03921980292464678,-0.009083843287519492,-0.0009089757951184786,-0.008244690162091626,-0.027675360550746316,9.953715146795545e-05,0.0007816737756337714,-0.008433099931580389,-0.00929829927885834,-0.12867568460043557
17_4,-0.0016690881439907113,0.002746698381896438,0.0007728507028582385,0.0027823540874325303,0.0003583265489586321,-0.00025947283945956345,0.0041001607808615345,-0.00014920276667662385,-0.011565452578712323,-0.10184202654398208,-0.07741917211432818,-0.03803282300351435,0.011985502446043902,0.0009445960508737837,-0.016989799320293063,-0.04065415331794885,0.011111417957009945,0.04003583214897908,-0.026638700979741012,-0.0039369003280910605,-0.0014523452952338424,-0.04178028463841734,-0.0516072421435381,-0.04872478288386724,-0.03501758598609274,-0.041133485472437885,-0.039674940628797645,-0.027887955850133466,0.09097803409964911,-0.06953321157526207,-0.008659632181222234,-0.05442138495582345,-0.022773539911250324,-0.025307023301571797,0.9185284471267784,-0.01773340146421238,0.04873029105305636,-0.0022349820790390712,0.0008885457098381082,0.001835289636222268,0.009241339704807854,0.0016025215108477727,0.0007346499706993338,0.0021380574266539223,0.00480873949639765,-0.006072789361005056
17_5,-0.006675895835677717,-0.0018158351597154525,0.0014849485455449717,0.003409871179233967,3.25149743362343e-05,-0.012596682031836602,0.0027239315388918346,-0.002885931398504506,-0.009110352663419113,-0.1324018275127701,-0.11509901918138347,-0.04165619138067515,0.013241595763936187,0.006211809944931293,-0.015397079107235253,-0.004147734535168439,0.011294031508412765,0.04119889650376225,-0.010961439409958898,-0.0022360081083691126,-0.004802978603334579,-0.010709389268831299,-0.04877120777888945,-0.050996877295708655,-0.047291899058916974,-0.043487177801360896,-0.061251536730837185,0.03939610946047292,0.06109008400389024,0.05994728346366592,0.0007369141686125104,-0.0216862378190662,-0.011868612492712087,-0.014966024231568438,0.9368171726407273,-0.010805807237045677,0.04404627137019096,-0.008415404503778583,0.0015214597686837308,-0.0007590732852480919,0.0026593916502032134,-0.005482357255971248,-0.0028818641215469375,0.00214921310952742,0.004330690450297421,-0.0023536108795830226
18_2,-0.00037516624586309233,0.00246348834829761,0.0029825601581935086,0.0016472903098630636,0.0006165863036044662,0.0015852252539038,0.0023457321639772173,-0.004668461673118144,-0.008196647284544343,-0.07730461906109211,-0.05159671267640496,-0.02153345429376894,0.012463046953930157,0.004409904684715749,-0.005835486072887087,-0.0022722437594782127,0.012897906738748091,0.041142600270356405,-0.004619271354006917,0.005059142050288598,0.00943539373164837,-0.00897369794340795,-0.02709592412626624,-0.04388579324412431,-0.034429506297252804,-0.032459863786595204,-0.0389488284944364,0.011441803863743605,0.0673003148408645,-0.022984207214247602,-0.0024556006420442117,-0.04370092574824314,-0.011435689705727376,-0.01950525278883656,0.9388391452684973,-0.018819395765721992,0.051198224647419605,0.00041637467414807944,0.0008815527593316956,0.0016338748486366386,0.0054914154200910855,-0.0009187826134365981,0.0005073525975521782,0.0033613850098359118,0.0028867534843775348,0.00352589227543464
18_3,0.001298047493645491,-0.0024015956906996623,-0.007522238609637316,-0.0032747917946622145,0.00815232009655301,0.007066190108152369,-0.012573842751472495,0.013951766734302205,-0.008881570942777748,-0.08098129220322528,-0.05261552592615341,-0.023060889209534197,0.015947156307855537,0.01888760682087423,0.0002863595316186008,-0.012773753968204541,0.023771649573664094,0.04481233946943005,0.017511900933862082,0.011164197134764964,0.0023495940899272744,-0.022730450305003473,-0.020582092053840702,-0.04576113957441876,-0.012824702975217426,-0.026507479694488707,-0.03500362013695813,0.012018948741579669,0.07108407786450313,-0.05378121316254908,-0.010342337893743761,-0.03465119988979037,-0.01282607206216144,-0.021060994993765653,1.0138893631254797,-0.011354192992722273,0.05212897928450152,-0.0013266750366386132,-0.0004593339026771669,-0.003949724889503082,-0.01935572004150747,0.0006564152179826703,0.0009508912038147429,-0.008527001672512241,-0.006068664177339849,-0.1372173240014341
18_4,0.0022389852202612955,0.0022923443772612543,0.003452094293364262,0.005416020462844744,0.0005415191053678816,-0.0006031523073426695,0.0017887873698647955,-0.0006259227712480823,-0.00983071619156499,-0.03925729610981592,-0.0069575444309009854,-0.0344207826911905,0.012963889517872194,0.012712369559463895,-0.0077234473859897745,-0.0019752838436143424,0.01995909942511766,0.03872028145834614,0.00029631514289221245,0.006694246692575305,-0.005110003725718061,-0.03352879696151497,-0.031096062639356086,-0.04848399138999238,-0.026299364770976445,-0.022154249562195593,-0.03362265421752054,0.0034412075465612645,0.05739390965731119,-0.07139028108246674,-0.002990461523079724,-0.03392687672113399,-0.015754471495675545,-0.01642251177523057,0.9303869091840367,-0.009570628511005135,0.04803776198779711,0.004639120242010722,0.0004964690179168548,0.007120672911796296,0.012458147019175768,0.0003221880492048283,0.0012149921808650894,0.001656410093460511,0.0050248323588039465,-0.07206062542263618
18_5,-0.0034382687474854155,0.0023087300137441657,0.0001587746078297393,0.003888668520434452,0.0005003886466810142,0.0018902802083846564,0.0022451139153614754,-0.0010945654623465812,-0.010213378829565673,-0.07483429142848412,-0.057294827910053504,-0.027561662888191486,0.013061851150912705,0.002661259802312871,-0.0036309716802755097,-0.007934290101415317,0.011966674528631269,0.04458124194408535,-0.008291450423364786,-0.0006679099277777814,0.004878812383851168,0.007112688398385758,0.010810981286967265,-0.046714375342962654,-0.029527057898580854,-0.0288645757006241,-0.052721848065286965,0.04690037468396314,0.06772283820604273,0.07252527445373684,-0.0014079650029039667,-0.029250431624422247,-0.00794607719110324,-0.010351373272845332,0.9656681456570814,-0.015296432782809037,0.052509013540519,-0.007106254051424203,0.001477465683692684,0.0017580133758152074,0.005905112442241767,-0.004538998654863316,0.0007012132947888034,0.0010914806634777221,0.0033557646444118553,0.011281496465327862
19_2,0.000364850221055018,0.0017605768632150082,0.002536737857918137,0.002110453574310969,0.000633562604802003,0.0008668143498911545,0.0028796134616467864,0.0028439415504800535,0.0004174102145308719,-0.0840318475835529,-0.06271367411842141,-0.03443875420115683,0.01284517329468987,0.004878050140827633,-0.013433973137687958,-0.023995963591430174,0.01203241207851609,0.04435954939957207,-0.01654938403129159,-0.007248190583841686,-0.00042505922840503657,0.0012926339839336408,0.04215428822071938,-0.05240294171607288,-0.03494640446955434,-0.03602541356511494,-0.03824578276416971,0.05075810866016624,0.09785040402978896,0.08179571787735333,-0.011181749970653404,-0.018742698122820218,-0.007823885427024798,-0.01864689085813035,0.9594656793614627,-0.0020099167878550603,0.04956622307711029,0.004535648137563488,0.0013485721259102563,0.0020507936423294917,0.006152148446105254,4.2264913941202856e-05,0.0010512471127415873,0.0013950812782459706,0.003941975007115317,0.005552014439033982
19_3,0.0001368015048460674,0.0023160184423621838,-0.0013345477353415682,0.00291355835803945,0.0006457129847084798,0.0016056369436017273,0.002152676500263231,-0.0012332825750996476,6.174993486823401e-05,-0.08884581760266094,-0.06512679071718794,-0.03721160972779586,-0.2541098209916166,-0.0658454164518606,-0.007230287297376895,-0.017479377990738933,-0.13888409131474844,0.043931265938401666,-0.006204546896131268,-0.005010409910072638,-0.00044971741365412,-0.0020898090127493794,0.027024568127940397,-0.054876608885288856,0.050214510412287826,-0.02987079115585635,-0.038809593782573995,0.04334076504524421,0.10468764997381448,0.09174812441854183,-0.009290704986850657,-0.011217739899568811,-0.008191474080366686,-0.011888223320198347,0.9349386059494773,-0.025915514387852737,0.04644255276472688,0.004135884212953321,0.0011056847290679059,0.0021976020278381453,0.0037452020094520927,0.0004646795094374116,0.0008527450896273944,-0.0010756972216682248,0.0007569917864643785,0.00951413867159824
19_4,-0.00027635345465702103,0.0013827740415972873,0.0028673534547881004,0.003602612965907453,0.0006151957238702283,0.0009352517325858204,0.0027605712319953026,0.00040061941434158866,0.0009358447897376011,-0.08596786095592092,-0.06701487884125895,-0.031471061713766076,0.012370804445634978,0.004893271797696863,-0.011067234537606442,-0.023438107037176817,0.010070116194149378,0.04811369348159613,-0.017314063562289147,-0.0066574002214686324,0.0018377801629831903,0.003257568568062906,0.04303464411785368,-0.0538836759214031,-0.022780134639294767,-0.032240626264637785,-0.049290435854863396,0.0503727315425947,0.09733216387586147,0.0834569470111555,-0.011248567815180917,-0.019033084128328735,-0.007368554180645502,-0.018610726583590247,0.9506596913812734,0.018855397964823977,0.05267004446341898,0.003978649775215326,0.0016713018593374977,0.002240672141410591,0.0067065936363350665,0.00016963876130516513,0.0014893240309920624,0.0012425135896994273,0.0031720378193138346,0.0029734353676308415
19_5,0.002349302567038706,0.0011382663621004414,0.0018659045262004177,0.002264941684044763,5.6331874687435505e-06,0.000756673043778153,0.0029401788353789083,0.0012630619433362175,-0.002204425254146555,-0.08659198732572969,-0.06171406379914237,-0.03596342996968223,0.012892711624942396,0.00501154331273353,-0.013393399663284473,-0.02432788477368207,0.011796096222247535,0.04404064921941436,-0.0176680593190831,-0.006944067378379783,0.000311289067173957,-0.0026910280581172266,0.0411923030586135,-0.05378557235786158,-0.036202518231574554,-0.03683813648800343,-0.05840188213722816,0.059821309873217,0.09674155451211844,0.08465531848980774,-0.011531142827959145,-0.023092681391094595,-0.008847479376696067,-0.01913484462686193,0.9676943852479875,0.018690839299521044,0.04720778450573918,0.004587834993096847,0.001725033954629776,0.0018344790654941494,0.005961159028989188,-0.0002434845482716518,0.001192141111243055,0.0012675313849468352,0.003739646723154163,0.005351631425953438
1_2,-0.02525893179257007,-0.009834797937733614,-0.04709520293934757,-0.074568452728214,-0.0004001544921880358,-0.021004091942116325,-0.07846614195290823,-0.0248255019309878,-0.010665245398117836,-0.053706762311105105,-0.059507554130563974,-0.033448925248013725,0.007442610309416099,-0.019411273210635075,0.010013474008277833,0.003334097972309549,-0.007070596355610131,0.0118328384037445,-0.0010354450294248448,0.006008149301903748,-0.004003383475133549,-0.006848371596982961,-0.04526763415955957,-0.06739248449749168,0.0004861551566472708,-0.030808937510714004,-0.026910629730942177,-0.02769781414318217,-0.06862683160983762,0.007560561532892977,-0.030262634954569708,-0.005766186187534981,-0.0009045655319806542,0.027635466176482073,-7.746977754509287,0.022672808458188726,-0.13887552543353607,-0.004775780017091589,-0.005306320040534206,-0.06048045942418816,-0.08181242671616563,-0.007693654722544695,0.0029326518164320566,-0.03308141842335481,-0.039330307066929075,0.0015482332719842966
1_3,-0.023148073496953046,-0.018151845786966565,-0.047797540640354054,-0.08170397438303312,0.0027171485064471836,-0.02201889751888182,-0.07840021323110254,-0.022375939760617396,-0.013780011500319107,-0.0656096960515895,-0.06279300658212586,-0.02785206873308197,0.007271536407239979,0.01096403952153246,-0.02350041232229458,-0.0010502697762528816,0.003819422232152358,0.02505068318918496,-0.01605290018908733,0.0014291204429201776,-0.0015021748512624431,0.0007950077341656588,-0.029002472586400648,-0.07069851191804012,-0.022542661573722374,-0.04094469376940062,-0.08290932809006775,-0.04242896709987817,-0.06910315449974255,-0.03182198950822881,-0.03988021619934369,-0.00569926901758548,0.006890046948580716,-0.0024065184705407213,-7.722878466734768,0.018647977421929925,-0.13299972998707502,-0.0019148297312328692,-0.008476014712006636,-0.07415109849709452,-0.08128485183303628,-0.006913835862503235,-0.005246788239995709,-0.04805583837979413,-0.05164138187685413,-0.0002506952037946016
1_4,-0.025946358003008953,-0.006336865936796603,-0.022348643588909357,-0.07811224375525061,-0.0004374869195973904,-0.021169482392761844,-0.040211791284149576,-0.02504164126202929,-0.014070923550862572,-0.06607336511093642,-0.05886827623835496,-0.031503500284777414,0.007318812497668141,0.005234719762592142,-0.023144578712244023,0.005385531951399377,0.0054764508550750775,0.024510356024524928,-0.011966194427769061,0.0009338203114583643,-0.0007286789402889979,-0.006673925703738124,-0.043328856403273094,-0.07377944235984167,-0.025769349455639773,-0.04101487875414759,-0.08114523755394462,-0.03288821908204203,-0.04470787413419287,0.03084456078477312,-0.038426547199215066,-0.007837112735034502,0.002960149605709897,-0.00703058133595784,-7.697527423927166,0.026429600304898368,-0.13666937234913687,-0.005260190575876153,-0.011956416001554851,-0.06635497301236402,-0.08192921293970212,-0.007263182998905238,0.002188846067549437,-0.032994056415537674,-0.03911024922084758,2.89665331509106e-05
1_5,-0.02611404227522359,-0.009900660858952408,-0.011244316891824271,0.010551061414556216,-0.00044935045853031403,-0.021428995775487056,-0.010089738045223028,-0.0045119492930892294,0.0008392377770163441,-0.06374920641430346,-0.05602522143653546,-0.029428601638519472,0.0068621172757951775,0.005271255220791641,0.009639824390736644,0.004814711795770761,0.011198419862342785,0.02076649710008022,0.004033594374449955,0.00572267687926709,-0.0055893465466290435,-0.011512570357926567,-0.04411384846101011,-0.06797334575489884,-0.005568733932410195,-0.03341114887680188,-0.03547966485031581,-0.028832160942615585,-0.040839777628223606,0.026382292224386,-0.03913180027455149,-0.00878821109660103,-0.0006133705444792164,0.020142760355774114,-7.3665811302393776,0.01969290720977674,-0.14605278345259234,-0.00514205900158358,-0.009374589446224548,-0.0016260685579772044,0.0033907872179128225,-0.008306020161969893,0.0021176679245049185,0.017237721563738723,0.021473204103855913,-7.77860271750447e-05
20_2,-0.004436913676602032,-0.0025061137019446377,-0.006857989778268021,-0.009163024755938796,-0.0016950042516494536,-0.005279041255588711,-0.011405400329484587,-0.0009408749571677236,0.006613229211606553,-0.03811293877318981,-0.004063547265888498,-0.0383029990564372,0.012362014738614093,0.007450417454531745,0.0037571536166269522,0.00431735055221335,0.013410958493397934,0.04611192220778336,0.006626132052258381,-0.00768865284342364,0.003263651371420679,0.0013368669098301966,-0.021542635270802295,-0.06190697606196505,-0.04663474405383513,-0.029871608198846468,-0.02514934056621026,-0.05983279904278272,-0.07230360324129029,-0.05267453329813194,0.014603518478113859,0.07474895791341421,-0.007277759135363066,-0.024051096394206828,1.0103742372197524,-0.014572049138074101,-0.0495949494527217,-0.0034546991005569676,-0.001750756212250015,-0.008597532309180669,-0.012432004831306749,-0.0022886801462700676,-2.9621591481834594e-05,-0.006975957489382264,-0.012706310719660333,0.004947694382721335
20_3,-0.001534795336207941,-0.004661604565008505,-0.006693460365239958,-0.008485661039492106,-0.0016586830427542283,-0.002637004917253974,-0.010894035192702657,0.0015183571092519579,0.029899238488401265,-0.03523067963304776,-0.003470257662627716,-0.03673150270711949,0.013694276389878302,0.009099425770420179,0.004650809627986408,0.02905577272397332,0.012735371276592017,0.04710549422913053,0.013101383562500606,-0.0019557247557690557,0.003122778797384085,0.0011007627024461925,-0.020427390537092187,-0.06222473190508689,-0.05313127696936984,-0.02575928802529486,-0.025302648454806457,-0.06785691011021715,-0.06956737353382876,-0.057614015893472294,0.01689817698216187,0.07664441719157372,0.0030411482676076023,-0.02247676327113493,1.0181695934145367,-0.018836516567384082,-0.05344463322234878,-0.0032769387822573093,-0.0011614602920107788,-0.006578253342629951,-0.011803856510606387,0.00035372223432263194,0.0013078464928547209,-0.008116361205465206,-0.012112365410629053,0.0046043699465587815
20_4,-0.003571416723132499,-0.004518052374785925,-0.006887688126597666,-0.005019356605667962,-0.0010212153549797455,-2.0249633534541053e-05,-0.01109789699431908,0.002142404907980787,0.005371050765206209,-0.03506627860970534,-0.006144231619988719,-0.031192847098853747,0.018287510152031426,0.00893076165003937,-0.0006907307646447159,0.01850350953659683,0.015263503327556384,0.04781139557084215,0.0125774236695293,0.02118582880899178,0.0024141656929430183,-0.0005726166040264628,-0.02603062278962371,-0.05591530242673533,-0.0524021100922112,-0.0293255871848654,-0.03199867647422132,-0.0662395918022999,0.011817992335908394,-0.05195998913025356,0.011093976190304417,0.07113258143854216,0.02238903998640331,-0.02033009195426075,1.0238006171021277,-0.015048483935845918,-0.06541091656329887,-0.0025451585911992697,-0.0011541315745153408,-0.007206695670278657,-0.012842737802816142,-0.0010326959674966467,0.0017204650996103484,-0.007440517123696631,-0.013782433862644095,0.006337835290320653
20_5,-0.002257313919582708,-0.004213150871322979,-0.001263279392217749,0.003333916853822118,-0.0014708176344197313,-0.0013749289627846709,-0.001134657551237984,-0.001622464548627944,0.030605284390122185,-0.03564337762485207,0.0001874349398620124,-0.03397935231015535,0.014272769949192415,0.007504670354808415,-0.003764712675003875,-0.0017208301274494755,0.01022552832138718,0.04492882374100187,-0.0009145238924557661,0.008906469198277802,0.004121350341709588,0.0029733056638133006,-0.0187145798906458,-0.061456475589335854,-0.04326829458221352,-0.025570409144092872,-0.028918728312251278,-0.047670826599357986,-0.07363733703787961,-0.026321489585797136,0.015437109347344689,0.060490163324492856,-0.014510893945997859,-0.015752480729258046,0.935720330089976,-0.010032602792517227,-0.0486899742355251,-0.0020933690018090333,-0.0013726225765043614,0.001339169367995028,-2.8795917778220346e-05,0.00016092486738276818,-0.0018232092833507538,0.00313158651693075,0.002801117029780707,0.0026488909157895138
21_2,-0.0007624511525262647,-0.0006179995283401603,0.005045948272052611,0.005840998820283827,-0.004184503683704179,0.00044331180406087143,0.004772929467360597,0.0009865141149830346,-0.009274841946584908,-0.08277728772860728,-0.06395961548182622,-0.02727778006264441,0.009995669464259132,-0.003346318813333521,-0.005980990276016939,-0.0060603041396287945,0.012644368167066768,0.04478918627278968,-0.007863834102147412,-4.1477014406118615e-05,0.007556768798460738,0.009768047602471417,0.04134091191499605,-0.04026996435271257,-0.02070174195506834,-0.03169427459796216,-0.03017651754154716,0.04823809056510077,0.0806760465366717,0.07425523225152768,0.0050409129331895975,-0.019982951403594563,-0.008774783877607885,-0.012228436166763997,0.9636534645993746,-0.0060357899118653096,0.05193544013523259,0.002138992081988857,0.0006697900314171118,0.004841534582161268,0.0036817210259767193,-0.003221897965106724,-0.000723626666322197,0.002236620300880727,0.00816940527738418,0.01144945001823099
21_3,-0.0011457512167209881,0.0005800859658119359,0.0036813600806809036,0.004836066262827199,-0.003283879861592489,0.0003597258038844196,0.004601571508193531,-0.0006225820023842051,-0.008814780551059264,-0.091125564182734,-0.05956072627972799,-0.027448919238296107,0.012981191737533213,0.0037355470196276546,-0.010136677952834032,-0.01631695227625882,0.010953359447917305,0.037961067673081376,-0.006843687531658529,-0.0024488577347304896,0.006448692524568126,0.004471740451596843,0.03411405795784704,-0.04359607399476841,-0.027890371505161344,-0.032179099684523794,-0.049084795840821434,0.056253469459101264,0.08897471988702584,0.083235114706935,0.003164509835448524,-0.019758653064102415,-0.010507499413617824,-0.007964657535865213,0.954652856720841,-0.02125802771544934,0.049608305869569255,0.0037702693500761744,0.0007645183274263981,0.0038531226024168374,0.004418969327780983,-0.004213002386004447,-0.0012961012087008407,0.0019247493721694,0.006244315928927898,0.010557729376373394
21_4,-0.0006611743533607564,-0.001250694483673901,0.004796514810610837,0.004799845290799165,-0.004616429331186128,0.0005512402814723609,0.0047922067450163934,0.0021663503959476675,-0.009383459395671319,-0.09257982691242855,-0.06683800381464422,-0.02924110144710826,0.014074301459989655,0.0077235341913595,-0.00681380875009876,-0.0030922969021541123,0.011945524772969486,0.03973212482890317,-0.007911869065988786,-0.0009958604257865346,0.004188906523184381,0.005255940768148197,0.029459607336008296,-0.043350333865926315,-0.01823035586941113,-0.03842542932770049,-0.04563914732928176,0.052711167717847174,0.07874868844690315,0.07408841671188032,0.004488262949278557,-0.020471945078879852,-0.011008966120861932,-0.014580997959742496,0.9465698058715252,-0.02919938130252982,0.04842892888762361,0.001337726694719814,-2.911064309943981e-05,0.0038250442296997476,0.003677300594659995,-0.0029944229991289623,-0.0014210346994123033,0.00246015494244243,0.0064068400349720335,0.00848314066669115
21_5,-0.0037183303401429352,-0.0014470603270072525,0.0028991516119435136,0.005267292452130246,-0.004184128695972761,-0.00020910052618815098,0.004613653972617055,0.0009666537261747464,-0.009704737358798645,-0.09503605705493946,-0.0637131913841332,-0.030710051321673006,0.009662168606508807,-0.0054255259178990906,-0.005742967576955285,-0.015920160341216686,0.01212352169572884,0.04215706488666958,-0.006267762901909429,-0.00042254277433628447,0.0001600360924401949,0.00919059983782498,0.031546365314034625,-0.04465669675561441,-0.027357030482268653,-0.03316888137844025,-0.031676646153995874,0.04370193105344301,0.07100941604413828,0.06685219573632471,0.0036512960211881047,-0.020465633881588865,-0.014038511928005174,-0.010847964006885636,0.9551643958965158,-0.012326526268212006,0.04989384521241878,0.00021187100203196428,-0.000125630365378223,0.0016634870779234788,0.004264437009775545,-0.004168773051193799,-0.0006454539321198788,0.0019224050831562602,0.005104171196051678,0.008245093707299377
22_2,0.001673732404232257,0.00025862638669394816,0.016809248537226457,0.005161159325158914,-0.003517413753006519,0.0026468834334611316,0.004668052283483371,0.0010521568964869624,0.013701244628918693,-0.09842794366124856,-0.06827723848803678,-0.0356077497748128,-0.058012396955026024,-0.03733908965550269,0.01458759280341319,-0.02195271892044571,-0.14542981920804665,-0.6020687628840035,-0.010992668439689804,-0.0043260195941498955,0.004225269671794245,0.004877859305953792,0.04389721403876182,-0.045999525595383804,-0.010334829053041396,-0.02997646471532011,-0.025843343633590168,0.041594602455113046,0.1269274130334295,0.08751797665607276,0.03190139150088667,0.007505477586159777,-0.0027375153029057376,-0.0036348257078603233,0.8892319721758362,-0.009666267769337024,0.033030997339147314,0.0006127640911344444,0.0026475923652790946,0.00483488276330658,0.00432987982684673,-0.0023507382461344694,-0.0005046627053273781,0.0035511857203960225,0.035158099257325284,0.023411568308624276
22_3,-0.003293457028546606,-0.00042217078213097325,0.004512136270800826,0.006083152277344541,-0.0042233288966455375,0.0008528225461975947,0.004971503156786228,0.0010617265462065798,-0.009319346495907481,-0.10888523710276486,-0.09825005236277012,-0.04020589044380771,0.012684382936896596,0.001458728153673089,-0.01201065626602643,-0.024778296529166112,0.010756579610915943,0.03399598259351895,-0.022503714413500592,-0.006867733766891503,0.0012120472170172832,-0.031012701499372138,0.04344616335118394,-0.04436836727035714,-0.032511068456860304,-0.03935588462479764,-0.04481816482372145,0.054923352706763316,0.09308683989262431,0.07481537555916588,0.005222341388423917,-0.016886576313738442,-0.009797968292226403,-0.01666164479578969,0.9288806382367131,-0.013300043863079597,0.04247717552551454,0.0012762973527345415,-0.00046782632840366837,0.0038329559960420243,0.0058442449400730725,-0.003425742367661295,-0.0018916637759064177,0.002479929286107617,0.005715338879466665,0.006542858524854534
22_4,-0.00259893976824196,-0.0004810159020103099,0.004735227863850876,0.005583840585988558,-0.0033434452624401213,0.0006415288950193974,0.005002629080343881,0.0012242979081101598,-0.01028507574951858,-0.09637465101908127,-0.08913338080946631,-0.02551212256096592,0.013388093873236659,0.0074160040924332316,-0.005245159973948126,-0.004664026438491842,0.011076435881211488,0.04257441988518548,-0.005787277723821724,-0.000964303491103093,0.006509880344783823,0.0016530889187821552,0.03296408850961882,-0.04321407423857072,-0.020201355559268084,-0.032205288708972185,-0.030699210870941355,0.05094061119263278,0.08282841453814202,0.07100740319333278,0.005179186612942076,-0.017767112412888544,-0.007412963267588249,-0.013945529388247925,0.9392036879802755,-0.01187792183908565,0.04650570705012854,0.0026828649938979107,-0.0001597211884336622,0.004229157657353595,0.004953541536931987,-0.0032982593314277503,-0.0007842043904438175,0.0025404370711004285,0.00780306915661599,0.010251687615231703
22_5,-0.0025311834087383173,-0.00029747499798245627,-0.00410173711362884,0.005026933804092727,0.00018419009528062376,-0.007879272847616895,-0.011071341319628362,-0.0026187366518375358,-0.009967361205108537,-0.11823716970193693,-0.10012483022209262,-0.04950933162112357,0.005038948746232743,-0.01250460595003057,0.006409826459224279,-0.01605326475677202,0.011388562217736155,0.040882633605777055,0.00960730706953792,0.0018670174440904015,0.005913536921144686,-0.0016110200232993717,0.0036483486510779316,-0.04858947296029157,-0.041913133633816865,-0.036490348418577845,-0.03693176504761293,0.0290814572507198,0.07389471865559517,0.06306286094938933,-0.002698115288015933,-0.02188507308735257,-0.0135482812875413,-0.018569444406465043,0.9693349536166336,-0.014663751023688021,0.05070838882748529,-0.002211140479012265,-0.0016400219968696831,-0.0022290908993419776,0.004389817581167675,-0.0031988355813289205,-0.0011972690385391158,-0.0052528487733971615,0.004974252353932137,0.009465623245316229
23_2,-0.0013274146045880349,0.0002754789440085733,0.003322893742802039,0.006823994655422208,-0.0043606455280891555,-8.32637716555741e-05,0.005735896471248433,0.0007469322369592929,-0.008542029094831767,-0.09036258840602765,-0.06426000812341243,-0.027814884961355188,0.015060477310053678,0.002535089035377841,-0.012339075812370552,-0.02436335061954148,0.012376882372275001,0.04102109221089506,-0.01909953020222064,-0.014510556663471733,0.004188565038531966,0.004737886103431863,0.04344120279691708,-0.04132477746373295,-0.024319845946161694,-0.03393181335576731,-0.04112200628876308,0.05744845494327508,0.0928579073632977,0.0743075499819354,0.001607442569166996,-0.0157163982527227,-0.00773273459664887,0.05856017449066962,0.953530295617161,-0.02521702335819514,0.050906103129350753,0.0010314027912550472,-0.0007706468332533264,0.004425123566457143,0.0042390286252646315,-0.003684133335246127,-0.0012665069286009233,0.0014200184987847627,0.00613612540991289,0.005468993148144384
23_3,-0.00013792296877531993,0.00014787411236554966,0.00462435093007428,0.005007931672756724,-0.004220716084646291,0.00033279364436108723,0.005193474024039804,0.0020967851550138966,-0.008800038367019685,-0.08805591700505928,-0.06071751934026828,-0.025776681319865116,0.015373552632620118,0.0066740392619124185,-0.012376452138503621,-0.02338293501092457,0.009860551527761524,0.04465161673629119,-0.018561898916010774,-0.013726304524364076,0.007331096783853352,0.006265531610547862,0.04634330458800865,-0.03907782407861812,-0.02256400850234585,-0.03307488769126675,-0.04610293738837411,0.058611201818758375,0.09337186743563515,0.07954208428310428,0.003381067417688926,-0.019084282226180065,-0.007390861915093362,0.06039242081511743,0.9619854603050967,-0.017294325187598353,0.05276206373869059,0.0020765500164077176,-0.00035169254017953903,0.00486000448885648,0.004482527850007843,-0.003589790076880956,-0.0010037910128121949,0.0022621389134192833,0.006151110332053018,0.008709546316078683
23_4,-0.00017469782693436576,0.00029127723200599465,0.004769043321779292,0.005206767817918883,-0.0025520582280646326,0.00042224155335683687,0.005064894874912999,0.0020454653284264312,-0.008656215963358,-0.08859094941203564,-0.06048366334651355,-0.025334196664572387,0.015786248040623715,0.006924480140867318,-0.012598964810584957,-0.022894428622889058,0.012533090727050167,0.040592645237669533,-0.01817432003706403,-0.013626353672142925,0.00745376102049925,0.006537979763127538,0.048141369276710165,-0.03910265359736867,-0.021778496113768243,-0.03258596999448546,-0.04764150383098808,0.05843767078265628,0.0934199695029733,0.0791295740925949,0.00439485969735015,-0.019192692744558638,-0.007356023494060056,0.06168582680541512,0.9589006318927861,-0.016847992409257793,0.05319531393380032,0.002264647001899314,0.0008089877137876472,0.0050547367025191945,0.00458794925301214,-0.003128899449718659,-0.0008554198746519143,0.002352526577423426,0.005929340470799609,0.00937598498118074
23_5,-0.0018781085232877255,0.0004147801496481427,0.007369330567680406,0.007048993735354246,-0.00435967077346576,0.00555692396045454,0.00539209073278399,0.0012828310695479456,-0.00854548679689342,-0.08796884366450572,-0.0616824339299481,-0.0252562703608073,0.015053518019237204,0.005843639937324632,-0.011935644138591507,-0.023045576670857923,0.012875667181759275,0.04220588612642635,-0.018921997556018075,-0.014033842676889459,0.006461075687778437,0.005011593157640007,0.04537447322473306,-0.04104664137204037,-0.022459561108469014,-0.03332834222830168,-0.04535222131219777,0.058048850374966036,0.0934389347266889,0.07959036500136574,0.002500569313742295,-0.01572208389047298,-0.0014096394456456361,0.06215376286893746,0.9609861146687821,-0.023266761423395076,0.05358475559243716,0.0014005358659469572,0.0004821011395108133,0.00929336597868586,0.0045848857984174965,-0.0036383207741564963,-0.0013543867756110228,0.001913754673263419,0.00608709929626195,0.008389479182809112
24_2,0.0006703176827452888,0.0016066808971290157,0.0034283058499988634,0.0026915531588065527,0.0021235418813542405,0.002626275138519031,0.0016105481706793464,-0.00022197874222056518,-0.012391172266963225,-0.04350387613180767,-0.031922849111120824,-0.014248542588583176,0.013282033577601722,0.0009525743525007343,0.014321055132915723,0.03368332108872937,0.01339952444232197,0.05377079545741261,0.011903980576795163,0.017840921187940315,0.011454953994012196,0.005559903422991892,0.02651755757260017,-0.03605586780043585,0.3256301761910076,-0.019558236719356206,-0.025906525845891794,0.06680236319693243,0.09328874361569928,0.09792742243052428,-0.003982283066949392,-0.013965068810099927,0.0006481078545096521,0.11120554039492123,1.0663044568362514,0.1470682869722785,0.07511363249577717,0.0037133486764124608,0.0026000743536560493,0.002996268897201775,0.005632687125785531,0.0015532868597465188,0.00045808389334035874,-0.0007705911929500536,0.004251900165105321,0.013138554468938099
24_3,0.0005006100454612414,0.002140275964857698,-0.0017293517221963204,0.0003371337250926039,0.0018149272522182771,-0.0035870660283544627,-0.01310566158146635,-0.0026372917597895854,-0.008537375139929627,-0.04195633859425462,-0.030550897080383922,-0.01870181944739528,0.015256722353070089,0.008634871198436896,0.0055985819472790885,0.0006096780910970584,0.015813350021273022,0.05402935805424657,0.004037600828666448,0.007481447735828541,0.01364146246063912,0.0064403482591233255,-0.004827698360455706,-0.03748437847867633,0.3338083324055677,-0.021991746015147275,-0.02739259888268777,0.06399116121722398,0.08835882148553914,0.09659039525625182,-0.002274968357902218,-0.018421841985348898,0.0007492596134447978,0.1185392275723291,1.0996922778440128,0.14351553955958715,0.06811929976364875,0.007439524884081247,0.0025037099777155537,-0.0008615990932066439,0.0009731960145937961,0.00164951742181349,-0.0005089461865776901,-0.004004524389659466,-0.00011983972668070606,0.012414751649874323
24_4,0.0008118323867660274,0.001615679749986377,0.0039797824251031014,0.0054804813473282935,0.0021694612018224695,0.00273929332630139,0.002147913809433554,-0.0001014380814287382,-0.008935432081383091,-0.04536809607293689,-0.032302481561620563,-0.012270768710825743,0.013905020082884318,-0.0025455584725763356,0.026933042333458414,0.046505115393526336,0.014821152017096606,0.05573574849244546,0.014102182623112578,0.00945629372676326,0.011475169733636145,0.006427833849701809,0.02811061970216556,-0.035174953936391154,0.31806612559755626,-0.018060682618934027,-0.023946670823218663,0.06858130957835425,0.0956093580480609,0.09730293952456538,-0.0014122477761823655,-0.014718765480764966,0.0008720331100787294,0.11387225864937231,1.0675584292072138,0.14201502374023625,0.0752735459522704,0.004844639031423262,0.002624808131756105,0.0030623615771884563,0.006948374674397704,0.0016169665576961957,0.0010565330428474729,-0.0008344070199574465,0.004361796084846634,0.013093596882415277
24_5,-8.751746485689778e-05,0.0021285823763976084,-0.0025572825004863114,0.0004407823995138827,0.001594759586640235,0.0016490196287727123,-0.01342665300871134,-0.0026820878912405107,-0.011364930118797602,-0.04043462286357459,-0.030071058015609217,-0.020689048751605033,0.01470643295164051,0.008664012955274681,-0.00019751871946494312,0.0004837234074347722,0.015202314242552207,0.051298841783071675,0.003370191743980818,0.01258382140952155,0.011023444199756805,0.006618717538985979,-0.004823233013547034,-0.03778713638372059,0.3245446965731725,-0.02283466204076456,-0.03652686619415384,0.06901515871022953,0.08718521064232035,0.09929728589265889,-0.00432882809546148,-0.0175920069889688,0.0008316337117831042,0.11737068965131518,1.092684683284841,0.13737753608008044,0.06650167776819998,0.0071004977319263415,0.0019209727924063026,-0.0007567042362441235,0.0004660092517393836,-8.635349445186966e-05,0.0006193958928616585,-0.0036536210028911987,-1.0626025766285769e-05,0.01206199772775775
2_2,0.008471251827663933,0.01299300173896663,0.03297626527619417,0.05190296829999816,0.0094656143248032,0.009766366892381178,0.03347871431645579,0.01505421332928113,0.017475157342569846,0.20630530086793572,0.13266764345023752,0.11451550696827267,0.00629770166114596,0.016087046764761855,0.011107673690710158,0.004084467967463875,0.009880307040648103,0.021712259208140083,-0.00659119484739151,-0.0015934375922119915,0.005115298298204291,0.021279249663240903,0.011039737108160171,0.13176581294129333,-0.012243387483921947,0.0486611287152792,0.1569801459072574,0.01722647116719013,-0.020279990653841097,0.019507797332084582,0.051420319619116694,0.018045928823064543,0.013846715225097493,0.017341894596468028,-7.194596924535273,0.014721165057367735,0.045246116346128885,0.018053056560000336,0.009577791498362454,0.037487531933200244,0.04543113944218392,0.011270544599553607,0.006018236585833487,0.02391679907478263,0.03209618981583113,0.023461142051949303
2_3,0.007979933279899428,0.011679844065259425,0.030509166309819015,0.04917234293260429,0.002171627348128983,0.009662941628996887,0.03147814864580449,0.007243684921884323,0.01701355027735557,0.1991094302454043,0.14175154773939705,0.12137285571292866,0.005060267762657075,0.01691412954337639,0.011217863539183009,-0.005710452541686323,0.009301713775997826,0.02106610522368121,0.0031905255120574464,0.0009170710768849137,0.010453625827626168,0.008918062407876988,-0.018230645117406265,0.1757306430432227,-0.03465531011687965,0.047036294051368964,0.1606558859684267,-0.027292843003573597,-0.019050697960637214,-0.018446506005644087,0.048534586790820275,0.011056618411826015,0.01134824736965464,0.0037489393994477424,-7.160932840390268,0.015117551080349453,0.04251816946609639,0.016489091822435825,0.00847796198416882,0.033990756631420455,0.04815043051732848,0.011556168177182769,0.005409496913294034,0.023157620567193487,0.029098002470315076,0.017686749233093116
2_4,0.008453025450158146,0.011300931288273641,0.03185615208962891,0.04925281810713793,0.0029386253770173902,0.011340481922300416,0.033678380563743227,0.009235659140882516,0.01735078742072493,0.20213165872868244,0.14662171606299246,0.1303561293669288,0.0046533979202444,0.017700104256385674,0.011223263265861828,-0.0025064598210618664,0.00969069693696826,0.020921623625275197,0.003906187690303176,0.005517854748377701,-0.016388772304737023,0.019536118519228117,-0.01638717118069475,0.17865820185451742,-0.03357386307040371,0.0478966163052893,0.16075845238959255,-0.026342417018410457,-0.025426456028096546,-0.01832126682212834,0.050020204423868765,0.012857785715074203,0.013140326872939154,0.004638448959898679,-7.163776042156167,-0.00437810786007873,0.04410108521478619,0.01754415955681817,0.008101757874644934,0.035243044586284224,0.05021462332654443,0.011265641299606985,0.005579591079061211,0.023978973887127716,0.03162785469214891,0.020712140697401495
2_5,0.009684851240502843,0.01121538658637397,0.034508710834488886,0.05171317916749402,0.009446668929000855,0.011643015987334217,0.03523884189899582,0.016384290625041063,0.015187383713879801,0.20128823186179295,0.13433131820888697,0.11515085407587768,0.0066077790220858326,0.017338516705373196,-0.028711881328630923,0.003640502308700421,0.01057702381046029,0.023621331334685625,-0.003982784369570962,-0.0012751874653869073,0.005398237552737022,0.021718243558997284,0.01303915699845009,0.08113186682318212,-0.007472062892711259,0.023796278800402245,0.15805784632023076,0.018110651187205905,-0.0205061957191946,0.02328637028909933,0.052928305666398376,0.017190455400881346,0.01341182369842657,0.017666050270134362,-7.144351812585935,0.013124324295005605,0.0456694320574986,0.01823827110292139,0.007388720748383822,0.039608577575076305,0.04348810711088929,0.011970928267150929,-0.0016136722767745144,0.024302840338713667,0.032670654027345286,0.024261528787138786
3_2,-0.002107406069148705,0.002581072682975172,0.002009630829793333,0.000710671901077048,0.002479689472288158,-0.001145317520319824,0.004612068393838669,-0.004032970776480292,-0.011727793784648239,-0.04513329144243634,-0.002817781013511515,-0.047489845574696155,0.014254670385245973,0.0057217169832567,0.0077624835763766414,-0.008606569252550498,0.013408510370320785,0.04434469257294377,0.005585442874602805,-0.005439368303830725,-0.023628050152571144,0.0012748543556956539,-0.031469142621306,-0.054681569375855096,-0.06001876963844709,-0.03955919525061735,-0.03471978937064951,0.005354541010931302,-0.09169588840714066,-0.08834988455756791,-0.013454305086176158,-0.05091363593101426,-0.012612495119001326,-0.03547382544907723,0.8773892610147399,-0.018883158434465516,-0.046880524035167695,-0.0031001917982713617,0.0022325098217513438,0.002570877086765776,0.00565860709854438,0.00019700261357090572,0.000648214971713795,0.002148293385245082,0.001846620392257233,0.0045557300307294555
3_3,-0.0005948946025095948,0.0031822246821615195,0.0037017483665806425,0.0021135265669596044,0.004013344653864949,0.0008888966177277819,0.004987428653823821,-0.004709603418693438,-0.01743894256479924,-0.0481430405394494,0.005070398417468061,-0.04299175154345546,0.010459656807838068,0.005890084354654462,0.006788302403429452,0.01747932289362289,0.014784048973107105,0.044099350068331045,0.012722418280537,0.009302067228693199,-0.06384908400009125,0.0026005586759728873,-0.027072193853374685,-0.054766077336637735,-0.04589075045028583,-0.03611136000587866,-0.029344954995231372,-0.03312897118979957,-0.09514825714325355,-0.08225093151072115,-0.004535696649060724,-0.049229109190984534,-0.010083274416058824,-0.06095290798530341,0.9149063627208595,-0.013565411964325562,-0.058804842388455,-0.0027664910467618898,0.0011324971680212134,0.0023878276195407914,0.0064906784599509035,0.0007199691962023962,0.0005203845866286616,0.0019328134505296165,0.002871292656755064,0.007625888363939333
3_4,-0.004499366578662508,-0.01388544648828941,-0.03421371920268013,-0.02955934488170654,-0.0004000447510958684,-0.00184569460445011,-0.029111178043782243,-0.0059992762783969795,-0.010753245641977683,-0.048028083842485796,-0.018804457344175407,-0.033717881482986524,0.01067438304411142,0.012729570699333429,0.0038934016291930873,-0.012273424127083293,0.011144388445390133,0.0358816844440581,0.007497981470254109,-0.0029681597205326845,-0.0019817620147420194,0.006668998916008872,-0.046167082808707266,-0.04310535092789548,-0.014315978127440314,-0.01832566412537712,-0.04248442241839351,-0.0754940599705291,0.02424519219207543,-0.05946096137085759,-0.019464573782107347,0.03666346526656469,-0.03225774624226646,-0.017850567784541138,-2.1442877826324986,-0.017911733954675775,-0.046990197257036605,-0.00430928090489992,-0.013512151387624216,-0.014672845894138479,-0.034700223214149284,-0.010749849901575,0.0020509906955286875,-0.03299507146209832,-0.04870191903435242,0.005423497765863033
3_5,-0.004422122517004664,0.00010817407971623438,0.003545937600260683,-0.012729208568838156,-0.003990407103046329,-0.003846271268914201,0.002717725735154577,-0.00753422837177122,-0.016855244382695696,-0.0523456460480705,0.0011725303343987986,-0.047225541235000335,0.015928987278367262,0.0016002416477040944,0.005136211043681319,-0.012672176788839275,0.011531947426254381,0.04492024419229579,0.0017853873152601377,-0.008330626811497596,-0.04569099148547864,-0.0005896919544020659,-0.03290901835211819,-0.05741049591065474,-0.07644842382131382,-0.03528765331065432,-0.03708400012236136,0.00241412626617379,-0.039702557028774614,-0.0844243109182789,-0.025341697176386412,0.025352206728860956,-0.0208416391127617,-0.07064566285872027,0.9346999294282894,-0.02832489377378476,-0.09107109785626463,-0.0034558634583345127,-0.0005759582344647375,0.0001497070018618612,-0.013496054950253921,7.6475015145126e-05,-0.004122184324508891,0.00347944407223327,-0.005984271795439653,0.0010971380815000325
4_2,-0.004091338316402153,-0.00260289755152416,-0.008929329632559525,-0.0014025771414368665,0.001017106815390656,-0.009318489780928207,-0.012803301923684575,-0.0014353218191436212,-0.005329178477281041,-0.02187289557033273,-0.006319696867503903,-0.030240356648896648,0.014681000131790635,0.008818626908923115,-0.002505226747986866,0.004295082773512951,0.013137358308785268,0.05362345415649769,-0.001796989497189039,0.007101742364318125,0.010488465963610754,0.006378147516647955,-0.010605478011069858,-0.04490546200479457,-0.02711272505987398,-0.026696895646248622,-0.022812067702678282,0.04068920209012847,0.04450283142710684,-0.023088403118369977,-0.014495141402147008,0.03212505109891489,0.0006400874428338459,-0.015926277987846706,1.0551189427055963,-0.014057312050168242,0.06198675899428318,-0.0028772583703442307,-8.972754922948931e-06,-0.012189418860324873,0.004000471683203295,-0.0011111028077224279,0.0004342301169009553,-0.0061147960678227765,0.002777281870569796,0.0043997155548664915
4_3,-0.00223729792915209,0.0019076835301726062,0.0031164577747830506,0.00660238897704158,0.00680246202794226,-0.0022070707526070186,0.002380780358055552,-0.0012209029122588777,-0.011704766247047279,-0.028173595174763637,0.00776479138766751,-0.03727332518928323,0.017537336026774784,0.010625019387818168,0.005653052807391187,-0.008724714202306996,0.01413472942717433,0.0461093223200854,0.009377424022759656,0.014262998881500566,0.003752783143607733,0.004635374054073647,-0.023475766834654126,-0.04982497806146554,-0.058975598148835025,-0.030162009890107033,-0.027923829378085487,0.017835035000979854,0.03708180809212998,-0.04465633949938911,-0.013753382944926371,0.030425735882092766,0.0021792999235959666,-0.014604628265419485,0.9278206901377339,-0.01388327262716465,-0.039738428901105946,-0.004786114523449197,-0.0018044385900507273,0.003989989228607191,0.004461465649944908,0.0026993074656361336,-0.0013995311997438292,0.004127172196193142,0.008833200384751813,0.014086124442972477
4_4,-0.004073614251244211,-0.0002902707019227082,-0.00842511364499057,-0.0024276774014382967,0.00031852082275971147,-0.005519571437660511,-0.012671911962360572,-0.0028547927716802003,-0.0013035061579570741,-0.013173567122352159,0.00418830669135822,-0.03569186672516303,0.015634387618644822,0.0067087857025086425,0.00021775504543706544,0.0015379556125569031,0.014577020993287077,0.04991536416884772,0.00648075055708526,0.007644196118141079,0.00011844866653023295,0.006354851211433616,-0.015231769548712483,-0.05068837399426687,-0.06093159887497479,-0.02835971620719296,-0.03383168262643029,0.04078980657606176,0.07236449348753676,0.07514681903635861,-0.010950072407757966,-0.008165386133249982,-0.010723640042801807,-0.01641297011305257,1.064392128263237,-0.022108345600833454,0.05900971392880487,-0.005770345077803311,-0.0032307508601797565,-0.0077823924265390185,-0.0015878601538578166,-0.002267187732750685,-0.0009294385075429709,-0.007444854327325345,0.0032679700775137344,0.005716038820980461
4_5,-0.003400083496445035,-0.0006331060815907288,0.00161401613071927,0.004169092503630444,0.0029457916962059754,-0.0037832762627937363,0.0005364759207548992,-0.0009984769854002723,-0.0028630841709942813,-0.01803768656954164,0.00655271223433656,-0.03004112804497203,0.014085656205035093,0.011686099725887734,0.0011293744977882662,0.004220605456908602,0.012783151696549103,0.05018103130473136,0.006621323174111364,0.012151087272173504,-0.008544653334536485,-0.001921635178306278,-0.011101871226503142,-0.047204849220901825,-0.06941914101397866,-0.032556951200315556,-0.023842807152823192,0.0377304925444587,0.06086143602289024,-0.05702450014545984,-0.008477587872601736,0.03564209997613722,-0.007919011146652525,-0.010512177875653034,0.9786551053320911,-0.01464536818344289,0.050040540730486895,-0.0023512968463305023,-0.0037381427678234553,0.001783359844495465,0.003199974150835784,-0.0013753547179046848,-0.0017126820328757426,0.001656323716435912,0.0012945705106374536,-0.031749871443513
5_2,0.005322849015971514,0.009609768070560742,0.027194419599432126,0.03683288186151782,0.004646150379621033,0.007202640384295221,0.02529878036391464,0.008553119900147786,-0.005488854658803198,-0.06570920494331395,-0.06688349330376381,-0.04157469637429454,0.005849657458258754,0.0005773952626718144,0.0085135070426821,0.0054612028599005285,0.003410060827223376,0.01771370303128532,0.0070127132689220585,-0.0020813727195632572,-0.00916742070300015,0.007399262026751396,-0.02836341550555989,-0.036631611080700135,-0.00820348417011261,-0.030851234823550268,-0.03436909429476221,-0.05795428332120833,-0.06743996538843207,-0.018941248338500933,-0.015389242280410317,-0.00784682878909485,0.0023214371439111547,-0.016812802898130485,-6.730091617841578,-0.02185086448399364,-0.15278529953571396,0.011589585965055424,0.0013847224636827596,0.03718621880649473,0.031642496721648705,0.0049235106152796275,-4.2638177555452655e-05,0.01720751921253113,0.024770633982031914,-0.011879110025795014
5_3,0.005417978675770907,0.009560645456939257,0.016425361817912713,0.037943279868734636,-0.0021606326585627595,0.008281770465791623,0.02515476921021009,0.007834710414380391,-0.00551379867789552,-0.06558217259870157,-0.06578504316722297,-0.04064028421907319,0.006096634493474981,0.0009723671149312886,0.007740091944185542,-0.002416558617411796,0.0036298790286218227,0.01641933559441911,0.006772671154042874,-0.00017623845728311063,-0.006233869705036815,0.014769840460406693,-0.031646906515915445,-0.03603889579396735,-0.009666850807974081,-0.03151919922442375,-0.03397867915154483,-0.056236954754485,-0.06715471582771977,-0.01857198057661265,-0.014111885397789682,-0.007636667208740266,0.002670252764194657,0.020392069481807232,-6.746210961990019,-0.02240416902025332,-0.16158091479254263,0.011613695552112228,0.0004973943018810496,0.03305766132682243,0.03880295742775973,0.004960021976082373,0.00727413344168116,0.017227793061176177,0.021870562785694457,-0.011062287798598169
5_4,0.005107615398590505,0.007903534861658101,0.027625143990469603,0.036310604324637896,-0.0027268614117871583,0.00844823416512834,0.024412981769497622,0.016558386865610668,-0.005074590647405991,-0.06616482339076295,-0.06826227762829196,-0.041454036395810454,0.006104884737345039,0.01566315338062147,-0.02451220502162723,0.005465860498197871,0.008098465677459017,0.02331849314110647,-0.014483902404429058,0.0006414843091567441,-0.006602380763826309,-0.011948467809712445,-0.026651974537617043,-0.035393429567793316,-0.009238095738080125,-0.033104869468709726,-0.029430352946113177,-0.05975809714270582,-0.06495365439781162,0.0016688371763601967,-0.01089826469783291,-0.003641294041259881,0.003113593237608107,0.0161556604196409,-6.832121314045487,-0.020508430899274874,-0.151790941785252,0.011178078217448977,0.0032394049897242756,0.03323334179605963,0.02528452705682054,0.004784394391064203,-0.0004717366641683029,0.016967922376611683,0.024427318171690384,-0.010765833422228374
5_5,0.005256065384970943,0.009964862468224858,0.027677328216472345,0.03824172879343612,-0.002157086669604636,0.007528509227132081,0.02437512088393972,0.0078041879093697294,0.010858244798174382,-0.06639693685226265,-0.06960567717818145,-0.04174496805958396,0.006264341795840057,-0.0006145616802699457,0.0071963943260317555,0.005861582450848892,0.003508849410857339,0.016989081576016113,-0.004616359522858422,0.006685541340070265,-0.007011557485575391,0.015295529288814473,-0.03118024901099415,-0.036702920464307565,-0.008161204093163925,-0.03017400657445199,-0.034347439093224075,-0.05872458570939581,-0.06512457779547395,-0.018772322867913416,-0.014178882167748688,-0.008025692773443172,0.010107519458095788,-0.01640045299476071,-6.724905502928891,-0.020356798048340063,-0.15213319793956606,0.011556096426712268,0.001348748793103165,0.03549840691680093,0.03272457617267015,0.004974751503050384,-2.6117086082486006e-05,0.017165848487849765,0.02466087770715226,-0.012074189362159524
6_2,0.003117585470951408,-0.006107782893223364,-0.007109957392864376,0.0028671497535419357,0.0035283951507296845,-0.002350573921280804,-0.014500031660745928,-0.0003016265608759481,-0.012767210919325346,-0.061866946982026196,-0.01846390373133981,-0.04434013375552324,0.008687725992420162,0.009743775458408313,-0.005308255744721903,0.020296280808481466,0.007662692026315236,0.0367848825708042,0.011960715277795155,0.0025964504142274763,-0.12809836625257603,0.0033001356421796836,-0.06514162062147964,-0.06161464841312139,-0.01690784776649304,-0.02847907522495962,-0.02781633762699502,-0.12639143205330225,-0.11699687403486676,-0.394900823218968,-0.010725067976293919,-0.0672575620589711,-0.008978480630665203,-0.039497813719415686,0.9597049479456278,-0.012606131208468855,-0.09564920300260737,0.00014258684187230634,-0.0018197735983840548,-0.0054378585048241055,-0.011329487200960824,0.0007069864375438293,0.002624400763782853,-0.007907445717994028,-0.007842642776937532,0.0045640911605266754
6_3,-0.0008893301244075351,0.0010402538478865295,0.0028411624251363557,0.0016181167418751934,0.0015584061129338303,-0.0012609585798264485,0.006600955452100276,-0.0036680594631129885,-0.008613725039781778,-0.054276381920936145,-0.009341955245382396,-0.0449025461578548,0.015893448812457,0.011145069150087021,0.004728809256151536,0.010302800452211795,0.012807983454172821,0.047290477373381094,0.007179656634641201,-0.0033113915073809653,-0.005848297612644942,0.005080723800868374,-0.06962382367595799,-0.06480753546802284,0.02288327692856002,-0.026467739871945475,-0.02565371112229568,-0.07846850456694769,-0.1262378160380241,-0.023153466248086597,-0.014626316127952024,-0.06801331125789044,-0.003391270623951277,-0.03339187940522769,0.9291958716904823,-0.018542439600967648,0.007239087994418726,0.0025058827467568717,0.0015710207272924227,0.0009745008649908406,0.0024913245492081734,0.0008395509858662074,-0.0004389355084878912,0.001253401814308606,0.0020426643714462475,0.009323145693399985
6_4,-0.004642743056619948,-0.006591374591565757,-0.007222649178791464,-0.011507885246851517,0.006191478219707538,-0.002077649751034891,-0.013782964927282173,-0.008962550663221994,-0.01048737767519444,-0.059013834232802244,-0.014502554413037733,-0.04354494369943427,0.007998913667570884,0.008809098953027785,-0.0016286624081111832,-0.0009633978197175755,0.009326354736400515,0.03960973958606183,0.005098518786815377,-0.01130778360036042,-0.006050767795870368,-0.0011173356153086783,-0.0662437266856426,-0.02623121704217417,-0.014350084623757255,-0.014294557738508008,-0.025114335596440284,-0.11951288532813094,-0.10752581153808008,-0.08384969498188431,-0.014010866840586519,-0.08081034140820799,-0.006189609414525144,-0.02625995596492354,0.9795348322388128,-0.011960073446346234,-0.08204738404452101,-0.008914356950123603,-0.0018126663538259166,-0.00794299967479556,-0.012098871689622873,0.0011030112254177152,0.001668534607068874,-0.008092586264213445,-0.005315475440792873,0.0037732222487920552
6_5,-0.0005022352080193966,-0.00539901991458788,-0.007803173257895564,-0.0011068981781321347,-0.0006587303026190758,0.0005764573321385666,-0.012713957564987423,-0.0004747355004440335,0.01467235372460061,-0.0495658620151817,-0.009223049983983543,-0.03926203026757564,0.013031009295341775,0.010716933401203851,0.0034933736042849655,-0.005202697325974878,0.008824643712415425,0.04696270094379982,0.00416603737910171,0.00933863629061448,-0.013758713829771623,0.002165042319466739,-0.05666109066276701,-0.02018306578111948,-0.007071185001040285,0.05748429692300846,-0.021362801159607727,-0.10108183368885336,-0.08011732300243259,-0.11448252828392787,0.016741730661496774,0.051416506953049446,0.002636561537995973,-0.021297735009941428,1.0069605896953944,-0.004852762966490335,-0.046041355790585874,-0.0008781916485877513,-0.0011833025097906654,-0.005149288775799706,-0.003802837345946874,0.0032271607762032147,0.0036362471958359924,-0.009092790401739595,-0.007656527188092548,0.008157128011989707
7_2,-0.002875276076926532,-0.001728721352285272,-0.006544042352857898,-0.014299369421987732,0.0011725765743711672,-0.00625478246970959,-0.01025961556644134,-0.006100070252116518,-0.056560725659586836,-0.06337498497008003,-0.03188509400720535,-0.034776001071706704,0.011092520449191783,0.0010875189261464705,-0.007727112113122327,0.003341118855651796,0.009729253211099844,0.043703147791605286,-0.00757675123120025,-0.011472920704676395,-0.008369121181376034,-0.006288302797078149,-0.08982086367177781,-0.06496175930825605,-0.0705599702282485,-0.035532468589489004,-0.05902567398085561,-0.16110605509555415,-0.15237183278588823,-0.12292462230810353,-0.04813550497258622,-0.09871182945547685,-0.049343559220856516,-0.02869804937171263,0.9383587054509436,-0.021455909320304372,-0.11457058569871567,-0.011736632956860248,-0.0010090451573714796,-0.00985745532573425,-0.012622014369532478,0.0012350170810468632,-0.0007096148768633631,-0.0032630038889669656,-0.008902843700894598,0.002985813773165122
7_3,-0.0020830751605316607,2.1315029900221756e-06,-0.007343932575931987,-0.007557906237179026,0.00222103697720477,-0.0011145597734301242,-0.012953122783475915,-0.001494021150517538,-0.02453824151418249,-0.052773291685359415,-0.02182813944534681,-0.043230035646880535,0.011796905150060438,0.009219041326352222,-0.002243957906068173,0.026880135982597062,0.011669817321780865,0.04404529812894554,0.006715538961589699,-0.009703901098235549,-0.004505061904042524,0.0050428697118575895,-0.06230072975821511,-0.048800255458318904,-0.016116310638543897,-0.025098135231257063,-0.035223520239076773,-0.12249902602618012,-0.08850032258022147,-0.07610685670894704,-0.04120414593880826,-0.07755226092644454,-0.006794798718455473,-0.029879901594325835,0.9503736789474276,-0.015562516493093554,-0.0884314617191454,-0.006032874587080571,-0.001487854770731682,-0.007120271847623221,-0.02050358091657567,-8.931152285957073e-05,0.0008625833371108467,-0.006018710092319504,-0.014195413517937851,0.00439255487757025
7_4,-0.0006367785193900911,0.0016727977704696839,0.0044881315588620185,0.0042636291060461785,0.0009715897427520862,-0.002246700451138971,0.003159009508421449,-0.0015765846240016208,-0.026243449107044115,-0.043206714479487845,-0.020575325063529833,-0.0369298634162751,-0.00021488104810702034,-0.013200745064292531,-0.005874771339315313,0.004036929181505718,0.008886306992207044,0.04631754442181204,0.004278658331300835,-0.005997686806178486,0.0018359011487887006,0.003840315488939418,-0.022874429630370837,-0.04833755479656388,-0.03162730912015251,-0.03215683838597761,-0.048929461067820285,-0.11072654166005035,-0.10622268816993244,0.01303940644179581,-0.04282195046228575,-0.06939706507005357,-0.00984812959165115,-0.016487375774068058,0.9278609011337505,-0.02637551909697354,-0.1143387416842838,0.005784226620749921,0.0021033984586418353,-0.0008803410225009018,0.007511993076114806,0.001624763025506188,0.00029903473528216664,0.00398190736629655,0.004352000489267557,0.009515923643065378
7_5,-0.0009733065194797073,0.0010505860675196006,0.004178999452683742,0.0034558111876661513,0.001721248986088384,-0.0013361266137107259,0.0022790050913170917,-0.0019942630454689108,-0.014171510136859602,-0.03400956563482168,-0.02286020893600061,-0.03524752601353831,0.007253421932441606,0.007769131274213642,0.001368377996353879,0.014057615544492036,0.012872903209380712,0.04107614193201774,-0.00018021215730952024,-0.0029839175523360822,-0.007523870333723951,-0.004727840760593514,-0.025284785492748638,-0.053783264512723084,-0.037618064518384425,-0.025271938220863942,-0.049761538403307846,-0.11504611603166605,-0.10272922419768853,0.05717186950798291,-0.03784412780244848,-0.06007711838335772,-0.004577954639736659,-0.015076117816792306,0.9105986260318399,-0.004627510273276696,-0.10380370123847649,0.007384368115741482,0.0018802135863600045,0.0011578260829919428,0.005194377275493324,0.001169868001313037,-0.0011027586164210736,0.003933186572160321,0.0053302092184022015,-0.0020003292439361273
8_2,-0.002362987871974239,0.0018572495358691158,-0.0002639674113228829,-0.0007023519110734406,-0.001341480915708425,-0.003674579834560478,-5.95049567232302e-05,-0.005569599131783052,0.034910857103443785,-0.038165661809354046,-0.005352072859773491,-0.03538020107943936,0.01758505394853918,0.005634800150739338,0.0033396597535437873,-0.003922043194621796,0.014452164930206133,0.04780778264233642,0.00739839078091452,0.012170408931781089,-0.0009237024203559935,0.0043171898194295025,-0.023483830484717118,-0.051284395858364924,-0.023838970138059738,-0.023496511252446266,-0.02414064390202929,-0.012724548151544,-0.05127542019653602,-0.005353615143389154,0.021533959663437637,0.06654336511016556,-0.0004577537382424044,-0.019557358307481055,0.9718768668638571,-0.01738740059294963,-0.047426783496037614,-0.002684873605539626,-0.0010517484237183741,0.0007277196644069123,-0.0007415510837688935,-0.0011079872122642291,-0.0017188329224645431,0.004521227025200104,-0.005335919125003866,0.007804041036276239
8_3,-0.0044846160487930446,-0.0026715438243948572,-0.005853815723821396,-0.011595444634272504,0.00011671548217243641,-0.0037065139981731425,-0.012593124668870066,-0.00294788641249025,0.040140749000596554,-0.028920585218161477,0.005798609580878436,-0.028164886022693493,0.017393311745505676,0.0089911883917985,0.0007000008361019972,0.017517857861593437,0.01497856965465437,0.05100349537183449,0.0011454527470081152,0.016971349530543182,-0.0006315825919454876,0.007544714797003502,-0.007912118957068856,-0.050344015388447544,-0.014532060408952724,-0.020023996417771465,-0.018093816181216308,0.008304838432625663,-0.04459944953027489,0.07543223248869196,0.026109321431026965,0.06125296492156992,-0.004336444334818686,-0.010363139587535488,1.0275937654793161,-0.01166570794562633,-0.03354786411634792,-0.002276728305465281,-0.000392421244577968,-0.0027799353470442717,-0.014512083529346126,-0.0010809321151503193,-5.79272770193605e-05,-0.009344314466113076,-0.005308193470339773,0.011582868144911456
8_4,0.004197296657108428,-0.002754221138270745,-0.006205366854213124,-0.009107271589136524,0.0005600115311196855,0.00011432350601560669,-0.011620823148311735,0.0039284005658628725,0.015540997646254716,-0.044854729047439125,-0.010432259071140261,-0.03151093341190337,0.01363999170707512,0.006796527991565658,-0.0037803663685985773,0.0018991951015349937,0.014298856222407766,0.045000056411052064,0.0016831437628735916,-0.004844810377948283,-0.13918980474039552,0.000664722040520677,-0.019663924756030043,-0.05275119067342717,-0.022916044814592543,-0.02621759192527886,-0.03417311353949714,-0.019578041083239944,-0.025323900260049177,-0.04015988393237343,0.013694035845161183,0.06442995244566925,0.0331653310200273,-0.022387397751490144,1.009303981941422,-0.013220358280595671,-0.06271963410117534,0.001667075010065234,-0.001053824032707256,-0.005967854180131416,-0.0035997731438085693,-0.0006647962697963653,0.006744013194128688,-0.00673031505065537,-0.011162156950213194,0.005140575393116913
8_5,-0.0012139063297322878,0.006130072786946288,0.0037414950953552724,0.0015726159377110196,0.002474511390999532,0.0010865817269197038,0.0020899244400315858,-0.0006262436153847401,0.03182648438354045,-0.036915838853811264,-0.0015324240552012428,-0.02965442274052912,0.011668847692867555,0.003789602657684278,-0.003474728898202428,-0.0006014150626564914,0.010684916086658641,0.04466646834090388,-0.006960014414696518,0.004510801371827614,0.004242461254736318,0.007689397967037436,-0.016702548950913814,-0.055553118269938265,-0.01892504790620603,-0.028081401541249336,-0.03214362275961561,0.013161040043226865,-0.06419661189679397,0.07248704878999276,-0.009172801741011143,0.04796314203806906,-0.00944236767777768,-0.012672812522111688,0.9403605980755884,-0.023892076022273123,-0.04107654776855948,-0.0005758716706574867,0.0008850953416658044,0.001808561696829499,0.0022703786707345833,0.0005729208694982905,-0.0019157556857105952,0.002933168436253021,0.0034058772725681055,0.011907738796634723
9_2,-0.003911957224704218,9.899522142424267e-05,-0.004549570526306552,-0.002115617155084112,0.0008936862325630529,-0.004426718169611379,-0.012743826369973598,-0.006253757418687079,0.005244403563399061,-0.01780091543310713,-0.0017723228023063626,-0.024288755332674515,0.01258452921876054,0.009094605738823019,-0.004453174831823518,-0.029380665290838808,0.013264996297178262,0.05035021574112573,-0.006040851356158552,-0.0006515881709022543,0.0016410869050560214,-0.006632790602832792,0.016792639090295176,-0.04711512670407147,-0.028289700758324335,-0.02747280447610743,-0.026785694537276836,0.028889788436746562,0.034606856850513706,0.053736873827386365,-0.0018285298358764154,0.020349187103990644,0.02405579132084828,-0.007029337174830762,1.0335659189446467,-0.011208035022323507,0.037789545812584174,-0.0037700314225109647,-0.0027315311944562893,-0.0017418002992427336,-0.0007526356664345933,-0.0007369112053129577,-0.0019072935822332868,-0.005858099383648705,-0.004541488697767694,0.009810156519340587
9_3,-0.004120229314100336,0.004780561819141876,0.005440550404422534,0.0030102947735351944,0.0006306732345269299,-0.0031409002688627774,0.0017977033353335239,0.0017408303930397618,0.019895829200462782,-0.0026883736196471456,0.01615511991424092,-0.019353715040453655,0.019977091439063618,0.008752319346673814,0.0022087635770911265,0.012543366313085981,0.014322252438044008,0.05450240107951968,0.0052260510487727105,0.0069646631430822226,0.004651911256218586,-0.0020894207563476853,0.021106736561004855,-0.04217750717046843,-0.030735418046145213,-0.027949364148072094,-0.02219813374013388,0.03537206885121329,-0.01165176162729468,0.06853832459768239,0.007466984664763226,0.027524486779174837,-0.0007116888909414634,-0.009319161359304079,0.987220416044605,-0.000244452347060477,0.04286850961841785,0.0020983348202135424,0.003005099061834339,0.003153567394585557,0.005438293375584548,0.000409562363331057,0.0008768165044491276,0.0020915804094047467,0.0042930325762928715,0.006816582637434473
9_4,-0.0049050011729541675,0.0002961552811477717,0.0008126104042136359,0.0010279158140865047,0.00038297438827177927,-0.004141909961529798,-0.00166496896694548,-0.0031728940570270926,0.00946254459405902,-0.019243670996342988,-0.006455542114934877,-0.027633363149907074,0.01661805082779157,0.005535123890840011,4.511563551983907e-05,0.002139025816386773,0.013022229474321901,0.05147580260078465,0.007122588391891227,0.00034878136157992013,0.000259573109823807,-0.0028747156797784743,0.015045019228564993,-0.046613509206583845,-0.028253529231603514,-0.02755936306011991,-0.027343986446897766,0.03058701217956868,0.020324668058098492,0.06362423038597699,0.00047998017668861125,0.0162769878994752,0.016543593186964932,-0.012627229913209527,0.9950262347445149,0.09102019793099021,0.04108651390989859,-0.003126701057101702,-0.0016928943166708672,0.0014683643202357257,0.0027473857724580665,-0.0015848528897714962,-0.0019255023338833402,0.0013235998145599626,0.003940622123079969,0.007875487895477451
9_5,-0.0033976251380386435,0.00576760429905982,0.0010731635465582995,0.0021115595133859525,0.0005478531994328948,-0.00432295717170527,0.0016710632269328783,-0.002273347474544149,-0.005639231152519774,-0.012564470850459588,0.003076879046713364,-0.022473476649154934,0.02014393604684212,0.005761225104165343,0.00011991295869360322,0.0028326414724656164,0.013744315906148982,0.05389693860801797,0.00804894831910554,0.005827303123039818,0.0031167066025114386,-0.0032989056608911473,0.01653520964290854,-0.046935037283723315,-0.020516652496359006,-0.0276119028644529,-0.026021187214892768,0.030608749353754742,0.03752254689861323,0.059277393841661086,0.00175123809132253,0.023089838447278604,0.01972633256270984,-0.012058504084786556,0.9863528737382949,0.0269528246422705,0.04299293510765889,-0.0022398846647235966,0.002625835066509052,0.002283062629873711,0.0031725719840058186,-0.0010917342992808642,-0.002078437135319277,0.001496089050054669,0.003573349475415412,0.008213709969522536
