,0,1,2,3,4,5,6,7,8,9,10,11,12,13,14,15,16,17,18,19,20,21,22,23,24,25,26,27,28,29,30,31,32,33,34,35,36,37,38,39,40,41,42,43,44,45
10_1,0.00021651954763358733,0.05466544455651752,0.06990304988846814,0.0926903301331334,0.09909586459873462,0.05337047769537552,0.007536155996522875,0.0017233676998046174,-0.0246228221956526,0.3237462377903563,0.7735274227494757,0.223598469789534,0.003997234829700056,0.00857897141270774,-0.0002730253501323952,0.0077422216175077945,-0.02661918047828053,0.0020052036021670563,-0.020221350446643204,0.12131844326632715,-0.05395782432396166,-0.05151611586960357,0.0019516704634217337,0.29561846242675394,-0.004255716565098132,0.4159913813611508,0.33315327115464205,0.057097385241682834,-0.001432343879160847,-0.00569103193043598,-0.011485352641234953,0.039654298671294,-0.0010384815020720787,-0.004484670447524113,0.01513914762311745,0.0035252146954999706,-0.0025461625338534,0.0605278291796839,-0.0184956754735349,-0.019402118626495865,0.03222476208332326,0.011174192715410355,-0.03190647110307681,-0.012822579160172468,-0.020111185383572875,-0.009518270997730801
10_2,0.00023066192490707428,0.054193290563809955,0.07076362913412564,0.08304931328220068,0.09515730848984172,0.05435635421636027,0.0006302753077934401,0.0016674911906787615,0.01222244008582721,0.318511093478158,0.7458760300700324,0.22027614530181297,0.01341443095941235,0.0015184684879267047,-0.00010328938040799656,0.002201908201997586,-0.014428236946506755,-0.001216770971581685,-0.0201420735110508,0.12302626191200507,-0.05394678842888308,-0.05718908075572683,0.002567568368558801,0.29112096593532755,0.000880062918860939,0.3895260211236056,0.3284310756647652,0.05240885384406664,-0.002160390936643462,-0.0071753264318321795,-0.016898884930519626,0.03906167575853191,-0.0016234980973440876,-0.004700999446651618,0.011621941168716328,0.002982898815781128,-0.002392187187137193,0.05731522288439738,-0.021407495796784314,-0.023562292586411324,0.030609703651638905,0.010926465642252876,-0.032814246526552196,-0.017061069614000637,-0.02593204972335971,-0.0098965280853702
10_3,0.00021250638726712852,0.06546628053401209,0.08468124042214135,0.0990971583246692,0.09594258039597982,0.05281841334938913,0.005494161943702416,0.0016468964068875173,0.011650071067193207,0.33146967863267596,0.7445334068759362,0.21850198880365942,0.012741439263176724,0.004783470761186046,0.0009178692561992802,0.005899078713632733,0.08280826988737057,4.95067499534966e-05,0.011942859478963796,0.18684984882958774,-0.05369401308759625,-0.05700197766071963,0.0035099588986041005,0.23823800752848812,0.00033171562074032416,0.416241776734169,0.3798772547690493,0.04649959244842247,-0.0026645355442321697,-0.008292551032728693,-0.006321991473686705,0.04151748533499881,0.00035964836760568397,-0.004853414724998397,-0.018737908796093966,0.003430014705905383,-0.0024872756294672814,0.05906311630093746,-0.025572133168510022,-0.023534986885013556,0.031196509839345146,0.012756535010694719,-0.032487012499337,-0.015654890526547647,-0.022571358775207325,-0.010039238126122266
10_4,0.0002195859437938403,0.04870672027475529,0.07216014205099444,0.0865121406074319,0.05408849129301724,0.02306404107907993,-0.014959648792058067,0.0017299971226043642,0.012407969400315926,0.3184914285249914,0.7859912042391023,0.22086796835795228,0.01154687638344736,0.0015860916382325673,-0.0003362129917048269,0.007076048117185865,-0.008541112540558098,-0.0012000142721472725,-0.020226390952621933,0.12203452772401578,-0.05384361561186746,-0.05666324111387405,0.0005174798272106759,0.3602370538237393,-0.004281376144154384,0.38640887500547416,0.3277958418870736,0.04869123522598513,-0.002337617306135165,-0.015883197311539757,-0.01687713404715455,0.0382100778987956,-0.0016230898594938997,-0.0049583637939995,0.014309180802715938,0.0028956332519724046,-0.0024556402578124986,0.058056854253088305,-0.021674038994269364,-0.023100524877577203,0.030609265449638177,0.010927253074446506,-0.03284927448254923,-0.02063868710613542,-0.023888774234596878,-0.010055134850368215
11_1,0.0005968515406172571,-0.025933721936883782,-0.2582051641292611,-0.13755348762130448,0.039009186616688986,-0.007747350152709907,-0.1573911958282991,0.0015026744167320268,-0.02700023580630283,0.031074739636237917,0.652671294495494,0.1479872962996093,0.011284422998671582,0.002030437633110836,-0.00011451588442147099,0.004518580381145906,0.010187109328524648,0.00046432821032894574,-0.012066874656988826,0.026267347330047534,-0.0843252583834839,-0.08197135070501044,-0.007631700016450693,0.07427618214474432,-0.0032797916205453284,0.2477067946646911,0.10688544694901857,0.04707886843630481,0.0025542228434235663,-0.01160637277629234,-0.015233079076791604,-0.026904583594374,-0.0008654482175083442,0.01998244414931559,-0.017188167038309065,0.005192714021464347,-0.0015987580487315258,0.002563268950292506,-0.20983263399082733,-0.028973108725800646,-0.17869573402786143,-0.16128600519463043,-0.010709412826673141,-0.014583562192095664,-0.019208199284326162,-0.00613973557146431
11_2,0.0002002617783257891,-0.03577495604497795,-0.1294727364752092,-0.13656030531505609,0.03840018311866266,0.04483995369354659,-0.16013456945986118,0.001313643396072014,-0.02610095548429495,-0.02678659584100761,0.5415156433546894,0.14711666128993067,0.012549698428060698,0.001562357031908074,-5.165897760220893e-05,0.005802947446441587,-0.014543891392617688,-0.0005966787634585619,-0.012697464959460692,0.12437373540066067,-0.08351462648322497,-0.07911212338101653,0.011386779737043946,0.13301772476452003,-0.0016489248513426292,0.22662894615411863,0.2350680486313519,0.05196045903819519,-0.0024071256830629833,-0.011166471806767893,-0.01496912283756428,-0.02474055016599587,-0.0006326445342479878,-0.15070600681510643,0.01675908172412452,0.005797666703694918,-0.002478301983332149,0.0020399559380017726,-0.2102855511046779,-0.029150099608447468,-0.17800555355072448,-0.1617875891295057,-0.010768962722709177,-0.014998534285336968,-0.023093766198408888,-0.007272019826571378
11_3,0.0006133050806578891,-0.026351032974224475,-0.3224526530346369,-0.13632621785205465,0.03841564518392405,-0.0077100863801157805,-0.15578966680436654,0.0015063324810450987,-0.027261201687898848,0.03208617594473819,0.6553235871200191,0.14882272871738988,0.012609372613789359,0.0023442445262284234,-0.00011957989381944161,0.008370379755003545,-0.008987221822788601,0.0007483016743024629,-0.012065045540606615,0.027446776486428338,-0.08336287322803274,-0.0794772895270139,0.00034080788671705313,0.13354091718076896,-0.003476395556512262,0.24974881878164398,0.1170676990178969,0.057760330912144754,-0.003516388754679563,-0.011509065064637034,-0.015256890783568806,-0.027003038593264403,-0.0006287323142390114,0.019981216773401658,-0.01684578084992725,0.006659093354364853,-0.0016545548336039267,0.002500908449320592,-0.2076326731777011,-0.028611878922095886,-0.17869573402786143,-0.16103823894288286,-0.010707992782074325,-0.013760663581159181,-0.023446545308276796,-0.00649533939595056
11_4,0.0001555611394084309,-0.027015406890329646,-0.33816794572205966,-0.1233823333388253,0.038612930495353665,-0.007741701286280617,-0.1575027250879884,0.0014585921700896987,-0.027033133556087975,0.03177625313974886,0.6476955647702133,0.13361140187293033,0.01269798944391928,0.006044242344108079,-5.225394680387189e-05,0.007151550670180416,0.0012458307119543764,0.0007226312532463257,-0.01219208150548418,0.05282253165106238,-0.08348434021178006,-0.07940374616036376,0.0008446655807945593,0.1325437872247546,-0.0003599274908073721,0.2500328088701976,0.11379456575826116,0.04582189943108239,-0.003458313820806206,-0.011486383002653418,-0.015207900844877758,-0.025721396013861253,-0.0006288561813219701,0.019740432157198326,-0.015059247536680505,0.006814689653628697,-0.0016336466092957851,0.0018418660539780882,-0.20983916234769623,-0.02926951956621914,-0.18231606483080132,-0.1613553478816435,-0.010709412826673141,-0.014181116748872664,-0.020269003086539835,-0.006448554528114624
12_1,-0.0011364216324065996,8.741338699690007e-05,0.045835304743018224,-0.0022895037003347572,0.03598676616652874,0.06129664398746909,0.00687692551849147,0.0012896609027211062,0.010555898022754296,0.38276517949687455,1.0137037999251728,0.07284697604224688,0.04955461978925387,0.0010754128199308589,-0.0008445013647591314,0.01311931328826979,0.020191696408563,0.0005349027584018697,0.01256945569178555,-0.17008465745307866,0.1475556008998993,1.011091048370122,-0.017856044580388995,0.47422939239404804,0.00017654660577822454,0.40695560452983315,0.13436920241866732,-0.011393174973635468,-0.003336966781949631,-0.008359786821898037,0.010881386728936989,-0.016722124935152842,0.00044249061486805017,0.17989030013639676,-0.02081032913367654,0.0043960761041275075,0.002647544672675587,-0.05560925155477743,0.09698665064046597,0.005999300797378191,0.02380243595985499,0.002409505586136146,0.07380105773927065,0.005334905627128304,0.010077087578026995,-0.018443004165677478
12_2,0.0004006671447681861,0.0072589115971287135,0.057975058693839294,0.038982966589021256,0.03578866501509462,0.0625660075199171,0.0030614761320248247,0.0010819909742994641,0.009073179698947238,0.387889056930646,1.0619629740936323,0.10600419162854999,0.013214055961137772,0.00045417119578794224,-0.00014294792467957568,0.00872290268154379,0.08562228258244367,0.0012680050635604356,-0.0011910216030349234,0.16222272864853615,0.5394704284065925,0.9590768561019939,-0.010182153424623698,0.4817710393359755,8.735147084018503e-05,0.35902633485097013,0.27592367058126704,-0.015284187806298158,-0.005278341027275139,-0.01289313818171588,0.017848711469079258,0.01456452132062828,0.0021562314113851557,0.184684371246454,-0.018451710012472478,0.004754141504988199,0.002702793928865194,-0.014929469680157135,0.10025730906280708,-0.0077532357021494035,0.011746611610785825,0.005634483312738445,0.07531544924619926,-0.005707930882443538,-0.0212159857577043,-0.00897104101788591
12_3,-0.00017554821362713723,0.00608842966077329,0.021588325497832322,0.03939398348914292,0.03581423822957283,0.06405549083665808,0.0027055489966297456,0.0013402365858882098,0.008499982226953237,0.3880951545837192,1.0589113767565626,0.09228043873618742,0.04980444890927205,0.001959921117687899,-0.0008632461024102116,0.011650203976421386,0.02438107454958686,7.614568095939999e-05,0.012238838152802564,-0.17447614088652347,0.5428774384915569,0.9584586162244622,-0.010272499824008987,0.4862427539011482,-0.0010053263894054592,0.3591412516947715,0.14989372855157726,-0.015344447091991238,-0.0006514336197286113,-0.012959073061335345,0.01114284314240858,0.015497582420027618,0.00201548312733833,0.18835869708667197,-0.01851739909807956,0.004778463935459047,0.0027177613026353664,-0.02428956980621808,0.10086864970984671,-0.007877874994062874,0.009271628823184382,0.005845831681195361,0.07378800550930922,-0.005959053305195475,-0.023298295025988253,-0.0036387205339908847
12_4,0.0004899527044073453,0.001305174850021114,0.08341776025300628,-0.0023138129287499,0.03610081594431192,0.06064173127884278,0.007021200402826596,0.0012952671698832762,0.006995902765269916,0.38648407014394376,1.0140874226580807,0.07418368307036945,0.014757620454297307,0.0026881802218573026,0.0009599643757746979,0.009708240888317354,0.07995114160960246,0.0005426542079922999,0.012506617251097658,0.18752642879832176,0.5715891669015455,1.0122081982460758,-0.01794049694608684,0.4598042028453851,0.0002551183016152856,0.34887678527935573,0.2505721436235085,-0.012308356951828699,-0.0036257881120160644,-0.008333666548886225,0.010855539125500005,-0.0165772906703323,0.0005913035945130276,0.18137322336659176,-0.021550600266500602,0.004341763768031316,0.0026470523147473905,-0.0200637915341403,0.0966982179190054,0.0038300193342633267,0.012086843890723354,0.002409505586136146,0.0743367456501508,0.0046985354066965196,0.010163850744885293,-0.013628637805575732
13_1,-0.0007668864236514365,0.00360098426104027,0.07898502190886904,0.010709479240050137,0.010917441425755695,0.038326700695023884,0.013544645097521416,-0.0005939503104500853,0.050381078404163386,-0.04409308105702105,-0.11760174234971309,-0.07580672895506925,0.02931886590352178,0.0007094129045548871,0.0003429641987689325,0.02333026007541632,0.017573730484708793,0.002540310005449114,0.014338548786891874,0.08611438923077737,0.02837234907501651,-0.03316294768120906,0.03834639348893715,-0.12063997855310596,0.000746935577818443,-0.16556262044282388,-0.0649275435379488,0.04781176404360038,0.0010447679647549155,0.003021964230066939,0.07040535793609301,-0.005555325833749579,0.006690750692762489,0.0017565247208865351,0.06049710396324111,0.02284991017951325,-0.0025925384530785358,-0.010221799049864469,0.015857230464168214,0.01709751565683524,0.00849950955097437,0.0016553667074912903,0.008905012369015725,0.011985428059744858,0.04374451417992587,0.047453093056230425
13_2,-0.0007332221120668097,0.004956200332545994,0.08234585069105146,0.011934687325474976,0.010199092233667613,0.03857912650148299,0.018791231938705008,-0.0006462378907771708,0.05111283135328413,-0.06355262413078133,-0.11935024218792842,-0.08609714476978685,0.012167780301747425,0.0009934033704997207,0.0002945624836733809,0.023460429372084573,-0.008523119344024575,0.0009656233227531808,0.012326999632796053,0.07272141653521272,0.05359991062614543,-0.03184719733387336,0.039922831411751625,-0.1209770237957184,0.000746935577818443,-0.16464800047195752,-0.0470861138329665,0.05324064004109961,0.002097419692578593,0.0030794301163636047,0.0695119167135503,-0.008679855602259794,0.007054730505215359,0.002553979811953053,0.060461480452607706,0.024444163181020155,-0.0006122989287156884,-0.010090243364053364,0.015957782875737934,0.018085961737206648,0.007535925660018514,0.0016644708144846043,0.009941541044395964,0.01196691300617252,0.051078626814324075,0.05043821885265261
13_3,-0.0008149527741978192,0.00451214244393324,0.0731898586140437,0.010756651773277653,0.010226575108262342,0.04468441358973761,0.0056552583798199045,-0.0007344052815818826,0.050716473514104084,-0.06678525480035558,-0.12363948636267341,-0.0803117214565409,0.01202974041421536,0.0029383945652827455,0.00027938627878076547,0.022670314690925803,0.012426404830139464,0.0025710051863005166,0.011214438322654912,0.07096246268938965,0.047571911010431,-0.03245017438027416,0.03747948761387692,-0.12130225977843029,0.009170910781026356,-0.16277320968862088,-0.04832797904109433,0.047578894230328225,0.0005089223338544654,0.0029978244236169207,0.06954858392144302,-0.00860991628671046,0.006687082421766737,0.002197873467504283,0.06081061272575559,0.02410106257527867,-0.0004804573991465128,-0.010227562173468761,0.015935899813526774,0.014227555043577766,0.007461502611734368,0.0016537221029587687,0.008934606181592409,0.012916935498974155,0.04349166190962967,0.04630507668881664
13_4,-0.0006228535342912917,0.0022806497514117332,0.10019931236283339,0.010690053488392453,0.010027530895323948,0.0429286181769505,0.008355725629429869,-0.0006922789024560718,0.0498865070575799,-0.07554690572522471,-0.1049806391983519,-0.08197711517257437,0.012620034654174675,0.0016655887499999857,0.0002998156375051143,0.02131068122625107,0.027000357300961564,0.0013499509174395516,0.011901061362997959,0.07473927836848843,0.061054508686921395,-0.037080160924779434,0.023509143514061234,-0.12016550390983974,0.0008356296471126162,-0.1674433359083264,-0.07170982746534701,0.015907847711445485,-0.002366049536231345,-0.014270437299856924,0.06962816956688181,-0.00918067563877489,0.006786639627196404,0.0014813154920823527,0.05954072793954095,0.026978117401190375,-0.0025436310434001877,-0.010178379483878999,0.015975709163841507,0.025110361289370275,0.0072226088915503025,0.001905138109750493,0.008928011166772908,0.011289555744671897,0.04058479320271899,0.06811278545266579
14_1,-0.0003139393632148864,0.02336640920606851,-0.008978657264870309,0.0140373150373008,-0.021316101143452587,-0.029646853116516804,0.00014134150158952394,0.0010737091763151415,0.01664578630598073,-0.11271133356437825,-0.44305894064997237,-0.13886810188337015,-0.03852487171780759,0.011553649225104481,-0.0002547947357819611,-0.025649570105850155,0.024115247847653357,0.0016593822371537702,-0.04719648433496749,-0.11888347000819652,-0.04721304976068105,-0.05733849447110269,-0.0061744234486953275,-0.10602215522522193,-0.01397106729675768,-0.23940528925500668,-0.13549757337072424,-0.05553002405006728,-0.018757021471173793,0.0012660230570529889,-0.006398976500476992,0.0064203185452596685,0.0021269617269495623,-0.004166578391755226,-0.04770114348121857,0.003781568717369099,-0.011095608759794292,0.023331242826976857,0.005057824031766402,-0.03492298333675848,0.00816650349750207,0.0008585153493998587,-0.0011730555178780452,0.0013875035669853267,-0.05657593455981706,-0.014140887272511277
14_2,-0.000432670020980143,0.008106201946292897,-0.00966563790167528,-0.007715310286790521,-0.00012737380317469902,0.015642714911557314,-0.004626564095946888,0.0023223064822392525,0.016950775901896892,-0.13958718339129977,-0.37790535675591147,-0.10175699417994419,-0.04565678474281607,-0.009201147600970076,-0.0002135839589833859,-0.07110725934020959,0.016229578235124987,-0.014325525307878678,-0.05322475642113187,-0.13910718271746492,-0.05103113483699627,-0.05829730432521801,-0.002381320733749767,-0.10467994339835093,-0.013492902636024913,-0.22682141809184933,-0.19709176554868613,-0.024380130250368188,-0.020566995974873083,-0.00752426368038789,0.021134649467958063,-0.020770639612262727,0.0027836701357675736,-0.007702685439455697,-0.05138989115228058,0.003785200049077243,-0.011299772559335793,-0.014944508067005912,0.01414622002898098,-0.04572357756683729,0.01149147307339072,0.010221190128077859,0.010261852207678357,-0.009026604263917897,0.013091266361649177,-0.012791331248533024
14_3,-0.0004762008008815362,0.004934016699421335,-0.009463443241570973,0.012103734281545014,-0.014614189848112752,-0.012580099730100316,-0.00187711002717322,0.0023242597246710267,0.017835882507213366,-0.11653107080624729,-0.40076262714539557,-0.1398147225530714,-0.03882688350467008,-0.009046932057001337,-0.0011628785982940283,-0.02328138915371496,0.024491648634769866,-0.005597338408311588,-0.0512329083510429,-0.12629456035418188,-0.04928288043867235,-0.058203723573402505,-0.003410640408981709,-0.10043302311957372,-0.011080750904551954,-0.22207905280937393,-0.1537288382330996,-0.035355752806400104,-0.030801657592220345,-0.008186382486313667,0.017428928315943944,-0.020698097880720957,0.003052715933649999,-0.006411208089894416,-0.05260796239575467,0.0029965670887150634,-0.011345354888132255,-0.00828077724838973,-0.0049545002886004766,-0.04563122080492135,0.007541907270507027,-0.0005534403437814706,-0.0011452962102393837,-0.006678685819391805,-0.026717710009290352,-0.015128874056856414
14_4,-0.0002948741147108017,0.008097002936094567,-0.010049189796113703,-0.01535856090680501,0.0022155009894645555,0.00919713349199871,-0.0042822494489214375,0.0021060706514085606,0.017307667346399755,-0.1387116681060433,-0.4175235910482316,-0.0998361221772865,-0.04560276634695814,-0.009526562156294001,-0.0011946065614696212,-0.07036497857820759,0.016151354646955447,-0.014614123259685323,-0.05647842385686608,-0.13905506924655786,-0.05472844867007069,-0.05827895589797487,-0.013288350348697225,-0.10680647020318981,-0.010976074068785122,-0.22856133408228996,-0.18693219441247308,-0.01619023239805452,-0.020787401621657993,-0.001311373574439935,0.02080456233974917,0.0031879509822571516,0.0029872438011363045,-0.007695539697940118,-0.05103834527709998,0.0039486280181375965,-0.011302688988933421,-0.015589674920134014,0.014269156007437807,-0.036225982008768004,0.011494098160197148,0.011680458299803298,0.010101880551693846,-0.005139899906028181,0.012204255872738233,-0.01187652627247461
15_1,0.002494390007665768,-0.005791820563753622,0.08598297015803319,0.0061636277263412455,0.015510015636421941,0.032584998118358764,0.013780848563132799,-0.0006226069306739649,0.03875373335229482,-0.039889101848257,-0.13075153659274757,-0.07230712210673862,0.05122763779945802,0.0007056650047074357,0.0005968900601654504,0.024803856827882973,0.008704580188554916,0.0010344774332217842,0.025803494089426726,-0.041956597455826077,-0.06914462541431643,-0.066152980085375,0.010356028221743214,-0.07878206917375691,-0.003655414189974249,-0.1644719387528005,-0.021066374036446792,-0.009742641416855442,-0.002964689952243949,0.003142667687216992,0.041134817154930316,-0.010817854406804894,0.0006224684109075885,-0.01446006144811021,0.05375234091747589,0.009427341553838384,-0.001795571227264634,-0.015206853806646986,0.016743586075985063,0.021505534204628557,0.01375674282398969,0.0018376931181559248,0.009316596065161031,0.009835219335531036,0.034871382028638154,-0.008454663094494837
15_2,-0.002163010383224905,-0.00522140437261085,0.10603947994889279,0.0071380055197587024,0.015230480030585901,0.03358690465162325,0.001067316536853965,-0.0006311440317886211,0.031514314109903456,-0.04043438724167122,-0.13389670956008057,-0.09376903396026279,0.013099182844439006,-0.0018041968375559067,0.000160861338434058,0.041176581524764985,0.008097985256040633,0.001507100171810775,0.0075098747644885356,0.06068995064498785,-0.07135834786678108,-0.06105173427199761,0.008524136904916334,-0.09324813731730214,0.0007658024447751823,-0.19150574770694634,-0.05590053997360725,-0.010211699931134258,-0.003385354148234334,-0.004182735025092477,0.06281717852683086,-0.009839443415818435,0.0010969252171828961,-0.015064110248362553,-0.043390364356408855,0.008813019545943325,-0.0016218625805739548,-0.01096690255243656,0.01639673451989335,0.018798712652501125,0.013290499447368766,0.0018904713831538742,0.008966629179618033,0.016838665329419935,0.033638635609968146,-0.014189570900304383
15_3,0.002733145585602165,-0.005293011960631905,0.12244432210093047,0.0071699224580600626,0.015119683667655476,0.034557401446036605,0.00047677253767078537,0.00011491452201430768,0.03133087066393704,-0.04094516556930434,-0.13191324544030292,-0.09262708025859964,0.013402987241145187,-0.0009795796075883012,0.0002135892728343684,0.04123871373111779,-0.01721221482728982,0.0021630645604360493,0.007800948537749535,0.06010792998106558,-0.07093972795345033,-0.06152063081313847,0.008240315399488534,-0.0943695459591643,0.0005727813080142283,-0.1917513049690281,-0.04913847801834084,-0.012059237378407169,-0.006151507453014241,0.002370765491263593,0.061637750443556356,-0.009787699719307211,0.0011278317115027423,-0.015616870403938386,-0.04472310254510362,0.008934269365207971,-0.0029793799722279,-0.010838380714462947,0.016403294511779427,0.018465032668861882,0.013290499447368766,0.0018645968977746494,0.008926990882586333,0.007253505965486786,0.04664330437157875,-0.01418209773850984
15_4,0.003002864532078122,-0.0055487831988510995,0.10742378018229409,-0.016958533816971995,0.015822828928855066,0.033172221674453974,0.01314734825974417,-0.0006771817319959128,0.039687703096598935,-0.041342139718922664,-0.116458987135879,-0.14185228634214764,0.01619876606727683,0.0031984296962794803,0.0011822059833295874,0.01991324564755608,0.015488362546476698,0.0010493058411969773,0.02548810059345285,0.09350025051433665,-0.06974598086366293,-0.06670902152077993,0.009888865690128909,-0.0945400536343407,-0.0005382514148287488,-0.16943150112915956,-0.07933172490649862,-0.006510192066267391,-0.0030929481588838764,-0.003912741085512716,0.03405787912352447,-0.011107522936445981,0.005121736073090784,-0.015049266674195158,0.05339003348314948,0.008973945474643114,-0.0030172365080525444,-0.010830515755584786,0.013949902789410077,0.020629292737888428,0.013742140722384909,0.0018589268630088988,0.009283718054893616,0.017529974860604657,0.0348652603425518,-0.014296882915206288
16_1,-0.0004927577636955204,0.018089125975134582,-0.1061647109345193,-0.02680249967683101,-0.1087884714291632,-0.035462813813987935,-0.03769860177506012,0.0009871258826074565,-0.029124140832973013,-0.07433649283627547,-0.3765782410399746,-0.08596272230531564,-0.021760386057269283,-0.004115548160252202,-0.005367166769054972,-0.018796873630303818,0.0233596251198593,-0.005469325956130203,-0.033730991917603384,-0.04858179719872875,-0.015333562014047111,-0.039645660387427624,-0.014328689281915266,-0.06908077866647246,-0.011216856214338966,-0.1503187560116356,-0.1366554982450058,-0.030686819556429865,0.006935618055293485,-0.0019357719997606035,-0.0024710934398785695,0.010959355100430558,7.858660286914031e-05,-0.002324915725224322,-0.04564233905101182,0.0030172642050362883,0.008361859093291579,-0.05191654784167307,-0.042257777276509825,-0.021902424813309097,-0.05473907626927142,-0.03593336643329155,0.001424566962552951,-0.015120116112884694,-0.02753557257022117,-0.016112739990207684
16_2,-0.0006541711803769584,0.017435389052721253,-0.10634194696288,-0.026576043639562147,-0.10594997238722774,-0.034138028623203934,-0.03769860177506012,0.0009871258826074565,-0.029133004306672605,-0.07455329104715765,-0.3776558868460538,-0.0859661899725347,-0.024914758650745456,-0.004117462757090263,-0.0053078948105605124,-0.01854080499871274,0.02327235532166212,-0.005463436518011243,-0.035121471080314985,-0.049341127107705184,-0.015333411772359381,-0.040356894089428275,-0.014616451845454298,-0.07189752607445186,-0.011703562151832646,-0.15122107432580933,-0.13964496345986238,-0.03082542421746738,0.006689076535767893,-0.0017348493192013946,-0.002824377397646111,0.009714129814211015,-1.7329531783339541e-06,-0.002324915725224322,-0.04657828396071565,0.003019174351281271,0.00822923824344626,-0.05387065790466606,-0.0426328222809815,-0.022913737685394266,-0.05499372050498069,-0.03613215826110969,5.098434810864652e-06,-0.015120116112884694,-0.027905397640971177,-0.01342215937076555
16_3,-0.00029353946661452024,0.01753707152638989,-0.10622418805658042,-0.026961480862324562,-0.10859989466122567,-0.03576801975156524,-0.03769860177506012,0.0009871258826074565,-0.02839464381932054,-0.0743322856080473,-0.37746709367321385,-0.0859661899725347,-0.022192973292118116,-0.0039949315011162416,-0.005367166769054972,-0.018306059571416827,0.023312578868841072,-0.005469325956130203,-0.033779300204705986,-0.0489939102096562,-0.01530027780000869,-0.039959354563527616,-0.013518094933769287,-0.06960537207019107,-0.011646282750884267,-0.15058233711915534,-0.13673231374635197,-0.03077871126078236,0.006843766156047186,-0.0017348493192013946,-0.002824377397646111,0.010769243770583014,7.858660286914031e-05,-0.002324915725224322,-0.0459974445598278,0.0029923418334447034,0.008361859093291579,-0.053654662372566886,-0.04247961812725297,-0.021950047249796795,-0.05473907626927142,-0.03613215826110969,0.0012359040577253188,-0.01459834913179504,-0.0276504894456287,-0.016698810738178426
16_4,-0.0006543817072360153,0.017435389052721253,-0.10633899143460453,-0.026234373581569798,-0.10598225247946343,-0.03415219762337387,-0.03769860177506012,0.0009871258826074565,-0.029133004306672605,-0.07456043742873594,-0.37749964352774257,-0.0859661899725347,-0.022549592425403633,-0.004296174103526107,-0.005367166769054972,-0.018928761007715525,0.023395187130581137,-0.005463436518011243,-0.03512627208310513,-0.04951233609113169,-0.015333411772359381,-0.04037614985629994,-0.014850446654986226,-0.06976601683106477,-0.011274135615287348,-0.15149382874958128,-0.13964496345986238,-0.03066975768367103,0.006689076535767893,-0.0017348493192013946,-0.0029940189343573955,0.010895136194562624,-1.7329531783339541e-06,-0.002324915725224322,-0.04589126201518414,0.0032229611063436347,0.00822923824344626,-0.053713849853683576,-0.04193125299977765,-0.021993312707331195,-0.05499372050498069,-0.03613215826110969,0.0009690543931132421,-0.015120116112884694,-0.028103475526216025,-0.01670727254428443
17_1,-0.0003909099744886274,-0.014071781934785466,0.009022737810752421,0.017476828940609257,-0.01725434981687247,-0.033387324211756796,-0.003109179157262364,0.000964906193322854,-0.03722425880260583,-0.13428201409573598,-0.42891060034481354,-0.14852205502852567,-0.01938841942861922,-0.003384686930221907,-0.0048588206277345785,-0.03257610796058651,0.023681352952978435,-0.005580623179830616,-0.050359362131504805,-0.13752780417757218,-0.049835401328722814,-0.04640304656471473,-0.008915347685709752,-0.14012264213393522,-0.01287972873723309,-0.2358563987696267,-0.12497851461334614,-0.014112435803148525,-0.0019573833334951573,-0.008492457337384155,-0.007339785661947478,0.003124590571264315,-0.0007087399158608267,-0.007115571344020242,-0.054212504681051266,0.002917265681752875,-0.01711621396393962,-0.00400307089207797,-0.003013229472818282,-0.020152478731692066,0.0074333154009893695,0.0006541321672958846,-0.013375612728498657,-0.010570336734843463,-0.052499209535098595,-0.016806647720965923
17_2,-0.0035091523837288098,-0.01746239248011137,0.009447406879479656,0.0018083886960693035,0.0020449999141319264,0.002249803816039092,-0.004625514361475506,0.00259307436745059,0.020411573453135712,-0.1491277616384878,-0.4476090595006867,-0.09982066883506922,-0.051166404947641284,-0.00268495475079121,-0.0011962923681269225,-0.030946335726139865,0.01703829139191387,-0.013955911517641155,-0.044534009457415945,-0.13046395527396534,-0.055350703211857824,-0.05579989364606648,-0.02567714570511528,-0.10691580891450081,-0.012976411950881384,-0.22756341409773037,-0.13383633647120968,0.04013734012082315,0.004693081384371019,-0.00823485842192478,-0.017922756744057165,0.0031300043045237617,0.0006028544167088765,-0.007929712387833382,-0.047572489506105556,0.0038142910718356442,-0.016494619525223506,-0.009873956270252488,0.01675914887729519,-0.025339349314487235,0.007693298170956122,0.004392622645021746,0.010036841758092685,-0.00832341419945455,-0.03278545196995395,-0.02016061693505878
17_3,-0.00039411368133439534,0.0159520961617868,-0.01363457066223135,0.009986731351059056,0.00954198620406622,-0.0028577572610743044,-0.001444998301405847,0.002232076845422532,-0.024110175401285273,-0.1279133967951956,-0.4536311555547048,-0.1419035432479074,-0.0194782677060127,-0.0030833493182881606,-0.004893655087379742,-0.028621521143658565,0.024970596087369245,-0.005510505417670739,-0.04623171098974355,-0.12708348772225803,-0.048708965967059134,-0.03908813545423837,0.007194642464346384,-0.12205476446313433,-0.0128794081147969,-0.2572306865441251,-0.13668032583051912,-0.025986626505729568,-0.006373452709654937,-0.007618680934582827,-0.017127235056459314,0.0036748105042642386,0.0001390041981634317,-0.0035822890379576637,-0.039495896634530465,0.002914466121380986,-0.019192640011560277,0.024172448622420947,-0.0019231309456955341,-0.02015614400997536,0.008820698786168393,0.0009406837177326618,-0.001875823994787442,-0.002419740541704917,-0.030066064395334227,-0.015207030999277855
17_4,0.00010330891513422391,-0.009925028518091385,0.0020893846012439276,-0.004521049648407006,-0.0013359896139502267,0.008587776075128138,-0.006827848286423208,0.000870089917184364,-0.04664532045267631,-0.15623570799795194,-0.4283864022915698,-0.10613076958733149,0.01727180905910297,-0.004890001906246317,-0.02412482677068371,-0.07314356405856107,0.007057722451881485,0.008742297933740673,-0.06126408554913785,-0.1181243555292805,-0.05552611881673132,-0.04626591250229923,-0.00483378716283222,-0.17790864702576903,-0.0139228417673483,-0.23819194136790534,-0.15627748269961722,-0.023264007163857837,-0.023403655158840728,-0.008005576437033318,0.0036320731397315774,0.0031290616108443905,8.9687580292657e-05,-0.007189846544136881,-0.050745885063141434,0.003981939673337327,-0.01790785213086872,-0.0074322779799425,0.016616667329350354,-0.006240197713662381,0.01322830169912601,0.011567835812765607,0.0069210441952893675,-0.00757697549546122,0.022119699423476587,-0.012568310472790507
18_1,-0.0003748908752193706,0.02374393655891593,-0.006489721135568352,0.02576461675842356,0.009439851725071424,-0.002946994269311792,-0.0013019380936668452,0.0007305708132176601,-0.027416939140885617,-0.10790901160493245,-0.4267379315159548,-0.13411779102381827,-0.04129624422527135,-0.0034502483514082267,-0.0012782305246035776,-0.02458989641142835,0.02735641019179916,-0.005503878444708277,-0.04548744999328426,-0.11376167082922559,-0.048870851245739665,-0.038262058794402684,0.008314630593767441,-0.09827756701108786,-0.009306827125624816,-0.2485884962874403,-0.13615429045781718,-0.0071693764369753065,-0.0016064667222671241,-0.007618680934582827,-0.00023858983421937412,0.019827993377872707,0.0003344112632168465,-0.0038414605735925447,-0.028758788500649963,0.003005258258933002,-0.010467014683672539,0.027952562492843152,0.004162464006272246,-0.0231007384722933,0.008774884715771779,0.0007666550798667965,-0.0026831911385780992,-0.002679940797720385,-0.030136915598934597,-0.014089995448949481
18_2,-0.0004518130150334926,-0.007013852389798615,0.008381779645969286,0.00021374460335961453,0.002596234344523543,0.008577090600150949,-0.0061834303993840295,0.002712967668375159,0.02009843252536575,-0.1388888584345495,-0.2251176033495368,-0.0935202207988113,0.05418949714294781,-0.00011125718251562547,-0.0029254323271470624,-0.03011267674667947,0.012239247539897146,0.008637678136301855,-0.04482904745467392,-0.0847124040949387,-0.055176037796796994,-0.06558174251992006,0.007289072509312887,-0.08118047908241127,-0.0007589863759399523,-0.22542505436676327,-0.1155965814346218,0.026900916507648656,-0.0015487992403956285,-0.03332150898198951,-0.024362866098737192,0.0035265115385825626,0.0005007166550763569,-0.0080156711450643,-0.03935019357366364,0.003501692563371517,-0.0022064858599371547,-0.011522049660753422,0.014671931295952343,-0.023017196644990967,0.007234852339664779,0.003203552936821594,0.009340626186491919,-0.04343440952445884,-0.018102046013426173,-0.004306935396717972
18_3,0.00010720832703764059,0.015761102210858493,-0.03226667538934388,0.016288496467778524,0.011626059840780956,-0.011416041397630151,-0.00010915298863124843,0.0009783152420650663,-0.03687212884964103,-0.09960403318303128,-0.2697642666145587,-0.13379507327627208,-0.008845184006354286,0.0006652721954447983,-0.0032380910932251284,-0.021359780153733604,-0.016825536040086832,0.0015156557299454971,-0.04626719336711736,-0.07493533695820409,-0.049700076827989464,-0.0406844204035441,-0.0013278982652088203,-0.08463562746325108,-0.0008614610089923273,-0.24745859062522485,-0.13012876591941525,-0.041086059661037316,-0.029094161007495154,-0.03072677381279815,-0.012423122464266372,0.018854040376000594,-0.000932046734808464,-0.003912726840019086,-0.039131166673551925,0.002648861208248268,-0.001001878944516454,0.02624813824493367,0.005023308117266901,-0.01994422716267697,0.0076143458827227645,0.0022366456135559905,-0.0018574331402636604,-0.03672006712351678,-0.07922933194303428,0.000279470285994737
18_4,-0.0003285467369047324,-0.012208389337492642,-0.006759977682546034,0.0035192433599939205,-0.0001173695883487563,0.00730183326101792,-0.0063527019332948395,0.0010071661311297601,-0.03901557317464265,-0.1334344061999639,-0.4103101637153686,-0.10050527146003535,-0.054149243667404735,-0.0039386384978116916,0.0016342718405691291,-0.056250409308089125,0.017105863144047016,-0.014255618161723039,-0.043031500456671305,-0.07559663440297437,-0.05625576455715932,-0.045895361993436565,-0.0033514614365915928,-0.11100034077432652,-0.011660712916177207,-0.23774589298840498,-0.15030409610868598,-0.018584485323955877,0.004984759430489973,-0.008004983614337468,0.0008384949992840461,0.003129997907681095,0.002249112088868439,-0.007342671904937469,-0.051759681891612994,0.003953538224157607,-0.014494465905987044,-0.004688251360240167,0.01647563034046324,-0.012749788082876433,0.00741920344473938,0.01165331730904667,0.007444266079746643,-0.007317372164920665,0.02753297564694846,-0.01272498797591546
19_1,0.0019795765030647095,-0.01635934431491232,0.0333486021727107,-0.002577009102429403,0.008068304753418553,0.007639600196275495,0.007900232145208708,-0.0017195258173214362,0.011797760328903884,-0.1896968271675609,-0.43659793588350393,-0.12573410875638028,-0.020138561604708567,-0.0011299596729031063,-0.004918212074278539,-0.04302634062663941,0.011814224169398042,-0.016704570068679273,-0.11248093061380601,-0.1791312285662893,-0.0010068653692010816,-0.057969392315230385,-0.016930725846616916,-0.15970099856881023,-0.00889276929170076,-0.22895566271210427,-0.23621828214057836,-0.014738526505686498,-0.006081837058036892,-0.006141994252602128,0.0175658457729426,-0.017795297816298274,-0.0012821521452598215,-0.005381770671255119,-0.058242042557982404,0.0057885441072353175,-0.015915669477768696,-0.011244662439818554,0.0182568229114421,-8.62904576070171e-05,0.006673990089845222,0.003035856250408169,-0.01339372771616346,0.0055686236105113255,0.006526497629122623,-0.019427897013257155
19_2,0.0016477453686324244,-0.01665768785771202,0.033195387391389344,-0.0026657055650106463,0.008068304753418553,0.007305517469780333,0.007847979523880113,-0.0017413465359300486,0.011748671842632088,-0.18999738895495785,-0.4368566745176947,-0.12602259513396827,-0.020254095943005333,-0.0011299596729031063,-0.004918212074278539,-0.04329095632731771,0.011842794170416934,-0.016861364231095237,-0.11248093061380601,-0.1795784985218302,-0.0010151269130673417,-0.058301045340398906,-0.017045057838565324,-0.15987100955172953,-0.008931977548491872,-0.2291267116763337,-0.23659616012097215,-0.014738526505686498,-0.0064397837116970955,-0.006141994252602128,0.01748807389445148,-0.017875995741019807,-0.0012821521452598215,-0.005381770671255119,-0.05839746937351357,0.0057885441072353175,-0.016010491304279274,-0.011443286187927443,0.018197620817646885,-0.000454566212159281,0.006307353199670822,0.003035856250408169,-0.013562130182330972,0.0055686236105113255,0.0064554982325239225,-0.019427897013257155
19_3,0.001595354834312826,-0.015899655993026354,0.033297501281970274,0.0023977636105383853,0.009582386042117452,0.007344477545867203,0.007968320443320466,-0.0016164184606229947,0.011749746649568557,-0.19164839999939173,-0.43613952453018145,-0.12794073873857167,-0.020254095943005333,-0.0011299596729031063,-0.004923915340624556,-0.04826912024207495,0.01214245882920293,-0.016898952552362276,-0.09983954094768885,-0.1737375823972665,-0.01127128311070673,-0.05836459175810411,-0.022305333687606524,-0.1598234065612135,-0.008940017578068967,-0.22930234663652627,-0.20134201263968624,-0.01471727240775346,-0.006421855198205915,0.002143891591652063,0.01752524796435526,-0.01780616439521005,-0.001177190567644839,-0.0070150983614046146,-0.058256069884909084,0.005943641732524331,-0.015919456269928505,-0.011455111897922894,0.018213678023204206,-0.0005902412757581866,0.006330229690115505,0.0030969706470081034,-0.01356726830884265,0.005568830269733623,0.007543685783224495,-0.018575320793407533
19_4,0.0019922342371114245,-0.016212327982031337,0.033580585843696484,-0.002595237001309997,0.008065673303560486,0.007495970679869602,0.007864986112274307,-0.00167534947823815,0.01177006660187135,-0.18968273576039876,-0.4371068049435032,-0.12574343188324702,-0.020138561604708567,-0.0011299596729031063,-0.003910802639504278,-0.04271176761115097,0.011861780771487009,-0.016704570068679273,-0.11252497921696514,-0.1790502697595161,-0.0009957217531416647,-0.05802629175833505,-0.016643125456254466,-0.15969711389801258,-0.011251566755530339,-0.2272777438749764,-0.23621642001715334,-0.014718058178107608,-0.006086911103527667,-0.006141994252602128,0.01761200609025507,-0.017739183700626562,-0.0012821521452598215,-0.005381770671255119,-0.058208438522874786,0.006065782525889813,-0.01589480794752472,-0.011244662439818554,0.018175716357442327,-8.62904576070171e-05,0.006673990089845222,0.003055327508478229,-0.01339372771616346,0.0055686236105113255,0.006513389998902644,-0.019323733726343186
1_1,0.0004826729315001311,-0.007572100686760906,0.04864390222601471,0.001702819094519156,0.011375641208853109,0.012063575042878931,0.005936725340710266,-0.006126672972472784,-0.04021160765962959,-0.14375203650170312,-0.4052295901488575,-0.12460735723456626,0.02942844298337041,-0.000262782033468645,0.00993887997391359,-0.027978332631469247,0.006870594907823355,0.014288942742656054,-0.0666944397392002,-0.06450699500065685,-0.0047583134621017485,-0.05071979848957913,0.03244572976128137,-0.11795014056454292,-0.008260487297210933,-0.21901308980590148,-0.17361255719578264,0.001077768111733725,0.016802528692154584,-0.013731742466609787,0.032439443873091174,-0.012227650915646735,-0.00691145475892271,-0.005049541509836331,0.04477439050504346,-0.015929266184506963,-0.005898888436094549,-0.012784215059903122,0.016281595599049993,0.0038648937456317546,0.007572849825132962,0.002136742145290859,0.01732997093482148,0.006046357245050675,0.02194556477494283,-0.007958256200316772
1_2,0.0003680234209402736,-0.009234196855661752,0.024725147986846635,0.00041218883313816,-0.01843989652418277,0.018708634548921275,0.0003895416372515178,-0.006164388262434423,-0.0343222817042198,-0.15300020960961255,-0.3871343317341648,-0.14945369582962217,0.02433448096207012,-0.00026097090194604705,0.007914584663836991,0.01622130437982471,0.007991509357739013,0.013339879956330987,0.017038880769452557,-0.06866493722896638,0.0018102425692224026,-0.05788390904036691,0.024978046201433183,-0.12563432092259033,0.024506252175666994,-0.22206263833856135,-0.1890957361326532,0.027347506298789712,0.013463756025686016,-0.04426702099159692,0.033125159005921646,-0.011831920452376153,-0.00842979847039341,-0.004730575104059421,0.031757660522375115,-0.061455207238776545,-0.0029133401603381407,-0.01457040318468843,0.016147166861026345,0.007715366956607476,0.007694895013389825,0.0021383624812994426,0.009789449522063155,0.004622019624102554,0.027361093241114267,-0.016145589984836062
1_3,0.00048221431684695656,-0.007630288748056887,0.06876047666448927,0.001240162321948098,-0.00048485612314710274,0.012621480227508136,-0.0004202942432469897,-0.006100790927084065,-0.04103632303092675,-0.14577736199594585,-0.4039558740621102,-0.1232019692525724,0.03152539686038876,0.0022573362446945055,0.008804962067121249,-0.05291732676528608,-0.017298434384340786,0.012733094064664295,-0.0460452147127562,-0.07225041215538712,-0.008495333868251877,-0.051096846419836306,0.035857093365475406,-0.118690547676951,-0.004171278171830152,-0.22545869828880152,-0.17522775565516094,-0.0036507080098914985,0.01831673153011714,0.0023584253023913233,0.03208176935854536,-0.011931177410319158,-0.007264185782937284,-0.005097227063842086,0.04390055812466398,-0.022181164145343713,-0.0059044949834958105,-0.012959528295687821,0.016398163228014538,0.003695344425079408,0.007571183490431511,0.002125491062394944,0.017169402115484535,0.0049892006551386005,0.03168722207649633,-0.006617435123412568
1_4,0.0004697944240668196,-0.007824927504813698,0.044720811780567256,0.002763087196440684,0.01116158363636516,0.013229543446831273,0.004813838003874044,-0.00670026308692682,-0.05080456788703729,-0.15053635360703868,-0.3900602842699129,-0.12265383143026184,0.024330265678453467,-0.000262782033468645,0.008368196527319776,-0.020488457837739817,0.010218862718929229,0.013114242663366794,-0.06935035616715512,-0.0740084210924673,-0.004864441647768623,-0.05033335805905705,0.03221968727646686,-0.1190609061940811,0.02461073715844364,-0.22457033106254493,-0.18980168993573868,0.003244975903684903,0.01279018908659164,-0.013674074142909148,0.032935336540397105,-0.011806719501096904,-0.00891846624462149,-0.005125020081951397,0.03482226950514374,-0.01587425672791703,-0.0017678188203185314,-0.013000401927694357,0.016123001289108048,0.0032586436029655007,0.007247604120323489,0.002126097712957892,0.016832433355076858,0.005006447373991264,0.021951939970431354,-0.007811732907521655
20_1,-0.001126151800639296,-0.022762800344225103,0.07956299862861833,-0.012230904437804785,0.005424954578845789,-0.009640794762912228,0.007743634528131953,0.0010478011578620217,0.012718464080316117,-0.052533092610204175,0.36245001527798437,0.13237732064078775,0.014277461817161186,-0.010740330036043385,-0.0015462525592423683,-0.00373140012304292,0.01599860020308378,0.000700821472164219,0.02615852979854858,0.07469876224723503,0.009310019258435054,-0.06864191456728697,0.012451182507910719,0.0577662864885374,-0.011166832203346836,0.253372017381302,0.09613346981474417,-0.0007702217378939425,-0.0013998427019324888,0.004253154239227518,0.02067233881244989,-0.05094107830766046,0.0011817467268903509,-0.03132829462828981,0.02187628227427393,0.029548009810430834,-0.0013408377804631309,-0.04677159413497433,0.02344084508478808,0.004512873339828513,0.019715097355258455,0.0036221018067193623,0.01958487960808744,0.0028991675331732137,0.014035302110851338,-0.023324041399241775
20_2,-0.001903048419949586,-0.02038000451314013,0.07772778596204179,-0.01285637942224773,0.004672752760758571,-0.013357069156407528,0.006277018243511717,-0.00031725950339814356,0.013026126697444754,-0.05332924894073169,0.35720719835121134,0.14295479367980635,0.013620977702769245,0.0010955250671542136,-0.001760443119823942,-0.005773250279366352,0.010181033663274604,0.0007001891826014906,0.02594135871450303,0.07453408804691573,-0.0002725268330585201,-0.06851215687204087,0.012261658078060482,0.056520095106397585,-0.013045758226248382,0.2571610927294383,0.1122215567156315,-0.0008283362111164156,-0.0012686958072793087,0.007554774882416229,0.02012024429111247,-0.050145939503049373,-5.8900371758464475e-05,-0.03150877025115419,0.02024716746156739,0.02927709994821056,-0.0014173680186751348,-0.04677019138963131,0.022827448657037827,0.0044442372034813465,0.019715097355258455,0.002901215953807105,0.019627825466687482,0.00234449075646701,0.014326264024109844,-0.024971160554685158
20_3,-0.0014347968703592236,-0.023719265698261254,0.07824445384923161,-0.012610331014795452,0.006346667074536258,-0.012551528091631684,0.006780334552833833,0.0003997276369643583,0.012719519896348248,-0.05311740603616522,0.3606792887859605,0.144606049330731,0.014252151013310501,0.0025489930835550113,-0.0016257116231835232,-0.0033493167735451873,0.010909145242435537,0.0007001891826014906,0.026178341157957065,0.06896115358693634,0.0003392377727251539,-0.06892238156000165,0.012040315876842662,0.05773090286756436,-0.01135954693398283,0.26380961784169693,0.10130678163249386,-0.000723542579325313,-0.0006784409023203345,-0.010432302579177558,0.021440682551612127,-0.05049434909173937,-5.8900371758464475e-05,-0.03131471745539135,0.021819914084207536,0.029539590240840644,-0.0015548057853861912,-0.04677019138963131,0.023390590913811973,0.004577875550568312,0.01972581207741187,0.004147368877790739,0.01968929637952322,0.002800374790142056,0.013811664518959377,-0.024358688706869976
20_4,0.0008785926602984489,-0.024532585776379092,0.08252834996718285,-0.004754501224346815,0.00601481343927178,-0.00887111587941921,0.016380421786541005,0.0004156102666110352,0.012130518896627668,-0.051902343752600825,0.36889957264096124,0.12027723815315719,0.01448062639423228,-0.011669594827340512,-0.0015729447755953737,-0.0027916426963702228,0.031591421554460916,0.000687689788948988,0.026448563829390002,0.11096904184929003,0.010520247145388482,-0.06779703891531204,0.011710133582203928,0.060530736632983466,-0.011935584823592785,0.2759957314265072,0.11982301671673441,-0.0005522401823698426,-0.005187922628288953,-0.009022338789816134,0.022154306872756935,-0.04924266743039792,0.001180397207544072,-0.0324603662404661,0.020783318531311008,0.02986728978981687,-0.001789399152791706,-0.04658308193107686,0.023847864572246514,0.005019891892839684,0.02390143992013899,0.004134642009844075,0.019578284593267936,0.0031148617188638665,0.015916361690954246,-0.024242991627840268
21_1,8.776137306519549e-05,0.017820203049713795,0.013390885312700199,-0.0025405808107508343,0.035762373831624936,-0.014805403737667209,-0.0024141143194521615,-0.00020621027060137732,-0.03504592058225037,-0.1420332476891366,-0.4642544255041524,-0.11237258193073345,0.01434853688336325,0.0035726290362632857,0.00679886178732007,0.03136137066975645,0.017782951213926177,0.0016718316648668308,0.02038174521530858,-0.05931402915748628,-0.08440619987103776,-0.03717242341362729,-0.05251455558587345,-0.15092676295160606,-0.010880042822463583,-0.24296201509779863,-0.13910032525432922,-0.03058511517503588,0.011396537139465646,-0.003968614903482935,-0.0071054664123483095,0.00943643778501269,0.0009209066246579245,-0.0037190697082392747,-0.038455665629909375,0.0062265614834440455,0.013500401970971255,0.024918444373286327,-0.00348715578566108,-0.00822975231281757,0.012780624835276337,0.0019939450689356354,-0.004672179955352378,0.0007517997964249599,0.02686658024867263,0.029987873169368955
21_2,0.00016970278306681092,0.013007679130140316,0.028285639042571035,-0.0040645781432450305,0.03629862983120347,-0.015264040153013143,-0.0014235472624906484,-0.0003079198640797119,-0.032310729802373664,-0.14158770506524265,-0.45983056005759865,-0.13486337984812624,0.011664581380687867,0.0017389170381994514,0.002233345188246111,0.028329886555786755,0.007089165036680574,0.00154914652519735,-0.04782016577568726,0.0661614081540873,-0.06757297909828976,-0.035521791674344154,-0.05134062555843774,-0.1406897841669702,-0.0062031608288408875,-0.24245593142306565,-0.17091660791597443,-0.030170191892214673,0.015667136435245203,-0.0041651418268772306,-0.030113322061426296,-0.0014809709280796998,-0.0004933280181622615,-0.003946098694225906,-0.03531107955072756,0.006246642658539157,0.014992508877649522,0.02532191774073552,-0.0034807400498555593,-0.024838103261530485,0.012981044194119008,0.002338684438009161,-0.003141117255009594,0.0012672893317893872,0.031868356363473876,0.03517785201554579
21_3,0.00011835746854590296,-0.0207162423154384,0.01372265330708985,-0.0019165019557694952,0.03683487127887977,-0.014703490578980198,-0.0033120753885747976,-0.00020653991385000212,-0.050671871226709145,-0.1605558829097482,-0.4616909992413769,-0.11241373343979548,0.01564724016578661,0.004512190332548019,0.007397286896116583,0.03398876783964321,0.01830586258495072,0.0016668357502776653,0.02062521089616165,-0.058960581347327685,-0.08517900777643736,-0.04539232243037014,-0.050756925634778904,-0.1503136746192523,-0.008268990836740212,-0.22755620833898524,-0.12244908154899695,-0.030605131101996214,0.01003351909666745,-0.003611800452103898,-0.006103473230302576,0.009184029310470316,2.247636001328785e-05,-0.005957108596132337,-0.03527966306175988,0.007465155455485465,0.014141604269282444,0.0032825711714997894,0.014247028799113078,-0.008226278537681502,0.0116729727510716,0.002929599432429285,-0.003288421865055355,-0.003585811424029249,0.02790991255378067,0.0310389356057029
21_4,8.776137306519549e-05,0.017691362187007093,0.013528589101708089,-0.001984435082591062,0.03944931418705701,-0.011766786844418913,-0.002359464892757027,-0.00023188006398788211,-0.02726760958820285,-0.13998138003591948,-0.4599827430552086,-0.11160231374639855,0.016167247456383062,0.0024532556836617085,0.00679886178732007,0.0267907140768918,0.017893848275871115,0.0016668357502776653,0.021190300039519962,-0.056907160297507586,-0.08326746701721247,-0.037036687735435024,-0.05026752865561747,-0.144404250921894,-0.00785910948118577,-0.2439315595772043,-0.13877535362765514,-0.030576591263772795,0.01427799622455514,-0.003980957435608222,-0.002784368564304261,0.00943643778501269,0.001206712468186355,-0.0037279786325690335,-0.03489374941019012,0.006301240885865195,0.016555989211627292,0.026419363725227653,-0.0036545502302250607,-0.008175187415542113,0.013233636046135361,0.0022254185431738686,-0.004018944790198204,0.0008545439406181261,0.0292358391345854,0.03151431158195519
22_1,0.0001787801518613949,-0.0026047296429555734,0.014817448490340022,-0.0015078267098945146,0.03468828845137651,0.004735737461636521,-0.002683319836112744,-2.3292151872286726e-05,0.02181289777222545,-0.1438494826313498,-0.41631614993350435,-0.11656300325383524,0.01968730815611477,0.008680989987700179,0.007558536394514818,0.036167584156158644,0.018651899189359,0.009264958981482156,0.02054365468349452,-0.057892345986290734,-0.08576921660901424,-0.053377118720098427,-0.050109736616452454,-0.15490242513485397,-0.008003001918579071,-0.24350618011896014,-0.14641771154832559,-0.04913078011452057,0.011409926658491991,-0.004201287528593729,-0.0072608303569002145,-0.015959640644745816,0.0011195072860023024,-0.007734947313988707,-0.034140942738010695,0.0073828135389666216,0.017016581822376572,0.014655602376230047,-0.0025187819007363157,-0.017544950474352887,0.013445343252899056,0.0008276037650678425,0.006449299379443626,-0.004686840856357706,0.030855095673191855,0.03392426124875499
22_2,-0.0003516430661005968,0.015872322733043315,0.013613682998597105,-0.00678849320275539,0.0362828217259239,-0.037146309063509804,-0.0019109514198275249,6.301898564199009e-05,0.01769178515058899,-0.12479278295853426,-0.43323663528783224,-0.11770364028032265,-0.002385126689858792,-0.002689902600047118,0.0024931539559532364,0.007960439901547373,0.01902514788609749,-0.0006011572421748715,-0.02943446692503128,-0.03066594548609427,-0.05035316298943486,-0.05233117551910238,-0.02056227478779643,-0.1250965995576981,-0.0069988007016709795,-0.21177351432158836,-0.08593181214190723,-0.023218081437966498,0.012473888331537477,-0.0022493629938858117,-0.021997096710852964,-0.0159022327218943,0.0022532308434112043,-0.004335923169139942,-0.03496249031309925,0.0036051739070409763,0.015556485456912806,0.018710962234561892,-0.003036550244455455,-0.028191665805929404,0.012151571360280873,0.0010388982506179265,-0.002845880047112708,-0.005290156881247293,0.027931856530515872,0.027486639203896067
22_3,-0.0003021589932344403,-0.007617740933970644,0.013125782341819875,9.365504526080964e-06,0.014324860040012299,0.0034427708096026223,-0.004078921265529978,-0.0012112134694655437,0.02034873508656371,-0.1283768171406705,-0.3994591671861563,-0.11643954912392976,-0.004266493485138546,-0.002977774260768155,0.0033315344061981733,0.004947950351095961,0.018978800324066722,0.008905472904512431,-0.04282188955461853,-0.02991728373120646,-0.0554146390761945,-0.05232829772989267,-0.01916557761476094,-0.13213524544796562,-0.011316446881996078,-0.21836056525497516,-0.18024535035481873,-0.025444269194048498,0.00881609045650385,-0.0018522970184364736,0.029941633369301234,-0.013150217679333259,0.0011616376361262943,-0.007734947313988707,-0.0346318349481445,0.004078449314483028,0.013813993422208905,0.008216761648469628,0.016540258415527656,-0.019210013625502533,0.01185326778227262,0.0010168749570107507,0.007586693706949079,-0.005161002182116349,0.01792746536410726,0.03591682374275822
22_4,0.000322261360869258,-0.001802796286867324,0.044513988024406655,0.0003342754498821222,0.010173056542859238,0.0174979284365914,0.005037907158232735,-0.0010188972744842747,0.025765556513240574,-0.19616580113324,-0.41645404454306195,-0.24478366090972328,0.009419943362711113,0.0034577713911339326,0.0016860621216393742,0.03148375303841476,0.019160988392046985,0.01066037770313095,-0.0024033531964436014,0.07719657236474295,-0.08733932096228668,-0.05389776779120123,-0.04909104118701906,-0.1507160256180568,-0.007165329757029688,-0.21147403280035643,-0.23692671959685035,-0.023721830108508084,0.004551309150206384,-0.005784787124093907,0.050837187328385706,-0.013122422903039978,0.002636130479137465,-0.009637738508356522,-0.044398626246595706,0.007514069094829181,0.01839831146054851,-0.008280701251536307,0.016384889348303178,0.007937382349184802,0.012137627923577308,0.003082116426721738,0.008883972115617414,0.004453206819990811,0.021700389408359364,0.03351616745198348
23_1,0.00011747448837048631,0.011415270147879106,-0.21364593876844862,-0.033964757169372396,-0.2007453078872978,-0.047893402605283304,-0.038393211931495266,0.0009594799010977392,-0.06888201400769962,-0.0811539977592844,-0.4224211048590269,-0.0961147568094344,-0.0019381415843383511,0.0020395083442760744,0.0014827268729053727,0.006441373888561617,-0.08137150855122914,0.0015761815250156476,-0.04019905043092288,0.004693048308184463,-0.009110651610941939,-0.08558572606631021,-0.012645532303133747,-0.12435864440089628,-0.019256942477024603,-0.17383238925546693,-0.14935642215787215,-0.04781187048428463,-0.045620451982769185,-0.004299850047413806,-0.09670529113894437,-0.0020935882295536976,0.0002988815051306495,-0.0021129887472089645,-0.11489113309985902,0.004434064687614715,0.003370038192203131,-0.05449304578354898,-0.04239112137809503,-0.030189929558034713,-0.04708068365936615,-0.034743924815592415,-0.0012367099884624567,-0.009531332312893001,-0.06248609590672939,-0.006595370321080916
23_2,-0.0005228805779699304,0.0107099618600816,-0.19271427986461628,-0.033966722523228424,-0.20127202120183244,-0.04786595133215552,-0.038444599579392114,0.0009641033442515405,-0.0691457601704337,-0.08122906463843572,-0.43095113622577524,-0.09668974713540808,0.012151042036537347,0.003598257819871625,0.0014099921083907912,0.005739549972047266,0.019021706448733598,0.0016329078666386325,-0.0400459063119701,-0.0008705116867123337,-0.009164195896742439,-0.08389024562768506,-0.011802809345897978,-0.12466026107801897,-0.019239980389767843,-0.174049076375547,-0.13895378364003672,-0.03564867931512882,-0.04002687342606192,-0.004213258165380304,-0.09717171841711383,-9.214701655512782e-05,0.0002977924578595084,-0.002111499941147451,-0.11798967737522417,0.004001413047574091,0.003410404745704499,-0.054586419622811494,-0.04195126878322017,-0.030178649413601794,-0.04676228824571891,-0.034824272943740325,-0.0018337448528341228,-0.013184747527237268,-0.04502038769598054,-0.007284268549415578
23_3,0.00031028730463281227,0.011256199485825631,-0.21140938985875177,-0.033982859859504104,-0.20054000019796375,-0.047879413272229235,-0.03844750171443714,0.0009594799010977392,-0.06877296718583328,-0.08111108478320879,-0.4361612083280049,-0.09635499662488876,0.010498357075725122,0.002241147514857009,0.0015014741569907455,0.017547164159246918,-0.08127583546565763,0.0017084673189801782,-0.04004613310284345,0.003853092757296563,-0.00914911092805329,-0.08616417037903866,-0.012726020050439019,-0.12424182633933824,-0.019868175445103078,-0.15404133107922885,-0.14958789285811125,-0.04770821966821964,-0.045052906880424654,-0.004348897477797275,-0.09563970090823777,0.0016168551302822767,0.0002883248818164844,-0.002111499941147451,-0.03487940415440297,0.004688120244679279,0.003410404745704499,-0.05506363086446285,-0.04205649744201406,-0.029987636567914346,-0.046757440617933584,-0.0347843614202142,-0.0016214417763228822,-0.00992952565155766,-0.061813388057167754,-0.006716421779178145
23_4,0.00012149921359294223,0.017041833937854932,-0.21163932132361268,-0.033990621812151525,-0.20088040496982087,-0.04833055174712156,-0.03670779823789398,0.0009541987167426774,-0.06863313192379468,-0.08114871542725582,-0.40896671536123,-0.09635955990053414,0.010480396095330545,0.0012675503443964845,0.0014991800504272445,0.018746668247636034,-0.08128200949678528,0.00471167981580315,-0.040221856634929234,0.0034230689442186083,-0.009145660962842675,-0.0861421709804814,-0.01736842167230987,-0.12437104211581194,-0.017710881550255235,-0.1537550059377808,-0.14907161871785282,-0.04739443938231795,-0.045050341324589606,-0.004238718125219589,-0.03548868746226548,0.0016168551302822767,0.00028958475333944406,-0.002111499941147451,-0.039704147167384886,0.00467538164222874,0.003410404745704499,-0.05547990817707153,-0.042280408690273275,-0.030143311536758796,-0.046753095876311435,-0.03603157736281605,-0.0016214417763228822,-0.009939241947505392,-0.06284345345827598,-0.013639435380528878
24_1,0.00017998625463928712,-0.014003363167275346,0.08959153087263776,0.005605774101574672,0.023711067170468357,0.03208045341021646,0.007987363526363799,-0.0009332178727432215,0.04328293220090302,-0.08678237971914969,-0.14276255258976017,-0.08985178278227678,0.009105141536047995,-0.0009082349064613252,0.0014625440852789693,0.01747702242783663,0.01651052446927573,0.0013066025697209406,0.006060055060548814,0.08386268956800001,0.03617075542360798,-0.05680160618820849,-0.0204822468547198,-0.1093847521645997,0.009230333726782046,-0.17232537608211074,-0.07281005344373334,0.02525809888905517,0.0017137801201405675,-0.006568610264911045,0.06420432693289786,-0.009156010745939793,-0.010277141976786624,-0.004055398309956579,0.05345787743652837,-0.034661485947031875,-0.0018191791795754528,-0.009664849923279773,0.01497718080623446,0.02095502833394569,0.007171311152729076,0.0018515792005031027,0.008976754200543571,0.008998019726815302,0.029414169425724595,0.008893743815887922
24_2,0.00019916405580106596,-0.013188448736937815,0.11686632390289121,0.006364979161287143,0.02385936561280209,0.02896406617378633,0.007668677664593679,-0.0009476657414731553,0.044850535608506194,-0.0859808677147063,-0.15291688345835147,-0.09460880117356633,0.009335046704304547,0.0006676819650759166,0.0016104139234411792,0.008935138527038252,-0.02451243057576559,0.001218468621946008,0.006076154754674198,0.08503071924656974,0.03642895860419826,-0.057152481814245835,-0.048575012070193026,-0.10956337399591146,0.00948845424950135,-0.1727426303210264,-0.0564924861660428,-0.02785635685907884,0.0008049483894359105,-0.006459217696707643,0.06462908051413375,-0.009010520809027417,-0.01025468197892199,-0.003936171828519064,0.05281573916737322,-0.034227763609552944,-0.0017869766481305384,-0.009639172433303011,0.015538166244584395,0.020624928467199273,0.007171311152729076,0.0019301549725990468,0.004646209470450619,0.009668633646099743,0.030810619967359096,0.008962638672407978
24_3,-2.3521899806772583e-05,-0.013481490323816708,0.09237859526559884,0.005956673943162522,0.0240059034681416,0.03237205913144232,0.008166138913536602,-0.0009132814622700705,0.04293844214112806,-0.08610052223707,-0.12404485064519628,-0.14152578276868685,0.012306793860227464,0.0029244067727752917,0.00240801573830543,0.017022228365817765,0.018888464842015246,0.0013283220868265568,0.024040956352130514,0.12205669110615974,0.03640847245672993,-0.056406018305767185,-0.01942996805168193,-0.10643848520604449,0.008544735639227337,-0.17299067419373823,-0.07084344441968975,0.02400521364959446,0.0019583181092923136,-0.006187077701861655,0.04220995276281297,-0.011816673355778847,-0.0106527536515914,-0.0037325800295487125,0.053595013938599056,-0.03404906523214431,-0.0017869766481305384,-0.009909233070185378,0.01606086065203137,0.02077153295215577,0.007616892584265449,0.0018770298760150727,0.00443007788050329,0.009766628000901386,0.030644243912287417,0.009713552991258135
24_4,-0.0002747630176240332,-0.013482000780481758,0.0890493945746049,0.006182256140751643,0.023711067170468357,0.02817264981774953,0.007339494668280565,-0.0009218075125343225,0.04482227407903724,-0.08565271861418501,-0.1289477639866307,-0.09485093049828056,0.010316969656879265,0.0005626597460465753,0.0011247784705375329,0.017233064335889663,0.005824432265325825,0.0013180261612632188,0.006060055060548814,0.08447656847528566,0.035869389167196536,-0.05900858159758665,-0.022088516647058097,-0.10976104356639368,0.00899786244904887,-0.17276862684476638,-0.05486044817117408,0.02516576553305716,0.0016630991954787165,-0.006525214117397432,0.06189613511253541,-0.00917057702834122,-0.011180327553133845,-0.003933098829891973,0.05308009989904646,-0.0347925148085214,-0.001795923860710685,-0.009908055435362485,0.015449264059821085,0.020378551128870367,0.007171311152729076,0.0018869530973470855,0.004646209470450619,0.008934255398262803,0.029446950443252375,0.03383135524960038
2_1,0.0002268144689258673,0.09210311828143046,0.07499098343194424,0.08922246216692993,0.05392143374964042,0.02980186096068428,0.008639920277917972,0.0021101389632065585,0.013720849803991802,0.3220004976213617,0.8134917507010727,0.23957530496930435,0.014699790616651652,0.004043674772528038,-0.0002420832559146684,0.004352384099380182,-0.006987708218779194,-0.0012000142721472725,-0.0025415915215564557,0.129507475828864,-0.052468294132831994,-0.05129688553370061,0.0076937286335322244,0.3396816729205294,-0.0042094827536502235,0.4010736476495007,0.34626602483060126,0.028086157019039222,-0.0012378769255391667,0.001230689666423351,0.0191448383131822,0.04481658073295214,-0.00029238659565822164,0.002034258515610928,0.02449942236846999,0.0034602413592490122,-0.0024530729902921974,0.06453516927278774,-0.021983832339611962,-0.024532345015476364,0.033907939203234545,0.01270367375371117,-0.027702194205731348,0.009118036626474054,-0.03150462715053917,-0.00868166529967553
2_2,0.0003194068190319518,0.08821939402959765,0.07865826993167324,0.1103269583257871,0.05346075205510966,0.029072578254647017,0.007349142185333193,0.0015980966130437584,0.015177742530096976,0.3031683961858109,0.8192637817668204,0.2341554202689336,0.014682353754276933,0.001532356305058289,-0.00025635115477461504,0.0042028663657751614,0.07996930004922838,-0.001004083982473468,-0.016438401340461244,0.16328988379072984,-0.013222275243589786,-0.052859196483116475,0.008657958451480577,0.38753542624437454,-0.004450526441860426,0.4145986615404676,0.4472012648145932,-0.0173439514882071,-0.008706450477722437,0.0008174460604386921,-0.014065152612217816,0.044534283329933935,-0.00196376044185716,0.0016741407413319639,0.025720282556807306,0.006560634349302477,-0.0025864674894726437,0.06313821140746562,-0.022650059556178215,-0.04539989665850787,0.03457834654382152,0.012733730476914756,-0.028883741420674236,0.00943599276610404,-0.03137191161600361,-0.005858424644038036
2_3,0.00025467073701240653,0.09698020367162041,0.07305742564351773,0.09257292162113133,0.057502300291405004,0.03355832710736179,0.005848984221100954,0.002152524778139523,0.013896813647298244,0.32420982929272196,0.833175050172278,0.24116262411012568,0.014372174446726423,0.0017037501116872183,-0.00024246670610085486,0.004353092297650039,-0.023386914343450117,-0.0011893780015086088,-0.0025415915215564557,0.12979404555400742,-0.052853974252316346,-0.05184261473284839,0.013248227860061431,0.33298140912129603,-0.0042094827536502235,0.4198217966132821,0.3546323057531031,0.02380013297732217,0.00012613015431796337,0.0012054821888808414,0.020167785991714343,0.04450246287696147,0.0036623269742128445,0.0029362744515172585,0.02267766957232166,0.0034570339078752823,-0.0022593860491494735,0.06466411336148442,-0.02126007276292529,-0.02902180717444251,0.03416880846001084,0.012669932044167137,-0.027037105173147877,0.010034469011547082,-0.036081913077332425,-0.005920085192642664
2_4,0.00025467073701240653,0.09093699718734304,0.07169231753205929,0.09087931159656056,0.030624573309344857,0.03184625674898215,0.0015935884389050212,0.002123311805140449,0.013038988391741816,0.3205824531327591,0.8182312533320379,0.23950592561542433,0.011391091815333982,0.004255416437544287,-0.0002170948091507873,0.004361694195363301,-0.030129484825374746,-0.0012154223577057106,-0.0025415915215564557,0.12736278384228367,-0.052954159240109704,-0.05524444517789939,0.010471402458400064,0.36331326675435904,-0.0042094827536502235,0.39738983409158446,0.3505144772857783,0.03309684535002116,0.00012511883405075437,-0.000351205330211424,0.020169847894134757,0.043262294271029456,0.0027539973664368537,-0.003964816560566206,0.02266220723391113,0.0034598888429876553,-0.002438527410629825,0.06176458717984801,-0.02795266983996469,-0.023150741215992563,0.03306273896491554,0.01253025542752241,-0.03483168475526881,0.005933050536690705,-0.03608756462333021,-0.005905425924203338
3_1,-0.0027967958087149504,-0.004785396255443838,0.08170935949058876,0.003943658165786507,0.012824811653340016,0.03204352363628089,0.00400954363500515,0.0001099144583908535,0.03746719254781885,-0.043472141305507875,-0.1429348844351166,-0.07393616986252666,0.05175797999506125,0.0006071458114129354,0.000634305114884532,0.02350936528168908,0.0022476607897407293,0.001326283875230528,0.025810579629440646,-0.039638738802708205,-0.06335116065024311,-0.05054369164361386,0.004646860122775902,-0.08240081610493546,-0.003608160410199,-0.1677215869580223,-0.018152300599392872,-0.010701927404893567,-0.010372483507205587,-0.00030376808779989696,0.03727543787209244,-0.011354633685635534,0.0004463979188452701,-0.015197056808544692,0.0527895223362647,-0.006026709248364008,-0.0029121546794884864,-0.01562797332542049,0.01604637266289101,0.019813628422742383,0.013388840798940023,0.0016338983417221384,0.009052679594447256,0.008352414596116773,0.038808431026730705,-0.006826412042042391
3_2,-0.0008023274031548432,0.0020187599530547854,0.10137737790018586,0.004017398128009059,0.012799524442068626,0.03654787242774939,0.0009709993116849189,-6.132826094964235e-05,0.04109703615868088,-0.05265356267406609,-0.14108281679670315,-0.07895048914989433,0.013737057097894557,-0.0011572002541062852,-0.0001863271323541987,0.018197429381426475,0.00940058016454212,0.001081036373934995,0.014109032211820418,0.06706135931821208,0.02493960789438896,-0.05117219045467187,0.0011880902585593835,-0.12662871338504603,-0.0045734705467635,-0.16412156577817621,-0.07364860150065257,-0.010699185083966258,-0.0108703260477779,0.0027366582056061062,0.057770115516600586,-0.008470279025435467,0.006460184049167564,0.001218631569207894,0.05119439018942161,0.009807153201674934,-0.003946144902196826,-0.0110231403813936,0.01575890951294414,0.025157719288991544,0.008016784708852781,0.0017480725829599455,0.008911911495098658,0.007526641642333987,0.0371058597287226,-0.012556743651246758
3_3,-0.002823240193877804,-0.004730094674316117,0.08217433934842645,0.003960798629480771,0.012878093050570489,0.03208501509491596,0.004371131880285758,9.408659556733867e-05,0.03661370633596874,-0.04531467168871551,-0.14581613385946907,-0.07476564790856055,0.051572065446479146,0.0006071458114129354,0.00010974489460785237,0.02320315520072229,0.0021178342005915072,0.001326283875230528,0.024136980290118883,-0.04036694388002573,-0.06988928033742722,-0.051303317894690066,0.003808933704098654,-0.08208416006038641,-0.003544604533342876,-0.1690399015752097,-0.018301342810806767,-0.010597555995705336,-0.010305646944823192,-0.0004926975097577007,0.037244122341464826,-0.011827408186510985,0.0004463979188452701,-0.017101797449360384,0.04734312614272399,-0.006023212197165055,-0.003239768600999903,-0.015572526600472912,0.0160867382893288,0.020824152373334105,0.011599028917694322,0.0016667408589056834,0.009052679594447256,0.00832772079963626,0.03877027771631654,-0.007004105492217794
3_4,-0.002647163391316043,-0.004784259489614384,0.08170703773615452,0.004325464941582431,0.012634847845111066,0.032181309647349,0.004463754282421614,0.00010946375010168754,0.03785909304782072,-0.0450826925334771,-0.1361994522006214,-0.07411595504336287,0.0517167435452312,0.000578770104146769,0.000428518701052314,0.023399589899350356,0.0034434346009506187,0.0010874935044748943,0.024958052331617478,-0.04051796222588564,-0.06976146101093376,-0.050397282910272026,0.0032564137382234673,-0.08242084723859008,-0.0041430865342053785,-0.17236302348276605,-0.01830175527663614,-0.009971907656377253,-0.010127473020068124,-0.0010969863613995937,0.03705807310590785,-0.010818014889652807,0.0004463979188452701,-0.017101797449360384,0.048019650742792123,-0.00566334180330446,-0.0025585652901064446,-0.014768521273794575,0.01604698008754841,0.01886745918457757,0.01195742737843143,0.0016150222994976851,0.009059049194295066,0.008007352256133141,0.0390384233143264,-0.006764138904918841
4_1,0.0014422504475937734,-0.009374975107252055,0.08069387353057686,0.00030366683022596324,0.011657523897821816,0.03166194367700649,0.010973890905070486,0.0002606766997800044,0.03748102528817143,0.023058180727130312,-0.1474285130635023,-0.07877706142340246,-0.04141492922879605,-0.0009071235337684241,0.002674059094423254,-0.0487583646734894,0.014917170080762482,0.0010867482731239616,0.034393475669052626,-0.05066105423869849,-0.06303521897853677,-0.07006080781087419,0.007636866567712384,-0.09694902017670323,-0.004183137365103235,-0.16835871892441526,-0.03754344279191598,-0.008107299314247605,-0.0029232506707205274,-0.0006423164208143378,-0.013736970865046421,-0.01512237771821967,0.0024287600572106952,-0.008497214166404176,0.05350989094327641,-0.0032389500863894884,-0.0018036992578651634,-0.031404040376231526,0.017431793379743196,0.02118823677655418,0.014210113958091053,0.001917639730902547,0.0046998276963458345,0.008840392209607379,0.02768456867890632,-0.011709873924837928
4_2,0.000793260662435639,-0.009556564207401606,0.07093417176051321,0.005589719928303703,0.01544424287302126,0.03458108801716239,0.0061705385470445205,0.00015809803945334745,0.03906700944799514,-0.02703208615962436,-0.13513357662178344,-0.07317422552571848,0.04141303222464119,0.002504264406417052,0.0048720311287939605,0.02304705787283164,0.009976730392116344,0.0010878118557316047,0.025687198630903817,-0.030997309839859558,-0.06282134428897705,-0.06969965196170247,0.013086747025016972,-0.0763485937838578,-0.004169424059306058,-0.1668100483453948,-0.013981616247896293,-0.009151424803936097,0.003996815692324646,0.0012389714369885141,0.016512361097349722,-0.014295231040879524,0.0030160470596840073,-0.008447993428196817,0.053952842726573365,-0.0025948081620166263,-0.0030433590266909795,-0.006256835993873294,0.017152179461520367,0.020300276665258427,0.01355296223529487,0.001868133354508463,0.009236053384622949,0.008727836997232983,0.04059837936479638,-0.007129626247018284
4_3,0.001032246616431439,-0.0024474768961914545,0.0694004120819928,-0.00029110241799837474,0.014411991128456637,0.03251773402517483,0.005527709705415773,2.3625054095362513e-05,0.03821288788299255,0.023716526696428937,-0.14928463896606203,-0.07116702192089626,0.04204408011281136,-0.001171014668824502,0.004843414178437713,0.024148848728323895,0.011798680880541318,0.0010254494492943048,0.03526675734560238,-0.03132425632989154,-0.06643887265176056,-0.049137722137528594,0.012763278353273346,-0.08009405199679462,-0.00429904222516838,-0.16898363125472257,-0.03215349723061558,-0.0029872078362140862,0.005307367148711538,0.0016038749639491674,-0.014680857191312522,0.010326512659509662,0.002466197583190158,-0.024504979896772007,0.05379066639927738,-0.0024680010910420602,-0.0029414880088406152,-0.005550020913463529,0.016391611918659683,0.019816116435131582,0.013611344772253666,0.0032756863473860473,0.008888382882783161,0.008796785651143637,0.04181692470134906,-0.006184271372910433
4_4,-0.00016401248540612106,-0.009609476619458178,0.08423989007739434,0.006590584909115812,0.01893499246830025,0.04071638401443924,0.011151184982166442,4.064993985458069e-05,0.037487432547988024,-0.02756174821169237,-0.12689557011166974,-0.07980217104907675,0.05175709599015152,-0.0007345065029452772,0.003763732812728953,0.023278146968385604,0.01599742801366105,0.0010878118557316047,0.025960984249908996,-0.029653224462522894,-0.06751201070058825,-0.05010607651004048,0.012689256188572322,-0.07863847412833291,-0.003598822116534223,-0.17488664246856722,-0.015409842352164528,-0.007236490576325893,-0.004478904735732291,0.000989118592174731,0.016229673172184746,-0.015175792708038864,0.0030095160280243856,-0.008497899595067615,0.05397153735327286,-0.005255244320360047,-0.0030682345375038014,-0.01386475748237311,0.01601880244021174,0.020711703349949706,0.013131158664700009,0.0019225072015375065,0.00501307620236179,0.008845281943435906,0.040221421675922985,-0.006164639644347356
5_1,2.0495304469273943e-05,0.008794767931925514,0.007984066046409295,-0.03764953940920428,0.03803892742510408,0.014128480149932537,-0.029977792581284725,0.010278173030677837,0.04359064339700494,-0.09866378995109203,-0.42750632466513294,-0.07825774215245733,0.026537135182051506,0.016066115855952558,0.0027159167367572187,-0.02302795735048924,0.011550506543411058,-0.005160069052132267,-0.05158709290245488,-0.038690284985816,-0.013511146765801443,-0.05156293259725231,0.04078220136544843,-0.088241812687361,0.03753469069771839,-0.15332524554501778,-0.13366273636786652,0.12180445729644548,0.018636970812681144,0.0014395027455628394,0.037952477590737596,0.013862303703966452,-0.0009345765909173432,-0.001983757823852775,0.04782290330533513,0.005751301773228253,-0.0032061618466210115,0.02420666511347778,0.021208768118520457,-0.021861001134589747,-0.04245794969363505,0.0023484177425478073,-0.0009092918071794635,-0.009808286008363502,-0.020267444095172123,-0.010843216190069178
5_2,0.0003456069996436797,-0.004984616699265574,0.03439367351424469,-0.0026035401786471835,0.029153380126285787,0.005788260659275935,-0.014019835669127753,0.001856756019250083,0.0442313611403064,-0.17791165230250103,-0.3999680266359173,-0.13858927460123402,0.02757885823629981,0.003011650430251791,0.002745240973230254,-0.017056474968407197,0.010764163184919887,-0.005450165780680728,-0.03943230818257044,-0.052679903454873396,-0.06041573457946508,-0.05023610569708699,0.04947121056369318,-0.06109235123568867,0.03795945177830049,-0.1839244657941322,-0.0458730823508622,0.08213160268109838,0.0024293263477279553,0.0006074039761600511,0.046622607780251624,0.012972786358184404,0.0025831442080753966,-0.0047912697719004246,0.043924857671562144,0.0037007400126286907,-0.002957636160911848,-0.00608314700115722,0.01593736551368977,7.485805575430495e-05,0.006834787792096283,0.0024589363572269434,0.006881332093387689,-0.005482171537450316,-0.022997808786322693,-0.010462891290239244
5_3,-2.3010024263431282e-05,0.016992071171159317,0.009031630544135258,0.01662095385953401,0.03437978771050349,0.003345572656959857,-0.02818781426288577,0.011085972277872905,0.048209319540159716,-0.1058339936510857,-0.42741110649343367,-0.14065633328719826,0.027453362500568474,0.014345858514321146,0.0027139510572931577,-0.017394132907232605,0.012543736834576776,-0.004050472759137662,-0.020481911199351395,-0.037896978639777916,-0.04686484788769661,-0.05178482608666128,0.041972841504763034,-0.08479840086762289,0.03894149324710551,-0.205798361337294,-0.1332746689517892,0.1228999375147162,0.019228273150030475,0.0014157822858676707,0.04070801589743207,0.012513514808106684,-0.000987546555641569,-0.0018292795215452936,0.044168615160925816,0.002875180499300918,-0.003571585409158738,0.024428267419872737,-0.0040498877007293915,-0.010988442222832337,0.007517459117486858,0.002292985437534709,-0.0008821579127426381,-0.008188940798253674,-0.01999449080375052,-0.010502131699846047
5_4,0.00012204487615101868,0.009857893379089627,0.007004775150074906,-0.05914852373745899,0.034479288604032654,-0.022141514522262668,-0.02939362794642498,0.0018661360542111612,0.045744312112620755,-0.10127547361613752,-0.428985691004773,-0.0810034206811021,0.026636312358578513,0.01243411551690268,0.00275259178649226,-0.023119701315091144,0.005983642181302395,-0.0073580039461469335,-0.05352840521454409,-0.03568223910897528,-0.015220194170507935,-0.05170119334425881,0.04010815653735245,-0.08299945264109801,0.03753469069771839,-0.15490956195212846,-0.06894748461690778,0.12550610027145603,-0.0021378358213020223,0.0014005053881088955,0.04586856888293081,0.013936998200313381,-0.006901375415029836,-0.0019770975263545725,0.04778057092601544,0.005751724872732948,-0.0035395975733339444,0.020610493330053308,-0.002831870864952607,-0.021862630902247975,-0.04318765665346001,0.002354902339549836,-0.0007120885169311225,-0.009942452642140713,-0.02137553481279162,-0.010806805990838587
6_1,0.004366471412287166,-0.01615880138117728,0.05561022463050878,-0.012494908395599136,0.010112627034864053,0.0027317336347904547,0.022149669917390615,0.0039218669394125395,0.009849609686648345,-0.05366663242673345,0.45045104309639883,0.1580769517842545,0.01148747380207575,0.014018412177754321,7.421235471654264e-05,-0.004174494170468044,0.02980845210491314,0.0006697966061003657,0.030078720900485093,0.130334682366899,0.012013897448767684,-0.06630847800197476,0.01998321051059405,0.06952170327389508,0.017643855721498212,0.31668043770959015,0.15388149626987552,0.03356096489854878,-0.0019601836266504927,0.012615947563868074,0.019696811779564546,-0.041953722036715796,0.0010925396958551571,-0.032048750500474094,0.020396954269151762,0.0364590472011659,-0.0018129945030311906,-0.03809365661542627,0.027246004902879872,-0.006134209543292179,0.02559374601639784,0.0038068637383576248,0.01974023483371222,-0.0022718898145771774,0.014482688620130846,0.019573977567122553
6_2,-0.0007977937260753847,0.012170440500023937,0.07503093937979477,-0.0102896930865053,0.003247522664455224,-0.0048786022836133985,0.011482752735639017,0.005363488099245443,0.015756339699027944,-0.04902732367768375,0.3903083206299213,0.14346578369536714,0.012809910362914241,-0.012484155069928662,-0.0010948591828989062,-0.0037372357676637093,0.014376855499168822,0.0006706906176672603,0.013265147147124706,0.1221186268205956,-0.09963684443984124,-0.0661271201738417,0.016835394599644473,0.04237214891969465,-0.009649286593940778,0.26264216244553695,0.07266209408773104,0.022627326937908317,-0.004640903081101725,-0.016947315414851193,0.020930796419566786,-0.04121381047099793,1.6265711375586158e-05,-0.05738120958280786,0.02249480568847571,0.009001904999386117,-0.0023678369916637462,-0.05074061697953028,0.022124738177200856,-0.0002949662753548795,0.02748477678043981,0.0034672531470096883,0.019711682843581498,0.004433097361063104,0.01393099337891429,-0.03390890553630925
6_3,0.0006491592469185207,0.012336697577444329,0.04399875335332699,-0.02129392837899067,-0.0008892004446242178,-0.0004227257472016674,-0.0019043406382272597,0.006138825284931797,0.01371377697575342,-0.05507116336443931,0.4108471852837714,0.18306412536743402,0.011521920594207242,0.0021568887480591494,7.3170028932583e-05,-0.0040851069871908315,0.011648298083930139,-0.000666759564054903,0.013002677988149934,0.07501521203925417,-0.09877463360489201,-0.07667360419256056,0.020128939918604243,0.05609084313801438,0.014462802761636185,0.3171840351178499,0.09143452965722661,0.032690471745935104,-0.0008923778320309285,-0.013703263068055797,0.019670398267036527,-0.045046090007083345,0.0018422694126361782,-0.05720076417891004,0.019356813292773316,0.009285048723209354,-0.0023721942180476956,-0.04065962075028855,0.023470610171505576,-0.01510479083874598,0.025599228797090916,0.0038342896723880344,0.019685358935695993,-0.022239615464663538,0.009766739537275427,0.007206257503179887
6_4,0.0023804583281428833,-0.016804618045967657,0.05033749156648637,-0.013606813508918372,0.005410144812637444,0.00011449013618529185,0.008798208286906608,0.003895728986436349,0.013408500899995693,-0.05445668882202314,0.4638549874208501,0.20870656665013881,-0.0011260715741181924,0.0003798889535335951,2.326908950261075e-05,-0.002898163012013409,0.014762123874356485,-0.0008404049624648597,0.02890136602001475,0.08466412651370023,0.014972336365787533,-0.06140509349295524,0.02125590260841202,0.06897871627658818,0.008238467233906371,0.3279117741024813,0.1491945553350643,0.04827721322530603,3.285125827224959e-05,0.010957733758144758,0.01963074046430991,-0.047993288124534,0.0017406906177193568,-0.03294192664776187,0.017853937371810204,0.03559104534805686,-0.002500727797478123,-0.041524650035416014,0.023569104636446403,-0.005875380927344974,0.0365863396937159,0.0038217446452276007,0.019678763920876488,-0.011331141656985044,0.007002316675710549,0.014418026080176644
7_1,0.0008141324036191639,-0.0015695723201622526,0.014100081809822244,0.004159688219180814,0.0053299921218211916,0.032107336281743885,-0.006338932709190783,0.0022033784223434378,0.03454096156756521,-0.047726866550188284,-0.1578301707112571,-0.13072637814633492,0.019776933625377063,0.015269627166443329,5.721471595702249e-06,0.01061249998350771,-0.007620560980126716,0.007641633853865551,0.0036749604744698676,0.04782937829293221,-0.053441592574754386,-0.04393859906257108,0.016648802176360097,-0.09401890997272253,0.0003673826322730372,-0.17338153428307068,-0.07250365808580153,0.15201195511656915,-0.00233827612413759,0.009644097225614103,0.05765860650018064,-0.03169432206839862,0.008148424255803484,-0.00394202217182026,0.047219758694579166,0.005505029775730669,-0.0023596254496776447,-0.009923491992694006,-0.0012071480835881307,-0.04582572874227159,0.0009867996738212228,0.001069449744230921,0.008704680573254292,-0.02710152725585885,-0.052640937704550736,-0.009028374094671715
7_2,0.0008591789285698798,-0.0007204125351009707,0.007103206483700272,-0.022952641612105727,-0.00271977215938248,0.030593153925148726,-0.0019624976229327363,0.0023201885965638746,0.026873312228517875,-0.07390870602355526,-0.1417045926080312,-0.10522798200149532,0.014496823858536382,0.012879212525633201,-0.00025225536230084097,0.03747194148865784,-0.023630716139652445,0.00012666419595950401,0.006915903392185671,0.04300658823942263,-0.019491182538424176,-0.04225591356744142,0.002433348951589342,-0.1023698133401133,-0.004555511772352673,-0.19988506996216124,-0.07475780507707515,0.1070758939942484,0.0005632695256808741,0.011351932134746738,0.057395796241070794,-0.024184313433765488,0.008071383917453497,-0.0039702679975490264,-0.0338621518514275,0.015469801731667591,-0.0025061422359320823,-0.010036238541455151,0.016954295859089714,-0.08431498698577815,0.00661974633453037,0.0009151260189976919,0.008541045572278106,-0.01761916215300673,0.03137658596482966,-0.013818253079455242
7_3,0.00042855901542050235,-0.0007148572934321946,0.012103079445472117,-0.024803886875568254,-0.0014670090837423516,0.0366145668923285,-0.002214194871566855,0.0011265336958112587,0.028586693678269545,-0.06901235182167532,-0.15689582933232205,-0.08557073275513288,0.019410813306872044,0.017750059665064412,6.59310477681e-06,0.03387327253884667,0.016362479686825287,0.00031751485747706057,0.014236361761027815,0.04525008999330793,0.026866051086137193,-0.0646846671354895,0.0018470300496056817,-0.1286684807098578,1.6632058746867654e-05,-0.19325270075239095,-0.0805317477732874,0.08322570009508601,-0.0100578556247876,0.013894896987034236,0.05618965641330581,-0.03264214212378261,0.012977977649157379,-0.004052010364892547,-0.03595444121814526,0.023534061018297643,-0.0020540646895694705,-0.009991807616555163,0.014164505973459572,-0.02902079094208324,0.008329522233717974,0.002745447806227955,0.009378714996482034,-0.01940208248859661,0.02855045628888112,-0.014652499409175025
7_4,0.0007663197190322182,-0.0016524796779575218,0.008172959056016421,0.0021977154939617264,-0.0001761019116331223,0.032107336281743885,-0.018449436209272866,0.002101089332519392,0.03353616911283459,-0.0700290473848667,-0.17283345437254471,-0.13074416849853676,0.014585004485305154,0.014933583729559321,1.913007065252226e-06,0.014078623422079977,-0.001906790215209736,-0.006627175602603622,0.002710896536042534,0.03982072249649933,-0.05787772354321129,-0.06554916319229359,0.01781039564654703,-0.09415417932538658,0.011061502978830587,-0.1797293215027896,-0.07664434302307535,0.09903866204708822,-0.0027182108193477966,0.009174947791346184,0.05768683165990584,-0.025675887944607297,0.00676035019626369,-0.003949900986153277,0.04077822883872038,0.005501546113279713,-0.0018887033765556914,-0.00993992103041889,0.013106001237376742,-0.048133607340989246,-0.0010955430966134942,0.0010669855022171883,0.008704680573254292,-0.03013934886063575,0.010058527850546378,-0.014447466286887917
8_1,-0.000615682774448486,-0.023672166746097515,0.11024583665322472,-0.007370662035703133,0.014680188942408716,0.02643497745469267,0.034683186116743016,0.003835622174888948,0.01774221932814736,-0.04534153765412822,0.4387188489897055,0.14944515987111093,0.012787783531484779,0.011636395039607192,0.0031273281857283636,0.018128486251430164,0.014796030904979485,0.0007790877650377395,0.04412475829081629,0.13650174983720847,0.02413371649498265,-0.06580630030258165,0.010488674275405774,0.08364843851200923,-0.0025308335211028355,0.3032973285136227,0.13071578674546977,-0.004570642142987,-0.003977472201709435,0.007737727529959517,0.011839040553498019,-0.04196759573709795,0.0029655065738096982,-0.02931962543536555,0.016999523850458467,0.024893121306595694,-0.004794571450881758,-0.041838149558667506,0.03254363968620424,0.012393753929474002,0.025325540616364342,0.0035904382971117567,0.017398316551830294,0.009799194804226703,0.01456448650336018,0.0070598982302375705
8_2,-0.0003632298093137324,-0.023456147463283537,0.082375279474594,-0.005805062576673596,0.017341069492164324,0.034796098739466264,0.03808840695928812,0.003835622174888948,0.022562260782111175,-0.043463245528687404,0.4487526845198732,0.14177205193646564,0.0378494353247503,0.0031261024640364056,0.0034985658683300146,0.0266540324192315,0.007721216556459631,0.0007746937768255572,0.045129404073350934,-0.08789095905898833,0.026706439059846862,-0.06408624985717931,0.010480571603188955,0.0953873763107719,-0.002525457536484988,0.3109617082815188,0.16603835008167303,-0.004619961594410577,-0.004110307792682906,0.009815802050212288,0.011964865090213083,-0.04191771405879751,0.0036304643586284715,-0.028685177294044246,0.02258792066836335,0.025655773531049208,-0.00011562304949050937,-0.04434678718075768,0.033090977308336204,0.012612706446336051,0.025763065349621264,0.0035843181801221103,0.0174125929868271,0.01070712748377466,0.014555574916542626,0.003864823975816308
8_3,-0.0003632298093137324,-0.019925380038480794,0.08252912132167499,-0.0016341167535789125,0.017545288731086794,0.024988605712620352,0.03911115604890281,0.004879561594930479,0.022288463825754883,-0.04360888648674186,0.44974617328019445,0.14251827090398222,0.03782517165904864,0.002075995734552383,0.0019085539641739602,0.026851562679902064,0.007657232300732866,0.0007746937768255572,0.04486535984790285,-0.08991711236125842,0.025814711562962042,-0.06675833914410652,0.01172640274258065,0.09415438474338811,0.003861819068211836,0.3120802735334832,0.16981034669358736,-0.004743691478997318,-0.004573337745225614,0.010223752624201577,0.011977621971736926,-0.04088051819337287,0.0023791447732394,-0.028852871696734,0.022304038640465856,0.02542999512766973,-0.0006685493161878832,-0.044754194670762575,0.033250438090268335,0.013243047054215095,0.025640306222019627,0.00355471493345875,0.0174125929868271,0.010431924189848497,0.014558137714088306,0.0028493944674289912
8_4,-0.0003632298093137324,-0.023984308735481522,0.07895936085160177,-0.006933403175872486,0.016529416162005747,0.01807524623765885,0.03561733393716826,0.0038726189249908625,0.018999226246752488,-0.04385995316320011,0.43124474053163037,0.13944814256843252,0.03789393729075023,0.0031261024640364056,0.0019047706707811256,0.018765588662336293,0.007750348149415429,0.0007746937768255572,0.04427628234069218,-0.0917632240382436,0.023740774819433548,-0.0657271878167669,0.01175925418071273,0.09060118342569058,0.0027348909452623808,0.2924271910036532,0.1577420830886961,-0.004357676617084823,-0.0042099016860039015,0.009505837621017334,0.011964703038575051,-0.041916081499119934,-0.0019137906708512381,-0.03111088076362041,0.01685854604509671,0.02477075719664004,-0.004005491748648678,-0.05463800717664626,0.03289459392702606,0.012447501916956356,0.022713001356547115,0.0035608350504483955,0.017414290908216352,0.016381128076728514,0.014269499890566573,-0.04453274271858791
9_1,-0.0035251260554444077,-0.024988706788357858,0.08865165969170144,-0.007871679168152144,0.01407239673370079,-0.0021177569795893993,0.02858015479675326,-0.008070030609904855,0.006308992937459526,-0.044559574147694,0.4704892981969119,0.14972075221861572,0.014789168023213211,0.006925797266551421,0.002456470698408383,-0.0004042650023872395,0.014570736014413641,0.0009511455934222565,0.04253119006341137,0.12643007164790143,0.01665733593972222,-0.07014629444928523,-0.013300145291502492,0.06507542735827218,0.0030980684150351207,0.31391247320003346,0.11900109507534613,-0.020019636196734726,0.0021618815277603324,-0.0017089834220340057,0.011451636288650131,-0.046691449078204966,-0.0024482326022162502,-0.03127187733427183,-0.01775558797829331,0.022100574184252243,-0.0028498739174515784,-0.0456141019160183,0.040591613061554725,0.015725251603165458,0.024270169872253538,0.0037903743670131993,0.01732618144412166,0.01599563451646316,0.008525369124097319,-0.017420212852856824
9_2,-0.003583136144289045,-0.025000789524344293,0.08774080213794663,-0.008576286807984564,0.013759982845717226,-0.003882785722202139,0.02689956201986296,-0.00815752282257506,0.005193320629976336,-0.04462730512095787,0.4683071500277888,0.14752004313428885,0.014783595813947212,-0.0019040750672780769,0.010188757252457962,-0.0004063901532611557,0.01602554150615552,0.0009470859678454536,0.04253076253660618,0.12093101122247943,0.0165839141958479,-0.06987844458256293,-0.012077624633503176,0.06507182412483355,-0.00585325511701618,0.3103651887350239,0.11679844698963776,-0.013458553426787003,0.005766962548188456,-0.001956936900053819,0.011198384457867498,-0.04692067943519656,-0.002420941265176914,-0.03126777637221494,-0.01775558797829331,0.02207316357744455,-0.002858609863565142,-0.04561666971129793,0.04005304061571885,0.015727733744789932,0.02425945515010012,0.0038938568084035657,0.01726471053128592,0.015991858326161387,0.00852226741654683,-0.01981629350131169
9_3,-0.003505598553877206,-0.026731419256844986,0.09123547024507882,-0.006418473950498628,0.013791856030384466,-0.00249444788003453,0.014567399231953037,-0.006574833962346895,0.005775558307328378,-0.04720103818514467,0.4872007756529633,0.17161562413408316,0.004893067555085416,-0.009245201756020985,-0.0003290168956361306,0.0004963993975802908,-0.008636078519877698,0.0013025645107473452,0.028958068101621444,0.07179189084936247,0.016967362566015165,-0.06940306775516081,-0.01354621615781472,0.07358242323876608,0.009364337769214297,0.3079821213444964,0.1310939543363566,-0.013224211341284153,0.0013757022143709072,-0.0047587942658617296,0.019650503060013,-0.04286255540870449,-0.0024345294989196607,-0.031130324997712053,-0.018204367711006114,0.025601758361503003,-0.0028823281312006692,-0.045700079484485505,0.03836688473116169,0.015998247743937193,0.019889697558543744,0.0038430827707563444,0.017343114867417686,0.017213212609075258,0.012056361335631871,-0.018800772456152283
9_4,-0.0035113206240158703,-0.0248751908753082,0.08539769940152736,-0.007644983806878469,0.013994267514108854,-0.0023468425466324407,0.027560319100604018,-0.008129375614811522,0.006258328463965027,-0.05148409522640086,0.4702369330314762,0.14792184851776732,0.014784957117843205,-0.001451302407316713,-0.0002903755359580884,-0.00048787100865535743,0.014572630791364049,0.0009522448232845868,0.028942429074161148,0.12144415836800429,0.016549764779732273,-0.0702911462271508,-0.013531694561627502,0.07221784507442307,0.008130143900190588,0.31063719582200955,0.11781440557603327,-0.013505143432491082,0.006085006600362001,-0.0017653076493685145,0.019883714422879763,-0.04693940255622477,-0.0024284157139267478,-0.03117901340776629,-0.017739831462916723,0.022061345965677777,-0.002818774500186726,-0.04636400607699472,0.03928460116876605,0.016045999407245548,0.024034163458894815,0.0038634815925483465,0.01734970988223719,0.016506609556983177,0.009039756842525786,-0.020128809828859607
