,0,1,2,3,4,5,6,7,8,9,10,11,12,13,14,15,16,17,18,19,20,21,22,23,24,25,26,27,28,29,30,31,32,33,34,35,36,37,38,39,40,41,42,43,44,45
10_1,-0.01150123696482039,-0.009271860666467856,-0.02310091377039152,-0.00904149961882162,-0.011833884732295899,-0.011118520522120855,-0.00944818601162884,-0.004506012809468694,-0.01503855082720089,0.8268804779879095,0.8059812298339741,0.0814347422488557,-0.004902605118682559,-0.0039568918774104565,-0.002908816718280975,-0.0028588057853734428,-0.001332592650615062,-0.0002632714293940771,-0.0019448688530252594,-0.0048938474430469045,-0.02718801519129765,-0.0156092990362715,-0.012903868840006315,0.2682188278906243,-0.007181422757329595,0.09160768279182607,1.1385485339033643,-0.004071015140632064,-0.0037186833854213775,-0.036618326202914823,-0.04312506876184217,-0.01640712640417427,-0.01917208497533082,-0.017894048924613208,-0.02172429001625126,-0.0019750607673271548,0.018194046561312256,-0.013561880941324407,-0.011349696888685307,-0.01849313836020553,-0.011002436023222184,-0.008719581177582626,-0.010782380252256694,-0.00909109097370987,-0.007859914229381648,-0.05083652569105563
10_3,-0.011869483993666934,-0.009241110820787485,-0.023325955422626245,-0.005423647872979711,-0.012078836462917929,-0.010630890685409738,-0.008113421842689773,-0.00443583758361063,-0.015144784022693722,0.8418751468780968,0.8119757898301713,0.0873138435373891,0.0007632752928799585,0.008485935232555503,0.003946264627090945,-0.0022621225354977213,0.0044267728410813225,-0.0001988583555252602,0.0009667007436147441,7.383863431570626e-05,-0.029168092967514037,-0.014192614353048584,-0.012120317075579066,0.011130039240697292,0.005754877037882269,0.09757108933688978,1.1540650598381446,-0.004858661299211551,-0.0063611766281656875,-0.03892097229446384,-0.04530326942351375,-0.01700263753877378,-0.02139619876187033,-0.0163492928108203,-0.020155622082301653,-0.0004490752483349724,0.022541770774963287,-0.014992400587375597,-0.01204144457569018,-0.019296360141098947,-0.009997419950235469,-0.008672592654685743,-0.011196692494820873,-0.008452666211397413,-0.007994062631274293,-0.054153109198325715
10_4,-0.011364469173530189,-0.009256297307630869,-0.02283751288167167,-0.009155752837870951,-0.012010392878246845,-0.01107202601499772,-0.009397507875116048,-0.004612512980695845,-0.012888416524513406,0.8138719821011178,0.7890447349073518,0.11912363542761988,-0.002208318293442754,0.009902108889988638,-0.003230303151017526,-0.002918224907445408,-0.003233827994354871,9.917781631005744e-05,-0.0016394172912595792,-0.004961184791329774,-0.026714247539805572,-0.016818905424913707,-0.012021160010823479,0.26118778004382,-0.0001885673149090544,0.09291789480295023,1.1255460845314926,-0.004110238081529128,-0.006564414345507489,-0.03403673792470782,-0.040969437195595995,-0.01609146457664419,-0.018804776024463364,-0.02001730169731612,-0.022301224030149693,-0.0008292331036549975,0.04986723206065025,-0.013636784891468984,-0.011472438439562565,-0.018821759437021773,-0.011088453407436505,-0.008596081046384273,-0.010805671409013196,-0.00912548040049493,-0.007903582207300296,-0.05197782738209663
10_5,-0.011364613019216764,-0.009775133325070287,-0.023175509470063308,-0.009337964297103105,-0.01215810013421894,-0.011230700668578321,-0.009563702995234845,-0.004634911187034072,-0.01303186204965711,0.8105791340751245,0.7859208410697482,0.11849376739552671,-0.0023750402441012662,-0.007830506024748175,-0.0032509203197463614,-0.0030575171184649007,-0.002339946179157737,-0.0005070635377547451,-0.0018399687491647337,-0.004173491667970886,-0.027133144712860945,-0.01701348410257321,-0.013145577218811311,0.2578359303654145,0.007104764925138863,0.09236885833030788,1.1256796940305926,-0.004317834704927678,-0.008376410872865617,-0.03367899726928597,-0.04087862501415016,-0.01636030751681277,-0.018811390321771385,-0.020204564206144353,-0.022803129785681543,-0.001957908757434985,0.048909228713498995,-0.014067559480603039,-0.011533650039021128,-0.018908664389772754,-0.01126638483660139,-0.008699198944586642,-0.010938353617596982,-0.009208011981499335,-0.007868326833722366,-0.05186745603289955
11_1,-0.009177486279888831,-0.00914986778152006,-0.01928998079307216,-0.0012660202776267069,-0.004109272944826908,-0.013090983130520394,-0.002979470693421617,0.0015689648226029553,-0.02692115601094461,-0.07932460637994376,-0.09417232801229566,0.03719000242340992,-0.0004878999782625479,-0.0074503685528874795,0.0014721153295446344,-0.001409760358646939,-0.0009025264556764506,-4.9989202624936536e-05,-0.0027099242023419954,-0.0017710741987893026,-0.022666211289464975,-0.004857198432658101,-0.00039943896813177446,-0.03774613414147402,0.0004926823057574581,0.17057824887431383,0.19478055098106367,-0.004842265642235779,0.0005890651665513915,-0.06516712127980206,-0.06577086532127334,-0.008300097804876935,-0.025043340144174628,0.005124409872170346,-0.01959460205158922,-0.008112872916473998,0.06270457911360164,-0.010005425395282317,-0.006126123678814093,-0.015162555485768937,-0.0008509279263283735,-0.004229920189962279,-0.00882611908804442,-0.003323431060282475,0.000997689101877044,-0.05528259184999109
11_3,-0.009163966225224059,-0.009322143611085678,-0.018593295464543313,-0.00311742926461761,-0.005467229199473692,-0.013286327962418918,-0.0040432602261203385,0.000907295060294177,-0.02697750598803917,-0.07413469204800063,-0.09430800922924724,0.09343533090273373,0.0005618961150331586,-0.005362074984583123,3.326584543608354e-05,-0.0013564179828906861,-0.00014539128474346473,-0.0013086896955970468,0.00014571353407533897,-0.0014678761812729354,-0.02175817728275569,-0.006117206987294724,-0.0033984339972647935,0.02661378817150668,-0.0015737978853094864,0.16985991444264206,0.19433210488731906,-0.004603002026386326,0.002748607560517484,-0.06972766187389623,-0.0640668415903264,-0.007707386101417138,-0.02531064112060346,0.005351845410243765,-0.02428537874546992,-0.009061630178509179,0.0641126352727406,-0.00997204456200917,-0.006258995974802432,-0.015959259857070703,-0.0008491068743126945,-0.004207683561910343,-0.008913167046023596,-0.003245877058891144,0.001381401997838947,-0.0545081019056783
11_4,-0.009401080977917973,-0.009765477738615169,-0.019467236304100802,-0.001857526350782041,-0.005699362660009071,-0.01311889445452578,-0.004162999406454035,0.0018522678583760522,-0.02767839749718278,-0.07930973826865806,-0.09717352644321119,0.03740536095503773,-0.0006857272108023903,-0.004752817922962119,-0.003006559931439745,-0.0016084682523865624,-0.0017250777065709385,-0.001075731785306731,0.0006491135527324756,-0.002050690659237459,-0.02158422856593665,-0.006592804974504408,-0.003306412276941663,0.07255129480869958,0.0033844750944115537,0.1653337319307648,0.19132458759325566,-0.005356211066736148,0.003932797538168751,-0.07176529848399377,-0.06735538222292306,-0.008714581544312216,-0.026001030018574612,0.005292472646958822,-0.025683426824623445,-0.009969973111376127,0.05815879896569996,-0.009980169700106466,-0.007098553967158962,-0.016021593063685304,-0.0011226982015263448,-0.004404012187474659,-0.009726716249394819,-0.004222548949293043,0.0011849085808922188,-0.0562389170300509
11_5,-0.008671620921237891,-0.00817232398974413,-0.01902807390908505,-0.0012043006913899249,-0.0038689907300775354,-0.01209694591407039,-0.002992374731987162,0.0016903072757320314,-0.0270665871218131,-0.07730490641774686,-0.09681270520819835,0.023377954395422597,-8.638817984519508e-05,-0.006258569133740125,0.0015202001733842414,-0.0004464171623248484,-0.0005540076294287248,-0.0012401090555140912,0.0005220427269528549,-0.0005712085854719945,-0.022753879554786867,-0.004534288033340695,-0.0003277957615043853,-0.03763841639020308,0.0020311707033203014,0.17236835798603328,0.19808727786732172,-0.0045583606251440095,0.0009029242125969355,-0.07143288200886644,-0.06505792344647458,-0.008196488253843861,-0.025422428479891505,0.00544020898253467,-0.019568571999353673,-0.008551719266239521,0.0645392444170751,-0.009805745058518158,-0.006257269629770693,-0.015744745965085027,-0.0006882614725198902,-0.003970705729101971,-0.00894404437842683,-0.003285425480775458,0.0016227408935480371,-0.05682293023657619
12_1,0.011294829169538086,0.011194707604180528,0.03246222005456347,0.019505857612580026,0.017188193858432482,0.015467391635981929,0.010522558763312416,0.015042288992888462,0.004367300005662936,1.1356865291917586,1.0875904696755856,0.19045765104665252,0.0060541142007866765,0.016343040955220337,0.010853181987568995,0.004520120618729318,0.007952268476379296,0.0006098412938472111,0.006474893579070079,0.008686110849489557,0.03200786849297687,0.025038718380597392,0.01825695423926486,0.387673371190984,0.009509879456291665,0.1512369648987864,1.480305262583216,0.010077678512517209,0.02046000642001879,0.006754255180366032,0.010824783699151979,0.028745592420754293,0.014910840467091268,0.0358900674237019,0.02394276861858907,-0.00014971693065959807,0.08892191004883841,0.014837313882156127,0.015426035143541463,0.0222309328687045,0.023312975751527278,0.016098929837784916,0.01674495968206395,0.0184286851167437,0.012900962201311997,-0.008950696148216652
12_3,0.012254545789072492,0.012041623227491893,0.017808619904473685,0.013403677439883799,0.01865865984013376,0.016472946020180766,0.005474070979386188,0.007773236697445686,0.005007447196901202,1.120995860979146,1.060872643814688,0.18837459758902272,0.007095628410865238,0.0177063860263714,0.011609325158723776,0.005175465869624855,0.00961507161849454,0.0009143672504882725,0.007074439938591632,0.012282265913895021,0.03307774712956823,0.026610743757959077,0.01910255297225639,0.39051207033131996,0.008346845147932014,0.1617661912675353,1.476381834062658,0.010599299796510276,-0.0027420966978249812,0.007406678242805854,0.0023665128354844653,0.012839437622635485,0.015784129923736255,0.03600814781561052,0.024990412232449462,0.0009270791424089832,0.08461912649181842,0.01573974273067946,0.016151269887779422,0.007712718370391005,0.01427084436222024,0.017283176041422814,0.01724179631267025,0.014903703139412808,0.006925120033408084,-0.008872175023166477
12_4,0.011271597039353322,0.010576065642874525,0.03133896501868641,0.01904108249165687,0.017115002667897616,0.015331755158854724,0.010192891180933436,0.013760216238831623,0.004263054356073611,1.1176489358475823,1.077390198047367,0.18800858576247384,-0.003173829458742189,0.008866089381496222,0.0002608553950167667,-0.0025415623377412354,0.0056091069505641335,-0.0014469370859841793,0.00025652393489242735,-0.0031390073211412174,0.030839353786994903,0.02453390130865139,0.017101405864282566,0.39562025233528514,0.009056164877659784,0.1566069954049776,1.470576535069614,0.009470015015513313,0.020207308899323265,0.003739290902878565,0.007835205890492922,0.028072108074021537,0.014797304648415163,0.03476900414289999,0.023580566584323143,-0.0024453713657602958,0.08767187712544088,0.015119836257722145,0.014689758504679795,0.021548285843604856,0.022987344224257612,0.015660706084532586,0.01669099417085759,0.018124698149745277,0.011670942363576369,-0.009729055976062061
12_5,0.011178327366033398,0.010539787762488562,0.03197120049737694,0.019091812815819786,0.017056229026512007,0.015285349990699328,0.01003322761519795,0.014880729498629699,0.005285344991179041,1.1078726902020843,1.068323048602929,0.18601076722140944,-0.002519563279611334,0.004518148547772518,-0.004577039065493937,-0.0036172524399656404,0.006003064971273141,-0.00019410855876058605,-0.002115356903439587,-0.006283147353706388,0.03155167596537171,0.02466357293088198,0.01706380269333125,0.39344623353732106,0.008792900815717123,0.1579315558352977,1.470850372397866,0.009413087543145631,0.020854149175465696,0.003991556703846699,0.01260397504882478,0.028764233294679382,0.016979821281570058,0.03494121392383417,0.023680381099729923,-0.001308027469068987,0.088596244341314,0.014860290473445021,0.014818624630067351,0.02195182384583765,0.023036251802940427,0.016154499513711208,0.016226233898511647,0.01797075376964348,0.012944883635098176,-0.00887065978900303
13_1,0.0006531673177656706,0.002566574031948133,0.001175568479963815,0.001271413165762692,0.0006333640172360932,0.0013525192208132097,0.00044520197090939915,-0.0006060297414313305,0.028328491122786407,-0.11207818388449807,-0.13421400724869362,-0.010603089791084047,0.004136207515723865,0.0006187750604515248,-0.000611119482371549,-0.0006377719674587132,0.00050696018657421,0.004241273089584176,0.0006685550856476643,-0.00125240145732348,0.02155659547177708,0.008567373614765958,-0.0015369881770253664,-0.04293521507792032,0.007748969957716977,0.14087676603646382,0.1726616175435386,0.008212473428897556,-0.0031694854512431974,0.07262349278129501,0.036980124465617624,0.016765856155244126,0.030816330843958864,-0.002540035256453724,0.010255040520255568,0.020358066756276084,0.01324238171224737,0.0013611063156918405,0.002117660612671075,-0.003921938933322827,0.0032139484936816293,2.9689887564627812e-05,0.0023553603672203426,0.0017549881342095567,0.0030659439188760753,0.059746453885944885
13_3,0.0005556680941071087,0.002519591792203431,0.0011553594451757473,0.001062767961791779,0.0006872484681496725,0.0005721778990538286,0.00019493860641375214,-0.0012335740867229885,0.03335917205342898,-0.11136777153544143,-0.13277007027650584,-0.010332995616744231,0.002280384950483401,0.0033392300203365206,-0.0004090140686634202,-0.00016804352718938084,0.0004171817679924402,0.0035077899227109613,0.0010204890434014208,-0.0015813023982793831,0.024690000183873063,0.007330296582976242,-0.0007762264097929234,-0.04315339079723115,0.0036049661065008947,0.14920691157295443,0.18401486270810924,0.00559615755566738,-0.0030271155677629585,0.07359724582059261,0.08446992515328117,0.021367312228923754,0.033420585530871745,-0.002492151922137409,0.010836315281869142,0.01802848315002442,0.01443019883579534,0.0019557190776373122,0.0020816609014946788,-0.004567681115538413,0.0010920816692299563,-0.000484131914215026,0.001945980864376201,0.0019424960828133514,0.0028080508442861634,0.061049026342900464
13_4,0.0005435469668384732,0.002114013879521851,0.0003345343678099702,0.0007978543496007893,0.0002728028287640122,0.0018080461380957074,0.00038941993993058915,-0.007555220120998817,0.024920183985956267,-0.11034527914598077,-0.1317566483116574,-0.007869340409219381,0.0029202224983948992,0.0036610582616611632,0.00021519090627951433,0.0002870626690582532,0.0006443802242486697,-0.0023075855997180803,0.001018560760971651,-0.0011062769085936747,0.025231135760269228,0.006955565527578904,0.0011292105484179136,-0.04355365845541085,0.0028394834862489958,0.1475286823388219,0.20010906100053197,0.0009025460851851344,-0.0013628552535906843,0.08941809416356239,0.07853940537624488,0.028679956740581238,0.042674326075724675,-0.002526426387074106,-0.011086819776504475,0.01587764320253803,0.14056393100931183,0.0017951154433125146,0.0024456010550328233,-0.004457810577933075,0.0011436201294184958,9.21584048009511e-05,0.001921720120688596,0.0020039859003480797,-0.008985969571248656,0.06088280783852969
13_5,0.0003643152708547116,0.002426070222031164,0.0006770710841613509,0.001077582614592649,0.000860954713328694,0.001074262412221208,0.0007191309791233791,-0.006033008018246398,0.0318135151533,-0.11318210484056007,-0.133573955588813,-0.007926936297677609,0.0019527186490099257,0.004023112000702649,-0.00023210427930660574,-0.002531263120637675,0.0014704530668930248,-0.0019517571861600903,0.0014031290204695338,0.0002116429371787733,0.02335456446905536,0.006349174945917915,0.0002738606109429347,-0.04419406620574853,0.0015202290093732028,-0.04436540453278049,0.21421446733745056,0.006115085406346142,-0.001402025896181286,0.07973216885202958,0.06940077627571016,0.024488432124249795,0.03954932740091706,-0.002900899610163946,-0.006001241694595964,0.015428006427859511,0.12908753835123069,0.0015012215563584013,0.0022715558155460723,-0.003888927368487427,0.0025170469082013576,0.0007088983569990808,0.0019384705321171477,0.0019198623187964166,-0.005830227763118122,0.06907837851183546
14_1,-0.003684396948155112,-0.0026249450036255947,-0.006953401413576071,0.00137380576473755,-0.0017480008310055317,-0.004219399255132025,-0.001553132710705472,0.0012511209561955976,-0.005514783267220968,-0.15226894803043248,-0.1379732587763382,0.007692729538315439,0.00010312688003211817,0.0025756796773674763,-0.0014349273660780283,-0.0011384550864833,0.0008655499705363005,3.775504147827487e-05,-0.0008626685092748281,0.00017535529307623633,-0.01070414152682833,-0.004134767744107649,-0.0018987947452145766,-0.03741585908943912,0.0008017554912803185,-0.2042011769149797,-0.6138633857751012,-0.0008018150297918874,0.0014296150663328014,-0.013937060066950531,-0.01591613892697576,0.00020065519779016147,-0.007414536363695718,-0.0030590952681705877,-0.007895150189896788,0.005814841278016617,0.04402999268536147,-0.0027442030537659363,-0.002932103011408141,-0.005271005775324099,0.002285028012984085,-0.0019643257624288365,-0.0041178585924543125,-0.000987906218333237,0.0004551567613508444,-0.1577358555716673
14_3,-0.004030212451064965,-0.0031895980097098684,-0.0055580104469993286,0.00143254499109448,-0.0027063541394250204,-0.0041518060779109104,-0.0019577769753287505,0.0011159640385097693,-0.005360663314936555,-0.15907741508315676,-0.14475302093430126,0.005826054167657734,7.539750768121826e-05,0.0026944688367254955,-0.0016544583728334101,-0.001934749294903111,0.0008363222628990994,-0.0003071779489873282,-0.0018843186431508378,-8.58358265577917e-05,-0.010934584479155546,-0.004143335511123724,-0.0025829486808375255,-0.04157906667390879,0.0007592442086877943,-0.2071292130058184,-0.6257373963762092,-0.0004335460111709066,0.00136856013876698,-0.014277673721995296,-0.015749380549437517,0.0016060417056852313,-0.006074578675794921,-0.0032860341283314468,-0.007617421193614996,0.0067048779662928415,0.04432556769071489,-0.0034334922639128636,-0.0030386675040259686,-0.00482522210934414,0.002074912837991761,-0.0018373785417751614,-0.004518046465278018,-0.0005664863840890593,0.0004207915150695014,-0.16313374628310995
14_4,-0.001822692311636221,0.0004751061285454139,-0.0025390241297552274,0.001336923089923607,0.00025001691468875897,0.0013079688825928313,-0.00023309527335172036,0.0016520933055670566,-0.006502074456266391,-0.16428684469743746,-0.14758718890229203,0.004480782102694509,0.0006296043221329626,0.002836421443413553,-0.0008847519000960364,-0.001540797232282111,0.0007860776004384313,-0.0002593699105507608,-0.001648407746099228,0.0004518062180060364,-0.010697488219850802,-0.004210175312603384,0.000444880248958028,-0.0453932971636779,0.002247628997202406,-0.21797900571906623,-0.6466791396712964,-0.0002475463127285351,0.0013256990704619196,-0.013722308351047933,-0.016888715448962963,0.0001816119973040478,-0.005297936149529068,-0.0031586265236164274,-0.006251707363833765,0.007693952668170883,0.04525847740101563,-0.0012647067069251193,9.02270177528684e-05,-0.002937136740218786,0.00224344720361455,-0.0004871733874437467,-2.2658987469255726e-05,0.0016301284920511487,0.0008488651646602445,-0.16543257621203805
14_5,-0.003988583659681957,-0.0030409818869179444,-0.007147880823640207,-0.0003501897521025805,-0.0026369480422561648,-0.00427149103119332,-0.0020565387746362025,0.0014235385956956948,-0.006785777493518236,-0.15040222607053685,-0.1377982216899793,0.008676302252928677,-0.0005998490301287881,-0.0006993205787298649,-0.0012561925071492115,-0.000938907237636339,0.0003574015003062858,-0.0028987726228757796,-0.0009642271921141065,0.00010629909599780979,-0.010680417740378536,-0.004015976390045034,-0.0013151147132869183,-0.037019333393384146,-0.005765227883127019,-0.2101381332505612,-0.6134659069977701,-0.004210965250228184,-0.0009699912206591854,-0.014719606164451943,-0.017361067078757297,-0.002666212227286365,-0.005659923173694757,-0.0030241310922517195,-0.007777065859701977,0.007083324809541641,0.04605464679070955,-0.0037984712374001,-0.0029300690866407497,-0.005543527318909477,3.002579715481923e-05,-0.0016474742692860202,-0.004746145799376978,-0.0004413514754857436,0.0004389845032284897,-0.14807944196781567
15_1,0.0021431205813435923,0.004335851580636681,0.0016167079046536209,0.0030937527989652147,0.0012598323831648443,0.005789727273041631,0.001979735414064753,0.0030006296477798054,0.004475272518145921,-0.10924618893163189,-0.13064078562018258,-0.0036097200600260382,-7.899521180638474e-05,0.0028782448674332774,0.0005693345410509197,0.0008021060926096255,0.00026733143295794363,-0.0009956642962419293,0.0006931097260271162,0.001747948523397958,-0.015162631222573417,-0.005017015452105292,-0.0008389318718425821,-0.04140979830842867,0.0030631263959148584,0.15895099070427882,0.22288938401396416,0.005604468792782517,-0.0007980103658897954,-0.04177435866842965,-0.026632316859448953,0.01089635348486342,0.00045879405095726195,-0.0024138696417127796,-0.006809590439209866,0.006129284468291848,0.16743362610396992,0.003350511786097527,0.0035893787381335498,-0.0038538520092815842,0.004193664283214973,0.002044631436732053,0.0037179166215593625,0.0024992197615422663,0.004273281693893726,-0.05463913409129074
15_3,0.00037775859496582266,0.0026338408004053823,0.0007731249139514037,0.0026580291394357088,0.0004987091981726278,0.0046505530679831885,0.001078924571827659,0.003201170547470876,0.0017865910612452122,-0.10612812593950381,-0.13124355344416722,-0.0025932693107612163,0.0007619717941977838,-0.0020069642402425485,-4.958706451317144e-05,-0.0037995779479263704,0.000388287106868716,0.0020428981818170896,0.00041501913462430544,-6.760912216203724e-07,-0.016585174829115364,-0.0053450093233663575,-0.0009949367699422504,-0.042909967202451674,0.004516665613540319,0.1557804216407049,0.2061626331428183,0.0038819477580358357,-0.00013890785954881216,-0.04129501440416165,0.024328096330123065,0.002994560244727959,-0.012442911103454581,-0.0024228262650984956,-0.008575559365128273,0.018734351340888144,0.1603338155902031,0.0021343438270098702,0.002690426975108912,-0.004165827702727363,0.0037053819277921164,0.001108223627974336,0.0024404295608906933,0.0020286834782413457,0.00385542985210402,-0.05351205089728874
15_4,0.0017100701884540785,0.004441156284943367,0.001369803586563076,0.0025927532098038116,0.001119515355900772,0.0056147678116618156,0.0018590163582783994,0.0034747486338475055,-0.004175316447582296,-0.10839375151073366,-0.1307492170724816,-0.0039469638266042845,-0.001545554585300931,0.001943133730610365,-0.00032346247933849007,5.377516291668861e-05,-0.000587359060549224,-0.0012514285753151273,0.0011735195037479973,0.0006627664962536873,-0.015246968973927424,-0.004909949963820144,-0.0006748878244733165,-0.04077439258636256,0.004493934010244999,0.1584378397697365,0.21298676997410823,0.0019874089510253604,-0.0010900353802251563,-0.04189678214154714,-0.020667654119529682,0.009925921860627976,-0.0001527846861917113,-0.0023943330287269763,-0.007251161594024919,0.0038894746989834167,0.16551311796403567,0.0032778586334620803,0.003545592941635056,-0.004157667820378969,0.00406312342475985,0.0017637989225831542,0.003952568193978447,0.0025461527954410285,0.004356707960566183,-0.05450182614419781
15_5,0.0011500768273916165,0.004057832506360608,0.0024314750984695006,0.0021798315356680357,0.001159438092014616,0.005571061575310407,0.001524101099519622,0.003373870953034428,-0.011488556794257468,-0.1073028328093853,-0.12971886000162328,-0.004034440910092725,0.00046902220347851283,0.004102246378849815,0.00034207377934814627,-0.0005918288355659841,-0.001114947957802043,-0.00156096520841383,0.0004061682496716034,-0.0007367363770575903,-0.019003011856675935,-0.007389891500529443,-0.0011595966922605585,-0.03943554872260813,0.003629693249755191,0.16060267121122115,0.21379651350488202,0.007184311115507757,-0.0012105630755299113,-0.04004355175753914,-0.028125579764008972,0.002581760761130521,-0.012488237045309911,-0.0023002334947037598,-0.01040224381455631,0.003858781273544697,0.15718289013307538,0.0027423107944278477,0.003126400434660204,-0.002622723716098305,0.00467681919145979,0.0019249369621807733,0.00392661958798319,0.002313412625374609,0.002976572531821267,-0.053135684492430724
16_1,-0.002826424750693489,-0.002476913302192424,-0.006859565981399384,-0.0009541920948360556,-0.0019057859631152836,-0.0035789407579550994,-0.0016959244315516721,0.0003465040596731542,-0.007659725343538005,-0.17778491872741486,-0.16296993683496241,-0.027061326707933427,0.0005801909195756656,0.004049104068453892,0.0012578160702451339,-0.0008307859069299098,0.0009103142498068167,0.0012944805253582133,-9.510746398857739e-05,0.0009245720360084393,-0.0025308968128086185,-0.003854099402540392,0.0006438897344322488,-0.05617038421547131,0.0048237186476911735,-0.19593999710717372,-0.5776513910447227,-0.0004573356309323769,-0.00038730024572183197,0.01835897497042035,-0.016452701684556592,0.0001281668167428738,-0.006975348867940206,-0.00445430170022414,-0.002174980098693537,0.0024697175358948348,0.04547051774301607,-0.003256051008093967,-0.0019358897308478097,-0.004190823733695222,-0.0007992411119385951,-0.0012193371180365396,-0.00256901274588676,-0.0011072858985768385,-0.00021550025525961575,0.236871937077868
16_3,-0.0028472258979592865,-0.0023741203958315485,-0.006800538396432152,-0.0008683820496238877,-0.0019077470774174893,-0.0034821767833063872,-0.0017003609673598495,0.00042547958697386414,-0.007632248379752483,-0.1779699785178482,-0.16310335569902576,-0.027148822802078285,0.0005761282964307894,0.004042198876422816,0.0015242590733564574,-0.0007995221486119389,0.0008757380826405997,0.001275428228482261,-9.908593102390237e-05,0.0009046847299695199,-0.0029307150568975127,-0.004160200587276454,0.0006977234128258547,-0.056199193349496135,0.002079896886632532,-0.1961853950752845,-0.5777149961099818,-0.00046642490822451795,-0.0004390667560089559,0.0181785365769718,-0.016442255440057948,0.00017454240650113716,-0.006940321497649087,-0.004530961663525922,-0.0021169768022788866,0.00261054949326939,0.046200495634959614,-0.0032692944583385397,-0.0018318587358637903,-0.004178350885102561,-0.0006888255091464016,-0.0012070118638532292,-0.0023809412355334488,-0.001076569631618272,-0.00021034685393893948,0.2356615614716365
16_4,-0.002911294304614347,-0.0025623754627516018,-0.006975580579705148,-0.000945032837988887,-0.0019439921472153181,-0.0036011913273531486,-0.0018685197929460438,0.0003237919262070241,-0.007855419469217355,-0.17831543930773983,-0.16327990721763247,-0.027388101217448748,0.000497822160650126,0.0040041560086891675,0.0014446586990121905,-0.0009327094892872692,0.0008207218128833539,0.0012547023332788005,-9.679200570231483e-05,0.0008838312236679341,-0.003308572559269431,-0.0042280411500972455,0.0006203706022301417,-0.05658784473806179,0.003219306275354072,-0.1969262044048215,-0.5830744721251695,-0.00042141319036994326,-0.0004496668179228138,0.017745017401668926,-0.016481813498795683,-0.00022813755213969012,-0.007346800041821778,-0.004654457279691111,-0.0021635452478867604,0.0024155590080032385,0.04541157717708526,-0.0032636046555842096,-0.002182323685802392,-0.0044740237456324956,-0.0008235078253124768,-0.0012606494209274832,-0.002613225113731236,-0.001253550968581913,-0.0003580319449800138,0.23994858588479315
16_5,-0.0029788865707846197,-0.0027001437771659725,-0.007036988139709685,-0.000952635579316745,-0.0019660648793981324,-0.0036124055932681217,-0.0019221182374144618,0.00033597351225408663,-0.008059318563545925,-0.17857721304496416,-0.16339525291523008,-0.02787494152917644,0.0004720795467395586,0.003976015429558796,0.0014095254169684999,-0.0009719770739845209,0.0008082433496209916,0.0011858978363948859,-0.0001738457693708264,0.0007218652626704418,-0.003832866838292809,-0.004186643325943336,0.0005189888838787504,-0.056371508305424985,0.001685976495624693,-0.1973789274571801,-0.5844663079330302,-0.0006094486860060209,-0.0004964043732748854,0.01752710650530173,-0.01655547361317117,-0.00030191533796400854,-0.007369309287172411,-0.004748358714797674,-0.002283385050088032,0.0023976271386313428,0.045617208877747825,-0.0033032818652849157,-0.0022691341702794623,-0.004736214923111755,-0.000853852464496293,-0.001245772567015241,-0.0026670192067256536,-0.001239764532417331,-0.000287745759383446,0.23804296448565143
17_1,-0.0040041734726882884,-0.0033198593433904685,-0.007865743600777828,-0.002320658899095691,-0.0027805365426652752,-0.004519655087863598,-0.0027904467871631236,-0.00034209840078308575,-0.011670010987237937,-0.21344056386031054,-0.18210511824635892,-0.04403507955876637,4.696852333765019e-05,0.0025849198609130203,-0.002838694685681882,-0.0024308987005880875,0.0011301011243965242,-0.00017621687633433532,-0.0019077560854015372,-0.000853502529536735,-0.005535183418262859,-0.004408116760923161,-0.0019497886668291568,-0.06383528201540066,0.00018259298246112822,-0.23080959349549812,-0.673160320255363,-0.006457106021730877,0.0015498207335022805,-0.013721551379369382,-0.018109759497554067,-0.0034288834905116935,-0.009090098158766458,-0.0029199314058478503,-0.008879499343834883,-0.0021013539885047267,0.04372156858501916,-0.004203015373276813,-0.00415325414564816,-0.006099976479979436,-0.0021710699219872663,-0.0028017776992119185,-0.0041960105601932165,-0.0024506231541061084,-0.0014235578011241436,-0.2298998355552597
17_3,-0.002810424886932377,-0.0028307261782064405,-0.007425027510280985,-0.002245805709005642,-0.002018656719989858,-0.0040942344163116835,-0.002129588893765923,3.651181324000697e-05,-0.009326442529866832,-0.19799268408507956,-0.175992300502281,-0.04267207508444441,0.0016315195642927376,0.003567856981153023,-0.001627779142990807,-0.0019170012750814572,0.0014943759749281196,0.0006946939496258188,-0.001310326752350397,0.0008500691420048084,-0.0027647836350625466,-0.003970498250220484,-0.000774869684870181,-0.05890148945375292,0.001625967993707712,-0.21549930313685642,-0.6400596662955097,-0.0035488264113999754,-0.000433696851050742,-0.012842344059202017,-0.01707944385124536,-0.0020832291828574573,-0.008609686328753866,-0.002711767532357157,-0.007849907291594932,-0.006099407884269689,0.04453755617214182,-0.0028992433114193345,-0.0029360860832324366,-0.005445904665656405,-0.0016472447027572124,-0.001632671649030821,-0.0023786574389165205,-0.0018164264783221585,-0.00101661245483242,-0.20792245294575967
17_4,2.818010736746704e-05,0.0014557984781565852,0.0021333076349023183,0.0018779221228429634,0.00024342808151631986,0.0016237497223567893,0.00038460318383453507,0.0004707409891976393,-0.01022325885205134,-0.2249727053982044,-0.19242691239361628,-0.04295185669943174,-0.00036394002885338544,0.0014120122881956401,-0.0017031955402438542,-0.0019192991365157496,-0.001144535561586138,-0.0013014857767152152,-0.0016394952053540707,0.00028197016740979586,-0.005467803960166525,-0.003597248545111991,-0.00180883998164918,-0.06806082618536306,0.001523382343335432,-0.2416078672240323,-0.7112117415277391,5.444372622119316e-05,0.0008670536204840787,-0.012956977717000833,-0.016396822778761283,-0.0026581905855979685,-0.008360954908249025,-0.0028771699599112574,-0.0078239211515724,-0.0011789858557942627,0.0495802800627212,0.00042875847085521875,0.0012488995045208736,-0.00025307462658708446,0.0032806819281646954,0.00028029342159086945,0.0009735666026640505,0.001224425739931869,0.0004209712755965145,-0.22471733589463558
17_5,-0.0035481914289135752,-0.0029211243234309684,-0.003025897569952103,0.0007913003270274682,-0.0024419678666893012,-0.0043020764256353795,-0.0007063289801244702,0.00031337877686327744,-0.007948026355888814,-0.20240881800977045,-0.1799652141266518,-0.029280978750107742,0.001275473617984796,0.0034349523500680347,-0.0005465831709176409,-0.0013833133809212405,0.0012513147364626679,0.0002400625362375822,-0.0010453801974039264,0.0008612888208364987,-0.0025654131858891703,-0.003007836573975731,-0.001083239587400498,-0.05044002533641728,0.0011646534039840037,-0.22067429737352506,-0.6616248552269016,-0.0008896522407424777,0.001446869640789429,-0.012546027374557456,-0.01704652584599202,-0.0017758894905312748,-0.008390955122260317,-0.0026571292096414447,-0.007275895769544716,-0.006370111255513568,0.043655902076829865,-0.003640963805446526,-0.0040819681757367395,-0.003302331549649807,0.0019489800756367476,-0.0021492136949617384,-0.0038920571820191415,0.0009889977823820718,4.481119211301355e-05,-0.21569104703084493
18_1,-0.002357268995174689,-0.003477436362667688,-0.007192112939871735,-0.0010285148994919335,-7.260290858965292e-05,-0.004383254600181287,-0.0013350103467497888,0.0013449265148133178,-0.010015084122709201,-0.14012947799285597,-0.12905667126841103,0.019380733905668423,0.0009750568790265791,0.0033115086163806665,0.0009666881981609503,-0.0011311993676539525,0.0013603696610072747,-0.0002386657589261658,-0.0022563940316086737,0.0003769481214325491,-0.004448065155829925,-0.003552661706280368,-0.0004982104595294527,-0.034676402799097235,0.001917177272980779,-0.12822529298531374,-0.5849255472259212,-0.004434995955606868,0.0016709824173876632,-0.014465742670777427,-0.018407340837848677,8.940758357597024e-05,-0.007226659308980461,-0.002110517317311726,-0.007531812413954946,0.00172428788740122,0.04742853925093023,-0.001957522546907029,-0.0022256522990127645,-0.004813423292837776,-0.0007289032718695356,-0.000467683325359919,-0.001391237862346865,-0.0008669176159089181,-0.00031622299651609914,-0.14547908178742036
18_3,-0.0042015251100099155,-0.006987553410319218,-0.01230672343035057,-0.0011150438701736476,-0.0012173829490744839,-0.007123551103417076,-0.0025947489662960736,0.002537659354641494,-0.016772353791599966,-0.14472349351607533,-0.11627209905994218,0.010717678152186674,-0.005640085450023974,0.0017126623300388088,-0.006480465631484218,-0.007341915117521102,0.0008762661987252469,-0.00031786131798168006,-0.006804841126582047,-0.003920267192420172,-0.013696714999237298,-0.007702497565376743,-0.000556933129817148,-0.033599809518176676,0.000678423420977045,0.04689577884619992,-0.2729810041222336,-0.009766873729399383,0.0013981992672679638,-0.03106363552825684,-0.02968064823984957,-0.0020123361564642842,-0.016032437134818035,-0.0022042432273478144,-0.00903318296843388,-0.0036685899404243906,0.0692270232663734,-0.004501173019990453,-0.003924464915904196,-0.007736819857388981,-0.0006787292509904362,-0.00032899421362335684,-0.003078346061909169,-0.0018717486446339713,9.969199119617519e-05,-0.10664183460786111
18_4,-0.003490401224464802,0.0003291693905656028,0.0008233020948537916,0.0020706793749614965,-0.001392251398312293,-0.003034066612453434,-0.0004499780937147126,0.0014207904779025573,-0.008838073011836095,-0.17376966377195407,-0.15084014781781774,0.011139339043898572,0.0009914920568280673,0.0031418431686534493,-0.0010534869028997371,-0.0011649641473636498,0.0010660394829129013,-7.717025583096703e-05,-0.000978186232686101,0.00039989660121825363,-0.005366932854613708,-0.003670788078157851,-0.0016735343146490392,-0.051882144008161775,0.0016400285103388885,-0.20477045428579774,-0.6338414916991613,-5.703658027843758e-06,0.0010389088082925612,-0.01232981125212657,-0.015290489559113963,-0.0018928856831424766,-0.006427466204798089,-0.002406331459334028,-0.007346932857799883,0.008985120507417293,0.04714953171961523,-0.0032370327755466962,0.00031546344329762814,-0.0014207165526142643,0.003746781117855876,-0.0016602169547492492,-0.001991098288463963,0.001475558531782827,0.0009122419375932059,-0.17495787260627663
18_5,-0.004143574387383431,-0.0056586233938696814,-0.006531273196394129,0.0016933259071873008,-0.0012551642340180437,-0.005711969070113191,-0.0020274433728294256,0.0017574311690616304,-0.010585597905465967,-0.1447922137573556,-0.12991381675130423,0.017162639082628627,-0.004821401504379077,-0.0008236823110996734,-0.0025866471802431946,-0.004048298700198817,-0.000342043036795693,-0.0004856583702538619,-0.003414878005748219,-0.0017671219350600695,-0.005319362213801448,-0.0051383075437691295,-0.001093178397129234,-0.03579124637220343,0.0023680755599643,0.017346208877596785,-0.5901106671106904,0.0010560403256270308,0.0011698142020988573,-0.020661493954429226,-0.023412705767293627,-0.0010440677828258717,-0.008791856313550374,-0.0013235122530161519,-0.00789974466641691,-0.0019260524922431218,0.05288722650199903,-0.0031026099497969695,-0.004252418652533031,-0.006210719395661548,0.0020793580446673995,-0.0003623162424101329,-0.002529734393196924,-0.0008820922624383064,1.8125060219738498e-05,-0.14412635318436046
19_1,0.0029710104248245038,0.0018785015830533316,0.0070693781201754515,0.003172662183264845,0.0035909106403558978,0.0028022383553930846,0.004114880794444679,-0.0032888147501713223,0.004840821379163031,-0.21594667216869506,-0.19330613979658734,-0.03510600848433826,0.000197138889102032,0.0032187690339213716,0.0027388540311426655,0.0018510224068190582,0.0009747429403625502,-0.0003238432542382097,0.0006323905985119565,0.0019429769793545605,0.002642231144771437,-0.0036305337259514565,0.0005432161865072639,-0.06593561300351579,0.00387571174624788,-0.26144029009654823,-0.7478543176373439,-0.0008086113617268501,0.001033178759284199,0.022863888366452645,0.015874277738134566,0.008520604497386751,0.016085919715480703,-0.0025431473098665963,-0.004574658924965807,0.00788407256839114,0.052437156982231226,0.0024529631314150085,0.0036274516047644935,0.0016108490272543079,0.0033485962757352555,0.0021556333392597393,0.0027401035602682374,0.004283495797749691,-0.0021343123549060414,-0.17578333833225038
19_3,0.0028869733078014277,0.0018688010066213638,0.007109734803594742,0.00326779368918575,0.0032693220201837274,0.0032218204477105707,0.0009539669649498768,-0.0020320769812605293,0.004556391795544046,-0.2153715841416254,-0.1934046019917365,-0.035242719830468845,0.00023480820900095614,0.0038457766392606925,0.0007004154896421712,0.00011356054230275337,0.0007724753396954104,-0.0002843423823597629,0.000747934256357525,0.001490903535898867,-0.0014759908099151104,-0.003582901320133511,0.0005853876805534556,-0.06613592492092174,0.0022464254090026866,-0.260559960941437,-0.7378826398661089,-0.0004668209534095102,0.0010513653331532251,0.02801553978045655,0.01563098613743082,0.007671062929016191,0.015640422400064906,-0.0025407671477489196,-0.008919021851796652,0.009373267477584905,0.05303507654823162,0.0025241552737968547,0.003325806598740978,0.0011926573410473728,0.0031354751377085177,0.002253488315498507,0.0026212027564805735,0.004106214543766911,-0.001745569293881895,-0.18042735946083466
19_4,0.0031184529914066498,0.0019689457756989596,0.007106564936781579,0.0031649200748718746,0.003533683909410131,0.002859621246128352,0.004032030073332657,-0.003290760422302866,-1.7225197068530895e-05,-0.21526415324014259,-0.19325743843052093,-0.035219399356134135,0.0002607917464872303,0.0031942964483038074,0.002505268258732143,0.0017729472436605657,0.0008314922958676708,-0.00031201247936416367,0.0004701405517800321,0.001733696858546863,0.002139427722962173,-0.0035291414678089755,0.0004340673690548309,-0.06552470302095115,0.0018592393215927008,-0.2542115114530617,-0.7357267981711302,-0.0008187335999790298,0.0010624875842366246,0.021912404934578418,-3.308631827363979e-05,0.006525288229235681,0.015087171732844717,-0.0025594820174693785,-0.004322636331983012,0.009004618533422937,0.05291868720871642,0.0025683391863349663,0.0035332703963654026,0.0015885936461514378,0.0032302112711495292,0.0018268764693155103,0.0027867821748611475,0.004161807695571769,-0.0021742686577615367,-0.17594538997259218
19_5,0.003342001841248324,0.0021074140608792922,0.007295998833300733,0.0033891508870870202,0.004226471905622109,0.0034051324260723306,0.000991268099402773,-0.0028557849984361962,0.0005664401030747656,-0.2146541317582309,-0.19296015302283437,-0.03448821718409643,0.00025108503637373054,0.0032801973440067236,0.002814399153682286,0.0019602932086399396,0.0009060890470343768,-0.0002525911315365239,0.000675630003293849,0.0016994177353716617,0.002795589473350847,-0.0035657545233595722,0.000928273542025032,-0.06565859139571209,0.00228028592794813,-0.2561369754084753,-0.7432068947060871,-0.00039199786878293654,0.0010724583124739732,0.022898721872276998,0.01517937167945972,0.008494173773419274,0.015763485411262303,-0.002573482120499795,-0.004647383814931486,0.00817055701197784,0.05275666344437228,0.0029041287879162047,0.003908578451588293,0.0017606364687980875,0.0036174697170859495,0.0023386599125600565,0.0028374108312519126,0.004418273571874873,-0.0018573579306365795,-0.1727435233933804
1_1,0.0012250984652336756,-0.0001987713706230067,0.0011239710078987612,0.0003790103031862989,0.0013656955989850448,-0.0009367828862206938,-0.0009710552077424878,-0.005207504473980684,0.0052682264837337085,-0.16569245568853677,-0.1635217219351334,-0.026673199513313345,-0.001312400013237393,-0.002675537800010973,-0.00015755696955662443,0.003028355192948125,-0.001296162355267706,-0.013177324469137636,0.001634597225250334,0.002740638829859676,-0.003148255468125542,-0.0020227464889776585,-0.0017599674295383355,-0.05542381934707766,-0.02046241190964867,-0.14297692630259035,-0.4294533782658628,-0.003926884924080565,-0.006792743761894184,0.021477715077736787,0.023546461447360625,-0.005915562757414449,0.008728881227404088,-0.004585321926815214,0.011926316212937379,0.0072897045622773,-0.2692300593454179,-0.0002002824697615151,0.0002482861627029917,-0.0026525016956942616,0.0005002888913394335,-0.0006025490446587475,0.00012358447219815345,-0.0002908319831389804,-0.005004220803920174,0.1449802161274691
1_3,0.0013450149641173125,0.00039230401944787734,0.0014797684140452267,0.001228636345287692,0.0014716365711860166,0.0005604816984236248,0.00035815755954576596,-0.004656687523688105,0.006209334908271107,-0.16432360462069154,-0.16237315334266497,-0.026317000933708187,-0.0012033881529236136,-7.157189712003181e-05,-0.00024556251625969965,0.0029597350236982797,0.00035519659345921423,0.0009055421260764902,0.002443871345720739,0.002588746618109857,-0.008120280621088431,0.0032181706444828926,-0.0009385273090115696,-0.0560077436911471,0.004521973700124937,-0.1371153043837821,-0.44934349304137805,-0.0037116115907645094,-0.00472939106729454,0.018858058624002208,0.023750811670357336,-0.00421058829085127,0.009981253902148442,-0.004696830978817972,0.009483807722729401,0.0035847450610599096,-0.2440486487577138,0.0008029718509896919,0.0013078674897256208,-0.0009761669713502094,0.001385853182129766,0.0005412513515674337,0.0007583343624306363,0.0015404905968526834,-0.004048289335336284,0.1826019398662873
1_4,0.0016415901724920387,0.0005228456668587161,0.0015335545552804144,0.0011854293308895386,0.0016134516175432285,0.0005907529652349373,-0.00015489845267473292,-0.004393914764577149,0.009366958263294025,-0.1636432456080311,-0.1613617112385818,-0.02582872350572609,0.001220914614585844,-0.002215775298388503,0.0022138237053047865,0.00418145061497755,-0.0002221911192676886,0.0012811628985706953,0.0025624776927938428,0.003024779362855382,-0.005613978580802053,0.0004379308697651838,-0.0005545853467498308,-0.05513247491992755,0.008953859059945623,-0.1313079454909162,-0.44389378695693893,-0.003412523611377803,-0.005424457955996305,0.019213913400845772,0.024266285012388443,-0.0024639369715894577,0.011922668872508922,-0.004415417181630153,0.009846066074230775,0.0034831674248484994,-0.24350391843847854,0.0009482893566265687,0.0013272446618326585,-0.0011147309885174196,0.001476554310783428,0.0005449245606476405,0.0008643394695470026,0.0011876315410866303,-0.004065982244922243,0.18613258683133435
1_5,0.0009466406546653311,-0.00023786902260314842,0.0010355311877118236,0.00034138750601041745,0.0013497086946422953,-0.00028749538094502555,-0.0011118054483752254,-0.005043680582133857,0.005044853973333243,-0.16716467426391426,-0.16453137143774083,-0.027282457507793425,0.00012902919291704783,0.0032473926700695033,-0.00034463034165215455,0.0016962281559210867,0.0005420974074369254,0.0006426834905214566,0.0013172197969858097,0.0014414362539146167,-0.007224566322943498,-0.001760510360045172,-0.0016467078799945753,-0.05671408505389609,0.0026872921132172164,-0.13964738672833524,-0.4581302270016259,-0.003258016096327978,-0.00425170971061365,0.018694461045544092,0.023116121993646543,-0.006463226802574123,0.00831773238626701,-0.005163391151332162,0.009325883324881766,0.003394547412545135,-0.24270032386592358,-3.2666326988811735e-05,0.0001374520822066567,-0.002981955291148101,0.00043678362841152024,-0.0008351898632911898,0.00037148878471025685,-0.0003249140360347551,-0.004956562948913172,0.17489067446010426
20_1,-0.0014348965197555268,-0.001820677086170112,-0.003902366086496633,-0.0021072913098160308,-0.0004444222023805407,-0.0004629655520495091,-9.654134610763231e-05,-0.018736821442063237,-0.01723383823883964,-0.16281751221097607,-0.17186226432797524,-0.021390902271481077,-0.0018439264894738214,-0.00669864642679687,-0.0025765149206801586,-0.006814661730812529,-0.00023284142835849322,0.0013041007507368304,-0.0021612856099022196,-0.002485792117573463,0.0026519404767001782,-0.010227983055215426,-0.003278640280812209,-0.09548237003464688,-0.012918042916808524,0.061706783835337634,-0.030647342413007234,-0.008728522597104186,-0.007242883384132378,0.046804320392908175,-0.021487147760522164,-0.022896981728374118,-0.027830090066098743,-0.0023872005807944693,0.008574446685689064,-0.009004197898946615,-0.8585075829959063,-0.002206160373955003,0.0006388005740626865,-0.010188444715661998,-0.004621967758128462,-0.0022758438964151253,-0.00016724833943127732,-0.001859887852630538,-0.006706291026943106,-0.05591622140319178
20_3,-0.0021981902208641556,-0.0018303513952208782,-0.004416720832048813,-0.004884714469986032,-0.0017956413972805181,-0.001386909352268711,-0.00047559572140469525,-0.039048304831701464,-0.024645750856494678,-0.1650753482192732,-0.17376205597911742,-0.025240857202654312,-0.0020594661168494705,0.00041402601425399844,-0.004147491512998486,-0.011407914114325677,-0.0027317214313634006,-0.0031047262285001805,-0.02251295735072108,-0.005216853321697467,-0.007844755813301069,-0.011738472626083048,-0.003834197441219743,-0.09807883316815756,-0.013158024706783584,0.03957922358907814,-0.06738425614749236,-0.007036593432880431,-0.007797978363192902,-0.03375472771473623,-0.0024139807867532884,-0.036256579385665975,-0.03369548543775308,-0.0023820755797670477,0.007874128776111407,-0.013315039567519733,-0.898390710263228,-0.0030674000071542933,0.00031549229898692724,-0.010847193936253063,-0.005239376068314892,-0.0034911002277764544,-0.0004341421474445532,-0.002107718674119296,-0.029504612953806127,-0.05712794280127655
20_4,-0.0015043430937232076,-0.0015772145790372528,-0.0034169052267204957,-0.004584028018635354,-0.00031891010237602107,-0.0002223939293706684,-4.502147119089774e-05,-0.03490722690517674,-0.01814987617668247,-0.16313042175486372,-0.17230143828877117,-0.02266017036492302,-5.2930447842059684e-05,-0.0030866132942361977,-0.0028317133374403756,-0.006264594029803723,-0.0004713402044345147,-0.0005874898826882703,-0.0015502552609955413,-0.0009929678256927145,-0.00805208687244602,-0.010612615464148765,-0.0036837418833994577,-0.0978982397562648,-0.01314790797128933,0.047215018536693576,-0.046339553888546936,-0.007998925149070087,-0.007240665090089839,-0.02837263491528709,-0.0007210299174944339,-0.035152819818605276,-0.030729296715363588,-0.002391661442440493,0.013375955061671017,0.015686613068217108,-0.8974813519297533,-0.0028693644604421524,0.00018039375644164908,-0.010201699985643733,-0.004926036204115445,-0.004631127665226234,0.00018225283487317053,-0.0020316775301458356,-0.02915169292440108,-0.05613408848890445
20_5,-0.0017484443244603852,-0.0014661704744686726,-0.0036683833935186425,-0.004800935976947785,-0.0004716252131088582,-0.0006359680662336636,-6.181459308547578e-05,-0.03727618956115584,-0.006016470185199324,-0.16132463385050028,-0.17157907657251825,-0.022781463714084193,-8.085696997370142e-05,0.0004470378499095818,-0.0028144664355400674,-0.006979928021628732,0.0012733710928563523,-0.0025712406146443166,-0.002440115644812289,-0.0022666933894923027,-0.00496768594672798,-0.010436269410104731,-0.0037006625866222997,-0.09664365027397269,-0.009549602444963064,0.04833473219822745,-0.04775056570497675,-0.007982302282283298,-0.007298767702487531,-0.029651720955733724,0.0041775239737737386,-0.025044980726192455,-0.03008385510899323,-0.0023857588187851083,0.009848075071477811,-0.009373250664488453,-0.8869599727910775,-0.002382866649811809,0.0004246282515885392,-0.01057603787145309,-0.003651546540139912,-0.0027969612998516736,-9.436585980687839e-05,-0.0018717715145205982,-0.029180015965418665,-0.05671946928703787
21_1,-0.0029377858058901286,-0.0028216654837746433,0.0012163659910217422,0.0022186422911593217,-0.0020704354434584993,-0.003535663514320611,-0.00019597488092437334,0.001432547756058076,-0.008177399248083974,-0.18872665186548113,-0.1688957849714108,-0.027319035279249306,-0.00030387935117975147,0.002803142882184917,-0.0005041065056332826,0.0007932118543535215,0.0006339307518622334,0.0010060046602562228,0.0008191781777151066,0.0014629074345639684,-0.016145774029509435,-0.005698295337359673,0.0005965367701848752,-0.06025502857009923,0.002264224143512146,-0.19405013784510367,-0.5857091498879621,-0.0007586225085881698,-0.0006004510008262533,0.015327544311193859,-0.016007039995669565,0.0019965521641663654,-0.006482669506715262,-0.004229456114872998,-0.0025002294289900944,0.0052218316487150675,0.04831922970173696,-0.0033107599483495906,-0.0024113510187568007,-0.0004649344537440084,0.003107858018804269,-0.0014222872053665154,-0.002541717858524032,0.0015686182543957563,0.0014734599325149568,0.24643777372440173
21_3,-0.0011805420131556746,0.0018559694182428111,0.002405426381509269,0.0017240647108721157,-0.002063487873052831,-0.003843284507535725,-0.0004308381655528996,0.0012691148174990739,-0.008331571697525148,-0.189631099405978,-0.17068128226845586,-0.029694102444095306,6.230262004651661e-05,0.00247858821915605,0.00021327354290256157,0.0008730383510896801,0.0004519168827552563,0.0011100781269678612,0.0010777779536802299,0.0019613340188059307,-0.01744163890009102,-0.005511807631951254,9.386744388125451e-05,-0.060540365891934955,0.0015836004879318014,-0.20163763069140206,-0.6004503804923587,-0.0015454661861127367,-0.0008740362029200797,0.015649591459805132,-0.015621748361686465,-0.0007786599196564836,-0.006451116530434855,-0.0003655871805751029,-0.003293492131251368,0.00982994604211165,0.04949375713311437,-0.0008211996110345985,0.0015538123433500722,-0.00040211078215852877,0.0024888433274462157,-0.0015060308127437564,-0.0030719265868099847,0.001425894492715207,0.0013289196806122168,0.2493478743192518
21_4,-0.003042902144280078,-0.002951124022460161,-0.0021451328614220362,0.002022998485423038,-0.001814845628455531,-0.0036486501241706605,0.00016981807094814424,0.001442019498473538,-0.007481316549638467,-0.18477522517300285,-0.1679518399131362,-0.027033765283247874,-0.0006183810479769042,0.0016582667605379584,-0.0009784197071346099,-0.00011348807332309518,0.0005095331805585914,0.0007555672175586168,0.0006141864636495235,0.0013280471972146194,0.004385022748345892,-0.005413574343623938,0.0006091583947220134,-0.060045406360819516,0.0025419825629149815,-0.18950988262347987,-0.5747010014569965,-0.0011582678814311105,-0.0006690372485354525,0.015548289818572904,-0.01609138204642303,0.0017541119780111656,-0.006601087256462404,-0.0005735395302483043,-0.0032572327582026097,0.005209875108088487,0.04792669923189805,-0.003599641977093679,-0.0024958691606791874,-0.0022557318708134274,0.0029583939822370284,-0.0014604788475552103,-0.0029872685519013523,0.001635975774899714,0.0015410881746647925,0.25821022789111725
21_5,-0.003359456202573819,-0.004737443094020513,-0.007321490616003448,0.0010546103048521822,-0.001980844419309108,-0.004618861999786779,-0.001867185674019298,0.00027679277103009235,-0.013126774847132964,-0.1844491264977632,-0.1636018131620208,-0.026275031469666716,-0.0009035022548823504,-0.0015688461369991408,0.00036729637133164385,-0.0008158494313389499,0.0004074534490292773,-0.0038784633264267276,0.0009383050679195986,-0.000902055897593928,-0.01991493775937235,-0.008060021049440499,5.149648501041579e-05,-0.05889925464829392,0.003699080376513945,-0.19468864996694055,-0.342276663475078,-0.0025947810552695715,-0.0020261626152768618,0.01839050514887601,-0.020802723778872125,-0.00024196201387661085,-0.011334639431871778,-0.0036152048546473498,-0.0052008481080024725,0.006036924282722535,0.05685186654914761,-0.004811854011555893,-0.0035267612512891303,-0.0038166368224742805,0.002599588473356734,-0.0025072830548286064,-0.003190679730379468,0.0010003163042904902,0.0019195786509207011,0.19884553314697614
22_1,-0.002661726188305782,-0.002854613369326782,0.0007903341102139461,0.001889979905201495,-0.0013475985897016944,-0.0032784666244326153,0.0003752117621223158,0.0014041349753808356,-0.006023283309839336,-0.18802354794602494,-0.1689306670969309,-0.02375107635898058,0.0004893213508334583,0.0029202596258444723,0.0003487126275014595,0.0006672398480156675,0.0007316054729049182,0.0015432440932635206,0.0013051637483947357,0.0022737709827994695,0.016513469346028566,-0.0009150918336070429,0.0006690678325616988,-0.05943728988995708,0.002339739590509459,-0.18768611308498748,-0.5767619021099832,-0.0007579354675503019,-0.00012447388712395784,0.017289398998497046,-0.016149859285940826,0.0035462344296159094,-0.0035245144591008774,0.003547415402542715,-0.0029253703130906585,0.010867733410251079,0.04924916267369657,-0.002999542763222204,-0.0027531677440115862,-0.0009668267458428235,0.0028703805048491894,-0.0011743698651302196,-0.0030280947355236054,0.0018205431829224938,0.0013855481164575056,0.27360064797361394
22_3,0.0013210081521660782,0.0018728304131165427,0.0025881472370505427,0.002023337394787411,-0.0012267628641123352,-0.0029495431013492287,0.00013092599258431612,0.0019415592737203808,-0.005748272673845241,-0.19057677147469418,-0.17186377760498373,-0.023183144491516476,0.0011297520422346799,0.0036713906267620685,0.0010807809028534584,0.0020013527786975948,0.0015362393199473533,0.002274603580350742,0.0019462406518349943,0.003733497324529573,0.02113769377864104,-0.0009605094690909155,0.0010183462240643322,-0.059258912981855226,0.0047493574202275264,-0.19475963860899126,-0.5872242440873767,-0.0002753538740918056,0.00012980094832985834,0.018480281858147447,-0.015852026942321358,0.005694452802681198,-0.003470911302457807,0.004436663860123632,-0.002525723157951861,0.009925856058840193,0.05165218521084622,0.002470882132763517,0.001924724840616909,-6.74901626044662e-05,0.0031736267929106505,-0.0009775218325512247,-0.0024792059269727637,0.0018169871389507191,0.0016972903045400349,0.2761962091660518
22_4,0.00029950723845229964,0.002036154231979868,0.0023835497280056766,0.0015192244121664366,0.0009331809229565598,0.0026147643841908045,0.00102991867723479,0.001056318548944936,-0.005730648860069244,-0.19071286872563284,-0.17077762009295375,-0.023387945068811335,0.0006095318977702815,0.0009217935259693273,-0.0018457151483406904,-0.0004239547804699063,-0.00014653132726539784,0.000287545523421081,0.000736215691769314,-0.0005048634417570274,0.014691236753338614,-0.002382123861476407,0.0009240839716734993,-0.060821900658288595,0.0028120109326836007,-0.19687607885120442,-0.5987552977307149,2.831053815385901e-06,-0.0002573907113964944,0.018081276636881013,-0.015186805431881565,0.004136405707668748,-0.0031521960237679194,0.003152283210295499,-0.002829371606882216,0.007936817305796769,0.05319574507227496,0.0011085420222957272,0.001944928273704679,-8.784236970836787e-05,0.001088474825825627,0.0007901425108471571,0.0020462762048127194,0.002066424874736047,0.0012334141534220914,0.26185756249687325
22_5,-0.0029810207246704174,-0.0032769372859745797,-0.005102681828822227,0.002013982874182948,-0.001820614509963276,-0.0036079618879225886,-0.00010533191818177138,0.0018676492839606567,-0.0060050052293001656,-0.18199169981920937,-0.1624754428343425,-0.02251081085642812,-0.00042962313243159153,-0.002011181553372376,-0.0004968977811028814,-0.00027419863302527713,-0.0004099442775706363,-0.0040612395227650365,0.000974255892301589,-0.0008910764349339838,0.01576242698607958,-0.0016781012110884347,0.0005538964086589069,-0.05835732784719398,0.004021176122414183,-0.18655371038086765,-0.5697939141006801,-0.0006114647293602299,-0.00015177182895145623,0.018113765682282502,-0.01592384739533402,0.0016513164973357764,-0.006809039813210441,0.0020550021982878794,-0.0025959201442803414,0.007082882483653639,0.04883823902310405,-0.003534000841198689,-0.0025492999298761345,-0.004049617288250058,0.003082032269150381,-0.0013608023012757653,-0.002741167850233233,0.0016239124606255567,0.0016688816668651843,0.2664406040009692
23_1,-0.0033568992109174653,-0.002900179360824891,-0.007878949865195868,-0.0022679110297338097,-0.0029094714561320903,-0.004564499672928906,-0.002131740469362816,-0.0006130940447976289,-0.011444665253030936,-0.21437616573442878,-0.18704616775177413,-0.04338222467161223,-0.001960138914789731,-0.0014812513720584674,-0.001054271205820852,-0.0011178142646261905,-0.0010313178550017564,-0.00020692709198651496,-6.407167057979505e-05,-0.0010723845994302325,0.001519007268585609,-0.0029625303226003194,0.0008755471544471876,-0.06584603620503886,0.001645953561752883,-0.2544087381894641,-0.7175272798786286,-0.0006189428873963837,-0.0002553963007619971,0.018875538154722572,-0.017073277449935493,-0.00216087905860096,-0.00907833535250923,-0.0027309964193682748,-0.003338952195443082,-0.0027393156565247443,0.046931801434408865,-0.004164396491791137,-0.0031981844845878327,-0.005248946946356496,-0.0023064220201812354,-0.002286899990341035,-0.0029151189024170287,-0.002226634006314523,-0.0009372115418653549,-0.2076317203214764
23_3,-0.0036353761664476274,-0.003159283778918635,-0.007930844471559327,-0.0023156035371908385,-0.0031037668346721547,-0.00478459432203207,-0.002261357044858257,-0.0006833965334090426,-0.011514594469320238,-0.21558298259098727,-0.1880544890479331,-0.04562101772982828,-0.0007664299036964281,-0.0015826423802921693,-0.001650068630119456,-0.0011994059332073603,-0.0012282863399067886,-0.0013194446824297025,-0.0003099931226803196,-0.0015701442918836695,0.0014649437406218636,-0.0032745830971538034,0.0006841134813545826,-0.06614981832640168,0.0015805009482108264,-0.25734211570874665,-0.7217343635786645,-0.0006614626409287544,-0.0002922402818818728,0.017886784455917883,-0.01938240543554285,-0.0024146288681363825,-0.009464409609643579,-0.0027424757964170103,-0.0034682799495893667,-0.0032664968232528646,0.04690195685072364,-0.004377535169938079,-0.0036551630317075965,-0.005330620763134307,-0.002389804864911758,-0.0025571133318241573,-0.003045549358911556,-0.0024356054585772335,-0.0011469609125533955,-0.20887308275411368
23_4,-0.003282629917828123,-0.0031141234645112627,-0.007950593090287257,-0.0021838428023279017,-0.0028303989763416824,-0.004737850086829796,-0.0020967034986081197,-0.0005978027718493943,-0.011242902664818593,-0.21407726192449897,-0.1872340895409879,-0.04313805227697957,-0.0006819930642617282,-0.002018578330309536,-0.0010109772256746484,-0.000740806228910544,-0.0011309723941139655,-0.0035313586693825534,-9.064403194252692e-05,-0.00099400916806518,0.001845892274899082,-0.003007762718141384,0.0009900097550114484,-0.06546690633133602,0.002118956420551987,-0.2566231723587028,-0.7178412236143129,-0.00047255459666040633,-4.762693949789007e-05,0.018135937342615333,-0.01686435078197557,-0.002113054437409819,-0.008990243906320125,-0.0027268441719164446,-0.0033854945758203347,-0.002674811731601382,0.04662562678310771,-0.0039948467801322815,-0.0033096085986372872,-0.00523698461006645,-0.00219801936223772,-0.0022823301383106376,-0.002840933641936205,-0.002246028232900319,-0.000972739123697371,-0.20132172884732646
23_5,-0.0033239251573628946,-0.0029913765613264432,-0.007891246940704064,-0.0022043184227162793,-0.0028328172362690448,-0.00469036295362047,-0.0022351313135557187,-0.0005714389935694437,-0.011224360405886789,-0.21447658407468598,-0.18716769201342712,-0.043220222235000064,-0.0005894351110399753,-0.0020187053796662377,-0.0010743409686257996,-0.0010153588676396668,-0.0010138294913093415,-0.001174195802678854,-4.743297667027075e-05,-0.001091770643829983,0.0014175130166636171,-0.003061458507151246,0.0007686157160102745,-0.06545024763448273,0.0028435756655399106,-0.25586503787143855,-0.7173192259285591,-0.0013333671687284605,-0.00020644935719363327,0.017701432758236043,-0.016974732330004016,-0.0021894266742149065,-0.009216419664388268,-0.002739299349292674,-0.0033290408889871136,-0.002523950271552169,0.04677283201292682,-0.004045675633693981,-0.0033531968231761303,-0.005315419371144695,-0.0023255777187184455,-0.002258919591867902,-0.002930191601921792,-0.0022850022608470457,-0.0009687615926435326,-0.2065415448411743
24_1,0.0008193064736698661,0.0014111531843954523,0.0011379467017169004,0.0001215140723586983,-0.00014669505687125853,0.0017276704630730397,-9.725991892634083e-05,-0.009743993248018645,0.014724312451767233,-0.1280766505507126,-0.14578074862914464,-0.012796236258038073,0.0012934841745174963,-0.0036827545207180194,-0.00031648244603200276,-0.0027167675274302754,-0.0009020766851975821,0.0008365469097509065,0.0002320079813636865,-0.0018275716202891714,0.008292555314400252,-0.0008829823358169412,0.00012064061955924403,-0.05940029619058763,-0.0026381791501307213,0.12986776343120382,0.1268259981870472,0.0008741147913210478,-0.00017091941523488663,0.0581196662217793,0.017239334953561225,-0.020519333382244615,0.02528851069757531,-0.002650750809133088,-0.015103614400579527,-0.00072510721299241,0.1336696326618757,0.0013060621584845128,0.0008571253906609162,-0.005446366719885665,0.0002762701473011277,-0.00045349042643000337,0.0014090647785346927,0.0010530366129846873,-0.009126384723919988,0.05895125570217562
24_3,-0.00046774796434167706,0.0011970327876156298,0.000621022782696044,0.0005481012933621147,-0.0003713173705706345,0.0015251258667620322,-0.00026726478462982137,-0.009781010574259329,0.015075102148651843,-0.12892276172715716,-0.14699941072608178,-0.014054888665875592,-0.002068605542150597,0.0031909774598233723,0.0009031624838920033,0.0031566400671538793,-0.0003499552347689631,-0.0012038870617282675,0.0023709280466077567,0.0029399790417535014,0.009749225198004,-0.0019305774558935917,0.0003371706697111758,-0.060053293219432376,-0.0017858478133076006,0.12876630678952647,0.12708532426024763,0.0005197213873174915,-0.00019437281435783616,0.05812517948108811,0.02350284788375933,-0.019422866727401563,0.024801729096634653,-0.002694697185588287,-0.01563506156487872,-0.00167138029461233,0.13432446948080207,0.000832712772554905,0.0006469678891696756,-0.005691072992520577,0.0005514353884622407,-0.00040008746730520737,0.0012840727727818448,0.0007384526346664384,-0.009227230529205351,0.06012309252166112
24_4,-0.0009003410763972216,0.0011696606192698005,0.000596266836543872,0.00043254265793122855,-0.0004062211476282062,0.0012087879033845692,-0.0008472562656023973,-0.010309023209820342,0.023052679264798835,-0.12848704545257447,-0.14556515777131251,-0.013036838096581736,0.0012736561095417053,-0.003996995976650096,-0.000710701506267742,-0.002706851064496851,-0.00018099299438388943,-0.0024792638343997895,-0.0002414589980488664,-0.001893874809586084,0.007411381427141391,-0.0012841868788120972,2.658006774773395e-05,-0.06013350854378476,-0.0035034124107234466,0.12713609819956306,0.12514990111547755,0.0003561215319640517,-0.0010258061452885021,0.05618216930726406,0.01611739068968134,-0.02278993281122277,0.024166128203678753,-0.002689678700868619,-0.015608194183187148,-0.0018379718575181002,0.1320210874082031,0.0007568421477720411,0.0005716214832864192,-0.0057936980425123295,9.767888360608914e-05,-0.0007716858141479902,0.0010138361266837023,0.00012172373902551307,-0.009935038953845428,0.058166695042606145
24_5,0.0005971263265416761,0.001179754639262979,0.0006538577428329985,0.0006677637950226993,-0.0003075060834914214,0.0012630829881672522,-0.0005253226626886143,-0.009511019187535143,0.012364078163851702,-0.12831389367908827,-0.14686268116366386,-0.012978258470695794,-0.002965454122079191,-0.002868881017301947,-0.0004177602951120086,-0.002621836097787516,-0.0008732994195072781,-0.0023207036041705325,0.00042548290556162154,-0.001945538874147943,0.008744522932994318,-0.0011452016657593452,0.00016534733812395154,-0.05973591524156873,-0.002067979010527559,0.1263276648305863,0.1240088723302366,0.0005543371320398138,-0.0006916048680132834,0.056894608466385055,0.019872867277275448,-0.020140993888337098,0.02504884496283044,-0.0026548233104504485,-0.01514888511212593,-0.002353081568840006,0.1332164594905189,0.0011843496591795492,0.000601521928104016,-0.005726933798470975,1.2618359370560132e-06,-0.0006146475030243768,0.0010170244218068707,0.000798411464392202,-0.008907542818538266,0.05907114766908253
2_1,-0.008587512062099107,-0.008362549930102802,-0.021538031894407693,-0.00896632096999831,-0.008590155401899195,-0.00941012504681677,-0.008212841434765701,-0.003550570387353447,-0.006206637186644054,0.8352730304345505,0.8168589086219689,0.11020150549804018,-0.0024067199658994237,-0.005694350800814384,-0.0026537166088574818,-0.0021072965707094144,-0.003062706829747034,-0.00016701215037481795,-0.0017582854793072315,-0.003780916811593321,-0.02644379491536606,-0.00894276967039407,-0.007283380609321936,0.2806845363196056,-0.0030000128493355756,0.0906644004296646,1.1453923587942432,-0.0050666047640131814,-0.007125879308751773,-0.0350611685158471,-0.035336563790309264,-0.012656940359202236,-0.01749030699123866,-0.019265939028913145,-0.0024957832339000197,-0.0007878461474669619,0.00708995078380652,-0.010287465599602157,-0.010469185825200325,-0.01778195107271368,-0.01021608994455567,-0.006269621563712156,-0.010285843258635784,-0.008032254377584275,-0.007307934205505664,-0.049246227832717995
2_3,-0.005617757959974454,-0.0049063452583286765,-0.017280388901309805,-0.002296719586684137,-0.006357149249086258,-0.006652013503245744,-0.0074914192439234795,0.010078726556624569,-0.005115255540335921,0.9262805289462533,0.8981787914979059,0.027507815343020662,-0.001974127739161467,-0.009024133307185203,-0.0023064179209335667,-0.0037748106395347324,-0.0007608457286417862,0.0001365788231883252,-0.0024847372263811277,-0.004006813924829484,-0.022397061045968558,-0.00640020395493072,-0.008917331411484928,0.3089796637366933,-0.004598842772694014,0.07466401584315155,1.2100869283908018,-0.005220353340755379,-0.008833418205402475,-0.02849400101421335,-0.011383189713199267,-0.010358072988525284,-0.011782495334517376,-0.017226114340051942,-0.0008954226151761895,6.411281147420706e-05,-0.27421901446784086,-0.006629130322316005,-0.00827831401071729,-0.014385870411200818,-0.006385905644702468,-0.003797284873616221,-0.006974005362017263,-0.0049825148678078425,0.007282081661977887,-0.051043090058897664
2_4,-0.0077089696674241676,-0.006539014238191036,-0.020634282654229768,-0.00852410459375734,-0.007200423744997887,-0.008245031435916855,-0.00790391092310099,-0.00341160790429763,0.004546585490227277,0.8376299777723828,0.8192818051785398,0.11085105885052488,-0.001718515317519812,-0.002927561551920886,-0.002246914397553291,-0.0019805314927905473,-0.001795484941689718,0.00018127039911633715,-0.0013013825199713186,-0.003558530307031246,-0.026384658651406857,-0.00792998714421668,-0.006532954037747903,0.2823712530218044,-0.0024662975139343054,0.09281699207914917,1.1561644440283696,-0.0047547496717278885,-0.005517265781261004,-0.034788079403283975,-0.03516493351159234,-0.012389688099809469,-0.015581052808377526,-0.018970508479819043,-0.0020253982426845954,-0.0006418408490327247,0.020011868837162012,-0.008474229164071477,-0.009530065753057449,-0.016981282006337042,-0.010404584465138806,-0.005548061872911326,-0.008508594739234657,-0.0074549921746723345,-0.006731266408602029,-0.048821230067095246
2_5,-0.009976790933723011,-0.007607930890485333,-0.02124139112329367,-0.007476410572790529,-0.011086814597078184,-0.009322289755372845,-0.00839626521061599,-0.003337893717228533,-0.012942924065985264,0.8142662562787519,0.7861398247734257,0.013827172819181995,-0.001992447036935917,-0.007785695009175027,-0.0014062469642787717,-0.0019461431873388309,-0.0021548059546337103,-0.0006787800741971421,-0.0015356195406785015,-0.004576323307541274,-0.013412475423442172,-0.01104829614581116,-0.011937710876316197,0.25628162802214655,-0.005081464214300997,0.09348034804024018,1.121179691677527,-0.007626900558323019,-0.009246376790098083,-0.009020794810093687,-0.04412434151877565,-0.016205754350186827,-0.019578464053270742,-0.017586347753006257,3.916536753671163e-05,0.0022118272542344906,0.02350116757220755,-0.012710377196030975,-0.010676014372712482,-0.018369004553263703,-0.010484100121102275,-0.007471855077673422,-0.01032251409376189,-0.008227874552878647,-0.004577029772353911,-0.04722373037609762
3_1,0.0011904351318819668,0.002790580132810095,0.0003057966642626928,-0.00011490101430968589,0.0009605625594458385,0.0028740161753031063,0.0010808329429009501,-0.00028591863038332765,-0.007556890576450998,-0.11516889378215059,-0.13608633282446983,-0.00044161429107075225,-0.0014748023412949833,0.001216239856368436,0.0007288032950114565,0.0009607841294782304,-0.0006428620499913078,-0.0004405054058277087,0.0020202363662863926,0.0018205855600247386,-0.022413218394111034,-0.0016262465499108341,0.0014739567218383454,-0.0415164859763894,-0.0014034538348272265,0.05159711566900079,0.18204530218061724,0.0036809150785198845,0.001014611601436581,-0.052072420774999545,-0.031108975547531798,0.00331526071003621,-0.015449514900762197,-0.0025092371861157453,0.011179293813280703,-0.0030936835143168004,0.08999939806651872,0.0014501399986796162,0.0029916523431288105,-0.004133814134083835,-0.0008941978742750378,0.0012594085773798816,0.0028567688873032617,0.001793896113730694,0.0024150497121958616,-0.05083724416694833
3_3,0.0014268783416313798,0.002775400012823887,-9.024912028453232e-05,-0.002560792215586351,0.0005004000988772614,0.0026988909812538627,0.0004096855518068696,-0.0008093643980354476,-0.006818408492126709,-0.11442976981340826,-0.13547275515277152,-0.006827605780844207,-0.00114285108732092,0.0016277475127066214,0.000753654843166907,0.0010269344751450901,-0.0011591481388387684,-0.0011267634495711006,0.0017730112531932944,0.0015055689273637167,-0.023397169400941,-0.0018895545408140783,-0.0025545132554111024,-0.041467081610619114,-0.0036292744743494313,0.1342850620295554,0.1925151116036151,0.0005920238864571773,0.0006830523225994987,-0.05265409070799055,-0.03134610181764349,0.00239259014653039,-0.017188471047583996,-0.0020881895720748092,0.005735428890837341,-0.006036247244156462,0.12453115090462943,0.001901283854649916,0.0026999000206910525,-0.005210450157160014,-0.0040393468097820115,0.0012113771996994527,0.0027051170298958436,0.0020499319861971865,0.0027066473185850875,-0.052926925924172696
3_4,0.0013296446949544233,0.0031034411895430897,0.0010524980507000856,0.00015757518342019035,0.0009856415674900994,0.002848217401318381,0.0012172415113413406,0.002556763238148734,-0.012785804036968579,-0.11401734558683625,-0.13525939207212184,0.002047040055102596,-0.001232480320480496,0.0014302279597771255,0.00015182045056120943,0.0007694306805076125,-0.00013939627398236982,-0.0003524093387105325,0.001984788206673973,0.0017610259107061084,-0.024004781072371993,-0.0009202178567767061,0.0014331172497106923,-0.04060070313052295,-4.9141180966167205e-05,0.015044510111390729,0.18822994050826444,-0.00239974582149652,-0.0010439744100052587,-0.04888136429365398,-0.03734684644774323,0.0031587776102533728,-0.01530073560932667,-0.0019330946973583388,0.009212627556861414,-0.0026784405857020995,0.08481784800129358,0.0018430165190904057,0.0033816802731974818,-0.004186357118871213,2.4639947281191645e-05,0.0014282044560270607,0.0029064056273967,0.002225644156525881,0.002884245599197851,-0.05113870483416417
3_5,0.003430604987402356,0.0028189661697302472,0.0018922644897539638,0.0006201450864471654,0.0008007044091064927,0.002862939271830672,0.001243739280080236,0.0022608096572626028,-0.017258047764625552,-0.11518102251971975,-0.1358997397265755,-0.007003079630444467,-0.0015943033893422451,0.0031208946956755045,-0.00042486563298003315,0.00017697953678524498,-0.0008442938426972575,-0.0007396089264327696,0.0012791454825490376,0.0008882060094213535,-0.02411527882406661,1.1134706158645151e-06,-0.002231436122775373,-0.041472297378908375,-0.003473658315435602,0.12859026060988066,0.18233224695614522,-0.008337389638593248,-0.0011120059858366713,-0.05520828088080872,-0.038151237910480716,0.0018903721137727043,-0.01997030925039889,-0.001915092108768056,0.007558489457273418,-0.008205683277769632,0.0911649861644894,0.0024587075864041354,0.00238602898104544,-0.004509827359823012,0.00014094754378044368,-0.0003888602516048625,0.003034395590034385,0.0023682981972923916,0.0034585921210436815,-0.05180068704092242
4_1,0.003548743574299568,0.004298585095124437,0.0026824290028171676,0.0031118047743317525,0.0013047704832767088,0.004252661049884696,0.0005887595961301779,0.0029556992622499847,-0.014279059916955937,-0.10845191294845943,-0.13210819052104758,-0.0073358901017952505,0.0005828125537766317,0.0039736229874092095,0.0013091683466873063,0.000532910165451894,0.00039561147340287677,-0.0005689776063844751,0.0018248014018010224,0.0021860034078967218,-0.01771335194399993,-0.00346625352811571,0.0013020158936626477,-0.04069600589956371,-0.0009097719488699924,0.15355593112624852,0.21571385331909224,0.006714030343307002,-9.127807372961336e-06,-0.04600733285095662,-0.03823852419466665,0.002860513359544394,-0.017137022369779886,-0.00157857162365543,0.014803939750464921,-0.003692667991641571,0.15859637245559868,0.0032006759932421483,0.004896207962107651,-0.003942712741873111,0.0040215627775164785,0.0013777960710701497,0.00410541215066518,0.0025498971780061066,0.00344875064210028,-0.050374784714056535
4_3,0.0015874302313452957,0.003953355108530601,0.0010924073292872965,0.0033335220215176303,0.0009335435530887809,0.004222795308032405,0.00117782121922059,0.003331358507268838,-0.016916032474762692,-0.10766838928627004,-0.1313558124726182,-0.005881599800550975,0.0008069394662053222,0.003955332817035568,0.0017409041956405942,0.001212916659408879,0.0009381397861929169,-0.0002094746501627073,0.0023319816836888684,0.003025848411023451,-0.023647148525265123,-0.0032804444409624805,0.0005307589626069843,-0.040870399432678985,-0.001039529849956135,0.14579679224285172,0.20570305546248915,0.006701153651546977,7.236492384369518e-05,-0.04976807086064322,-0.04112082197884643,-0.0018167727074297059,-0.020629828720675522,0.0024204151506435033,0.018424113641903744,-0.006084761873077866,0.11948581214126601,0.002455742814924577,0.0030042369626876357,-0.004185918554262454,0.004371251293075833,0.0019861242081871634,0.003942431653902116,0.0031552686349571434,0.003770330064720697,-0.05188320554495492
4_4,0.020771577756383955,0.008593552442565667,0.0025825684045858274,0.003334834411369276,0.011233684458885129,0.016872097021119817,0.0010474794167543797,0.00306996000894624,-0.016262006295223078,-0.10796760463831899,-0.13204978193759748,-0.006889069696720646,0.0012381621935543257,0.004447112152673686,0.0021479384830062494,0.0010306959797151318,0.001819087948035119,0.000629800865414454,0.002613495900504649,0.0028768766428115097,-0.021449864348113128,-0.00353410301839512,0.0015035959723140673,-0.04030184657829529,0.0011469436948429192,0.15529207980844872,0.21891781457863035,0.007102544652323375,0.00036414031292653917,-0.04924271363660771,-0.04232414185753417,0.0026366107513488782,-0.01823380234738808,-0.0018823664641795881,0.016804730972470826,-0.002284663935177131,0.10687410406413879,0.012091578101511962,0.009246924109180467,-0.002722440458990855,0.004450666047841511,0.00611949438684713,0.017675279671161136,0.0028690807142323807,0.0035671578624871846,-0.050509733303515165
4_5,0.003211925099988489,0.004318931737656119,0.0026783067806848333,0.0025542510678101035,0.001318847338199149,0.00431947869781321,0.0007890344741691281,0.0030510127114595498,-0.01449365733923849,-0.10657599234139291,-0.12991163135607553,-0.007200240541539686,0.0006316535342459167,0.00399023346851041,0.0015669231812052464,0.0006076766815361669,0.0006426261489792268,-0.0004829188768230911,0.0018267766310035322,0.0025010381080619553,-0.017317864836608424,-0.0036293302840317166,0.0003574036620224401,-0.04053665945685604,-0.00070205834052422,0.15437577037819625,0.21447851452796052,0.006959472932738004,2.6244372695118726e-05,-0.04635989119089927,-0.038950778206913714,0.0014765140776641257,-0.01920663151211584,-0.0016097219057446476,0.015113600191885054,-0.0037981071497128448,0.15155618995493428,0.0033100610054328386,0.004877833496385947,-0.004064079786063779,0.003290808306182499,0.0014624606812371527,0.003994095534781216,0.002534730881337296,0.0036940911987786277,-0.05053919023208107
5_1,-0.00234350108263159,-0.0009114159183710856,-0.003941144349920615,0.003254344465999636,-0.00032216616313854025,-0.00270486715262603,-0.0021776390346195064,0.006685623886494056,-0.00425634435211029,-0.1250438245028225,-0.13155571718326856,-0.022885582167344452,0.0007488042245219568,0.004559485980528263,0.0008341027051483372,0.009290238313688633,-0.0017054346086449004,-0.00033480129705250317,0.00677545856486886,0.002541079790568585,-0.004782911093934692,0.010057416581799372,0.014507773476227413,-0.02329920087740676,0.019620236502813894,0.1176793445411219,-0.18781048548331544,0.017314190018282365,0.021213953824589574,0.0010235491184645592,-0.015379360550426106,0.0032504620421620195,-0.009386966262406406,-0.0030527611802673377,0.010844408958533907,-0.000781634537897518,-0.27628756897842677,0.0006546623969982383,-0.0006872069491435011,-0.0021914177762220742,0.0029249587735906126,0.002162899282755077,-0.0010426048572349839,0.0018928052114703118,0.002818147915540448,0.17322825429844255
5_3,-0.0012276605379783006,-0.001054305522217762,-0.0022533263136506865,0.004548476420757308,-0.0008073411275533528,-0.003210266119861742,-0.0003730048873660605,0.007772084420275419,-0.00540341262227395,-0.12259788391542832,-0.12850254324216756,-0.020783223457163692,0.0006875300927994326,0.001887165414803742,0.0014351866570250333,0.012706901460396897,-0.00023274472491281522,-0.00017189661039766134,0.0070676436307891555,0.003379890152483436,-0.006584756879879995,0.011825735845652616,0.010017335956210504,-0.025729080631227384,0.014953568441967519,0.10838202548074624,-0.050544820679733454,0.011662108858303103,0.015598838252041804,-0.01705037291366997,-0.015361584618771584,0.003070707614220832,-0.010730104623433743,-0.0029543996353547305,0.011785886117425383,-0.006240799615240431,-0.3120320856616619,0.0015347127007454703,-0.0010652122501375392,-0.0009277074990219906,0.004763691036347994,0.004702667134934081,-0.0016657196460950281,0.002532770260013798,0.004138240075928852,0.12210180927421752
5_4,-1.8753406874091678e-05,-0.0005699850477821597,-0.0035200880579455552,0.0044675038858587954,-2.815596660472243e-05,-0.0035484424410506515,0.0002771634469791704,0.009472946212536063,-0.0062773572941143985,-0.11889342430423601,-0.12832957792985542,-0.018754768208958144,0.00011933165369821816,-0.002951092356511566,0.001471684513100681,0.012281370057302265,-0.000705662787066864,0.002957475527145728,0.0070002674753539915,0.004378349465182408,0.003513120019081876,0.010700085675216197,0.007460969605054478,-0.025974355807268527,0.01411524636466533,0.10203195660337291,0.02652653605543314,0.008976449348952234,0.016491769357507905,-0.024858808393681833,-0.015673784354390288,0.0038304411134586994,-0.009522917459526414,-0.0028546372805819415,0.015066910187995433,-0.0023067238386981813,-0.3909244714698834,0.0007277241922234699,-0.0006248896746406689,-0.0007447994813063696,0.005459327742515549,0.004506784290199324,-0.0016760333648702195,0.0029605731129126915,0.004921924803510926,0.08563683163370729
5_5,-0.002190763493579407,-0.0005414858978419427,-0.004337889462963541,0.0027741446901084735,-0.00015209331697449674,-0.0022720342637073043,-0.0017967025465879581,0.007100648629672137,-0.003461630499763251,-0.1232680972597158,-0.131011567647586,-0.022633651646111082,-7.135609050376339e-05,0.004386051941858085,0.001028931377199732,0.007955243850214028,0.0027615975582172872,-6.0210263529709754e-05,0.00569624574641253,0.002596515144664051,-0.004552162403155587,0.011652207948916084,0.014971374680663565,-0.02285476440241941,0.019274820804383558,0.11908143733383408,-0.1933438491579142,0.01775854659815368,0.022435867257712024,0.0011883680425684787,-0.014101018350859354,0.004511193103467924,-0.008356369958098669,-0.0030487077320497666,0.011034464640216615,0.00040353997501815276,-0.26115195956281234,0.0002788764208812048,-0.00034405951631153413,-0.0017121692089240273,0.003134629210822943,0.002379704213922282,-0.001450703194069894,0.001990662377664602,0.002988824989207159,0.1780296827631251
6_1,0.001980554175408012,0.0049690350787185335,0.0033883988322762912,0.002803166945634657,0.0007435511388287015,0.004764390749949442,0.000892839142206395,0.0019008204196489806,0.007854826096577935,-0.06399795748213519,-0.08335345990218959,0.004828387129964109,0.0013943668302315497,0.0071092421574997615,-0.0005012245621572409,0.002419304388562278,0.0008739261942473324,-0.0020680821449777396,0.003044547097207476,0.0016817247766436564,0.020889674651123343,-0.0012235830339054705,0.0020914862709195013,-0.022020593702695688,0.002598458121010456,0.2286815168346855,0.28512380936744774,-0.0002852992851423292,-0.0010375342338343261,0.07326692336772364,0.052798736856762916,0.006790014436625876,-0.004608012927587669,-0.001383580078266423,0.03225086063975659,0.05435988537101349,0.18438202839615925,0.002513812908186599,0.0032937709352680337,-0.00042199688759223544,0.004213201518101245,0.001959283215345587,0.0029541115867491837,0.0021628385715052444,0.002906689238947277,0.0626387145900788
6_3,0.0011319104725800507,0.003600398301932555,0.001243459935955982,0.003566210372692778,-0.0002389459169584541,0.0031745545514345708,0.0020802540927294133,0.0030557703639666075,-0.010258520547255056,-0.08811770874649229,-0.11006294137579575,-0.00042365258395592393,-0.0005032863033735247,-0.005171290604997415,0.0004686114816904206,-0.0010125670965717203,-0.00033716167154275824,0.0014825926779697214,0.00021760120442184408,-0.0013958701333328352,-0.0135391471012507,0.004494300964631339,-5.610623797335115e-05,-0.03591090690837897,0.004288254092950842,0.16781779959574378,0.1844082797213683,-0.00024811072102644103,-0.0015694723412355363,-0.023766177022262826,-0.04229349275862464,0.0013261279769923454,-0.012200327140521368,0.0021253053953050973,-0.01254761665327031,0.01675510684442652,0.17235688819218872,0.002907374173612339,0.003934398018629124,-0.0036295253916104097,0.003595212660799727,0.0007244330520935593,0.003326212134339171,0.0027221495920950883,0.004378604695994706,0.06163752450583873
6_4,-0.0009016811499070456,0.0027930930492241174,-0.002316137992210597,0.0023330883154170008,-0.0009743452414578395,0.0008343625230976345,-0.0008581886910753392,0.0026580893136779245,-0.009014266187434904,-0.07783178314678474,-0.1016000562438721,0.0009463147359088554,-0.0007077233127734777,-0.005675059864152787,0.00068226675944805,-0.00221414038645251,0.00010806576832526764,-0.0020964221428731666,0.000514909166260212,-0.0025399410805916666,-0.013081664208745592,-0.00166248651127196,0.0001986831268989221,-0.039388087415688604,-0.0024884986054310872,0.17165318161390233,0.1934343891719885,0.0025030396247773144,0.0002590058712435142,0.023970510507909007,-0.044679842906250426,-0.00032167511421171354,-0.015393910600625916,-0.0015095820129411954,-0.0023082533742996023,0.012896499810900384,0.16051347328701454,0.0007864486888786078,0.002025134364030947,-0.005295775369336407,0.002772917528214739,-0.0001630059728285675,0.00160723474619032,0.002458700128859126,0.002834485332291995,0.06160497217071993
6_5,0.0018569040818620988,0.004987742171080602,0.0012453082408547466,0.0030267849684629507,0.0013460880457455064,0.00512851874959684,0.0012743414624543075,0.0030329938222676675,-0.004939758827861961,-0.08511072839575053,-0.11169339014610781,0.0021568944072578983,-0.001862165722576647,-0.00245250102220754,-0.0004937294435311814,0.0007561699388425689,0.000517500191695998,-0.0022453038728374006,0.0016833153630988282,-0.0003935311239662623,-0.020365919447809393,-0.0010923433152848514,0.00010636754616674527,-0.0433479487489388,-0.0017075546882587543,0.1833111798498047,0.24538888152230573,-0.00039550849817217586,-0.0013925406909218007,-0.04483791746152524,-0.044223671006305525,0.007217744256356758,-0.004015263308410586,0.003446323921151123,-0.011421496659569161,0.015240836818728154,0.17734165156498544,0.0027250256559807097,0.0034052076920701043,-0.0031275298200323957,0.0029411183888878195,0.0022530217618877617,0.0038466242624708197,0.0026334627045949714,0.003925914450201422,-0.0509511473618352
7_1,-0.008621997358804255,-0.008497456726349256,-0.011785097171829077,0.001003497533841185,-0.0038710075462113952,-0.011315588794477239,-0.0025709829259335927,0.003361003654685724,-0.016207615930612106,-0.10336901465258717,-0.1257431776512229,-0.002090249753104272,0.0008424948624859096,-0.0017618660172729254,0.0030407666550108336,-1.7128033540348554e-05,0.00041358264581159757,0.0004121957691954621,0.0006090387278290538,0.0006265710341192295,-0.014943566860107267,-0.001043269951348093,0.00032449390225725147,-0.03741800389715234,0.003550855997646918,0.14220640232992202,0.19143581173053323,-0.0010521217912606456,-2.688757586257729e-05,-0.05437365296021561,-0.04071101305706265,0.001217239604185389,-0.017421225865239344,-0.002524916599223579,-0.0009445372947785872,-0.00027034265424055883,0.06197802956539779,-0.007910204969315757,-0.006140559495111826,-0.010270352892883316,0.0018052078313115774,-0.0027848626023164545,-0.009049870775350249,6.290639762301056e-05,0.0021431984341230346,-0.052626607121531804
7_3,-0.009475498933310447,-0.0074920022689067695,-0.010850373814776782,0.00105153584132234,-0.0008226556448558115,-0.007140722845476249,-0.001432637053550134,0.0010525439035745847,-0.01854442991599182,-0.10784848060329404,-0.1309908181918203,-0.006139467109017002,0.001142090487710341,-0.0006384515198566015,-0.0053918222529800285,-0.002220713450713184,-0.0011145101138906367,-0.0010857869551147885,-0.0001493904673496187,-0.0007144991870242481,0.019372620575194077,-0.006791716817020121,-0.0010878541276164574,-0.043928770840530186,0.0006565530979828256,0.1449842355257086,0.18982562609504208,-0.004642095890472183,0.0008419897226053035,0.060578815840892475,-0.044538259387563714,0.00268488068914192,-0.016461432400034413,-0.0025764097146826225,-0.018388088301607687,0.013425739639736681,0.07701158446009068,-0.008516793960949813,-0.004396890439778579,-0.00998786982665145,0.0036418189099001875,-0.0014417732338153995,-0.006192089192571489,0.0011240695764242672,0.0021645797173679687,-0.05507460526931921
7_4,-0.009133105461665769,-0.008446550763315777,-0.01213953425956187,0.0009209919237664404,-0.004559819335244756,-0.011024777262623237,-0.0028759011073229107,0.0034323504286293324,-0.01692888929267657,-0.10461835345323896,-0.12770563491827747,-0.0035983318161215273,-1.3370793231985592e-05,-0.0015531850321726564,0.0026486209540973337,-0.0007055571644483856,0.0007648720938670259,-0.0010528665502142597,0.000681413283973596,0.0009206614160705899,-0.020850756185555992,-0.006241787685170886,-0.0009072996043244704,-0.038716166881551294,0.0009303090076822357,0.13703300795501341,0.1821103365092806,-0.0025545725250274314,-0.0009969117586284657,-0.055108026828746055,-0.04102047266661555,-0.0015448151059727596,-0.018196942999029495,-0.002466723328216553,-0.00950618327500412,-0.0035692043371576433,0.05813602155452579,-0.009642247758243409,-0.00640250695828649,-0.010587011813761777,0.0019762408787117104,-0.003553092179319634,-0.009982626478810026,-0.00012961323091414666,0.002148150831067195,-0.05652640539638045
7_5,-0.010089900262550277,-0.007639662960765272,-0.012722973439760279,0.00026570045848501873,-0.004546634288777038,-0.010782913425921936,-0.003052661794607238,0.0026754452634779593,-0.018775770621344657,-0.10866105080015136,-0.13035145532817197,-0.005105929446110345,0.00023181724277838975,-0.0030335123132474726,-0.004682572769599202,-0.0006380086420846831,-0.0009480579331874619,-0.0002407328367295944,-0.000324644482511986,-0.002054703082675372,0.00017440429097425217,-0.004492679334801671,-0.0013094090237422084,-0.03993653276697859,0.001740911527259081,0.13497425253336442,0.1819499710154141,-0.002775533568598978,-0.0016216304138761998,-0.05475111168738411,-0.04367572776458805,0.0002153160080669147,-0.018241814635862046,-0.002657639129762088,-0.013921109489335332,0.00042955222578762995,0.06475255763233886,-0.009506418064472952,-0.0070826149822112465,-0.010473742547923395,0.0036476083928919305,-0.003339901395327884,-0.00827602734191411,-0.0005486786483890366,0.002466045702767596,-0.05484388625079942
8_1,0.027318495090508144,0.006836998210904178,0.05234506546228268,0.0024510570157622287,0.017355001929431353,0.01463707517570968,0.01425514987390551,-0.004214280255424096,0.045412872805959,-0.04908098100564739,-0.07277803276169982,0.005106694191213219,0.0007686569785058842,0.008655347709218239,0.0025394592776394253,0.0016656775864633314,0.0010411038792267533,0.0005718261905461123,0.0030361583041481673,0.004462325741324229,0.034511370422568195,-0.0006099601365709113,8.435496224119666e-06,-0.02033315789099227,0.0032839133320461465,0.24326330423858833,0.35694597464862826,0.0007031244317796799,0.0008692966652896066,0.11599719388499183,0.12209147750922292,0.017545243867679753,0.049409156553964766,-0.0021595973826379357,0.04633356265451972,0.05013302297031877,0.18188373319237583,0.01778273361654684,0.007872077928123338,0.0554517646512694,0.001527333058381368,0.006337163637600293,0.012563927468408786,0.007961629999420334,-0.009424084246466497,0.059119971764395214
8_3,0.016099269597730063,0.005893583638940972,0.052199439597165644,0.002320269296937422,0.01008165179337736,0.012633754406107128,0.005166126916330904,-0.005174470942243074,0.042962716682157925,-0.0500093155200923,-0.07390652009031211,0.00434632987784742,-0.0003159550753428631,0.008235403828532929,0.0026519095970873544,0.0022007163183014457,0.0006542390044321184,0.0003914801326065954,0.004728138333308917,0.005621602949745187,0.03624035786148073,-0.0009788003201306468,-0.0004673977404841725,-0.02144743507956956,0.003311494232805698,0.2350424092782784,0.34804211436993615,0.0011124715924389586,0.0008423428569394311,0.11298636358152102,0.1058206761382127,0.019108833795817248,0.05103065404387164,-0.0022089960701749305,0.046242541663148715,0.05053679237529442,0.17816821829253485,0.011008478369039301,0.007784927725233597,0.055176541545151676,0.0008466517562328292,0.004551026556324836,0.012383668503957791,0.003417745351242435,-0.009856619545785079,0.05660638091496525
8_4,0.028436984418096105,0.006233589626698703,0.05449854401468653,0.0027325290634284366,0.018388289047940234,0.012923454135498788,0.01404375837907273,-0.003947978415836251,0.0450044531265454,-0.04802275455695752,-0.07122614550772843,0.005227781913316744,0.0007656807685460888,0.010083751217381986,0.00259949268049568,0.002494767328575792,0.0028074478448510535,0.0022146565651145005,0.003323783910552372,0.005681255936580552,0.037633591830455025,-0.0008474926029879564,0.00196877361970208,-0.019775892076826878,0.005418793325823289,0.24536372931509567,0.36771647017707515,0.0009142572176540029,0.0010080486192374583,0.1156930373002203,0.12418442118083528,0.0182240823602706,0.052915237051813474,-0.002125979830172376,0.0472009595963298,0.05222366619419316,0.18700325818055916,0.018845117697938337,0.00808173816399482,0.0570039308620394,0.0017084242272849964,0.006794074223089355,0.012991027438486534,0.007837647313068598,-0.009345643472692601,0.059190651050995476
8_5,0.0011278852157197657,0.0009611263616302469,-0.0006652428885024423,0.0001588714023332599,-0.0012494137996935453,0.0017339284687869104,-0.0007988940065693596,-0.008315503943620897,0.020125628923073496,-0.05279332593053188,-0.08911300086759692,0.009029066603163887,0.0003280644115181057,0.007129575531861748,-0.00020598421651640903,-0.0004497099272042975,0.0003537147689002279,0.0029821407252386377,0.0001194012515515522,0.000340153207128605,0.03396476777819268,-0.002600481080854985,-9.88551727020762e-05,-0.026259338542719425,0.006838070266726439,0.2332862431223678,0.3472294924084152,0.0018653003419764442,0.00036011079324324124,0.11657469662842326,0.06401684491857526,0.0186007723703991,0.050979040517989155,-0.0021280365782541063,0.04565889290109298,0.03903505013693926,0.1799896983689202,0.001191286551429007,0.0015173711691500395,-0.0036104665059382723,-0.0006780312259907289,0.00013003956604852772,0.0015966215591441996,0.0018631492218927957,-0.00845873078557317,-0.04438113050684466
9_1,0.003377639282825326,0.0021624262972598715,0.0008089843607036822,0.00024244355295844884,-6.722758212043478e-05,0.002121208255340307,0.003383609622863933,-0.006781430685426615,0.015997044892830017,-0.09680207910745087,-0.13229829439380572,0.005315538078376543,-0.0003495169060771915,0.006045290351484799,-0.00023291907611545294,0.0021348742084180005,-0.0008337294861385561,-0.0016811922117636131,0.002533093576962841,0.0010437377963510984,0.01249225389111674,-0.004036397823323718,0.001624258097469304,-0.055694137818882,0.009919862862573422,0.15775977739153724,0.26032193496896944,0.001027417974679018,0.0013452949059730044,0.07829334701751918,0.034323795042072086,0.008064235781408084,0.034982651412444554,-0.002338889232729456,-0.01949508499853575,0.010099027557918071,0.1722062566679385,0.0023280180119462416,0.002619331284218501,-0.0031782069002789792,0.0006833781844336357,0.0007979617813835406,0.002927612791915173,0.004404762805470007,-0.008094713189039407,-0.050644706719199545
9_3,0.0029713164049088876,0.0018825884784356246,0.0015129383403911431,0.0006319630602657117,0.00014200944837940965,0.0024174327940327356,0.0033118290559392143,-0.007215812809220576,0.015161074851913802,-0.09562487989084727,-0.12632601790891604,0.003549707865804309,0.0003838473856036537,-0.004084557527887324,-0.0005530525301884977,-0.00477619566183063,0.0013223429066695012,0.0029898436123365923,0.0005382757207431277,-0.0007802588717748883,0.018844763590953727,-0.0021272392675908045,0.0020900870856399817,-0.050027621199694276,0.01060603350625456,0.17274073356052308,0.26542744664052376,0.0029438811039659285,0.002689947978254438,0.08054257914550557,0.03217524304644686,0.01981053295459154,0.03848592271545147,-0.0023196588718976414,-0.01753753845456344,0.014173792400113745,0.17245625190243724,0.0029091660457509637,0.003035028552867422,-0.0030558192964620454,0.0006222377934476951,0.0014014794707478478,0.0027408656865841644,0.004527453866770018,-0.009292867447546118,-0.047664799786533846
9_4,0.002706933846816122,0.002116252443168173,0.0014296722553754587,0.0004005914704741052,-0.0001881151108378047,0.0021361906159175965,0.0030483896588943396,-0.00807957957042105,0.008639777778430356,-0.09638729497884865,-0.12789697176731804,0.00357946438363581,0.001075939524079969,-0.0022449786515735606,-0.0006223823512878843,0.00037513675020130953,-0.000326227268288685,0.003640692039272784,0.0007919644198756759,-9.355881830948646e-05,0.017718484027585815,-0.003538342941855161,0.0007065448286241797,-0.05171890369528799,0.009965497729383462,0.17320829662547493,0.26051066247140475,0.0007023541042724875,0.0018410563331690295,0.07844700747085256,0.029493211722357023,0.01913070860507095,0.03713292521608522,-0.002339326582090582,-0.019575380325427227,0.01100820852908743,0.1700824883501485,0.003009469825217019,0.002656016904136071,-0.0030941432872497597,0.0004136960506195636,0.0013381110075588747,0.002723481240267865,0.00492866657945441,-0.009098145373627374,-0.049996128302301886
9_5,0.0032717025346321892,0.0018858339811029484,7.955466214460041e-05,0.000985171045479064,0.0001899491790808175,0.00236538200275983,0.003751982225229197,-0.007394053783673681,0.019966122438988772,-0.09817113136371655,-0.1295419079640734,0.004114457527161849,-0.0027894316175944675,-0.0007943023428921265,-0.00014503392542558952,-0.0015542803270494994,0.0009857726856829223,-0.0023842800135459286,-0.00037897247659856047,-0.002011742125193407,0.015778620759018452,-0.0042500543305300465,0.0006641010715216773,-0.0599883767529912,0.008209794801723519,0.16508328930977176,0.25011885629173564,0.001002074856617822,0.0023067641561100275,0.0727854160377713,0.02780034025619112,-0.0034334193249411843,0.03433897176437309,-0.002334502927613497,-0.020326320063338062,0.008194166336062795,0.16640189533882296,0.0022488884062340235,0.0027987553689361433,-0.0037551237920325055,-5.425863455449682e-05,0.0008916281457590962,0.002695037863082382,0.004018058723858084,-0.008762789568372526,-0.04970208543104501
