,0,1,2,3,4,5,6,7,8,9,10,11,12,13,14,15,16,17,18,19,20,21,22,23,24,25,26,27,28,29,30,31,32,33,34,35,36,37,38,39,40,41,42,43,44,45
10_1,-2.6404955141698643e-05,-0.035647977663808804,-0.007341505895242816,0.001687606059357046,0.0002499512946278901,-0.06763395772461718,0.003517805531805406,-0.0010186988417015437,0.0023498403411958413,0.4299524894410383,1.0785437314805537,0.41256601672497567,-0.0015611445984696382,-0.008318203660183586,0.002404566039970489,0.0025048208868675183,-0.003986185831566035,-0.00010818442998145202,0.002009943963776375,0.006490345937352376,-0.04632188490787088,-0.004785839674893936,-0.0039953381262274445,0.6591370508758575,-0.0008083005957269286,0.10657952361903826,0.5012223721771996,-0.023697170476717364,0.002298891468596185,0.00043777370034303137,0.05144596946954744,-0.004357096602150906,-0.0019560685296523654,0.0018046751265733394,-0.02488824267840145,-0.00835275368535391,0.0045826605134109185,-0.010067474074578388,-0.03726373120912599,-0.03125019714201017,0.001723185227213075,-0.00018375166281743062,-9.317733554933447e-05,0.001076808717167781,-0.012242661589491648,-0.030027586549013382
10_2,-4.572548679691261e-05,-0.03578585905837658,-0.009789244535703089,0.0016821168503570751,0.00011015056102467338,-0.06828319244275224,0.00132679927970312,-0.001468416043415039,0.00022464470208266693,0.42620603649246747,1.0725771752336546,0.4131306439227198,-0.0017387021507960195,-0.012137610346081431,0.0030536059090278643,0.002812912819933954,-0.004616258729788902,4.529299881102689e-05,0.0013474234456401528,-0.000396899457385629,-0.05015298028025517,-0.005372703325424151,-0.002756124833103094,0.6464418996370442,0.0020704799726683795,0.11288599157151194,0.4994979391235014,-0.02601341652256335,0.003702674030330024,0.0001319955224192849,0.05268271874600878,-0.005969990212733921,-0.002907434368776188,0.0021079962520913786,-0.024700048282314965,-0.010379073439036213,0.004762989335580713,-0.010129583446069842,-0.03779362511084419,-0.03126402104149117,0.001051989330318266,-0.00018375166281743062,-0.0005839333196832413,0.001076808717167781,-0.01199430298138339,-0.02999532123112743
10_3,-3.0076052810644287e-05,0.021200819716987396,-0.008074537526812317,0.0029001239770707183,0.0002321035770435915,-0.029600993251104633,0.0006179959780316605,-0.0014397582036880412,0.0023080059654856768,0.3271617747020815,1.05918025881234,0.3585838741137113,0.00046775042689010715,-0.004316116486309838,0.004398588445024158,0.0028430774066280345,0.0036227770650375975,-8.945247902753884e-06,0.0013337710189892538,-0.0012259115977115104,-0.0488479465799789,-0.004815040081664823,-0.0031228279911036253,0.5783519602774349,0.00182398614919614,0.1405371119386946,0.4394405441977049,-0.022856979487502503,0.0018827567965677655,0.0002680576950362138,0.057180303616777436,-0.005656271179696303,-0.004030110065589564,0.001807706208763841,-0.024893614008185034,-0.008803011235485561,0.004476773985835528,-0.010067811184489859,0.0028217686665605807,0.00545245865950332,0.0004952477433667096,1.0799655683830611e-05,-0.0009979916983385308,0.0010813537490810964,-0.01198759200953476,-0.029038677046501076
10_4,-4.209851092652414e-05,-0.0358377736432891,-0.009670039588444559,0.0015868481451124937,0.0001147095733155405,-0.06829265690434738,0.002848787694563806,-0.0010190412536616588,0.0019016423592703724,0.42430168927121664,1.0684150737572087,0.4111168406675774,-5.5730263956310026e-05,-0.005504955658384423,0.002827527805082518,0.0024546387659919464,-0.003543271219845806,7.217643165715617e-05,0.003627943886552064,0.005969915148481679,-0.05125936934583064,-0.005341873996052645,-0.004525676396402297,0.6427283315225968,0.0020772598966349713,0.10464032779074232,0.4906942901935505,-0.026853352996922,0.003010531660137238,0.0001344145214350618,0.05048509195025258,-0.009132709876699644,-0.002841186155614045,0.0021112899425998256,-0.024889192680478036,-0.009739619078166558,0.0049443235563232674,-0.010119992580736092,-0.037895329898108954,-0.03129872552019876,0.0012104112934517958,-0.0001872742651585613,-0.0004622028221922688,0.0010673113092039177,-0.012236142465055298,-0.02855419999659149
11_1,-2.9728664372140334e-05,-0.2544655031900614,-0.00803431322704186,0.0037700639486666614,0.00024362616749221686,-0.11464070714774117,0.00302646674496764,-0.0008352511437336827,0.0016429559220756118,-0.1785296373669008,0.5706672306685374,0.21704868809650807,0.00018453824021158667,-0.003855415114519163,0.0018601068358846786,0.00012357367449773314,-0.003922692094920824,-0.00024950561464859007,0.006799065918494601,0.005971617873241538,0.03876717435899863,-0.0008502397225311452,0.0020788816763223283,0.35168972742727056,0.01393144597087681,0.035785712152518884,-0.053899701063971,-0.10507484137238786,0.0002736539218229063,4.696238149567793e-05,-0.07276107294471948,-0.0011698019297559622,-0.00019720879806758775,-0.0007207375892238502,0.13698316895112184,-0.004486039737154346,0.008550480235500148,-0.009522433148695855,-0.11746316541434809,-0.10528797752222796,0.0006692539507560467,-0.00017750885613251378,0.007814190022773681,0.0011476128510739246,-0.008094750904026012,-0.028179104779831
11_2,-4.209851092652414e-05,-0.16696650557206755,-0.010605976064813309,0.0038054562366002364,0.00012195827190981977,-0.11431353115266824,0.002889545953167689,-0.0008367119963238452,0.001606059762717646,-0.010774454963623437,0.40935438320371453,0.32242043842051876,-0.0001090873882700408,-0.0038357323035674152,0.0044148283479382155,0.0024286016169101548,-0.004857508276324824,-0.0004013925195842367,0.0017156316218299953,0.005961314402235926,0.037707576217509406,-0.0007661596812589102,0.0070490590137016855,0.501003003035818,-0.12123309301552106,0.02333814090308935,-0.09855948926782576,-0.10531575819874672,0.0048399577074721934,1.558952223211312e-05,-0.04669005042798674,-0.001516028981967518,-0.0002913456482226919,-0.0007243340337766849,-0.02500550210604084,-0.00464221056099402,0.006705007921602548,-0.009520504198868327,-0.11762945128961994,-0.10536104104254691,0.0007387797756373948,-0.00016935288802855987,-0.0008848843289438794,0.001095664130189251,-0.012038949331817976,-0.030288027520622516
11_3,-2.6404955141698643e-05,-0.2507234644841255,-0.008125778087868669,0.003768362865149087,0.00024362616749221686,-0.11276532534030599,0.002875700887391716,-0.0008352511437336827,0.0016674452141782585,-0.20363912228245212,0.48022647910143673,0.21711421803413272,-0.0018740443059456272,-0.003836622353526904,0.0017840822932277097,0.002557067314549041,-0.0033084330038653798,-0.00039951867539586545,0.006756142249542286,0.005971125270770072,0.03876564158048446,-0.0008271014153716353,0.0016468919666534102,0.16374973312497046,0.0029730132878422215,0.01473281342997311,-0.0516029981517314,-0.10417277624429216,0.000790796512559523,0.0015142959097612337,-0.040526169069476245,-0.0012200896230216466,-0.0001972649628859581,-0.001112835683955388,-0.022062508120911123,-0.0033730038438759173,0.010488170215967011,-0.009523387299929808,-0.11760500643816454,-0.10419941001470193,0.000673240918144755,-0.00017750885613251378,-0.0008505622350595118,0.0010965814396577548,-0.012276409027512775,-0.029713159182479503
11_4,-3.0031931012087544e-05,-0.25838138368609276,-0.00827492922395383,0.0037531173299343596,0.0002272961558462828,-0.11423214776338676,0.002530264719311429,-0.0012853107574073,0.0019488495801419034,-0.20353027088239778,0.4805244563981851,0.20586499849495318,0.0002268981181937984,-0.006458999168184247,0.0034587356295607183,0.0032995197687163153,0.003646246432352315,0.00048524384395991,-3.690319928653825e-05,-0.0006770405823426939,0.03778912623602176,-0.0001981775346466359,0.0020107949734843636,0.15638508509428947,0.007762627737408105,0.022586972949609114,-0.050307780048790204,-0.10314461218495566,7.896921032979034e-05,0.001520102616574991,-0.04090432831723924,-0.001331172231555326,-0.0001951123440459335,-0.0011127306406282056,-0.02230030840289868,-0.004282802717666877,0.00911137638655844,-0.009539152418953617,-0.11707529928581734,-0.10423776369887194,0.0006282338533861198,3.236911754548276e-05,0.00036164962325636787,0.001085507518160717,-0.012643847067190506,-0.029952133468872762
12_1,-2.585254686644691e-05,0.011673192602659524,0.0011957846250259352,-0.002568903184724785,0.00042442326430299567,0.08898819304787439,-7.315623338481018e-06,0.0005512321744776244,0.0015500021014675247,0.31886128430538346,1.4479003875008505,0.5934152624355339,-0.0002453442469731372,-0.0025201712350866622,0.0035628403401691475,0.0023142545605627065,0.00176508000497071,-4.1312281830263174e-05,0.002091440053753317,-0.0010786620568122855,0.14997235398360148,0.003599992643556489,0.0006826771830954133,0.8910436319222319,0.0014595191635477572,0.46138565653941105,0.6406430617640436,0.005836459327297292,-0.0009470907169581046,0.0030428222937534458,0.014071824350396507,0.0015746660982572237,0.0025046365547776207,-0.0008433444932287677,0.16501496924476924,-0.002880583346879821,0.003169870058923535,0.0015982755189108307,0.008106097618143314,0.008188513793210532,0.0005833743394929015,0.0008926406145422917,-0.0017366889036556708,-5.8403851316610905e-05,0.0026701697013962046,-0.02977009238401732
12_2,-4.1535478410160975e-05,0.009752990014883119,-0.005674766704126887,0.0028692414012722353,0.00022673379881588942,0.08132310443008611,-0.0002099101542034354,-0.0026832750469601824,0.0013545330968895222,0.3193632940451968,1.4873012699224908,0.6496583437653592,6.0079996419504624e-05,-0.004693415544897566,0.0031918878432171775,0.002426732621789049,0.0026568086311780496,-5.857562292295427e-05,0.0018568090924329624,0.006371819277834178,0.15090762058456234,5.080461909264661e-05,0.00046507346259910733,0.9425619906209628,0.0013340021434629758,0.547237409266599,0.6296415699979638,0.005667793953086421,0.0002207111361606941,0.0030152027424488748,0.03672639532174861,0.0022767682477798914,0.0024986828441463547,-0.0004244565176321233,0.1304846532422979,-0.0019916414255308256,0.004611489252312709,0.0033078087685608723,0.007830922686832732,0.004562648694216829,0.0009976701725724077,0.0009451676046370885,-0.0009227709452064173,-4.1726088056354106e-05,-0.0027245804195569923,-0.024061089426995575
12_3,-4.516245428054944e-05,0.013617645400307287,-0.005740361504102816,0.002776272712356443,0.00019286183623152858,0.08889506741199778,-5.788665438520753e-07,-0.003048945989291805,0.001714869814060831,0.31921947890203034,1.4598832779042963,0.6453548273203495,8.534123087325271e-05,0.0024442068444319514,0.003402032099854676,0.0029685821281765935,0.0033060069308658395,-8.814895066020867e-06,0.0014690692108228055,-0.0004809663115604057,0.15125241138066212,0.003937295209965373,0.0006905006495254508,0.9409083418757106,-0.032318970488616115,0.5578403329605074,0.6774272885843474,0.005679074439892101,0.0038812239163794645,0.0030227127512395813,0.008128705260450016,0.0017632587370051574,0.002487076058420073,-0.0008364812292874543,0.16864734895404132,-0.0028437540308557654,0.005905939285855619,0.003359529899453795,0.007934128079811396,0.004101113520088347,0.0012431766258758758,0.0006736515259940972,-0.000807706884018918,-4.07284778976922e-05,-0.004234494663647484,-0.022898281310377588
12_4,-2.576430326933516e-05,0.011123460989175276,0.0009620050829128035,-0.0021672047169389464,0.0005076264781149486,0.0889855479277745,-7.2370634793769185e-06,0.00056006212835604,0.0015381520543179307,0.3182794877452391,1.447268945179783,0.6421947108457275,0.0002673507089491288,-0.0023769888271138327,0.003434663937107202,0.0021667356422112732,0.002148053929277262,-3.0436439401391145e-05,0.002092575149703981,-0.0010032503049159111,0.15142505471374285,0.0036494341558849655,0.000682238780945872,0.9381381782071926,0.001300433273501322,0.5539551270224592,0.6414640492703364,0.005832988383488745,-0.0006175113148827731,-0.0005988472694753927,0.008922379879518326,0.0020618496956026976,0.0024728796734845614,-0.0008333649558239702,0.16695009592461238,-0.002722783681401812,0.004307108620275845,0.0006234768212123047,0.007724559777686993,0.007961889591582892,0.0007858969522635284,0.0009525249785014996,-0.0017610659622507032,-5.6742082305419675e-05,0.002668007070540721,-0.028897153598463704
13_1,-5.813929887843721e-05,0.007703053695466207,0.010198531044408949,-0.0020173370418508697,0.00010904501616824046,0.01717071617493706,-0.00019945448431693612,5.24478795615093e-05,0.00183712551128968,-0.04043806979355931,-0.3638193283418113,-0.1663084271259996,-0.0024918197557429675,-0.005350666641470386,0.010955315675376331,0.0036767227597329054,0.009420604506958374,-0.00029039963469397164,0.004819014565004049,0.020960559316543018,0.00484883249815907,0.0399643658773233,0.00622665558089756,-0.22513807095452612,0.0018663821357767533,-0.0971607973221245,0.5437710113946389,0.04122199459840923,0.021266248148831157,-0.0001569323776044705,0.004384158226450037,-0.0017124598349352958,0.0005112704741157023,0.003661339818567433,-0.0002779332914901707,0.003981307249872657,0.031825402526598885,0.007937289609042867,0.0044152107510227615,0.007260229418948332,0.00014604296319121503,0.0018780375599601264,-0.0012046127305493652,-0.00035477275884629125,0.010863465380974508,0.06968271369043907
13_2,-5.813929887843721e-05,0.00925673363581662,0.010508415752821533,-0.002016575957724786,0.0017861306080670864,0.017174056616887902,-0.0002793764124362191,5.218992893881412e-05,0.001551364592980736,-0.03985802523420405,-0.36352164129409864,-0.17522979420158494,1.8403217143418e-05,-0.005278999711167938,0.010109030628459487,0.004014337127912214,-0.014940726714187946,-3.6060923346831805e-05,0.004878719437032884,0.021026370952463888,0.004845415871122159,0.041662687485141944,0.005021279402203785,-0.2186920624067625,0.001488189752603777,-0.09708657798180002,0.5532062022777116,0.025346865308812448,0.01910389116673967,-0.00016587190283386382,0.0028014124341242098,-0.0016004991588747242,0.0004465574621050983,0.003995676718082969,0.0011407507276712994,0.0040305023053944546,0.03221485225267991,0.006273503973241461,0.004403320371182595,0.007644216862750958,-6.646299531542284e-05,0.0034713544822325745,-0.00120543535410397,-0.000353403993260786,0.010919100452854335,0.0975095332228286
13_3,-5.928945584374526e-05,0.00939400404059884,0.010171312412647017,-0.002016025084219723,0.0002404050223219574,0.016375606990651284,-0.00024053307070563495,5.5276198482865496e-05,0.0017947643123583275,-0.03943799600926626,-0.3308185125740225,-0.17555265093580577,-1.758130992765561e-05,-0.005738228621649017,0.010699117952650345,0.0038959364203477913,-0.010783396470841665,-0.0002706341147354569,0.004724384515263482,-0.0009057122783007378,0.004960444314804248,0.044719229103300284,0.007184784020463877,-0.21820407149494989,-0.020201620066544045,-0.07511491937911385,0.5477157657474785,0.027626683357499782,0.02072524190196384,-0.00016320512910201253,0.0329047918514399,-0.0016118928287923457,0.00037003116180122546,0.004007538450805805,0.001167062142981917,0.0004711772497666166,0.03305483840028269,0.008995769570490373,0.004440901810850279,0.006383209669879283,0.000212611593018849,0.0020007815555817964,-0.0013766573704422237,-0.0003552021597263143,0.0093579919102879,0.09742425931434155
13_4,-5.813929887843201e-05,0.007603983705576051,0.010175383818223058,-0.0021542622274974914,3.674719859729676e-05,0.015934153645943704,0.00028364667448958964,0.0004850689542539974,0.001724779981242164,-0.040395387153037685,-0.37526212194540676,-0.16611967492270957,-0.0025263135135978193,-0.005770191221085505,0.008334946058657932,0.00372623028715071,0.010721031225421928,-0.00024001363075699337,0.0046804183248137805,0.020817147479529036,0.0050750495308555235,0.04456798149421633,0.00395636229417155,-0.23290145481864777,0.0018074220346356532,-0.0972494439619805,0.5380069240836088,0.0408470445975841,0.021804255690418266,-0.00016320512910201253,0.03421041756817538,-0.0021492229358035016,0.0003769015240849415,0.004202370637427827,-5.135935763810138e-05,0.003857277998768286,0.015910336109316518,0.007943932166246783,0.004694771630482031,0.00643502049445725,-0.0013193917176557908,0.002096191986489485,-0.0011963032068031004,-0.00035596282551995787,0.009251007505583251,0.07133202920613664
14_1,-2.0456642081700602e-05,0.0172945099332404,-0.004284831572372746,0.003571621622785383,-0.00023412909407821356,0.005262301146114054,-0.0006296472599300867,-0.002995783588015181,0.007479902865455055,-0.0005566357249877543,-0.5000640149434621,-0.23193745254071468,0.0011350784391971497,0.006729334054939479,-0.000995660229133912,-0.021315937884903026,0.004960523471698984,-0.00032831571326947997,-0.012950266685899454,0.006293356886090557,0.021059325977133767,-0.0030903275380077307,0.011077587040221461,-0.30075665963148646,0.0030957407314374805,-0.11687625547215974,-0.4994036383208193,0.004480455267008299,0.011317568816843754,-0.0031113756806654485,0.020946483319650988,0.0033000431527009984,0.0005536411002386712,0.0029103414345297667,0.0032373808170714736,0.0005496754657632399,0.004760089529221638,0.0014726164676592166,0.004865623716099601,0.0031663171722288563,0.0023324012570820436,-0.0001273507981582279,0.001305489986794476,-0.00025547798608020235,-0.003544501492802893,-0.11297122740086317
14_2,-2.0456642081700602e-05,0.012952692042136706,-0.004217964477657205,0.004857390429019246,-0.000303025929123419,0.015323405854013272,0.00023930231793425905,-0.0032911333492998468,0.007866210049621243,0.004042516192548511,-0.5085212695610979,-0.2328244330607304,0.0008649238457798015,0.010582550101287136,-0.02451496023733069,-0.01734103740622527,0.005302324486191144,5.1479418004548184e-05,-0.009539548595782571,-0.0037425804994377313,0.01994291958264175,-0.002819701133770419,0.007329540228900911,-0.30716575158859916,0.0032283699858235244,-0.11914006453653302,-0.5178338448175027,0.004484239671449276,0.005853399973347315,-0.0033103239547368,0.022046801607458852,0.00338964491231783,2.448942038851907e-05,-0.0006365217452841744,0.003779622865726461,0.0003779862180207606,0.004426085888947767,0.0005405323962010382,0.004775968881558335,0.0031728128347745244,-0.0014685528509665688,-0.0018729950540036851,0.0012134967464897221,-0.00025547798608020235,-0.0037682168528063264,-0.11329255335795531
14_3,-2.0456642081700602e-05,0.01386088834731676,-0.0042811398236782434,0.0010657522164393867,-0.0003059482830362302,0.005257985581209906,0.00032727827541298264,-0.0032143430376153906,0.007874721285270607,-0.00017716819461844192,-0.5059862880652053,-0.23429716169422685,0.0009403566732310881,0.007422096275315487,-0.02612705500523853,-0.018639121021756428,0.004759832967770752,-8.82862446850664e-06,-0.010930244559570913,-0.0037257392439481495,0.018842135113859435,-0.00327288433064162,0.006857257510849594,-0.30793463604681315,0.002921945386883086,-0.12176806903880065,-0.5199405664453617,0.004479599215912875,0.004921671517706625,-0.004856989983892514,0.018968823824439762,0.0034247646654351972,-0.0005023815454750025,-0.0006354492125765139,0.002792022686357449,0.00044903790736445376,0.004156274768646874,0.0008789816348082878,0.004864710029925303,0.0031728128347745244,-0.0018442977204979685,-0.0027045651103878013,0.001215715237072864,-0.00025547798608020235,-0.003829862591218589,-0.11528784522284534
14_4,-2.0456642081700602e-05,0.012952759394988793,-0.004204382333937455,0.004613422137999226,-0.00030303817901934475,0.015281717096581573,-0.00071577262006232,-0.003218940953242597,0.008155586738490646,0.0025698948318214586,-0.5080863403105809,-0.2329933283836432,0.0009403566732310881,0.010364883432854391,-0.025113975141643225,-0.017475860652693662,0.0045576423656898185,-2.992420826025124e-05,-0.012663418114318429,-0.0037257392439481495,0.02011040640378497,-0.0038253246478034218,0.007241309692131399,-0.30783448093349614,0.00041174999631487163,-0.12176550371883789,-0.5183045543602028,0.004484239671449276,0.005654522788246944,-0.001254820320711247,0.02205646207324178,0.003086092265045162,-0.0002566610148369121,0.0031675900970838944,0.002881201572359976,0.00036444038455478705,0.004556203129932685,0.0011411461769356816,0.004775779256953,0.002978428254818052,-0.0014760312528539603,-0.0021748685859048307,0.001121466456097172,-0.0001929913161627557,-0.003829862591218589,-0.11641023354344247
15_1,-0.00017300695026091495,0.005749805378634834,0.005290015259605564,-0.0026578278525849304,0.0018257764269331116,0.016868808632216594,0.00029347496448125935,0.0023838827317152916,0.0007294882085688674,-0.03274016365430454,-0.3987627365918785,-0.18361949078984044,-0.0006874179154662436,0.0009547451897124965,0.008270399797502204,0.004155980201104712,0.00477724969647219,-0.0004545181380498915,0.005080541310692871,-0.003443930276698817,0.004976476747618031,0.004900670608922282,0.004948875138598902,-0.23615018698465992,0.0010836141928695134,-0.1022694332219926,0.5798972343285682,-0.001954910752121312,-0.001647138124307512,-0.0012211029009548805,0.0027402266356926237,0.0012418301395740981,0.000747149685023826,0.004799626324573329,-0.004445457364575078,0.0003889418051727803,-0.0019240254750201935,0.006275319243700935,0.004880932721388119,0.007217526073850337,-0.0006557949837938111,0.003040025934129713,-0.001374183930012379,-0.00014184052209492573,0.006334475145417902,-0.045024962961979956
15_2,-5.447388365657779e-05,0.009241417100885344,0.009283814728340906,-0.0022382395685757142,-0.00033709519575908726,0.016569874391812508,0.0001429245999401904,0.0012395540650800732,0.002446408316549873,-0.03511644880958638,-0.3966872581421462,-0.18497058800612193,-0.0006177725169332544,-0.012491039963662458,0.008592239807950352,0.0038967759950794397,-0.003994208047025841,0.000298168119723133,0.005019770467943899,0.018817152877258166,0.004814126279759121,0.004101742341774288,0.004186171403325422,-0.2380508384029032,0.0016912497557279886,-0.0957252106183341,0.6225214234100054,-0.000342696713586773,0.022192413181557243,0.0009803640084547723,0.0030075437801088314,-0.004106650881834102,0.001166522407250181,0.004792457107588708,-0.0028854836990805125,0.0037577096449211704,-0.00288806316484971,-9.735377953424499e-06,0.0048517825222871075,0.007180486400175747,0.0030502060542717552,1.2528079502838272e-05,-0.0010667031987268345,-0.00013954242268193165,0.00223042398328642,-0.051366779171202206
15_3,-5.447388365657779e-05,0.004060626688050942,0.004658216134842698,-0.0022390015510416303,0.0030029030901982784,0.016552825117970345,0.0002030748748669195,0.0019369507969930993,0.0013610345305716488,-0.03522014418562383,-0.39988219671116765,-0.18226219903338908,-0.0036583673134833114,-0.012484309274165984,0.008074184096007802,0.0038755088640139964,-0.008149618886560676,-0.00031873568309752267,0.004998411193998334,0.018658781765245887,0.004899013154163233,0.0023254365586557533,0.003589660914082073,-0.2392952417164883,0.0010023682378512886,-0.0959336855538719,0.6238576766294461,0.00021092900886827623,-0.0018427953761755403,-0.0010175959890102496,0.002947916946101475,-0.004156451338256114,0.0011838177211377454,0.004792457107588708,-0.0031335432279243442,0.003785661414750147,-0.001947713875018547,9.20390318770774e-05,0.0048352852190364495,0.007168715535827479,-0.0006454469241166023,0.005080330962398898,-0.0010298798591161546,-0.0001473699450936966,0.007055068823451203,-0.05175783258988685
15_4,1.379888755607267e-05,0.006171081713256416,0.01008687617633763,-0.0026586001115405803,0.0005103611623315206,0.01690035076017714,0.000272859977582958,0.002355800847433294,0.00037990731828401944,-0.03350742042481008,-0.3949648690710828,-0.18363640645171728,-0.0007080498881343182,0.0012279780414468705,0.008236493248993438,0.0040333867546698985,0.004745382695216979,-0.00027146091509511975,0.005082784470270927,-0.003422620733910818,0.005081063309259448,0.005090262084406735,0.004956395697030259,-0.23586276712999324,0.0006859447613066275,-0.102337272196291,0.5941591138508949,-0.0019297476516811924,0.019590345498324693,0.0009242168730482457,0.0027200281642010635,0.001281355463146342,0.0006975050119065595,0.0047923135745447576,-0.004456321826327053,0.0003897246257219553,-0.0018898658735462307,0.0014773122092231182,0.004906287218543777,0.0071916077345778725,-0.00019038164338553663,0.0031935714046635658,-0.0012040833019374992,-0.00014772732229207178,0.007534430320100402,-0.04578006556322291
16_1,-2.593991938312128e-05,-0.04670917862665065,-0.005632240007263324,0.0029057555872324895,-5.1196581457174824e-05,-0.03470177910563789,0.0036180087059130926,0.0012330112824391443,-0.03611658588677722,-0.011682983027998993,-0.4632746347271074,-0.19989535665539743,0.0007587999359560617,0.009683334128342404,-0.018177740765506694,-0.022657582830697034,0.00419573568631896,3.874284775338315e-05,-0.013108519051665126,-0.003268212339628914,0.021207261573122516,-0.008090494091518177,-0.032958616185694324,-0.26559190124899296,0.0010675241766734062,-0.08474266678691089,-0.522826080679592,0.004396207444575469,0.00548153611905124,-0.001795213789828767,-0.012891603167355789,0.0019182989098399839,-0.006860118468792416,0.002513590018531256,0.03924580851578095,-0.00304379631414108,-0.0021043798078918554,-0.005067383441252468,-0.026932748123345184,-0.024983603265176343,0.0025022791676431928,-0.00013338740958763248,0.0014508308545586913,0.0033547278597653198,-0.0022340864377799704,-0.15915133797970019
16_2,-2.593991938312128e-05,-0.046510403331154485,-0.005611181558589648,0.002953933953965088,-0.0001225140917780797,-0.03469978550284551,0.0036209162056414067,0.0012330112824391443,0.00833294701619897,-0.009664430752875052,-0.45504477421845707,-0.19967590673343777,0.0007397679264854616,0.009905339454684404,-0.018174833265778383,-0.022396743138124106,0.004197655258286806,0.00010809678796175207,-0.013107086649918498,-0.0028959729920279937,0.020664980039118548,-0.008029953114176898,-0.032462152246608575,-0.26510581981147713,0.003150410528736384,-0.0843460339592611,-0.5093981028771964,0.004396207444575469,0.005576417307153653,-0.0009509237566470551,-0.012860165433278668,0.0019344145949486348,-0.006899064782867428,0.0025153379424419815,0.03999324528180773,-0.0030408888144127693,-0.0020045467535513522,-0.0015096069218162962,-0.026948709711687644,-0.025044091277515553,0.0025022791676431928,-0.00013421803239893528,0.0014890613463901213,0.0033874366204296132,-0.0015900910054801381,-0.14201546686025085
16_3,-2.593991938312128e-05,-0.04670917862665065,-0.005611181558589648,0.0029409546628999545,-6.17610776804502e-05,-0.03470177910563789,0.0036180087059130926,0.0012330112824391443,-0.03670395792818671,-0.010632645911641921,-0.46313439286737057,-0.19961798605628053,0.0007587999359560617,0.009900106708437259,-0.018177740765506694,-0.02257288989618312,0.004265162784111176,0.00010569690881280904,-0.013107086649918498,-0.0030651805028565583,0.021397633549956583,-0.007611269595547717,-0.032242390179370965,-0.26519781558363703,0.0036320305065507194,-0.08436149695493397,-0.5218356897005689,0.004396207444575469,0.005788103128813182,-0.0024280699208059503,-0.012891603167355789,0.0019280941359218697,-0.006979692672710403,0.002515022420277884,0.039920163373124706,-0.00304379631414108,-0.0020045467535513522,-0.005056343495121887,-0.026932748123345184,-0.025044091277515553,0.0025022791676431928,-0.00013338740958763248,0.0014339155531035604,0.003417214529682782,-0.0015671358329837478,-0.15819267478367618
16_4,-2.593991938312128e-05,-0.04464076444273972,-0.005632240007263324,0.002918734878297623,-6.453783907916111e-05,-0.03470177910563789,0.0036209162056414067,0.0012330112824391443,0.00830746973370037,-0.010993425476711813,-0.4554603318430388,-0.19971832607593018,0.0007397679264854616,0.009740725749496547,-0.018174833265778383,-0.02212117245878662,0.004226775695576242,4.970885956489613e-05,-0.013108519051665126,-0.0028959729920279937,0.020662455620162716,-0.007867640847738467,-0.03275493553372809,-0.26553675972134655,0.0012512557642119166,-0.08461191107311761,-0.5102244437212685,0.004396207444575469,0.005618865170394897,-0.0011943918179571616,-0.012891603167355789,0.0018665602997874763,-0.0067794905789494405,0.0025139055406953534,0.04047518258721607,-0.0030408888144127693,-0.0021043798078918554,-0.001558359707532357,-0.026948709711687644,-0.024983603265176343,0.0025022791676431928,-0.00013421803239893528,0.0015259944475570324,0.0033769950498752314,-0.0016044795899250617,-0.14300675677487287
17_1,-2.0456642081700602e-05,0.011798447464300556,-0.004203270398125854,-0.0014803077212296543,-0.00031198025875750317,0.00602466298973402,0.00026883490223104933,0.0016378557562889955,0.006000581327605247,-0.1669285013600089,-0.49987850967509545,-0.23781716107742407,0.0010123729059630497,0.006163481270848566,-0.03600472934217387,-0.030693798138888936,0.00333058120723029,0.0002982674020803899,-0.009639878324187088,-0.0036032824214832534,0.019680453228478372,0.0029120291559175176,0.004778723343108563,-0.3135969574923255,-0.02105146979718794,-0.12445388735074595,-0.5671845617244169,0.004484098901135217,0.0057482112524071555,0.0005775592219499565,0.02023167395180365,0.0005107128913297222,-0.000329064590171034,-0.0005208707237597645,-0.0017625576009990289,-0.0032240715410361475,0.007550196398317904,-0.01057094176033817,0.00485805485463862,0.002860788405175025,-0.004209452354635768,-0.000951136575048697,0.0011994835962409363,-0.0002977800275217597,0.002243948689375754,-0.17016019505274801
17_2,-3.662922517354804e-06,-0.0006185008270004237,0.0013062371082781356,0.003904285944614533,-9.521714332821722e-05,0.012801252272582182,-0.00020620694055767624,-0.0032539898208285437,0.00599061517099849,-0.038620486445485276,-0.5168341379829221,-0.23438977258092392,0.000776774843145164,0.007299526797579071,-0.03536103381466143,-0.014407422661985343,-0.014348761511971998,0.0017944745238396517,-0.00974624813535235,-0.0021035053751359127,0.02051400274562136,0.0061155437155280025,0.004849013014140631,-0.3163211393509437,0.001973792506075058,-0.12792843859244893,-0.5818527121397602,0.011401811535134825,0.007871775778035519,0.0031372886867805337,0.021091200834034953,0.0026844674777413468,0.000794378850178088,3.757292990563127e-05,-0.01927480963108858,-0.0010527353977500859,0.004196467334675151,-0.013830415742486802,0.00462952758369028,0.006095883899317374,-0.0013853531360645368,-0.0008104391399309971,0.0014869092021374966,-0.0003371181061367129,-0.0042969298288657205,-0.1361224926863705
17_3,-2.0456642081700602e-05,0.013590086991977848,-0.005560264831635088,0.0036522934743815957,-0.00030470158791373256,-0.004945051237762743,0.00030300442579298155,0.0016388589040345503,0.008842069339848005,-0.03187567507059073,-0.4650193801795524,-0.23642521441298148,0.0004567054495072649,0.006892686579278778,-0.0351679032366846,-0.020529169491593495,-0.01572617020960227,0.0017663380500235171,-0.009686024522206047,-0.004269639470134617,0.00639837524037007,0.005292228691964731,0.005210252485086268,-0.31460369924650783,-0.020944860763976714,-0.12433525078051706,-0.5163843930779113,0.004484098901135217,0.007808492795941344,0.002162550764594713,0.018964252543188648,0.0025233755417920227,-0.0003316138265437229,-0.0007542954529904493,-0.019406907740759198,-0.0029521639246155628,0.003286393970328933,0.000783297377317441,0.004872120281909628,0.003938546978348332,0.0024051103671808003,0.00039781700242480945,0.001195682527475917,-0.00029802552590986356,-0.002563372329453225,-0.136858321407513
17_4,-2.281459435589557e-05,0.010912838233605593,-0.004175293006605855,-0.0236103216908718,-0.00021828822252359294,0.01565804390461047,-0.0003306013148717032,-0.0029120911663363565,0.00600237302807636,-0.16625999906852496,-0.5368165968100037,-0.24481126546768536,0.00041942103336139276,0.00569665400525926,-0.03544538989663733,-0.023206784642190652,-0.0012589580640393425,-0.00017309860857481945,-0.018451104631576905,-0.0029589227188074035,0.0161382936071198,0.0032005092396247257,0.004353927967289664,-0.31413322563616214,0.0019940384264693625,-0.1254650071875919,-0.5703727111112759,0.0048293407100828915,0.004231889356378056,0.0008074561205196615,0.019619441695104503,0.0018560103979480599,-0.0021834213270013076,-0.0005272458865035807,-0.0014383231145249035,-0.003026728003698462,0.00545513257411535,-0.011193472421483384,0.0046734901027811115,0.0032917805899296704,-0.008758927675749083,-0.0007405578785424196,0.0013233027179428043,-0.0002608009705758513,-0.0034452389406983857,-0.15673402817975568
18_1,-2.0456642081700602e-05,0.013590086991977848,-0.004206018159320221,0.0034512409531607374,-0.0003139532424027477,0.0056962200810230425,0.00026620099097676014,0.0016375294342244589,0.008835796241685557,0.010690240294060929,-0.4664067778971747,-0.2302541571555315,0.0004957413885773184,0.010224236009368845,-0.022681599927154194,-0.02165757501899357,0.006225093418067676,0.004751163106097944,-0.009654478322254367,-0.004448286217782024,0.02817708556296728,0.0090589688100573,0.011585619861951571,-0.3042263083534507,-0.020998043515651082,-0.11857896272920483,-0.5075717758037043,0.0110579400562555,0.010310051971898727,0.0017815134206876496,0.020101095399919847,0.0023861184354189717,-0.00033262940120217877,-0.0007716516022885089,0.004419075502729372,-0.0034863430484927344,0.003274331372369723,-0.0008007984669843817,0.004872120281909628,0.0028574179104149736,0.0024051103671808003,0.0029310265915194617,0.0011968145051560498,-0.0002881839478919854,0.00210611493974208,-0.1195325199042561
18_2,-2.5235402892636108e-05,-0.0006387098697323183,0.001332220468531241,0.011290251866520986,6.870722670422602e-07,0.012396157681506457,-0.0005766265604055876,-0.002955926269189557,0.008888176135128623,-0.013073779208088002,-0.5110584205214616,-0.23236925345795767,0.000300549298272201,-0.025733545881861344,-0.024532111249569215,-0.013878674968150808,0.005209972524780885,-0.00017455486876384076,-0.007253663283538153,-0.00208742610273328,0.040841124019703856,0.005938738270317285,0.010660634770831703,-0.3172884134296063,0.0019515444606849125,-0.1221230866228254,-0.5652467137020377,0.011355933731900934,0.012061647968071765,0.004126555925070388,0.019663195957015118,0.0030649630123665097,0.0007877687291940312,9.532089055945547e-05,-0.018985483456832958,-0.0010557003405426099,0.003856846508775046,0.008713651418705061,0.004645722401270431,0.006011590003980501,-0.0017459984583870942,-0.002115904869776227,0.001529517899707982,-0.00029218677701234796,-0.004122029704230895,-0.13216903014048798
18_3,-2.5235402892636975e-05,0.016645720258034888,-0.005554013554870358,0.003674976617662728,-0.00021127182925848118,-0.0018501851302581787,-0.0009532297901941478,0.0018471871932259339,0.00893689840816354,-0.0022983784229964384,-0.4613506713716989,-0.22763774977587886,-0.0018707823111143366,0.005435566562395889,-0.00259768458877032,-0.020878453021807696,-0.008094199072305712,-0.00022956824830301474,-0.009715457922918627,0.00795935830143257,0.009981170416983763,0.009392333903703181,0.013169122954875507,-0.306956814294298,-0.021042289513062865,-0.11629758712483036,-0.4791125247873079,0.0046335573546385615,0.011842514714102597,0.004410758885079602,0.01892239817947204,0.0024613122993024737,0.0007161868357505128,-0.000698208528745168,0.0045892194207333,-0.0035224019044360283,0.004166321374154176,0.0009376046812881929,0.00488917260603468,0.004148299229909863,0.0023474940318002372,-8.689909916502567e-05,0.001315794952068173,-0.00029187363677622615,-0.0023601907225002682,-0.12225411461846801
18_4,-1.8035833544959197e-05,0.015517503358013482,-0.004191861571092902,0.010024181769396056,-0.0003113341609817209,0.015237372719814825,-0.00105545510265525,-0.003299625656733838,0.008096684130324723,-0.0038504657937478703,-0.5032941185508255,-0.22931338268791404,0.0004569682439889754,0.010350195873455014,-0.00018763879129033508,-0.013713945384889807,-0.011891679226585676,0.00475343210708006,-0.007310221017381502,0.006397560396691544,0.027980451950722553,0.010194259561294964,0.011122300889757034,-0.2699585191744354,0.0018856675203753033,-0.12326440813558537,-0.5016500045489964,0.004493154138411677,0.0035191691155725315,0.004174197251098499,-0.0069746304220705425,0.002627774783847643,0.0007393551999068412,-0.0006234095245419694,0.0046688837863160405,0.0004179549837476466,0.0009360476219706509,0.002219398240087298,0.004790915898529348,0.002911899130774517,-0.002095284818877905,-0.0006189710959727977,0.0013833626809078119,-0.00024745377964703174,-0.0038233138038233565,-0.10704140889230339
19_1,3.652109244845457e-05,0.0022445337748288625,0.001758953458873567,-0.011026626037512621,0.00023341926306630952,0.01833397696466243,-0.0003249451154293903,-4.7602554327020805e-05,0.006001641867570497,-0.06621875948578883,-0.5188421409326541,-0.23985229631526864,0.0009585852052564716,0.007654042800807651,-0.016741821233881307,-0.020661165634988394,0.0033008888096743277,0.0004649082548125877,-0.01854300621308899,-0.0023673264847539764,0.01576668682318331,-0.0007886475177685329,-0.015231239865421624,-0.3223755237856938,0.0015609926619274649,-0.12681039108741707,-0.5979183002057991,0.004066683464034859,0.0027020697428728827,-0.0001156646197418309,0.004140636164452422,-0.014798291864562694,0.016398255569547784,0.0030499417969219577,-0.016580788071161798,-0.0013097388980109882,0.0065698894004662615,0.0034015161725522236,0.005983025518547746,0.006786982906369897,0.003723217498941905,0.0014887971239083693,-0.0004887246666480573,-0.00052912994572986,-0.0007807258467914641,-0.1642621526760702
19_2,3.652109244845457e-05,0.0023355330290225854,0.001785304716644911,-0.010591195007526163,0.00023341926306630952,0.01833397696466243,-0.0003242715961762816,-4.9197561895452865e-05,0.006217684205401256,-0.06425241600254093,-0.516912370971684,-0.23985229631526864,0.0009359747997355118,0.007744647060028411,-0.016744279661872453,-0.020317408727116158,0.003308681633889877,0.0006932854802562975,-0.01854300621308899,-0.0004029724615297937,0.015886199313252965,-0.0007937278558493785,-0.014281225292253948,-0.32146790568116906,0.0015584007698689409,-0.12639189618033442,-0.594513227800635,0.004064422286835741,0.005130075843155547,-0.0001156646197418309,0.0056572508191282955,-0.014828684434872879,0.01723536345655182,0.0030488592747098375,-0.01481650652761188,-0.0012989747276841315,0.0066142071652786506,0.004691780553904723,0.005982301680016663,0.006807370587538316,0.004527353315377003,0.001470599853163735,-0.0004913165587065813,-0.00023759753912852696,0.0011435773589111406,-0.1617194828596217
19_3,3.152182889010202e-05,0.002380893618164794,0.0017822440540170375,-0.00991710080161966,0.00023258165825203788,0.018609788148105395,-0.00032815552221008605,-4.9197561895452865e-05,0.006301703939196674,-0.06374076230032395,-0.5162780541254789,-0.23960201189758734,0.0008828188675328607,0.008498900282437239,-0.0167974355940751,-0.020271745058916307,0.003304457221967566,0.0006866672469813193,-0.018548771635779386,-0.000807342890048478,0.015864526921719864,0.00011764509619445219,-0.013271912458024306,-0.32028847797132626,0.002295276031479202,-0.126061606174243,-0.5926672520532011,0.0040638467783961334,0.0053311713011569735,-0.00013570757135552116,0.005857495702135432,-0.012126470490008484,0.017599389587180957,0.0031875315480771804,-0.014343150486919509,-0.0003479057239060099,0.007386794840004983,0.005081824071087186,0.005982301680016663,0.006880925072380971,0.004842572319854579,0.0014631628366014635,-0.00048402107371282,0.0003383681411978797,0.001305348014316385,-0.15934205382835082
19_4,3.652109244845457e-05,0.0022445337748288625,0.0017558927962456933,-0.011011454978471454,0.0002350169910094067,0.018312707774016192,-0.0003249451154293903,-4.7602554327020805e-05,0.00600522872130255,-0.06629826589190067,-0.5179548415052476,-0.23982922460864461,0.0009585852052564716,0.007700110624511593,-0.016741821233881307,-0.020661165634988394,0.0033008888096743277,0.00047795676749277233,-0.018541573811342367,-0.002906408857028925,0.01578196133257157,-0.0006969307643262092,-0.015097612192480389,-0.3214729698912579,0.0023078494570125813,-0.12667371004776348,-0.5967892420911257,0.004066683464034859,0.0027020697428728827,-9.693261381681475e-05,0.005652713554978999,-0.012126470490008484,0.016443272603338777,0.003051374198668586,-0.016688928869043065,-0.0003586698942328666,0.006571689146108605,0.003351621902334561,0.005983025518547746,0.006860537391212553,0.004334413766999226,0.0014887971239083693,-0.0004853992141294512,-0.0005367584472588925,-0.0010867833328114707,-0.16233610521197658
1_1,2.272500609291645e-05,0.005611988435524085,0.002562767500345541,-0.0030763599910860334,0.0026453101731656195,0.01617021763725933,-0.0009648581345811668,-0.001913970031849191,0.005583908372686342,-0.036467000501571076,-0.44522876949534007,-0.2166509052018385,-0.0022065366477608517,-0.011426405539200025,-0.0001430257922568341,0.011983214754391912,-0.0018174350945402752,-0.0007088993216069202,0.03291832044444756,5.972403630075075e-05,0.02677599755272965,0.0075879779706236015,0.014124959480214663,-0.2827480960834109,0.0019762752041164316,-0.12203635109500353,-0.4601611370536724,0.008856800007822123,0.00715376769010069,-0.0006696568853284089,0.012558861979221776,-0.004351790192460366,-0.0011990232163985697,0.010224681918366299,-0.025337656741890983,-0.0012984591053835928,0.0015100702484119478,0.0044963980681583075,0.00868463250340492,0.00662677552893928,-0.0031532447527613024,0.007016877587562332,-0.000583325990137511,-0.0013124991311959213,-2.254405047058853e-05,0.21578806950814836
1_2,-1.11304660223863e-05,0.007172126814897407,0.0024674689609734627,-0.0031164759254743183,0.0028492460378695874,0.017122689921750263,-0.0010176552530336775,0.00032289741274140957,0.005819605974218298,-0.03461991063542082,-0.3963919580027807,-0.21849835237562773,0.00021863720844156505,-0.011198993320021975,0.010765877680953741,0.011934300838396167,0.005320479209365555,-0.0005486253588739437,0.017037981770980405,0.00016460083251639088,0.026874383279329252,-0.004909741037885284,0.013516998812041426,-0.284378524299338,-0.020283778987205764,-0.12352332807562703,-0.375129129158872,0.01050698204235842,0.007316233771849055,-0.0006827254310944279,0.031833638636026076,-0.004232536810561788,-0.0011131884952117516,0.010231635559383567,-0.02055717875363401,-0.0010374755265085387,0.004982227017466368,0.004747312837762186,0.008944632125692891,0.0069828985918935094,-0.0028432851012947045,0.007423820700067918,-0.0005868520440900377,-0.0012899481952962728,0.00013510696662130315,0.18948687200797823
1_3,2.272500609291645e-05,0.005433074346610952,0.0026991234761626,-0.003072177646166815,0.0037635504987123874,0.016391002655731637,-0.0015140754883376998,-0.0016632287453952482,0.0029235994968930135,-0.03649747922449613,-0.4442579578881739,-0.21606316143324558,-0.002210311536351075,-0.009634770266975094,-0.002871803850461168,0.012820686551743187,-0.014251442647796821,0.001836754289358694,0.01703095877432323,0.00022861263328581875,0.027139366170894633,0.007578373421644115,0.013166000641827148,-0.28888685412122933,0.0016627579824072293,-0.12125420462438964,-0.4656345614330297,0.009051110906834615,0.00964694775169193,-0.000690017411438839,0.014945404306175433,-0.004236076400464831,-0.001223560904354729,0.014646824018625122,-0.02533594109186543,-0.001218274131191584,0.002677555598465232,0.006771270799596379,0.008672742123564755,0.0066046742104246695,-0.002641216456328703,0.008675654166219597,-0.0005866866131202485,-0.0011626211531758676,9.127626387321912e-05,0.21380280293667256
1_4,2.272500609291645e-05,0.005593515124486327,0.0026543881394532048,-0.0030748810768768267,0.0036970911448687615,0.016648456658022018,-0.0009649947966469384,-0.0016523501751618888,0.005590421139128578,-0.03530067787278865,-0.41923371298157364,-0.21833358925308313,0.0002815422375046601,-0.011296803934528945,-0.00014381169939459105,0.011996566557349968,0.005700037300366956,0.0019226576759563828,0.016878302148518588,6.837175610664324e-05,0.026777057913217068,0.007587088254993747,0.013051739169986701,-0.28622308435400257,-0.020287813587652075,-0.1216114108897658,-0.4837020419609208,0.010343394000898551,0.007190595176512014,-0.0006789438657462139,0.012605994608035019,-0.004240477251041064,-0.0012147175412416497,0.01279408489042579,-0.022687881724845864,-0.0013377961954280473,0.002774330947701773,0.004473067758504663,0.008672742123564755,0.006668045460064059,-0.003152967929053325,0.007018696305304195,-0.0005866866131202485,-0.001166828494890525,-4.197467702596856e-05,0.2098777215242846
20_1,-2.2960635005783887e-05,0.03377097002921107,0.0007715064868181114,-0.0016312837806488527,-0.0002927187458561266,0.049898833953158465,-0.00012115093772230735,-0.0008939051169301356,0.0008690307485394414,-0.1559374829245407,0.5062860794497039,0.3284416702019516,0.0024566985247236814,-0.005365170936536375,0.00255182335440066,0.0023423145121913382,0.003670189111325328,-0.00019030319536969206,0.0018810503003592162,-0.001030785126279141,-0.006126426754161744,-0.004071029840541469,0.0007797943878151504,0.4471615133089982,-0.01401894023955907,0.09692974728674535,0.029002610830408865,0.022746452432516388,0.0003638406760533153,7.042006439242094e-05,0.01708442283861098,-0.0011082263246393192,0.0019364764646681134,0.0019135702139514914,-0.03805431241590751,-0.005164276333790878,-0.042089108045267165,0.0014825095878972228,0.019042931781950052,0.022429577971253993,0.0003178728325268622,0.00023057756031505307,-0.00277729299475724,-4.783349780870702e-05,0.0024498834263731437,-0.032701164049152985
20_2,-2.6035828100342846e-05,0.032928212304489446,0.001879244982967669,-0.0016317221595587615,-0.00011701077696784257,0.049896243476596346,0.0025702325460558485,0.0019779037572829126,0.0015214607798416536,-0.15475095044958634,0.5025555870366105,0.3139558556030563,-0.013227533839324745,-0.005348895743791722,0.0017603676192884318,0.0020444117184839445,0.004618173282993838,-0.00017565446480204497,0.004118222973858859,0.006368381532953361,-0.006720336481349447,-0.004149170478141084,0.0006906978933436065,0.4347588386869538,-0.011214140046627052,0.08809827383461627,0.04200681462285905,0.0337833687560005,0.008071642052235001,6.607337590293794e-05,0.017921711044170473,-0.0010348214971178799,0.0019358879896311252,0.0019135702139514914,-0.03785032029854525,0.0017634711086008258,-0.04302919846424799,0.002152530897015303,0.019130350467275636,0.02540821678323598,-0.0010724265084776027,0.00045799563312657406,-0.0024229757521612343,-4.783349780870702e-05,0.0024485088730215637,-0.03276338702457687
20_3,-2.6035828100342846e-05,0.033473616433982264,0.0018958833633798745,-0.0017352137741659304,-0.00011701077696784257,0.05064497868088715,-6.592754391825952e-05,0.0021414792084920166,0.0015319101558699064,-0.1562685054042748,0.4970951059267049,0.3193211248433656,0.0020473627852614956,0.0005557322303686352,0.0017603676192884318,0.002082056176024691,0.004617532010429479,-1.1671787307934007e-05,0.004442286285910925,0.006367906280267559,-0.006311076489649209,-0.003712253772856451,0.0006929165187918753,0.42707916720844596,-0.011098018470841341,0.08644005177444111,0.0346716989166223,0.029403494991705085,0.00823892288287396,6.607337590293794e-05,0.018218624923147454,-0.0010791592971939193,0.0019509800864412445,0.0019135702139514914,-0.03814829032837262,-0.004324839875557275,-0.045722642266676966,0.0021628121355168695,0.018916532337793498,0.023335748896875508,-0.0010754363120226717,0.0005191957028185059,-0.0025708573585429386,-4.717429374403613e-05,0.002455006003403949,-0.03144210440485991
20_4,-2.3048878602897373e-05,0.03337653471673206,0.002145575028785748,-0.0016312837806488527,-0.00019183347420592364,0.050509677337841785,0.0013608391268536313,0.002256018834698607,0.0014868828694202558,-0.15767156147726819,0.5002344379881674,0.3334494228691758,-0.012831083716487845,-0.005375182010017469,0.005426733529640293,0.0023376390940360635,-0.0050561332853803,-0.00020354830794090336,0.0022051136124113108,-0.0011515271644560402,-0.006144136306866797,-0.003992755734987375,0.001475830197291759,0.4353931668441308,-0.01162111169724834,0.0972800123083054,0.03310458792667258,0.03191048143939038,0.00795777793166684,6.529271926041576e-05,0.018715720149901173,-0.000991678318157517,0.0019600955447794674,0.0017529091521726685,-0.04089484903502959,0.0011426968149013824,-0.03377341738031055,0.0026768569632166844,0.01986783196668316,0.02507110799501828,-0.0010695017112238002,0.00045889251022519025,-0.0008665447285925105,-7.289647106495969e-05,0.0027479295204932606,-0.032740037207206835
21_1,-4.2466133130518446e-05,0.007009714030344541,-0.0038407474890876283,-0.005617874841502713,-0.0030579591882648523,0.005723950327784161,-0.0012576447784002102,-0.0018266177846308419,0.0011873123002018211,-0.08343399559608385,-0.5289739399303922,-0.22269559598123373,0.0002853340569698305,0.0013345478138045161,0.013478534211268968,0.018932391654832084,0.0031246201446188636,0.0005131180733968831,0.01656342338794754,-0.00012949151022837542,0.02560380556216103,-0.00045946885761831814,0.010764615332419427,-0.26691452790357334,0.002361976370602952,-0.13564172070985173,-0.44705051001573026,0.002870269634895363,0.0013892413819429114,-0.00019610824908092338,-0.01264004740160726,0.0012719769083142079,-0.003012846526219762,-0.0037973396047987417,0.033018291636415495,0.00022030226053459598,-0.002334360253773659,-0.005727480442073348,0.003679164583300629,0.0034507039997952807,-0.005098681683218012,-0.004075793726758486,0.001511777844869269,-0.0015947936745405204,0.0007385465722354739,0.22959494236999095
21_2,-4.7684160930727606e-05,0.006995999020811725,-0.00400714057442637,-0.004931685492828748,-0.0021037901661520968,-0.0016155261211746822,-0.0007537518703193032,-0.0018464209429034104,0.0010196146021955394,-0.08109694163141055,-0.5295885697258085,-0.2219256090655496,0.00019069854270263803,-0.007891050015542024,0.013613013659228648,0.018386753114620062,-0.0006702487089653599,5.5989747838020455e-05,0.016967000230556032,0.0050911859678804405,0.025418343114887575,0.0009327712419935925,0.010652116353383985,-0.26553030319172677,0.0020444011928473097,-0.13457625411821897,-0.44290405997791676,0.003226752699775434,0.0012732567532992712,-0.0002320104196664196,-0.012948866477282533,0.0011880127839574185,-0.0029197781779833126,-0.003608278683956085,0.0330621253836818,0.0013846845832127985,-0.0013439426948825307,-0.005630695273557622,0.0030531596596799714,0.0042988405154352986,-0.005070510086969893,-0.004142557017400768,0.0009909237194853267,-0.001574766580772309,0.0008493445267841912,0.24082401899876696
21_3,-3.297066363349473e-05,0.009067026305456423,0.0013915003719248394,-0.005614882975713718,-0.0030232261802999793,0.005724873383390649,-0.0010896060748222553,-0.001854172268202815,0.001247567324253098,-0.08358372920358141,-0.5288594058874433,-0.22314893682136414,0.00028482249809840573,0.0013345478138045161,0.013598810516523611,0.01906647690811389,0.003156217141228851,4.9341271240630705e-05,0.016370568126389737,-0.00012850298910247046,0.02553566704406889,-0.0008039867065895473,0.010835068627859091,-0.26700320632264823,0.002334333946195804,-0.13587885791562393,-0.4559472435417182,0.0028630337091068705,0.0007764950564418088,-0.0002892304818480529,-0.012641497896847837,0.0013517926522044633,-0.003096964591694163,-0.004017479514799918,0.032785025104364623,0.0007255702933371281,-0.0024258335148795817,-0.005793957236851847,0.003572797695662815,0.0034498283927861563,-0.004604922881613679,-0.00415057988219436,0.0015023606868308833,-0.0016097048101470892,0.00029665242445321574,0.22822505630123813
21_4,-4.2466133130518446e-05,0.006994426805944401,-0.0041747791591857705,-0.005617874841502713,-0.003059524396859038,0.005723950327784161,-0.001273852548344073,-0.0018653528806372337,0.0011174157356420682,-0.08345932605985372,-0.529102634039609,-0.22339518597014688,0.0002853340569698305,0.0013345478138045161,0.013393114356117512,0.01893236463761181,0.0030879473885017383,9.672190747081781e-05,0.016365217806923998,-0.00040465873701495234,0.025537928586919705,-0.001190000170712861,0.010701617926435678,-0.2670075908158842,0.0023523438131710676,-0.1356840969870177,-0.448245921825831,0.002842298004587104,0.0012602587730383182,-0.00018684453628452615,-0.01264004740160726,0.0012719769083142079,-0.0030777844509075926,-0.00401540197137817,0.032623690987213086,-3.822820337944302e-05,-0.002427199216631506,-0.005689293941815454,0.0036053029959239456,0.0034507039997952807,-0.005107042920215057,-0.004151434826791268,0.0015187758797365527,-0.0015866368008011908,0.0006985894331169771,0.22859665330400403
22_1,-3.297066363349473e-05,0.007011215829387027,-0.0040754213601583225,-0.0056222933284722065,-0.0029377874590770982,0.01623211039396644,-0.001234232424469497,-0.0019849659691801814,0.0011715836145519947,-0.0836851746124079,-0.5068385424197679,-0.22157847101640715,0.00028482249809840573,0.0022575005261815714,0.01357092491981109,0.019259035665304923,0.0031456977415934275,0.00021657446853124958,0.01698500540268422,-0.00014041467587960375,0.0422294162971639,0.0015619426506907758,0.010757978432050144,-0.2994645686039178,-0.02144081484154541,-0.13573250261271708,-0.4664075741265645,0.002936616139707293,0.0013508444108236174,-0.00015768409095380216,0.015674434336771407,0.0012773089854322011,-0.003066301783383629,-0.003517229386668859,0.03276805793396297,0.0010266440404401783,-0.0015862392944049222,-0.005499942542175216,0.0035985939588130335,0.003410557086503157,-0.004991965968106317,-0.00378343031379712,0.0012132696819628815,-0.0015832952597940697,0.00085680668932799,0.2322615183273719
22_2,-3.990787093491495e-05,0.006591745188433326,-0.00422488814679647,-0.005619627905410877,-0.0004188826066813794,-0.019544025870300814,-0.0007449530311849344,-0.010821206919064555,0.003338467196089469,-0.08342019707165672,-0.5015875382115534,-0.22126595046728403,0.001366012401739826,0.001535598446664321,0.013654518289863683,0.019366654687106945,0.004151271276505485,0.0007717431487728609,0.014909895743098828,-0.003479967893774921,0.04245727190567561,0.0025812174875147554,0.012147096097636586,-0.2986556238986844,0.002108178970630166,-0.1082485982532767,-0.17422901998944473,0.0024602941373702827,0.0006671627002348766,0.00018887769555678757,0.010565278370023109,0.0013965868430623686,0.0009588692636606483,-0.002777932521711375,0.033176188522847525,0.0005789298364922996,-0.0006299013689212698,-3.1138126627050424e-06,0.004619462484833593,0.001632646769368768,-0.004545107787222237,-0.0034496387259365206,0.0012065434659365055,-0.0004140165966293807,-0.007531414661527005,0.16334197944741613
22_3,-2.362153053481024e-05,0.00691627360019351,0.001479997846601206,-0.005623013778151718,-0.0025482502681262653,0.01590294060873025,-0.0011256419431701743,-0.0019076235803866515,0.0011669857380929936,-0.08483223674896741,-0.5352094264976806,-0.22146497317333302,0.0013644573912399748,0.002222429082792623,0.01367851157985565,0.019136891053404444,0.004666372867037036,0.0005248503550442465,0.0167575901835522,-0.0004674452876447116,0.04214314494190638,0.0013525783195151436,0.010782318140141255,-0.29894558446673125,0.0023297849986821306,-0.13411376560674282,-0.47941317817448986,0.0023464913461591925,0.0008614963160925727,-0.0002955013066864181,0.015840914395151767,0.0010300761336529411,-0.0030400831393385883,-0.0037078799849719684,0.03292181540433154,0.0002995413813974097,-0.0009326122859355844,-0.0007915667238063426,0.00355101852125536,0.006392028584171029,-0.004784626890857797,-0.0035817855431778886,0.0012151024037271897,-0.001565915420031367,0.0006291525858774356,0.23396410791457573
22_4,-1.6546442083182657e-05,0.009023504840142128,0.0014778334614115873,-0.004913379968777065,-0.001996857107456285,0.01587395092831724,-0.0011383996378961112,-0.002017009371164306,0.001186910567859632,-0.08355676626526704,-0.5352118044783106,-0.2212571568585532,0.00026514854545970994,-0.008309268969572767,0.013843252183346973,0.016825768643088393,0.002968363396282778,-5.522376411653618e-05,0.016862247516468608,-0.0003919980610437928,0.042957848867500224,0.0013163984177684412,0.010785786550584306,-0.30019046878942524,0.002388853326392204,-0.1357191246372581,-0.46677446273890744,0.002830668027660763,0.0008653328003988276,-0.0001172693068505347,0.01582095932780286,0.0015906183903083172,-0.002992365543792441,-0.0034416509936920033,0.03288475382508139,0.0008964102161591811,-0.0014113230188584035,-0.005750308163568305,0.0036017830408296776,0.006296838431401009,-0.00457101805571805,-0.003792892904242584,0.0013359586239118267,-0.001549219285530675,-0.0009526553977258975,0.24263235066730598
23_1,-6.99493140597987e-05,-0.04957725581878554,-0.005421780230309739,-0.0002536047305710539,-1.686967170444226e-05,-0.033939208880886654,0.007887792114062505,0.0018387721615159126,-0.024511942461580807,-0.13420243648726232,-0.5406945470962039,-0.2221272569432245,-0.0009407375985752062,-0.02234027776508478,0.006435440509368041,0.00813971584744894,-0.0031719032907516617,-2.25064165837556e-05,0.0045192289496923,0.0067127774190741596,-0.13902534151920437,-0.004840605301670896,-0.0602006850052932,-0.28331408529941116,0.0026154119463380095,-0.14239704821000307,-0.6466652826449012,0.004627384529623628,-0.023806982012965314,0.0005260698604206918,-0.01340810692437297,0.0009593078434650421,-0.006981293008063873,0.0033709551418494997,0.03467857207057928,-0.002605094665854876,-0.013959263628615777,-0.006585693697398497,-0.02679536139291436,-0.02478146080702945,0.0035210396605333265,-0.0004911504750238139,0.0010386266319686484,0.0038063958563238067,-0.00149281202653296,-0.23516361911828637
23_2,-7.115922362251927e-05,-0.05079665851466733,-0.005597723049121367,-0.004445612465337518,-6.9043774530291e-05,-0.034216554713337406,0.006642772711517647,0.0018376791743459182,-0.025612814463328675,-0.14325817551149905,-0.5414918599412917,-0.2238533247519029,-1.5743975614211517e-05,0.005261214993630698,0.005972636448763259,0.007139940747853244,-0.0017060607779534112,1.4528769466017142e-05,0.004519567247460535,5.778225113695079e-05,-0.14038956979338518,-0.005375757863164455,-0.06191347909840584,-0.2791849832337547,0.0026857499342226206,-0.1446461013957263,-0.6307334922889418,0.004699765745914913,-0.024663731927063157,-0.0014152351433691368,-0.013424484995812499,0.00014673103149483342,-0.0071801544277476205,0.0033709551418494997,0.03468328492141996,-0.0031738899768743575,-0.0141039732237115,-0.0065820679781308416,-0.026962129359018844,-0.024794018928014697,0.00347341065156445,-0.0004911504750238139,0.001524665157374502,0.0037645269685728172,-0.0017391730773035825,-0.22785938241913958
23_3,-7.115922362251927e-05,-0.04961098531336264,-0.005594124635578911,-0.00019630055518862202,-3.466672683742709e-05,-0.033938497690307476,0.007887792114062505,0.0018387721615159126,-0.025338580974093482,-0.1354944526197731,-0.5416170561559349,-0.2227094240984116,-0.0019949268449544776,-0.02427156999081425,0.0057749655234988,0.0070539463279458165,-0.0031719032907516617,-0.00016517420870644983,0.004532221806884465,5.676841226651477e-05,-0.1401932254984198,-0.005358376451137051,-0.060040421494708375,-0.28554524812778326,0.002759870551832539,-0.14457519875257172,-0.6390785719197478,0.004630553087965585,-0.024663731927063157,-0.0014107849498409056,-0.01340810692437297,0.0001846607524685958,-0.006981293008063873,0.0033709551418494997,0.0347171615471651,-0.003148312250724385,-0.013961934641960792,-0.0065825251390565385,-0.027047643638751697,-0.02478146080702945,0.003522339703064785,-0.0004911504750238139,0.001660781015666515,0.003264385727599792,-0.0016442309994488982,-0.2371271058953154
23_4,-6.99493140597987e-05,-0.04959890696631643,-0.0054198333340482845,-0.00023870704180498211,-1.8750738226993094e-05,-0.033939208880886654,0.007887792114062505,0.0018387721615159126,-0.02520884754366758,-0.14116537044407598,-0.5406973466475492,-0.22236519011290046,-0.0019949268449544776,-0.02305415738912876,0.006435440509368041,0.008541087468832932,-0.002962336127387186,-0.00016049667019470614,0.0045556168478423,0.0063921309571138,-0.1393029915133887,-0.0048747038470374135,-0.0608738292609846,-0.2855380148414417,0.0022142045606925185,-0.1352348999890854,-0.6397949675843685,0.004630553087965585,0.004418047783294915,-8.94605613192493e-05,-0.01340810692437297,0.0008749883931591252,-0.007154407212458593,0.0033690708872029106,0.03476527245566573,-0.002605094665854876,-0.014040957912902587,-0.010829391790474,-0.027275857630333435,-0.024768816179198176,0.003522339703064785,-0.0004911504750238139,0.001588179431072893,0.003832209292619541,-0.001312677089125989,-0.2294809773974696
24_1,0.0003008270770290186,0.009157703935052464,0.005396436442334186,-0.0020801918305331734,-0.001408970349926912,0.01828200673379779,-0.00045753139214109017,0.0010397945572738678,0.001826921770605506,-0.03927421544658774,-0.3675828605262242,-0.18138873407570505,-0.0006773983798982848,-0.005559229909608771,0.007986335540869227,0.004198168084988927,0.0015718007330676896,-0.00012075644734917124,0.005091422620230768,0.007374549669718715,0.005325498415870885,-0.011723342376571196,0.004026305835489873,-0.23731131786822512,-0.02185466882670342,-0.10230866022491072,0.447192238166013,-0.0029986507406244214,-0.0035458958509033515,-0.0002357460309514916,0.004506811149468545,-0.002335277064250129,0.0005751668765546646,0.0038911089623446704,-0.002448337644678603,-0.015272735364534069,-0.004840904289549175,0.004302576741362152,0.0059624238013546325,0.008025989889898832,-0.0023584601557028752,0.0015824647393609206,-0.00034993128010276384,-0.00035542493901654455,0.004730742485095701,0.06982553255194122
24_2,0.00018768242756498667,0.010601811925234498,0.006004303016190723,-0.002079277921958281,-0.0015775838929200465,0.018326710566676747,-0.0005379264263059578,0.0012752160472146497,0.0012484833969278377,-0.039883273667218,-0.36817611558396035,-0.1789244252793777,-0.0035795306852877866,-0.005479376868200122,0.00773171925284179,0.004048097863503147,-0.006892698736472042,0.00043118702482250644,0.004484054784488144,-0.0011438738780670213,0.005204775214754189,-0.013471286610923285,0.004298801542847503,-0.23866362252290688,-0.02183820858224446,-0.10509105837221093,0.4467152123734412,-0.0005866183608301562,-0.0035868097649416966,-0.0002328270290421989,0.00449324629732906,-0.0024585964939217823,0.0005751668765546646,0.0038609569062224816,-0.0010271326231159192,-0.0017215194403243461,-0.005301376570864045,0.005565256505466081,0.005995097479806528,0.008151752895278166,-0.002477306460705335,0.0016856255069424646,-0.0005205991207601936,-0.00033342346288790304,0.004727143954530874,0.06982481043525032
24_3,-0.00015241567231936114,0.009158900341678084,0.0059681690022254895,-0.0020434128960236213,-0.0014453094750391067,0.018405237046865943,-0.0004003055335949574,0.001308070574246381,0.0016974504466491114,-0.03925234747559884,-0.3681024998229801,-0.18176843290846809,-0.0007300782286109583,0.0008869220119654573,0.008262987454421947,0.004201332541270405,0.0013888326343614362,0.0004549904906306929,0.004536538288060522,-0.0012056213594711048,0.004997578551464428,-0.013821706609767047,0.004627710988314238,-0.23721840996614443,-0.02184717931567068,-0.10514474176813718,0.4364648964835214,-0.0029888959698248715,-0.003584475135542657,-0.00023479450961931894,0.00436912418659096,-0.0024677573865403545,0.0005736554927362216,0.0038191424795361484,-0.0024841357325103555,-0.0017359784072047745,-0.005069762412779384,0.0017055317621813536,0.006003366939658251,0.008080419081002745,-0.002428825948423642,0.0015029095123887614,-0.0005205991207601936,-0.00033136567503583227,0.004688697784709181,0.06603605122849693
24_4,-0.00015705645673153718,0.010503173588818413,0.004730858973357352,-0.0020801918305331734,-0.0018275402081992702,0.018242771930094208,-0.0004016090047175196,0.0007888390774892697,0.001832711874440296,-0.03971750130928951,-0.3679863539148684,-0.17849083359799908,-0.003667665402410856,-0.005701231169182528,0.008321740435710967,0.004034942390946708,-0.004187903827147589,-0.00024252638543446805,0.005062206039949111,0.007374549669718715,0.005332432682461607,-0.011939412988655711,0.003703232892142298,-0.23827213653192303,-0.021858742731542806,-0.10230977697762035,0.44540143452473974,-0.00044937955222666345,-0.0035458958509033515,-0.0002357460309514916,0.004397775528931877,-0.002371346110263248,0.0005803764399799492,0.003801142339229947,-0.0010690802217530248,-0.015314381948447284,-0.0051438222799681434,0.003787244830197438,0.0059624238013546325,0.007922620880524443,-0.002584947973635622,0.0015928672949895467,-0.00034993128010276384,-0.00035542493901654455,0.0047569936708997795,0.06956320846180247
2_1,-3.5947492151565744e-05,0.012137980237724664,-0.008436273445911066,0.0024870447652921963,0.00012208646992097305,-0.028044857624539638,7.192258962010825e-05,0.00011704777485950849,0.0010996002682140404,0.335178884237692,1.0547755687334588,0.4632465440044244,0.00013206824762134806,0.002439930661685055,0.0057252463372844675,0.002493446563183715,-0.00408110321132168,1.6776015069942937e-05,0.002442346184155045,0.00694132330180061,-0.045486321299971176,0.01569931313592945,0.008429489728542456,0.6846000252618195,0.00011963425883073693,0.13017954344891228,0.43299551502361855,0.011635497688039514,0.004519580686993182,0.0002660812853322513,0.10562615042945599,0.00504666566251651,0.007317704928017871,0.0013101924653337513,-0.04501523418249506,0.002869290659654974,-0.00713326312735236,-0.009116837628068484,0.014342856073455939,0.0055552932837328785,0.0008494531845223011,-0.00046606526828108744,-0.0015436224177789511,0.0010850167522200003,0.0012762936791262485,-0.02939346404700844
2_2,-3.5947492151565744e-05,0.01230852276371172,-0.006119943926126838,0.0015491793459062523,0.00022242992706260827,-0.028602034346544642,-5.4012403202227666e-05,-0.0018569054630206447,0.0011733987093966725,0.33219270386107336,1.0534808063354077,0.43973181104795767,0.0002890454194323321,-1.988791639598108e-05,0.0034009909141397843,0.002477592574656253,0.0024713493815455576,7.914876851325848e-06,0.0028359183764180527,0.006941330677676645,-0.04557738043042506,0.018168897892377547,0.004762101920534233,0.67575929271273,-0.0018618768084418494,0.1267183703761314,0.42942666076632136,0.006475726365947414,0.0013174734079707015,0.0002660812853322513,0.09170175588959868,0.004263409214579969,0.006296476774073114,0.001266085285823221,-0.04238499835134321,0.0016035704360697354,-0.0067948377358410675,-0.009322732929020023,0.013073416209237852,0.00560320601041861,0.0007897084397806018,0.00028172001593468245,-0.0013550422100266136,-8.059167596418027e-05,-0.0008575603473709714,-0.027850500401786674
2_3,-3.5947492151565744e-05,0.012090065082815375,-0.00840857856704079,0.0006577540452989742,9.693937389231472e-05,-0.025099172347035004,4.9014253098812743e-05,-0.0018500042813336432,0.0011433436940617853,0.3349391172334216,1.0573885285708853,0.462795552042086,0.00012560527638495332,0.0010421897792168371,0.005594180427544726,0.002459600431979828,-0.005267457226965859,-9.44370519810995e-05,0.0019166578729807194,0.006940542215311122,-0.04540457379517427,0.01672241473704024,0.007833559550395438,0.6867102785761963,-0.00028273427202515753,0.13017479287248748,0.434312135987439,0.011621849872780253,0.004503304585707356,0.000261262098791167,0.1056248527942069,0.00480906175515997,0.007317704928017871,0.001376784791759489,-0.04507236685257214,0.0028632571424936437,-0.007255569509672263,-0.00914334785873147,0.014046312238304893,0.005556773867483211,0.0007641044368601455,-0.0005006242600819742,-0.001252395265582524,-8.151500433041075e-05,-0.001072593629749156,-0.027783643532888147
2_4,-2.3570170998028772e-05,0.01202570705096794,-0.008454995590990715,0.004066581034549528,8.635712197799895e-05,-0.024949037284201694,0.00047138662598163617,0.00014565543055335004,0.0011430987221972971,0.3352029892184998,1.0687954320163426,0.46185285961980466,-0.0016831220706825746,0.0024352443682528527,0.0029300497121786118,0.0025120718319527544,-0.005109512451301658,3.157016196249081e-05,0.0020899102870606187,0.0069253394609579254,-0.045210414701924516,0.01923617673136704,0.00781495754301271,0.701403089607644,0.0008301800623136569,0.1307667048479915,0.41078883161306706,0.011779847238975275,0.004528002456922075,0.0002626561803286018,0.0840857829158561,0.005211312365617137,0.007890729681962368,0.0015812725706161276,-0.044117917881395616,0.003334426898683686,0.00918877260521326,-0.009053300720551938,0.014821877534859829,0.005611161167689816,0.0007968767032073415,0.0006381737991250027,-0.001046153966740688,-8.490605176650438e-05,0.0010987772573453028,-0.028793468686084605
3_1,-1.4082635344721608e-05,0.006715224889798836,0.0056664949362738104,-0.0025864855337439747,-0.0015174519199059227,0.01698700581363852,0.0001801487639382978,0.001969329255716037,0.0013782075828712333,-0.03272125140337413,-0.40294013976733023,-0.18548570486135296,0.00022705007910072078,0.0020835380222705415,0.006772611668763855,0.00604222299818153,0.010272878780857496,-0.00022186673129094255,0.005073043647259326,-0.004089478150812788,0.005158246149841056,-0.014612208238456877,0.005235644752852225,-0.23666801147293107,-0.001872198686089472,-0.10482098668748512,0.5661687661664973,-0.002689439457063265,-0.00240151913054393,-0.0006819451800657069,0.00370445401381862,0.0007301194227200894,0.00079416076279827,0.003174091009150352,-0.00962485939420259,-0.0020988937781604112,-0.012394317753082293,0.0026920031501225703,0.005478838015082477,0.007768350920886021,-0.0033584017068291274,-0.0003339698286868591,-0.0009461996594047031,-0.00013854197682620093,0.0029405159707424472,-0.05095598117570662
3_2,-0.0002691548575531385,0.006473833864144277,0.005159051957189103,-0.0022378556430895217,-0.0017325294732301877,0.01664023800145893,-0.00011735263088183661,0.00215068862441809,0.0013741284545690166,-0.03702499463452842,-0.40393125985525113,-0.18188615557001342,-0.0036748198383512844,-0.011424806725773458,0.007980115510299712,0.0036746128429841207,0.01024432895647464,-0.00016919256537464714,0.004690019372104979,-0.004268530185876523,0.004766537253133881,-0.01445847283542737,0.005225852877789003,-0.23919232824429365,-0.0017781888327771493,-0.10431205328764528,0.594071579322851,-0.0031691028251506917,-0.002367274360163635,-0.0006629830093274869,0.004154421539049293,-0.004005022145822365,0.0012047792436053679,0.0021890552666810085,-0.009608940418596435,-0.00201478695949114,-0.004394438820321532,0.002672928904812207,0.005476829916288098,0.00717368776141054,-0.003112536345943265,-0.0006713496949540244,-0.0010074981585425032,-0.00014002363920594064,0.002275193964789022,-0.05337500376664329
3_3,-6.0543623911188046e-05,0.006921793100613702,0.006311834366182712,-0.0025864855337439747,-0.0007629653313788332,0.0171084021772686,-0.0007320099887274593,0.001942861880571071,0.0014288512280472496,-0.033188807051997504,-0.3988857654323147,-0.18547916522624533,-0.0004936820879481214,0.0020756634583132443,0.007724144930158227,0.006089962087445895,0.010679209948696623,-0.00018084787049051825,0.004637624890373201,-0.0040349715471213795,0.005665727103395865,-0.01382508867725428,0.007360107860501647,-0.23412378488065025,-0.0018862667240955831,-0.10459165157222462,0.5769325473339291,-0.0026637383125913483,-0.002028299618745069,-0.000741124786323107,0.00431482719154104,0.005032250026063286,0.0007943788584345291,0.0013041154370356874,-0.00946598971225401,-0.0022378892685789844,-0.003065967797661209,0.003178693781694044,0.005479252221455179,0.00814214266737191,-0.0022147263391476186,-0.0003419158533438985,-0.0010063220444633558,-0.00015093388357277507,0.0031093128789428815,-0.048020211117806445
3_4,-1.4082635344721608e-05,0.006718261125581678,0.005026380114323215,-0.0026567555544675598,-0.0014925330094117508,0.016986995317367814,-5.389145904640671e-05,0.0015875132306060534,0.0014288512280472496,-0.03450562594533439,-0.40358658171846096,-0.18608225861064964,0.00026531483689762726,0.0020582390532526426,0.006779623771414327,0.003886784048329931,0.010307544704403475,-0.000213761000811902,0.004635497127301327,-0.0041242518935650264,0.005849661403701896,-0.014821291577798297,0.0051807821560031385,-0.23729835598401897,-0.0018741880360629397,-0.10435277023057425,0.56769119555251,-0.0030620735874422374,-0.0021837225211905017,-0.0007429064860016415,0.0036246327630154963,0.0007367774565635067,0.0007944539098830388,8.703405997285713e-05,-0.009639898264476919,-0.0020901692951156526,-0.012451594348608383,0.00036284186775699574,0.005479252221455179,0.007724466939908054,-0.003360036391523025,-0.0006528919595276237,-0.0009492812697131149,-0.00013854197682620093,0.002343345756488662,-0.04924630117488507
4_1,6.24857754339958e-05,0.007906789446361605,0.00576282036550311,-0.002641311110583993,-0.0017893154137012244,0.01862274371350945,-0.00045629093363291516,0.0027246974492316635,0.004121241798082778,-0.03431033439372873,-0.41313758506068476,-0.1827205632606533,0.003998342219585781,0.003936096398020613,0.008272827969918923,0.005879674991294815,0.019078127289852958,0.0007039255996491652,0.004612785862648011,-0.003439153387154446,0.004939517699842094,0.007241091340909169,0.005451897982969373,-0.23124559238759623,-0.0019948111551517916,-0.10182286142691434,0.600260981389537,-0.0018440369526320755,-0.0024853664845164935,-0.000671865215740045,0.018440512544119037,0.004173636048843696,0.0008047123925643245,-0.0001494235683936186,-0.007638718206182885,-0.001780501786503799,-0.0010158693121187486,0.0066759804675703745,0.005470669218811692,0.008796193298096007,0.001787719687428706,-0.00033048615155128027,-0.00021395933882368103,-0.0001408228129556985,0.008647471620541304,-0.04719159035502724
4_2,-6.164777067095041e-05,0.00993302707400916,0.0070131370708489725,-0.002641311110583993,0.0030458359368400858,0.018671306409085126,-0.00044284360181999103,0.0019801486235304735,0.004651850510306626,-0.03228862767329236,-0.41080667382689756,-0.18210592575601564,0.006221061525913102,0.00462614991424197,0.008412151094516093,0.0049951212482516535,0.019819396523556333,0.00037250674231501186,0.004612785862648011,-0.002358419525089905,0.004795748493300929,0.008583636769907211,0.005445432189570165,-0.22970747180837425,-4.169362223461169e-05,-0.10212154490862636,0.5977615360204406,-0.0008480257355083193,-0.0018229064996643418,-0.0004779656641710748,0.018441011577522887,0.0034270734523854074,0.0007918571703536422,-8.02309687815355e-05,-0.007987335924552405,-0.002102955312895261,-0.00041748086183243834,0.010960645335587516,0.005470669218811692,0.008775191998963105,-0.0012219297889573622,0.003960773248231237,-0.00021609140253200454,-0.00013867445134742003,0.004426943555601616,-0.04390610493816368
4_3,-6.164777067095041e-05,0.0068945318889451195,0.006356924957920645,-0.002641311110583993,0.0017198221607209944,0.017268937359988985,-0.00021046770049956004,0.002473515510941391,0.0047923000318550145,-0.03371324586038231,-0.411646648090965,-0.18333797315181705,0.0059590135525542124,0.0040157585631407314,0.008427905971094631,0.005052982460006149,0.016965557171253982,-5.9141019407886724e-05,0.004612038786690796,-0.00235898094506395,0.0064752251592271985,0.006128874279604816,0.005795201599519257,-0.23010398814631278,-9.18590232365981e-05,-0.10221157761052098,0.5927184767067214,-0.0013038341462066785,-0.0022708500121059456,-0.0006580307560027586,0.018171888847345333,0.0014917666651894051,0.0006808473283452031,-0.0007278940033385882,-0.008191211109084006,-0.0017705753992122925,-0.0006927433157995853,0.01214167781372394,0.005470669218811692,0.008491100989221307,0.000103703715492205,0.003963141506170284,-0.0009692968128937559,-0.0001345260833699965,0.007840206221683884,-0.0441579164850757
4_4,4.140970609151605e-05,0.008186316827825883,0.0052783991141060966,-0.002636766395166432,-0.0020877090077914195,0.01862274371350945,-0.0004270738392559469,0.0024330055077505792,0.0038494655624621427,-0.03435729733660718,-0.4136470887340034,-0.17989865339034722,0.0028598628702687407,0.003921908217546545,0.006897811135559554,0.005874230916152818,0.019410556113027427,0.00014436583253046907,0.004612785862648011,-0.0028305692940500246,0.005115708792027733,0.007418799060389244,0.005438680213825198,-0.23404278065964373,-0.002018495276876099,-0.10200124261549375,0.5953832426277359,-0.0017433660388940764,-0.0024862778695127915,-0.0006735463863360115,0.018440512544119037,0.004154826575516564,0.0006765158543941038,-0.0004102534027995772,-0.00728099401969617,-0.002123694644243419,-0.014471671734625144,0.0066759804675703745,0.005473968769988322,0.008794512127500043,0.0030266444163078872,-0.00033048615155128027,-0.00021395933882368103,-0.0001408228129556985,0.007871100818626858,-0.048631908271421685
5_1,-2.0651529769182518e-05,-0.02119736164195844,-0.006918671038572501,0.0008289562343478573,-0.0008119185026725307,-0.03659333972649201,0.019121636874864106,0.013054610966773565,0.0019638850244504784,-0.03802378599364249,-0.34894982583166867,-0.18428573288425062,0.00032096077828035283,0.001884819250346773,0.0023206536737932263,0.017742706123409134,0.004877580979406994,8.71395668923568e-06,0.02884519302579945,-0.0001315230042369898,0.029286237659150994,0.008554303329664779,0.009052415236411728,-0.24424005981275165,-0.0213424722907106,-0.08334769022420531,-0.35826385444738823,0.0011967650248360614,0.0055942702468839995,-0.00037356606333274756,0.021038562747122562,0.00023907088814294252,0.017157619193736543,0.0071583961935250745,-0.021587215917179277,-0.0030628732123401323,0.0012583712730775336,-0.006261836605650961,-0.0253546680202321,-0.02552656245411534,0.010638588487082629,-0.0018681812817280897,0.0015172564696614562,0.01739214913957247,0.007800750740232619,0.19409080812239526
5_2,-3.997681562331731e-05,0.006459697831944641,0.01453448676393198,0.0009130107736682764,-8.634779368026872e-05,0.008051088463313266,-5.618292303926102e-05,0.0008457057494918198,0.0011912754206334607,-0.03564878814251074,-0.36279953414484784,-0.14701183290200634,0.0002657645564403328,0.0007357125132215906,-0.04013564494086973,0.00544611356029368,0.019821109692434814,6.372352932202709e-05,0.004375728730100443,-0.008106185709973523,0.006012754055384622,0.03976394035344815,-0.02261098800771291,-0.2580847943203801,-0.019705996805192284,-0.11092581256745226,0.36144773935063285,0.00230545680218393,0.016822799926150118,-9.420897324099314e-05,0.01843135156397991,0.0018869543850322875,0.0035826134361612878,0.002728300087355117,-0.05773360248809443,-0.01589631519904064,0.006690296040821999,-0.03420471413430241,0.0046210183217468325,0.0076744993222504065,0.0031790862821374603,-0.0003187359236871627,0.0014670836467464586,-0.00039803369709292516,-0.034722135706085094,0.021751920788433854
5_3,-2.0651529769182518e-05,0.008283306308964192,-0.007015421190635468,0.00110073937654295,-0.0008122424943762377,-0.018725036048782093,-0.0009464697241470602,0.002669186892675592,0.001268667298771578,-0.029357657411466367,-0.4132582179780193,-0.179690297528263,0.00032191400182634503,0.0013149070741534626,-0.0021613068541637658,0.01775046492152748,0.005511728515203032,0.00015356495563936465,0.03467779798968893,-0.0009150999586049115,0.031577067643979044,0.025251758568778926,0.005823419961291606,-0.28289261844138747,-0.019801530397277414,-0.1198003614962699,-0.30418917165617515,0.0012234732779283553,0.005188816330762855,-0.00042441651940226203,0.017040357052809187,0.0003559146658865249,0.017380433814476935,0.003747218385641889,-0.021564889941787832,-0.003458067210566018,-0.00079345162146944,-0.006135393727622467,0.004485063081704623,0.0024194800015358616,0.010583318449816696,-0.001873144559681435,0.0014562705812622484,0.017394950871675554,0.007575888013167787,0.17733523065524948
5_4,-4.096426518792771e-05,-0.02366915820845579,-0.03152764790314193,0.0010195505694653027,6.861468443900682e-06,-0.051507263316304404,0.005158032162907476,0.0008418241845529085,0.001311124177944864,-0.04433787698402557,-0.33957023453585206,-0.1587763987407998,0.00017722094273887878,-0.004384861485408632,-0.03709667247952161,0.005525159430705749,-0.020291122718656754,-0.00016185172147883953,0.008596334867175232,-0.008012124557514034,0.005302614292544814,0.03601149807476849,-0.0202345839027803,-0.22251627454362566,-0.021249794672546698,-0.07558448597124351,0.2968597316224773,-0.008956191601854305,0.00823197628888395,3.437944513294197e-05,0.015985421509802186,0.00012568375753758314,0.006718255293979103,0.002578462486858476,-0.06639252974004291,-0.01437594115995932,0.006589784324215205,-0.03390513258020759,0.004023636453910751,-0.027326677420835437,0.003195838135661732,-0.0006944815399006633,0.0014582012668275966,0.004511593151496748,-0.042648776997185826,0.028114235806811064
6_1,-4.404273359789185e-05,0.04159158039503591,-0.00898340261373189,-0.004066173027580076,9.777903946844792e-05,0.05480543482222052,0.000780442256160677,-0.0028162659081306654,0.0009706766311555909,-0.036695756501206815,0.5841944735959977,0.3693225738692092,-0.003334569611999047,-0.006873866221302789,0.004809392196967903,0.007364181785781388,-0.0033973603034324327,-0.00015157356272139987,0.0016437599140695577,-0.0008156852924725917,-0.006524219513926529,-0.0037357429286897803,0.003488740572436251,0.5033506319912381,-0.10036444631764295,0.12086821142418344,0.010968932296772416,0.0344051229490093,0.004990080139105104,0.00012722237208018608,0.026352566344179568,0.001619300563451013,0.0016382000682947412,0.0007499454245632952,-0.030631214072545175,-0.0006763923304971447,0.017147073365525105,0.0031680872319102406,0.020417714283346426,0.025817309099166956,0.005425205698038385,0.00048105283828514533,0.006912434503210452,-0.00010601357200902778,-0.005348828141165848,-0.008778568380669842
6_2,4.476402908734113e-05,0.03535762847605915,-0.0010843717646356926,-0.0037845149921371013,0.0002806698699669571,0.050005419695453183,0.000809495047103363,0.00044041722507201964,0.0008230855017231184,-0.109089516056843,0.5646673740206752,0.3356616899509979,0.00178873030602187,-0.005419782744825272,0.0034391382747465636,0.0027358898147476843,0.0031605083832719682,-9.629558223270957e-05,0.0009147041259227294,-0.0010576668997701482,-0.006449851155719622,0.012795427414687846,0.0010553980212094174,0.4758669240330834,0.00894910885208644,0.10483933221923579,0.06059696024121607,0.03227135210623806,0.008279042807062915,6.40405730184077e-05,0.021982432513531158,0.0016654690535357949,0.0017004121246091495,-0.007428398369805286,-0.03288923772647738,-0.0005326355691411264,0.014681776607670262,0.0022200067853015244,0.020742117027704017,0.02689494115165944,0.005182375650142706,0.00023078879085845576,-0.012612892103119484,-5.706460147901802e-05,0.002666167625427428,-0.03435937100976461
6_3,-4.096754050333506e-05,0.03462024231511772,-0.008488753476460782,-0.004056923641065243,9.495864929132234e-05,0.05167814770875528,0.000736570370929457,-0.0014078632861032575,0.0010063581071286486,-0.10336438531871629,0.6044877309882488,0.3198028345868756,0.0016748284399938304,-0.005319759832645995,0.0030482761178216543,-0.00036337736996558113,0.0037644898298530086,-0.00012277305136384087,0.0010369589177143725,0.006950606666272178,-0.006533350822224466,0.01627973288533044,0.0030986771458157655,0.4995943798300903,0.011759116699813372,0.10451703587634696,0.042718623160447305,0.028764780020180153,0.004140921625359402,0.00012800302872270825,0.02317780562931357,0.0020528350794119113,0.0016382000682947412,-0.008454034261230018,-0.033223194153315906,0.0014189167025836788,0.01522611529108322,-0.006940593601782324,0.02038744038995974,0.02476538781197768,-0.00022175188821346178,0.00012613776573599893,0.0017794706678052148,-9.356541243180571e-05,-0.00524937482762741,-0.005309160177398596
6_4,-4.096754050333506e-05,0.036753853125902056,-0.008503376612254247,0.012030281194815397,8.598954767230613e-05,0.05166772152088816,0.0035488496986407717,-0.002594194959723154,0.0010528981710043721,-0.05007906474536454,0.6451648550552183,0.36283618082630253,-0.003282284236424727,-0.005268258767383671,-0.00293508634748039,-0.0003474130863649171,-0.004482541335799693,-0.00014716498169411194,0.006548048703335481,0.006990647061697861,-0.006389671120051168,-0.003403015741751126,0.003342895064106221,0.5164719464846411,0.011974174511204859,0.10821338619503577,0.044408914741675146,0.030534087746461533,0.005026157172855404,0.0001231519007037238,0.024994060418897235,0.002075698417517418,0.0016829666281351044,0.0026288383079303436,-0.03225791640561297,0.0011814549170641375,0.020807426605251447,-0.0069623705621772135,0.02175888186888508,0.02556350589700008,-0.0032896705097667203,0.00025910971882359645,0.0017794706678052148,-0.0001244715098949377,-0.004900575652373047,-0.005282413484152301
7_1,-7.741516979357065e-05,0.0033045216485199508,-0.024613761719967757,0.0013795450683927726,8.5432323608545e-05,0.016234986087431093,0.0021232174885536387,-0.007265521531098275,0.0026856204968312616,-0.03258970859462676,-0.4075997782069527,-0.14773817511800758,-0.0024524919464635887,-0.011063546397474294,0.010271293226529511,0.004615372785230431,-0.012155018739942935,-0.0002193753277575385,0.004983876039252695,-0.0038128622491492275,0.005294422187664314,-0.015651626855878807,0.00592679771453256,-0.245651577293058,0.0016896044790298938,-0.10375569007906221,0.5447231961793687,-0.011861148597174577,0.00839363155655048,-0.0005192987597207235,-0.0016503629636070063,0.002075726713371326,0.0007522810166382969,0.0024549809160178083,-0.0034229470650641502,0.005709364739315079,0.003867448033032006,-0.020236310277373045,0.005317859032106219,-0.0031294998467824736,0.0032649163709969125,0.0010030010540584943,0.001009396595255281,-0.00014084412575641895,-0.01968593930578583,-0.04367583432065178
7_2,-7.409993560444396e-05,-0.002094422861296505,-0.02192382797359881,0.002394557222371945,0.000180477566863137,0.016296666988348706,-0.0010011093868049561,-0.007880993366441822,0.0025247621929572455,-0.0337727242693363,-0.42889229292010855,-0.18572990730745922,-6.861337555485103e-05,-0.011281085841204408,0.010819948449316863,0.003693903201125475,-0.01498410283197107,-0.00018203042198989368,0.005860059610265365,0.02344876183840338,0.004840458315796713,-0.0134161669960642,0.0034091778104041455,-0.2470604599815791,0.0022870170978738823,-0.09582826401528519,0.5706064625759768,0.013946282986611113,0.008354454370591706,-0.0004945871206078114,0.01548066728570785,0.002079499928824511,0.0007577396420004414,0.002404123975414298,-0.0027400247927683035,0.008457224231778967,0.0030767458419249027,-0.022132082041346635,0.004284333697479063,-0.0031326034892565913,-0.0007786931372181147,0.0007493687956117512,0.0010187191959086508,-0.00010793141503012053,-0.01854061304358632,-0.04224635864361125
7_3,-9.143302936060263e-05,-0.0007214932872375152,-0.013314794340719565,0.0006200882370298513,0.0003979273300112676,0.017046302484401383,-0.0009888931281568439,-0.009512901365346686,0.004571532739603451,-0.033533523308485726,-0.42827228541977913,-0.17488966138777517,-0.002374398347716709,-0.011635678598663324,0.006022277488544856,0.004614491238270414,0.013050750221737033,-0.00013617018590107114,0.0016636306583759312,-0.002359358311317635,0.004609130155370005,0.0031505704182703234,0.004661272811216614,-0.246875616610899,0.0018563385228927013,-0.10092345678418456,0.5573004472550213,0.025724458210366084,0.0013434951217976253,-0.0005202631652648435,0.01770181419085821,0.002119901204606539,0.0007345708297860944,0.002403806739316362,0.0015437382577860618,0.004999755524635604,-0.007478307624672544,-0.022322456352183034,0.004747360697990357,-0.003130889458759905,-0.0016398847647197245,0.00019783785980769398,0.001507480162221012,-0.0001044124668782378,-0.009990313449622352,-0.04417964184913654
7_4,-7.804778034874432e-05,-0.0029481291723296547,-0.02254277502399614,0.0013836209031021637,4.688119331038368e-05,0.016733594637560367,-0.0006982761941142918,-0.00954365968101597,0.002706522012677728,-0.03134328333756656,-0.3808035324536995,-0.15003741523136574,-0.002408068543188786,-0.011073600935109527,0.00628074197198062,0.005385302531605239,-0.013350814354317902,1.652832309285415e-05,0.0026235258438196025,0.00041342180598075325,0.005720376213226057,-0.003129415195576862,0.007638967272361817,-0.24584409494143764,-0.021271367015843482,-0.07725373250796978,0.5469632356343497,-0.011717713891770369,0.008347626993244187,-0.0005192987597207235,0.00243519333120674,0.0020793057627385135,0.000714506793202122,0.0025502894197906257,-0.003932778170395262,0.00503829431206446,0.0012275963766464957,-0.02222375578654932,0.004865961151966528,-0.0031294998467824736,0.0023919906511080963,-0.0013630356750810686,0.0015080944032558321,-0.0001494874252263988,-0.022039852895717787,-0.0452557037280818
8_1,3.416124334352632e-05,0.03663728939763948,0.0034006567439687314,-0.0037813860490202114,-0.0005260573152085777,0.05160419949465737,-0.0009763705640498223,-0.00032164741106599916,0.0014557776519121886,-0.10889670743045263,0.5816131207945521,0.33720081227019205,0.0025166163990790868,0.000742294010107356,0.0037178690454415936,0.0032803403738159895,0.003862079343137958,-0.00025771190961244004,0.00033632703391756145,-0.0013740449937071093,-0.006397247520339316,-0.0029550666658384,0.002427838504214858,0.4934696659424752,0.009964778379157256,0.11200765909996849,0.042486404359606406,0.026050889124747775,-0.0003761222087146854,6.66176270201985e-05,0.03585896070106907,-0.0013559090536876435,0.001954515220812694,0.00285612925083357,-0.03559361721059716,-0.0019418755791608898,0.018466332092006967,0.002150893592224143,0.021452374385150443,0.026886861663671394,-0.00045547759207646764,0.0003838139658837356,-0.002574362658401599,-6.030945766119663e-05,0.0013973584858033316,-0.026700586902402096
8_2,3.416124334352632e-05,0.03700579940247638,0.003941579403794952,-0.00028534166681199987,-0.0005357653560442187,0.052408499443558694,-0.000669855843795919,0.002745977952654191,0.0014557776519121886,-0.10549314458629508,0.6027917392375809,0.34120767157538123,0.0025170532695076974,0.000614578845331711,0.0034804551222122927,0.0028843266695076377,0.003761128438642441,0.0022991087047601524,0.0009112928238262522,0.0010321239190122246,-0.006247054641843959,-0.002768521808475889,0.0029523133657578518,0.5001416302804703,0.01075949695512664,0.11472276058274913,0.04406145810146591,0.026987996209040202,-0.00048668846547564434,6.66176270201985e-05,0.02637703898531925,-0.0015510963458271534,0.001954515220812694,0.003345458776698165,-0.03500598733603466,-0.0019418755791608898,0.022601976246500184,0.0022119821049148393,0.02179679783762558,0.027536952135941713,-0.0004558294845034255,0.0005202299580206906,-0.0020695862258494745,0.00012697434765113387,0.004037131841276892,-0.02542938778117651
8_3,3.416124334352632e-05,0.03700579940247638,0.003850302444542835,-0.0006096789767455727,-0.0005369860277476474,0.05197987896988438,-0.0007404362090769911,0.0019497551065629116,0.0014545504704071906,-0.10587226267563825,0.5893046945301501,0.3407312705478271,0.0025166163990790868,0.0006249461918496923,0.0034804551222122927,0.0028842630829414204,0.0034538634988027696,0.0018003086622125407,0.0009590964389329807,0.0010317219147972768,-0.005933384152692548,-0.0029673934185363918,0.002414287257092535,0.4989050216854057,0.01047401261231621,0.11447398313532212,0.04636874844924494,0.026907464041659807,-0.00048671762783211324,6.0448160520210244e-05,0.03617401399959411,-0.0009678509095958909,0.0019398316731729683,0.0032594827998784614,-0.03506614095476341,-0.0019418755791608898,0.022419778889921645,0.002162931655677371,0.02174160174455784,0.027230824259254924,-0.0004554775920764711,4.4299863651102705e-05,-0.002142426192126191,-0.0003082419251937609,0.0038054855743927044,-0.025646130793216464
8_4,3.416124334352632e-05,0.03673317024837147,0.003402119876681747,-0.0036707615788498468,-0.0005352220727184822,0.0507855175195546,-0.0006627390841362187,-0.00021382840117966056,0.0014545504704071906,-0.10833758415943724,0.5822724090961852,0.3378604839462714,0.0025166163990790868,0.0007342287780775559,0.0035826687873358547,0.0029358106547203353,0.003673870391882888,-0.0002623946441134752,0.0005836414413986782,-0.001302943399195124,-0.00518267852297046,-0.005165175333551618,0.0005545664579243419,0.4933797593300552,0.009357486555172788,0.11214898473097065,0.04496216757796676,0.02619038976706932,-0.0004746097460368333,6.0448160520210244e-05,0.03576997603395794,-0.0012838829788291185,0.0019381889331054926,0.0033366009617708855,-0.034513486640618186,-0.0019418755791608898,0.021140992482078062,0.0021624912400118575,0.021533642235163332,0.02687690304231026,-0.00045547759207646764,0.0003838139658837356,-0.0028389782164088464,0.00011679337679306573,0.004165079164833317,-0.03141885972444178
9_1,9.570628107691964e-05,0.03671381693261807,0.0032207001610266685,-0.003769084351560398,-0.00044097145319988546,0.05197517600874436,-0.0010036947287472113,-0.0005072008225505849,0.0010729270864457817,-0.1069970539601865,0.6046350110702815,0.3349566638688287,0.0023729090683383743,0.00042639165475830734,0.002909470192245137,0.0031468700711312363,0.0016017356028433798,-0.00029452888352463427,0.00038646240760830015,-0.0006307128176650937,-0.006426551849724461,-0.001738617708945991,-0.00628590607311246,0.4879736037119406,0.00980432304128498,0.11065984837130813,0.04552220015927646,0.025920749911832852,-0.00040472577649940166,6.48261935896476e-05,0.025044743383395515,-0.0015219277149366023,0.0028080472081391432,0.002741920829873923,-0.0330509806876224,-0.0015239910733946822,0.013339676073024597,0.001140237032276325,0.02139276743550919,0.027095939260099296,-0.00020855215273086754,0.0003277702951145897,-0.003021983344489462,0.00022852455633366406,0.00083536616885789,-0.030372065430219107
9_2,9.570628107691964e-05,0.03675046791274209,0.0031757651280622926,-0.003833522513060672,-0.00034290182324764307,0.050753756181266006,-0.0008678090844743275,-0.0004178482640148837,0.0010246062296758237,-0.10762661979535142,0.6046243844320371,0.3348222309307355,0.002314810932794205,-0.00578534501394269,0.002979586533465295,0.0031258752391036715,0.001842046619974484,-0.0002339936921244549,0.00038646240760830015,-0.000633882830866487,-0.006489013846741158,-0.0019382544235962635,-0.006533219867410618,0.4926120892742549,0.009728104123526322,0.1104806519027757,0.04864136051285442,0.025882893238935265,-0.0007220710675653596,6.48261935896476e-05,0.024954489373133767,-0.0014710251017813342,0.0027502977972403584,0.002741920829873923,-0.032988437798900525,-0.001547645039255388,0.013403600004885595,0.0011672104226373042,0.021410851655808062,0.02706397491467718,-0.00017586600959329925,0.0003277702951145897,-0.0030374304145313388,-0.0002065377733199832,0.0007403236467969666,-0.03185346544968138
9_3,8.47415985778116e-05,0.03563948564118584,0.0029721024914642243,-0.0038881394121035194,-0.00046847309727732884,0.050753675369553226,-0.0010843700142836987,-0.0005440403884109822,0.0010908979955875711,-0.10913861353065318,0.6040445159820907,0.329666422709904,-0.013261563227817805,-0.00581593983733559,0.0018524720536178185,0.0017641192778595836,-0.003121456364036833,-0.0004204430709576198,0.00019921144697190862,0.0054809225403282796,-0.006537047674435677,-0.002338953488146747,-0.006452843351268991,0.4880914505470338,0.009365438099735671,0.10072712470847466,0.0495746471273362,0.025054049474048684,-0.0004771541338774043,5.850624827865203e-05,0.02478345196652727,-0.0017430552801352556,0.002742481254892167,0.0027416582215559846,-0.03270773211004795,0.0002520343306410605,0.01367018173723881,0.001228775169520965,0.021466732110397253,0.026945361939750168,-0.00020362973149539647,0.00036208080893796336,-0.0013657666479477614,-0.0002070362892427147,0.0006343184308978293,-0.03182304627358631
9_4,9.570628107691964e-05,0.036535461090706316,0.003140775403239036,-0.003912755609356985,-0.0005368059154617474,0.0507589884047789,-0.0010764734468955688,-0.0004766040955553842,0.0010109401016096108,-0.10791252322203611,0.604160128120497,0.33432696415660085,0.0022893767983445737,-0.005816527753822871,0.0027339158288152694,0.0025741885992350655,0.0015621521651437917,-0.0004419394695498764,0.0003378518221316979,-0.0005509315939126803,-0.006540849274523673,-0.0019229467751151951,-0.0067120957388527094,0.4923797189974898,0.009498987557276729,0.11035838652341504,0.04860724886144207,0.025718599233771882,-0.0009894978359560797,5.865672708965934e-05,0.024508569819822464,-0.001737247303687836,0.002742481254892167,0.002708243251685916,-0.03321814421171048,-0.0013860726712490799,0.013596569989573997,0.0011071993884032177,0.021487307211120653,0.02702569315013375,-0.00018659095279549283,0.00032821638542678434,-0.003076754593082853,-0.00020871589718613696,0.0006880152962505146,-0.031912093771636084
