,0,1,2,3,4,5,6,7,8,9,10,11,12,13,14,15,16,17,18,19,20,21,22,23,24,25,26,27,28,29,30,31,32,33,34,35,36,37,38,39,40,41,42,43,44,45
10_2,-0.0014328795447672666,0.006073955418211965,-0.0027467532944517874,-0.005184437760504894,0.00500942793871691,0.0028090900020730338,-0.00033023701928785467,-0.006253126787903474,0.005536915316663719,0.3716239505975963,0.35852799325610835,0.11153266425979527,0.06783781058073554,-0.02134552968499161,0.014069776721366726,-0.0004611506501032473,0.04199008704988707,0.028777149690462828,0.014060675104520278,0.0108592158600051,-0.02490530019605498,0.0070555057963918805,0.07123249677661724,0.22027992067094032,0.2032189926007461,0.17176171312331265,0.36744214743299547,-0.05270798094732457,-0.018789110955595937,-0.07236939691580115,0.0016046534513917343,0.005244139729833253,0.05688143366703558,-0.020069226585556047,1.3181301011210906,0.08553087285975412,-0.04638270136810571,0.01121875288385485,0.007196188559905175,-0.003199842854492125,-0.006540940814505982,-0.0043793525297130854,0.003863532229540302,-0.008598164515449971,-0.005407205963635026,0.010659994578154206
10_3,0.006345791839869796,0.006653202743779376,-0.0006510870664637586,-0.0025244699117575715,0.006043451739393294,0.0006205232081162398,-0.003300941053666052,-0.003901573921252316,0.012089270810171233,0.35221486684981257,0.3127416008665367,0.126274968877883,-0.045160415342857425,0.0233223258532402,-0.0072115604891168405,0.0028483533375832323,-0.07704598071292369,-0.23201343133652422,-0.0004921238858504569,-0.0007752519050079406,-0.013945882444188358,0.007605333311891442,0.08023695908152134,0.1915821772043582,0.19670047236755597,0.1393720720730992,0.3533726374546375,0.06521430631718596,0.0439197333293581,0.027928374708200348,0.005255543693737204,0.013051846508384441,0.05028080826583485,-0.019598670381949474,1.1262837137396966,-0.12495959632306582,-0.024024709693731904,0.014092824717126145,0.004895447640126178,-0.0029989080895778154,-0.004705783471989102,0.0015032678338861823,0.007205895701875606,-0.0017333334704636905,-0.007365244240503283,0.011702787342377062
10_4,-0.0002099410120869667,-0.014244394304434827,-0.004767092320656695,-0.0035475521765723664,0.00244115157410412,0.005443469688727279,0.00027209794690708324,-0.008285924837619403,0.011830854322363856,0.3531914877936022,0.3374779605539433,0.10475477829000927,0.04883892584950207,-0.02277175531168945,0.004125991406951092,-0.0018042857244342837,0.023748624087784595,0.02304232814568361,0.014610279298326955,0.0022444300555900685,-0.020394487172730548,0.008449856539401026,-0.3947857443285983,0.1997886870657438,0.2088144980072052,0.16482403646106286,0.3152139680801887,-0.040802528157669396,-0.035994052799573566,-0.054361341665541366,-0.005884442989182172,0.0038063398848353393,0.03970212988747044,0.023938447073978675,1.2174642837406862,0.08172901170446403,-0.044207962419649596,-0.00649288173577704,-0.004055347459863831,-0.016287742956404196,-0.001978332755971581,0.0016280752898735445,-0.0053641200728581796,-0.021018551990347276,-0.0034196096247510817,0.003748656531340967
10_5,-0.0038150551316278375,0.0020047740922211747,-0.0039323257194640165,-0.0020655783903967308,0.0032487893152339706,0.00021899237761605905,-0.0036721785723700475,0.004562416576394169,0.013220356502098869,0.37463319942553724,0.3316429607903194,0.11377998127771817,0.06287943802515797,-0.01162289129844739,0.026617867774863007,0.02164339717185502,-0.0005436154534403879,0.026025141411479786,0.014794338378317836,0.022909412841143964,-0.02562836545977409,0.007998506103127525,0.053095440619148615,0.21589962884304964,0.23727071680995823,0.17255231369649263,0.3588884382589569,-0.0439212752626404,-0.03621722916265711,-0.08585958840703867,-0.006759957164329052,0.007311161897137624,0.05756638685741084,-0.02082318837998142,1.2377628569492152,0.07646078438919457,-0.040965333401033525,0.011098911194989057,0.006037777148288981,-0.00371369390593481,-0.0006907274833222966,-0.006060192883225774,0.0030022005568944377,-0.010598151114298461,-0.0002166176996258602,0.016678537734365485
11_2,-0.007005546412037698,0.0027653181973611137,-0.004346827439303815,-0.006880488390128161,0.0004367477123386799,0.0012941624079605477,-0.002068641140028135,-0.011333614463068672,-0.01098447894863713,0.31117647281476657,0.28955648860889394,0.10038217037252033,0.056129312704670566,-0.021789941948227892,0.004961322929422573,-0.00950436118304312,0.021097306851268934,0.023789584281734028,0.0045472156961112765,0.006311304291633782,-0.027086748304526863,-0.011861336470836956,0.03912189640369155,0.17578999625331626,0.15272174398573996,0.1440634933527867,0.31500805798304454,-0.05779859311281509,0.04897372720741045,-0.05628011663496939,-0.012672623530206428,-0.009871002852890765,0.028950308375438952,-0.02722801227039361,1.1970927625629841,0.0680765207829925,-0.04439218025318405,0.004581936420549978,0.003786705027264633,-0.003508527074046348,-0.005057742327382735,-0.005510647201288632,0.0013493484481163652,-0.00571789951376929,-0.007917453801026283,-0.010633851818846789
11_3,0.0031945107390697735,0.012084155633112326,-0.00565651459735983,0.003312197551715097,-0.0015605257673891562,0.0007935800873196038,0.010519696549856315,-0.006596490928580083,-0.06388657156568259,0.25381276876636455,0.22024772316364225,0.0663064187131345,-0.004579225172769631,0.05969789050696099,0.0009866325127248872,0.012332179379691971,0.00837214986892262,0.04460712071825743,0.010841175337337269,0.008899183951642192,-0.02179376734181771,0.00015062565112179682,0.031891857977067964,0.1422140128286714,-1.954521459777393,0.11714027917155628,0.23985183648144515,-0.04793384362919749,-0.01603399766584371,-0.05424853326431755,-0.006872380877396134,-0.028894760416570055,0.03392373759282085,-0.013331654440428707,1.0196966479258196,0.05364025504379541,0.0027746754762979268,0.01005544453402968,0.006262139462905177,-0.00555409257787131,-0.004010442490686895,0.004161329252533513,0.005109193996149483,-0.0028629157988913443,0.00963773241603955,0.004028971133254785
11_4,-0.006167723148990801,0.0027188829666337662,0.001028755984720859,-0.0030160963512085304,-0.005284230640403904,-0.0009894294615504613,-0.004422864278668987,-0.011981368720954977,-0.004051688522707161,0.30959805332284085,0.2763111047427419,0.10849356563957853,-0.04213296764094684,0.04114317905324091,-0.011929994218979785,-0.005325734269674315,-0.008901317461742626,-0.0856265908258214,-0.003650109583676576,-0.008012825423635298,-0.021024532899691285,-0.004734296434230255,0.0790673424550076,0.17297744767494713,0.18330702099890545,0.11788870614800322,0.3268351004886315,-0.03035394570912733,0.04877163099627675,-0.042056030062083895,-0.011460410856696322,-0.005347384545117458,0.03323594335428627,-0.027137767004134613,1.1397690236265938,0.07069446399292839,-0.03711618425071305,0.00712220133647132,0.0033191723433910096,-0.0016905528667549824,-0.004749579692933306,-0.0010774525859579289,0.0022716594044978147,-0.003131574145428857,-0.00550835480980703,-0.006814272085303325
11_5,-0.004152554692776497,0.0032211412665518056,-0.002232545710981868,-0.004512954515984923,-0.0018979697718665193,-0.0035235084667432576,-0.006068503739355076,-0.016154033085988367,-0.007543469826245056,0.31363728054526896,0.28171713124784004,0.0846511951973992,0.03180458944138699,0.02212130693649886,2.0924731627831457e-05,-0.0075637511301626685,0.01955429256032399,0.015966300481122103,0.0051535574919899544,-0.0032362461802772926,-0.02223911764377598,0.00047881588174460946,0.0695680393615275,0.14909547107947466,0.15314265859667833,0.13171393430725692,0.2965713056882185,-0.027970231805027168,-0.013577409757949575,0.014214703220826526,-0.009937546618029732,-0.004224610522556347,0.0315185951514091,0.022441013607624315,1.2341349653132134,0.01056952133627088,-0.04606921134884104,0.0069611990158013545,0.00436024203448288,-0.003942604050316655,-0.00583859216737755,-0.006046259713573148,-4.595450427103177e-05,-0.00393569430453667,-0.012060527074861698,0.010876632592483393
12_2,-0.0004079054444575391,-0.004992346522441843,-0.0030169444361189423,-0.0033070731244870134,0.0006289860866192365,-0.0013162271403384972,-0.00677095018745268,-0.008327390727739503,0.004108485165862014,0.3322055738642563,0.29952805649663405,0.09477159773120275,0.06525340625219189,-0.004467907643837714,0.011089937627496289,-0.009198528300777569,0.030302832576107098,0.03395546984292669,0.004926678614607796,0.009207128103219506,-0.0335934891056457,-0.018069195686173073,0.04633139677369473,0.1775986297523009,0.1311175328800613,0.13592075802165418,0.32189913501378103,-0.05236034895973723,-0.10246245103088711,-0.09042881312417812,0.005451094525698022,-0.000815662459953692,-0.045524082126435376,0.024216102041652657,1.2113935512742402,0.09925742537156115,0.008445583827397305,-0.003979268909768235,0.002527779574799196,-0.005500206912280979,-0.005316735295123933,0.0023296314832894154,0.00039263918960799794,-0.00660209500704166,-0.009136758319589223,-0.07261329717857491
12_3,-0.0016055287852289428,-0.004756792583082802,0.008266517819730812,0.0004892962133676748,-0.0012384251515394486,-0.00441350944889052,0.011031109882751218,0.017604219440109647,0.030557045896965465,0.31457156243880374,0.25235794951742296,0.09389078552257735,0.05773340165807872,-0.03454826953385718,0.02816246408362513,0.009202131629751356,0.03981530271319323,0.0379187949611188,0.01837345894836993,0.0202183762431145,-0.03456479989641868,-0.017413958620547943,0.03547728504612223,0.16043874965747007,0.2450141961663953,0.1324410454434801,0.2785300460325092,-0.024539383239871256,-0.21068918713338355,-0.07482194326832653,-0.005723926877358554,0.0051936918591485165,-0.030771173756957867,-0.026681189147718592,1.0913963473912975,0.06431810064742162,0.03138981565429454,-0.0022510440568436333,-0.0044267038920253856,0.004643037508650985,0.005876943639553816,0.003491957789844907,-0.0018026582845324709,0.009457053154019209,0.010016529202354806,-0.058930813804155345
12_4,-0.0015763830616963661,-0.004227523049677075,0.009927148659798825,0.0016081551862261528,-0.00010696873959136674,-0.0013835964575807274,0.00415520840744934,0.013924496220587708,0.03090978746433899,0.2879540750173783,0.23880555851246857,0.08545282234469159,0.06854988201500029,-0.02261187746078233,0.02877524485519565,0.00734774773385719,0.02903608151023042,0.031188790998451944,0.015872599230746375,0.016937050991902937,-0.03211216349625988,-0.014389520489568675,0.04612325620435849,0.15657143171130053,0.21454935589733368,0.14224077026951873,0.26627734936421804,-0.019493785924551706,-0.018508663728425783,-0.07810993433905812,-0.002832357444481537,0.010701057629375593,-0.015575424964187335,-0.027617782448172135,1.1059693915933533,0.10787463930949398,0.03289376748807554,-0.004695441317740535,-0.0021224321002797585,0.00573100600857948,0.008016186469909174,-0.00026133776646927037,0.0015634278124807195,0.00849396911124089,0.012577254199490146,-0.06325372223321242
12_5,-0.000858025851107899,0.0048866637895162235,-0.0018335660941666756,-0.0016204699430164286,0.006044236869062964,-0.0016070937742859578,0.001058685094717305,-0.009568765227219818,0.021686762453803073,0.32139839479518667,0.29984845078318473,0.0966565565326903,0.06563224389797108,-0.016661411401250957,0.012449775835922822,0.00028069301906943716,0.046027328527148664,0.04115499785165437,0.009407707473614982,0.0020190339484472426,-0.020454284604928052,-0.010891314512490468,0.07975353934956234,0.18912625756385312,0.24987729080433657,0.15561398966074466,0.3208077718786249,0.05108231014305442,0.001322115318261464,-0.09386714673375997,0.0027779272552262415,0.0072308084690332845,-0.035582465334366306,0.029659016873989346,1.2418370148052607,0.10989239216011769,0.03132883042364564,7.095996428750253e-05,0.003927258998364279,-0.004752923436970792,-0.0003242796996587195,-0.0034928752064831135,0.0010179872180376085,-0.006037280597219749,-0.013405771732847523,-0.05637125444263858
13_2,-0.001229566098774967,-0.0034614511645206787,-0.00013261143178368927,-0.00567019638671858,0.0006367608332220286,-0.0035744172178367095,-0.002138652675994796,-0.014235615195543134,-0.004331400077341789,0.02017969816976077,-0.05732754719296933,-0.004336182573753375,0.0390823271146668,-0.035579896562014414,0.025160231647636245,-0.004793889171035224,0.02022862610052116,0.03605432509519708,0.012152054524172395,0.025705965090727066,0.023497033864622003,-0.015142947073451192,0.04280459487218745,-0.040870648824167626,0.12433297635087062,-0.025440546270489642,-0.057925985180271596,-0.11892585141736506,-0.09459453671988392,0.05839960778719184,0.004789962168823125,0.0028167120074357103,-0.06606735227659913,0.03796465520243078,1.0714428070911803,0.07646684771438349,-0.1315916530867182,-0.004619415179015687,0.0034747651354688305,-0.004681800928962093,-0.010160153129738171,0.0005351889650260125,-0.0006477220663522363,-0.007908016143272464,-0.013798535194361852,0.0013459723893707214
13_3,-0.0016354444558592852,-0.0037759352105238477,0.010338783795881436,0.01885613628462444,-0.00023136412142768368,-0.006264005914828883,0.003903942431599466,0.03195126041785559,0.12514676192915009,0.08247558217081971,-0.02046380025417484,0.004740825128948089,0.06328869664654038,0.11784228570830826,-0.002095698252750335,-0.0017037760878570716,0.023064918026981237,0.07036909665515112,0.0010968566530954878,-0.0036003302550935328,0.01894774939888795,0.6776436492478549,-0.34657625420412586,-0.03131341279085122,0.11778179675859181,-0.006431342109962167,-0.002183607136148239,-0.03405926992101745,-0.132212227991586,-0.0416701373233343,0.01153445497059561,0.009740070155846978,0.01332682032389198,0.010897887977987353,-1.8514286543224672,0.08200849552943379,-0.05193407094199738,-0.0006033890258596367,-0.0014486155904080316,0.009191867498446209,0.022923836943926225,-0.0010580848788101316,-0.004037771125656745,0.013693365472741524,0.014094497083009873,0.00900331026563186
13_4,-0.0017771402210942661,-0.001350918979288288,0.005113706941506648,0.0020071500750866397,0.001130514838305137,-0.0004964526910198995,0.013064192767067129,0.012776163447145035,0.031173705828557326,0.03661036311678625,-0.0342033862471264,-0.004404688546191873,0.06949657121088613,-0.008554739767564906,-0.00046026731639182625,-0.0037520482683279827,0.03738724178055791,0.05213464661893227,0.003044283734803278,0.007305785231351626,0.01682905250734593,-0.007011739776071774,0.03997463030090151,-0.040603713899306816,0.16190467231778108,-0.022256282565974495,-0.032471221078161895,-0.07462864025942978,-0.0548596763387227,0.034942177507480965,0.005505966600680717,0.0067950597506071,-0.04006629107695208,0.038516470071674976,1.1066845699693122,0.11870022867201074,-0.013694857149432709,-0.0018060140849072918,0.002153871437163376,0.006671414865614104,0.003582967650169198,0.0028474335466622696,0.002045197837003906,0.014353157815732206,0.012325821593025406,0.011330449352643901
13_5,-0.0044006849261784605,-0.0030321698970354827,0.001300584999487041,-0.0003854599653152137,0.0010929203845597758,-0.0012187123240833186,-0.0004376718434757376,0.006394037157273801,0.027183845994756622,0.03126300232557832,-0.04173822384393669,-0.0017129061189767758,0.07117968465224596,-0.006084932623187062,0.013497720593780103,-0.013803793116168602,0.03972188734485022,0.04296111958455588,0.0020194618593630327,0.005490663640302924,0.019364068677482568,-0.01840131833481314,0.03938725426901507,-0.038594109128825535,0.1908467748172765,-0.01908851729252396,-0.06752530499584496,-0.007595035382989113,-0.05704081240479559,0.05887534432013064,-0.009377157852750811,0.010037546497050838,-0.027358196455583034,0.033924951377173676,1.081730844374982,0.10851966382186688,0.018939438478267616,-0.0020846897122898177,-0.0004293274226149101,0.0014066452042038775,0.0008017446364427653,0.0012860437094678583,0.0016607997732362627,-0.0021194689781102436,0.00481576927138428,0.000998486788752142
14_2,-0.0002337553562728389,-0.004808785202351195,-0.0010654470555149086,0.0014713728749461428,-0.0037097935260317657,-0.0012413179559510284,-0.0062325977934266155,0.013525333194819376,-0.028211136405706383,-0.185400264747952,-0.08018349988190152,-0.014571252228312867,-0.029289517478691747,-0.01678503908953709,-0.008820332120528383,0.013482164222608346,-0.01514592479042745,0.03369456430937639,0.0018126752392834927,-0.0049829131008696115,-0.07234947319785477,-0.004245155290462842,0.025128759834784152,-0.043430629282731135,-1.0785970512963112,-0.052028386964814294,-0.09554447530228456,-0.08047874876646628,-0.07118442994747778,-0.1353158767640985,-0.007501138454799653,-0.00559675332040742,-0.05779221524388753,-0.5641418428888348,0.9070282275366348,0.037192637347030835,-0.06793025993470429,-0.00590739642341118,-0.006033437990910029,0.0034070138675198294,0.007773515266967884,-0.0033274178557198926,0.004005784322093347,0.005299406914364436,0.0043605839161859,-0.006437362140830433
14_3,-0.013418102840002274,-0.009848106782042372,-0.003976736496003576,0.004912739585358152,0.0007686689118554433,-0.007112269406583976,-0.0070795192544564544,0.007418059385274564,-0.010457383731469408,-0.18048885490732278,-0.07932377449004763,-0.016626485718396915,-0.16287471249206842,0.03547664648397075,-0.012432596475904691,0.007678110635668248,-0.04419633159788618,-0.29690759933103894,-0.0014671074404985867,-0.004958520834521466,-0.05354620207516468,-0.014282177072245343,0.008816205547725147,-0.05562438325652498,-1.7179159646310818,-0.04965185254098971,-0.08813731946218709,-0.0307764319426978,-0.06319683653441555,-0.09576545788959145,-0.01772446369950839,-0.026185130394943766,-0.04164613924067878,0.017776863150715295,0.7616607037637316,0.047619914404805265,-0.02232129304196329,-0.0138822510831011,-0.006959313049057876,-0.002303874188012205,0.006192207124327277,-0.009131304324182733,-0.003095488764350985,0.0011209321369632236,0.005193073405959818,-0.06543067894898141
14_4,-0.008233069577674059,-0.011817956749660678,-0.008329460367295627,-0.005027366680074118,-0.002556107983305931,-0.0072766055596193095,-0.010267710030959349,-0.022999086624723473,-0.010910375440130344,-0.21019430000110484,-0.10149539001866026,-0.020301758931944275,-0.2523065882974995,-0.09139420815176329,-0.007035813107190304,-0.008510373215790033,-0.18729975814811273,-0.532719462181991,-0.015004904463777021,-0.00886680559275203,-0.0005707105150739832,-0.043617045856464816,0.04308397526516871,-0.057999176383659916,-0.15609177244278322,-0.053154411367453476,-0.11283052250507038,-0.04247295313995282,-0.10402850174347018,-0.06898508298465324,-0.014244687009047505,-0.03642114611209702,-0.08265984445686542,0.029924573782198854,0.9008758471108063,0.0973309187556378,-0.017199005602927427,-0.016325898456287954,-0.006010833526563766,-0.008738306830386455,-0.013875206820665363,-0.005427976947024751,-0.003896548707311505,-0.011217284559130866,-0.02089368233657525,-0.09500742851701498
14_5,-0.011418189800644058,-0.0012449428074553708,-0.01308382498636015,-0.014421821343892666,-0.0016193449709055365,-0.0063565159834599125,-0.01497610564428755,-0.020778635342076572,-0.010085047262507241,-0.18210117865445533,-0.10831285858067037,-0.02045698717369323,-0.1509742261872321,0.00168900127025598,-0.020425278458556635,-0.00789982834664203,-0.173246916722798,-0.47002991144768563,-0.018944268636372295,-0.019253829463707538,-0.02718314453308954,-0.0493479956907368,0.0118488554377237,-0.06418195220458363,0.10231385327846597,-0.04056179377310503,-0.12276136406338949,-0.08534023802030138,-0.12055482077884322,-0.13740268337580255,-0.01661209311748857,-0.03069072930342399,-0.0932393074507456,0.02202444013691188,0.9236383947131457,0.08358530157941971,-0.01903359289550143,-0.01896977001457205,-0.0016764562265969073,-0.009906185594815537,-0.01704664174881412,-0.008744922019072817,-0.006254128650748537,-0.013229656622164448,-0.01639203920599611,-0.15142855859457624
15_2,0.0030314535809648187,-0.004299243821363408,0.00565008371679489,0.014616712136198366,0.004394392344066539,-0.003098591895252537,0.01662204508916263,0.015165714294498566,0.019347908003526055,-0.035544313743092554,-0.03504365251717411,-0.0026365560965950267,-0.008552270813157606,0.03704158754761628,0.030907388471981333,0.037784199495446376,-0.007715584362355752,0.03336759349562845,0.028970079195085305,0.01956891388997306,0.037303673157013856,-0.0020282947120826636,0.040028692350909015,-0.036126400331968796,0.20622232158461043,-0.010026400857189465,-0.06719768588868015,-0.07234584026005496,0.10521542232581847,-0.10891637794539213,0.010766465296709323,0.012414504517814798,-0.01772267709616413,0.03399866148889271,1.0663283689660803,0.16090725646510087,0.03839223032823066,0.004116693899682838,-0.004114878648345774,0.008218825447084528,0.018015029217737445,0.0069045247679231465,-0.0022224698293398727,0.01581521618107201,0.014072549314812837,0.02500775193525342
15_3,0.0009627337393873187,-0.0005647363497204291,0.009138644517613424,0.012729728989694508,0.0035504237769069026,-0.0011188828679328648,0.016890315570109667,0.02065323101681326,0.016646561628842572,-0.02498467409386135,-0.028636530679712096,-0.001267297812563342,0.07654479041789154,-0.010173468724808059,0.041890334121594035,0.0615248551135038,0.04195606761714771,0.052249184313013224,0.03295925523232586,0.02436572428026498,0.030020641171105256,-0.00243220538574316,0.055901814352650785,-0.0312540237700207,0.2679893793503069,-0.010416682517863443,-0.05676070852129483,0.002207073383507291,0.0967377142960315,-0.0594034678472069,0.004339236279252262,0.00973648977585645,0.012742849374109647,0.020206658065954917,1.1416857383151426,0.2308780009984441,0.03761580249674292,0.0030480344015188753,0.0006175372879517187,0.0098086809491829,0.016237011634180034,0.004650743002994581,0.00021825358433695262,0.015354832828458504,0.017681790485393464,0.021787323649075024
15_4,0.0015765359810409388,0.0004389760069523153,0.015173972495435067,0.019237641805314336,0.003418220208173806,-0.000447325764493421,0.021199525906949387,0.026165073693797364,0.012140577956257993,-0.014474972611554332,-0.02263260886925535,-0.0064650901983713755,-0.0019785420391328313,0.03792512263215349,0.022806705001315576,0.0013933806242115217,-0.0003880731276980366,0.04676427471639704,0.030060531330747937,0.009925047122404678,0.030511158388880095,-0.031140850472064645,0.05609906846079432,-0.031663415287803656,0.22190574305546693,-0.013916557744453297,-0.05664364078267385,0.019415789358854407,0.09695519750453427,-0.06865250962671636,0.0030106708810999404,0.01096444518923194,0.025685564152054682,0.034204093175872995,1.07802636013075,0.14507219259227266,0.0729236351124681,0.005639988555406086,-0.001264157442489171,0.011987113785743752,0.01837674454535281,0.006905786765966533,0.0018225108889368576,0.01806535086391295,0.024478793848988385,-0.053905224797301095
15_5,-0.003258779606551374,-0.004096216389609464,0.0006170116995875556,0.009100984062254836,0.004700890356351962,-0.0009441169210665215,0.00577281061246619,0.01971118940587413,0.002645260558659078,-0.024364073214527368,-0.026831618045693624,0.003899153656587346,0.06766894399722238,-0.016707130512485364,0.052591116098880834,0.05578150102445641,0.031953106868299136,0.044088390130341173,0.023146836022793403,0.03136245861083089,0.02041902232434329,-0.0026934407714015295,0.05925765099257961,-0.030924292577811645,0.23314670998281006,-0.014920746399428125,-0.05738697233026057,0.00894630583872815,0.0972404305360316,0.040792046328356285,0.008464042674871365,0.009695442203692787,-0.011693833276019935,0.035511430830681125,1.1594853243112735,0.1351089492464135,0.03642573900874165,0.0003275898763556068,-0.0026978840371387866,0.0019921737047785396,0.016108619443215757,0.002953988993887868,0.0020501463208311916,0.003729313177495234,0.016247928694616144,0.019418980027948667
16_2,0.005096509728101681,0.003755561683327708,0.0019526283760147773,-0.003232500475487877,0.007423394626519935,0.001887397644986556,-0.0014398290987084684,-0.008979239024893195,-0.050353470045586435,-0.024142376751944954,-0.03178762503778869,0.002859175659424612,0.06690876054607885,-0.0026021217848108003,-0.0032370656666888763,-0.0046630967355045716,0.031048973760329675,0.03323904131889195,-0.003567034675374072,-0.0032300108667905067,0.016703343663912195,0.0042162070345822845,0.10256838514906293,-0.0310565392562331,0.18954868428894897,-0.02603679234262725,-0.06662323695963661,0.034140260695285085,0.09346241938455155,0.07570502432619018,-0.001381839621124014,-0.005343172941077498,0.04890494101841339,0.04735714289164369,1.1589078910497763,0.13155077341576266,0.06991015002627786,0.01710547231349133,0.004588467907572266,0.0020197903262355326,-0.0036797426829370487,0.006253084519599307,0.0014242522696527942,-0.0019743848748652875,-0.00737582960053072,0.01772325491606841
16_3,0.005508786837908304,0.0037754124032657885,0.0022222396296954993,-0.0031751172021550742,0.008587785095384565,0.0017818869202373033,-0.0007335460708508692,-0.008734064728732067,-0.0492565440289098,-0.025174679585291865,-0.030424400261277035,0.0049885477165154575,0.06534529797980326,-0.007181135805324319,-0.003207223539621759,-0.004118167823977527,0.030649287021434365,0.03995797923625689,-0.0037898946253654103,-0.0032823947240607867,0.0144971215538291,0.0040367872289215736,0.1035279812347111,-0.030448614199484247,0.19024416677698502,-0.025248796174541416,-0.05339381073803433,0.03640012531377131,0.0931927026217496,0.07571515582078787,-0.0011995941868810063,-0.0054585225589183,0.04967713833051921,0.047255199548161056,1.1660457332002667,0.12569892961206774,0.07285064967009966,0.01773065014463478,0.004941513898275906,0.0025764886673920098,-0.003935047927109396,0.006851325736948945,0.001980188256994513,-0.0021264073175603342,-0.006053448250185865,0.01790491686223123
16_4,0.005698079282501648,0.0035507949365714505,0.00215461403338274,-0.0036068943491799166,0.008799609433284662,0.0009381477828402652,-0.0012649258552415094,-0.009647737662566583,-0.04978856410232069,-0.025292650099163635,-0.03224537308974153,0.004353459175823903,0.06379110757070379,-0.01255437182644657,-0.003355346522776773,-0.004372846014055003,0.026198198684407613,0.03288657233285936,-0.0041244694845354365,-0.0033628478562468577,0.013560373922833808,0.004027512988890681,0.10515542616217223,-0.030786917840685865,0.1841774298582555,-0.026123150380901346,-0.07894272052381263,0.03379200810720129,0.09226758392448357,0.07604488744887454,-0.00253762879097955,-0.005031554312975435,0.048241185110941005,0.04644910275905043,1.161304241239539,0.12969559641953882,0.0702432901961326,0.017314757105095717,0.00482487070300924,0.0023337823101588625,-0.004168360042361202,0.006856495761948507,0.0013082704347115797,-0.001975110926416336,-0.00717647719843908,0.017684624524570956
16_5,0.004444416285729881,0.005639376771777663,0.0029798283218113917,-0.0010968341021232193,0.011462478534869877,0.0031821828384393583,0.0004040790600782672,-0.009250083498810683,-0.04879532575963102,-0.024586240046377033,-0.030012773459445814,0.005719375992143189,0.045900760678843015,-0.0026805259796158294,-0.0025582130065495696,-0.003808101125242678,0.01941737392430331,0.03502459965999249,-0.0036113151312988103,-0.00227450460250118,0.015684006498183356,0.004988859108473366,0.10227951523016167,-0.030012690266850484,0.19440822011023334,-0.024539359189382354,-0.055324111441033344,0.03639842820816933,0.09280625225616218,0.07811844790009576,-0.001135430600905929,-0.004561698375267709,0.051808714470803346,0.04821500401640731,1.1507210554902112,0.13836073078269273,0.07414951892418183,0.01717426361499926,0.0056083530958755635,0.003334358256599029,-0.0033807623549918365,0.009494919301444324,0.0022587137362813517,-0.0016148264658920194,-0.008279517391823997,0.021890435607505036
17_2,-0.008612836092483069,-0.008195822781501215,-0.006038889475420804,0.0003060963873203471,-0.002906664045294255,-0.0039351987603605315,-0.005113298764383781,0.01049708219330645,-0.059976280996521435,-0.22610245013930277,-0.15063873053071275,-0.02013287275573832,0.04113368121286584,-0.03530023743584458,-0.03487932402899354,-0.014074798221401978,0.016961988600437797,0.02654001602362733,-0.01889036007327256,-0.016694591436255398,0.012413093915594718,-0.024723008801928615,0.028910275919162346,-0.04693866822766813,0.13959189659489607,-0.040019673585985724,-0.0819788585941008,-0.013606850048500114,0.08348670992135344,-0.10478592763632087,-0.0007326561193802997,-0.009586047278936985,0.03318435504735628,0.020871096283545568,1.0659809182201743,0.08858253766772801,0.0532077142060489,-0.017166904290200468,-0.007099511549463466,-0.006452950699184034,0.0007735987599922343,-0.001200161698962409,-0.0022635241829833076,-0.009416578506756956,0.005827598037516468,-0.035599519240933124
17_3,-0.008644071191740071,-0.004974405028568025,0.0006708661248989861,0.00394001833268471,-0.0011816275104195835,-0.00193213139083651,0.007630058201661435,0.009987489914939378,-0.06430264540087814,-0.21713070536444987,-0.1275564275986225,-0.020388783533927188,-0.07083425279647391,0.03063062837413178,-0.027143529023349933,-0.007026601054274211,-0.015989215136600714,0.02784682922567072,-0.017089705271044794,-0.013004709881484772,0.018165356593823064,-0.03777166528586217,0.008152215833478202,-0.04663300306335486,0.11534380269264144,-0.04058172501293549,-0.07481941260347706,-0.012993983225478305,0.07288619184208402,-0.13021056363645267,2.097419771823369e-05,-0.006687982437677047,0.02626916295221078,0.011417942906384726,0.9756552082764586,0.0971777791006288,0.05085292961008351,-0.010788078289371943,-0.006344612870886429,0.0026219103428719607,0.008925976745526268,0.003418254742800739,-0.002849553448157911,0.005258637416804175,0.005775842737709539,-0.10486907455827699
17_4,-0.008444845668981913,0.00045297129104786385,-0.0020982336059936534,-0.01073544608236671,-0.0030179137243205754,-0.0027906114028914035,-0.010293972712727086,-0.015208061992116668,-0.05778807171787548,-0.0748712757217777,-0.0625786879950715,-0.01739194885937457,-0.02753444426839685,0.035922653005544536,-0.02964688756278851,-0.0073514398501359525,-0.014354211433038633,0.022685573896673424,-0.01117153811625685,-0.011211881024661651,0.01150999408091343,-0.021510344059952207,0.02400585495894209,-0.046972237488613115,0.1693600093506745,-0.038341591951538155,-0.08328841450103659,-0.03020543471977802,0.07227849803396703,-0.11624053841761092,0.0016483969113390896,-0.0013199527625944263,0.04080433894482828,0.015876661312913442,1.0278460182562743,-0.028226139086221583,0.06045809088530998,-0.002426524589831832,0.000761425427679855,-0.007459661602949639,-0.004145604055897289,-0.008101610003775002,0.0024951679588655433,-0.01226992230929492,-0.013434248746561885,-0.04756663100111613
17_5,-0.009002824396189752,-0.0008427436220465622,-0.004179199666343939,-0.0041909002622283,-0.0037814720202611245,-0.0028728322686146007,-0.0011170610194928894,-0.002023832269550501,-0.054732193964222235,-0.22164478524646397,-0.15302746247883217,-0.05720860277511245,0.05386840159330004,-0.016449050899311923,-0.029946828872260047,-0.011744178529691522,0.023057095764732187,0.030822823099043113,-0.014348197799627758,-0.010825172175794647,0.012389789293024029,-0.01921703191632484,0.026148938685465632,-0.04200816204487148,0.10386228837741628,-0.03753961325498838,-0.08547352193568547,0.018446577560251625,0.08244595727161912,0.06218377344128309,-0.0021059991133971978,-0.010371150622105413,0.032303782174568065,0.018513134020887376,1.0808695334695582,0.10175391654678903,0.048496668115983674,-0.01302192057832622,-0.0018907659072076005,-0.010610637316077191,-0.004293278251380474,-0.0032561414464434444,-0.0018720308752891498,-0.0048470988836537,0.0016506607360649525,-0.00800212605165331
18_2,-0.0032854538269363825,0.0009161787879870795,-0.0035164015239528197,-0.002271309178734249,-0.004505303083556173,-0.002091903044353585,-0.0018664719140641455,-0.0012700390269948312,-0.054434097129251326,-0.03309866839288993,-0.042163916938033424,3.383551508527737e-05,0.043325102726808416,-0.018644439786210693,-0.004130807138724077,-0.010190924859446263,0.02209750948789913,0.029911641099065286,-0.006651021064934153,-0.006820781826109043,0.017481207465318102,-0.01258414338200051,0.03816451179643878,-0.035196132204913834,0.18564142069264855,-0.029582063973980974,-0.0608203120470504,0.008158333778764454,0.09306923546950133,0.03089840561924368,-0.004285231814994122,-0.012617489781850484,0.03699250692624752,0.028107197384383848,1.1378479700960573,0.11611279933523672,0.06506467228212852,0.0025199801681862937,0.0018494716596832526,-0.006573226141993695,-0.004393338562282216,-0.006713366526949793,1.3530449814474636e-05,-0.004340339153287489,0.0012595599911529522,-0.007447008957037024
18_3,-0.0036021935192015,-0.0009738120952955401,0.005229223116670961,0.008353375137072901,0.002573703963719207,-0.0011565234156836266,0.007616805251278879,0.014548325328420004,-0.06018340419574381,-0.038178678213368095,-0.05079179879034839,-0.015167317863587595,0.05106857512760696,-0.01993799889648766,0.03511262490553401,-0.013101915229174399,0.02265563307840723,0.03410997765230392,0.02693436394556674,0.019183348875852275,0.0165487091219045,-0.01629253510695721,0.02405667748450964,-0.039075358276968696,0.17997143597109383,-0.018930806145632133,-0.06225336863875759,0.0023324162736477554,0.08663500095105423,-0.1293715405631335,-0.0012689598364987952,-0.011252888675508183,0.021907986223872907,0.024983109395082255,1.0426176451505262,0.1019255492259735,0.06455414528202467,-0.0067310385520043085,-0.004740521971390264,0.005514757584153743,0.01336479515733345,0.004640399763467693,0.0008472222897223371,0.005299046851229034,0.007519180485356715,-0.08646433563033143
18_4,-0.0072998594953136665,0.0010837870877353,-0.0028063132199079364,-0.006738558125860588,0.00024937797618453464,-0.000531904020733278,-0.00973832471089338,-0.01579565167812203,-0.06204689256182082,-0.03804791280880258,-0.051474534730414155,-0.012536020123500571,-0.0179793660714124,0.0352027869538466,-0.004989009390565429,-0.008885873023179657,-0.006178852378729332,0.02801087734557679,-0.01364349552431636,0.000534121013781746,0.01725250986291954,-0.015997484641982338,0.04666470904210482,-0.037326073052411535,0.13203292734044114,-0.011400705020320123,-0.07054863458943123,0.009250802484957674,0.08103831326142108,-0.10075592897800435,0.003106810366407791,-0.00539069686359928,0.04374725572617205,0.02360644516267651,1.0433002135696325,-0.022385083385540606,0.06750848250950986,0.002773275209863474,0.0027234822180670065,-0.006051066027201449,-0.0026980053546754204,-0.004377033629299158,0.004291408705850622,-0.011385761286109266,-0.009888867052697654,-0.044347484174597156
18_5,-0.006345709230197019,0.0016649114444396834,-0.0027723358445780376,-0.005533059936851944,-0.006480344612245015,-0.0034772142519109575,-0.00303489703395863,-0.0074838184345454905,-0.052856860678385666,-0.04160162959430283,-0.04904176196001298,-0.004644517774420112,0.053650525270342635,-0.02163595759880113,-0.0069030930915901486,-0.009762055318076139,0.020242186409337684,0.03004442644019694,-0.007996892855337499,-0.0063520659175694645,0.01290260505002184,-0.009089535463302743,0.06255106378433331,-0.03778833380319112,0.16654910794712383,-0.03131951149455473,-0.06695545862358085,0.02441458400267918,0.09232698747021095,0.07225520502149535,-0.0027208163181357977,-0.00991595583339962,0.04128307853955673,0.026326527854401455,1.1388561715126455,0.10494933743193023,0.06185214220178092,-0.0022378733660538075,0.0013089341768508513,-0.003940236352863426,-0.005108720694236027,-0.00808925265702711,-0.0014152788710967,-0.0048819943187942885,-0.007297489519467326,0.011684452017173587
19_2,-0.0034170974568112364,0.0006355255792742696,-0.0025329903512578415,-0.002814356026982864,-0.005099553258424486,-0.0014573095411323353,-0.0013909602054033607,-0.00011458481106634257,0.010658312139365215,-0.04964291517188469,-0.055230288138529586,-0.018521251244916943,-0.01473798928771804,0.0423868832494828,-0.01854627566476152,-0.007556649680833527,-0.006333739483008804,0.03392014902800625,-0.011166258106000115,-0.01032632173320479,0.016179679628677824,-0.011713739250945912,0.0822122325606568,-0.039793351010352515,0.14067931317883006,-0.03478754951077595,-0.06338660830159912,0.025753840141104954,0.09637697265587296,0.06987927870074596,-0.004863563993956514,0.000847604599575966,0.027366980378467607,0.03933882228382693,1.0783524641265014,0.14194479511333546,0.04961523470350976,0.0018215041615048308,0.0014410489015061064,-0.007474952320750321,-0.004271689324231178,-0.006838440960265353,0.00021882153658104632,-0.004943272653453222,0.002520946403030959,-0.0039436419304116725
19_3,-0.003957650840706456,0.004499384379137379,-0.001958314442911697,-0.002052900833312622,-0.000882058001946004,-0.0011771125749686368,0.0003730841781033838,0.000276641135303794,0.009973568375940574,-0.058442660492416094,-0.06299620839522191,-0.01576921474609692,-0.21385922428649323,0.010370117052855473,-0.00753305449176652,-0.0047476637898963316,-0.06679348757462293,0.03141564204808165,-0.014070294260732833,-0.003963121426450952,0.027865345615434568,-0.0055372268991897,0.08034632017131038,-0.03951677495751117,0.17450101752218894,-0.0350333431230173,-0.06396002777149948,0.03151739663077827,0.10016202018086362,0.0893838075804084,-0.0014152976708467285,0.001555962406198708,0.029215083015702102,0.03882773694855937,1.0629917265490207,0.11347338917891436,0.050623084509337626,0.0033039162381035565,0.005388375184462361,-0.004893980014911063,-0.0020885275436391057,-0.004680125514262627,-0.0014671631697996733,-0.004639218438434492,0.0018023966779979106,0.000583296847530578
19_4,-0.0018087009354926242,0.0016059042824036487,-0.0012151406635862404,-0.006026560421963711,0.0014063533420067323,-1.0836341833721091e-05,-0.0009115977841597289,-0.011677972142811263,0.013510402243000064,-0.04221938427626105,-0.04640095168320285,-0.005848308465089274,-0.013464507325034054,0.0441245444746957,-0.016445545799724196,-0.004003230670488711,-0.004866883509162435,0.03501587227316498,-0.008168652394840112,-0.00791107722330116,0.01725157859458607,-0.003270117231659495,0.08640840242859979,-0.03684885888091591,0.20008646152151788,-0.03148785849085296,-0.06384876175040233,0.011089371813802323,0.09741240523710834,0.06801038681949165,-0.005703546939257782,0.0022705802632780724,0.03039780692662164,0.03761084489159692,1.0965299224776135,0.2023147134971018,0.06000427588611103,0.005158646790528902,0.002982588114182074,-0.0042915705868851114,-0.005128450107135611,-0.007964471661269686,0.001208169060399491,-0.004406139671463854,-0.0028950823500547974,0.006170679794231401
19_5,-0.0029842451822649704,0.0020047752531063344,-0.0014327451806591884,-0.005575561412746234,-0.0012619180940466204,-0.0011934990232195196,-0.0015675575097757028,0.0014023045723565745,0.01111426301506707,-0.05248534182769048,-0.0526761943710289,-0.017124062428922445,-0.01522817694271973,0.04328724759459672,-0.019211169183285175,-0.004976690063472145,-0.00712034734712915,0.033276768731931604,-0.010484740808071075,-0.009066759758890687,0.015906114823695822,-0.014166100327919925,0.08144941502016513,-0.03797211117852474,0.16055151720790073,-0.033202440638117066,-0.088184357292123,0.025643673178301785,0.0988710582357328,0.07184105938927858,-0.0047076597225503775,0.0020513597746550415,0.028501723378926994,0.03720150463383403,1.0849942067611917,0.19122606925196464,0.054045017170285405,0.0024275543628970416,0.001455214616531738,-0.00694626717889178,-0.005693383334145749,-0.006589986561181712,0.0006334508672168702,-0.004631672775575542,0.003197764363280158,-0.0022057331186354817
1_2,-0.0026445498237244827,-0.006383117716871822,-0.00562031305870541,-0.002720884838937592,-0.004266833983472167,-0.007156177749265945,-0.007982218026192443,-0.009768015790926865,0.0366542724247494,-0.10979710830878849,-0.0718463609154319,-0.03395190640684331,0.013525275128277989,-0.03425995160519566,-0.011857328413336105,-0.0063861634212848085,0.0018156046754936254,-0.0013284857848858708,-0.0033690154893136737,-0.010732048559078056,0.00831134591761771,-0.05532107776728173,-0.44345652477035186,-0.04848712581185377,0.06167853410384484,-0.026627289300842485,-0.06673968929563859,-0.04028361406688204,-0.13218338323701018,0.012269531779730095,0.0019052813512649123,-0.0012340008584799619,-0.011028714537899983,0.008948276199886012,-5.2504183482530875,0.09921307987819836,-0.1377503929239918,-0.001179588092406792,-0.004276873990724498,-0.010102773394402836,-0.0065323065481138615,-0.001124070074957575,-0.0050244953154594705,-0.01353341143945145,-0.0030528450300499354,0.006401817634848025
1_3,0.0005456396825337737,-0.0006243703802852616,0.01820772782428002,0.01601635970329662,0.00906081421872291,0.00980956158198912,0.02435559398059962,0.038972313399038,0.05184779670993765,-0.12363363028347939,-0.0730416954199285,-0.03318138298020335,0.024205175878768293,0.08380118832029418,-0.02508178889033039,-0.005959308665280123,0.01599959361673832,-0.02930644203358139,-0.009539922102953896,-0.017032890476194915,0.011336336448411677,-0.05774731152397732,-0.30914120306028503,-0.061138753222692986,0.06181277404703522,-0.031618471551876776,-0.08173933021452112,-0.0432556367968218,-0.07501091702356139,-0.035433890008772055,-0.0013947827128445998,-0.0037605064802296367,-0.010192877581036791,-0.000534138826019783,-4.967817151573863,0.08852146476673436,-0.12250228209252491,0.0030334554080623604,0.00036336526937444017,0.023309801926615942,0.02779959722308144,0.006113025666594711,0.011801217181051196,0.028875665508034738,0.01509197794114453,0.004519298634277375
1_4,-0.0022254649174873616,-0.0016785222998240118,-0.005058383767627347,-0.0009188305157105319,-0.004291303716134827,-0.00306794608059068,-0.0028070967829755904,-0.007161342509243172,-0.002408005105539029,-0.11160964875147421,-0.0559539580359261,-0.03667434114419714,0.02694991368978224,-0.02828546988342177,-0.021820471972489038,-0.005071313486403919,0.01522510404166852,0.019314000056986774,-0.010215695691576172,-0.01308061588628637,0.010647147842193191,-0.05310715111628446,-0.01928560662529827,-0.03803121576899758,0.06748500350973584,-0.024573612992761996,-0.06246332628655496,-0.037915637618972424,-0.06621053184234958,0.024881990599269828,0.005082966661507631,-0.001160225476786525,-0.009429125667924974,0.005733576528080359,-5.805897341201119,0.11286669735126817,-0.14701663105975238,-0.002938353106223145,-0.003160466039572825,-0.004280800861855634,-0.003925659559548353,-0.0021846612635376527,-0.003694007243691949,-0.010051000987148362,-0.00033961702352800817,0.0049507349218294175
1_5,-0.0018780772478460817,-0.0005306923079232238,-0.004609867297064356,-0.000734270086310705,-0.0030598116608053635,-0.0029691770736392144,-0.0029063147155431765,-0.007475481262478961,0.06458260374246495,-0.12109721940034715,-0.06532377948955063,-0.036685154758307914,0.00747729122328543,-0.030048479908843382,-0.005522269583441368,-0.005363989280236512,0.015151131445206885,0.014334181973719,-7.993399351005861e-05,-0.008516103202116609,0.009228015594689441,-0.05468502902392253,-0.017099499561835256,-0.04397507042792858,0.06649603369868301,-0.031126895106413102,-0.06280247217275285,-0.0375175585774569,-0.060423953314508526,0.01810676663013109,0.0006273832262865623,0.004810199224393966,-0.00839115388061225,0.01234805104805099,-5.802573662544385,0.11119000732639454,-0.1466037953652629,-0.0021564439041366775,-0.0038718747572097927,-0.00395368594292321,-0.006539701357196397,0.002255197575595435,-0.003678632535822725,-0.010184813744584964,-0.0003911571621403217,0.0030796962186275486
20_2,-0.003967727452522548,-0.003210821623721815,0.010800688485915382,0.009244761153822837,0.012236874185912952,-0.0007738857111631684,0.018689960083784127,0.015693016048950046,0.06932740458571021,0.07574206813965752,-0.0053922475158014365,-0.010155605104558157,0.0405632836138906,-0.012265610091675207,0.006977862348209624,-0.009200866177410305,0.022919063747626804,0.024247067381023533,0.0021966326350520327,-0.005014663785998798,-0.02725725542944968,-0.0031045713938615167,0.019691702506484242,-0.019869050690503428,-0.036543624710189924,-0.006985072158239747,-0.016996633482761873,-0.048972649314567414,-0.051340218947910216,-0.10009865666190909,0.02231492085464182,0.0028178105682459087,-0.03195351056603222,0.02634245203417064,0.570487417794547,0.018950714291555294,-0.0891789573769397,-0.006708041401188887,-0.0037656112318599105,0.004127365261787191,0.015380096564120024,0.014799994295013831,0.008553175397939526,0.024622392503297584,0.015550432573579473,0.0137698389189678
20_3,0.004910126476194093,-0.001774643961315922,0.015114676486939172,0.012248427473434948,0.009672881682230622,2.2950527940712254e-05,0.020795221968091766,0.019052898499184977,0.09615033019261976,0.08632804761577477,-0.0009230774442148844,-0.008850959828588023,-0.026340787408958833,0.05725763975680086,0.013392221799531374,0.01050008916039299,-0.011415672773590433,0.02854088323152266,0.021372894827146965,0.012643585689712862,-0.03270772575758429,0.003395821067930793,0.021403807597151395,-0.013035922556293515,0.0039000410757405127,-0.0009531824342505902,-0.013083618132807047,-0.04006036541722399,-0.03588370339953386,-0.0821332964424233,0.015911589719557983,0.006406553012699586,-0.03275393030796199,0.02783289356502578,0.6120455415999473,-0.05346728328992488,-0.08202364549934643,0.008760516808292578,-0.00021745740176155846,0.008769221006690675,0.02058188315038059,0.010358452850144856,0.008079652813914285,0.020832572820372826,0.01698126193106408,0.021176660023203578
20_4,-0.0012382129400471122,-0.002762839000791769,0.012638105067643082,0.010619085508740633,0.013152980738002274,0.00023396991101878525,0.017051424729473477,0.0178466135792197,0.04227886876983314,0.07743798854480162,-0.004628961756880461,-0.009305998490976217,-0.025943367829400987,0.04443534126262322,0.02519015066491852,0.011132437446224027,-0.013817489023400175,0.03760779402833825,0.014335890805968659,0.01356750127261046,-0.03465746978473908,-0.001997549545578134,0.017242248203102523,-0.017873044691691563,-0.04530683133535486,-0.004438635151784625,-0.016267452874375272,-0.04393694501378385,0.041375200650340276,-0.09031918101194045,0.013885810827942924,0.0018508852783887396,-0.01333872570544341,0.02544234036083753,0.5605720963691403,0.015670416420481493,-0.09915142945455178,-0.00176963167088704,-3.3686115279396044e-05,0.006913544540941129,0.01723973805995136,0.008106755705117975,0.008178610762065573,0.012696471802011404,0.017411871904022328,0.01645206437377998
20_5,-0.0021624166168512328,-0.0008461282824917013,-0.0014204211360364508,0.002212336608100044,-0.0003684629740455957,-0.003982469481404305,0.0011363744286751478,0.004254819373274333,0.09460326070980073,0.08852204464439027,0.0010012539011998362,-0.004900127370456794,-0.019443952617888345,0.06976564618447681,-0.0077490459720972165,-0.0023106328519408932,0.0030744726068242445,0.035569151398628096,-0.004052135573807246,-0.0034493827022042136,0.009695786726201201,0.0021152238470084606,0.0407399263380971,-0.012772492421914262,-0.008908240338954595,-0.004761489283634495,-0.013777377716684764,-0.005977986036330802,-0.03609416424298197,0.006436943527350144,0.023683242063933747,-0.009185075498898916,-0.046029871959638605,0.037072833965458206,0.721177836940249,0.0226175874724466,-0.08338920589573376,-0.010617874992955653,-0.0020586838470983966,-0.004586274999001448,-0.0016220874654992712,-0.004558470695894656,-0.0026051386407604177,-0.0075948442841292695,0.010115600362187761,0.005460447446613709
21_2,0.0036831170417089094,0.0023240391583506793,0.0038676079187925302,-0.0031526421901123865,-0.00017543677168700044,-0.0010907893280927212,-0.0014565088081065372,-0.010112739565590528,-0.04900070206836638,-0.11500089075859746,-0.06475444979062894,-0.03498357852334541,0.01926723263616415,-0.036082951839653765,-0.005731860975505401,-0.006894748853545572,0.010453629126003831,0.022599191032683548,-0.004376530388717337,-0.0051395313017208785,0.010641077978118656,0.0004721956871322938,0.09816130688367627,-0.03771271992228091,0.1810843630544757,-0.028352308173967517,-0.06238807774286408,0.0298774980178666,0.09613192057742526,0.0681817857249746,-0.0017520217230525947,-0.006437938151975451,0.04361568254417665,0.03316217616111013,1.1457140646544741,0.10025451854757023,0.06230280637075954,0.018698803749627093,0.00622516186687087,0.005884862657758531,-0.003692095503841029,-0.00572639132694772,0.00136573680919636,-0.0037462819381967674,-0.005842854306038826,0.010280495516487402
21_3,-0.005766413557076669,0.0019695781117201683,-0.007349808151129073,-0.005223646637342901,-0.0033111586470765853,-0.007162595459626485,-0.006440888736817079,-0.014460305882081134,-0.054944741831632955,-0.16683752495346668,-0.08859620229255033,-0.04618004931665294,-0.10423700096376001,0.023381846392773787,-0.02389742933518114,-0.011429911485520536,-0.03270513470997742,-0.17222443014900973,-0.011613851290571648,-0.012125061380098856,0.009515200136584434,-0.007868277051852975,0.0632882625059917,-0.04040149869801579,0.019656336845496617,-0.043697080729954825,-0.11008768633045644,0.01950341887039598,0.0702802470171112,0.04538860849447835,-0.0067140840675537685,-0.004951206984146156,0.04061384296782679,0.007242598958349559,1.0106959242103395,0.012608192312168073,0.049836759225206806,0.0004364607957076558,-0.005159240819427634,-0.007797172074539661,-0.005740999511773607,-0.00475251315803347,-0.0034860711941706903,-0.004640815140471945,-0.013511360025126332,-0.0011202541418513289
21_4,0.006931862445730209,0.003678172796025415,0.00539221549450607,-0.00229222969745062,-0.001975442744460041,0.00019362056130559056,-0.0006757387951456889,-0.010824704068114713,-0.04814714681862985,-0.10890882304311911,-0.05831711086445889,-0.028050060253144323,0.06186499960843455,-0.005575835625386664,-0.0037503199496709827,-0.004958129606998079,0.03182217279251729,0.03099400532930837,-0.0031658876391553164,-0.003915657694076709,0.013343941194873109,0.003074146477644461,0.097793486978397,-0.03453328854603304,0.18861985273767812,-0.02827103557660407,-0.059293594214705134,0.029385905880225247,0.09392639089339982,0.07170041748426637,-0.00013105021488624062,-0.004525268889972328,0.045920362934735996,0.03586107994917481,1.14047874313821,0.03511418222919239,0.061896670547320405,0.020019394524618223,0.006900535736635451,0.0052631955170637165,-0.0033917243583307666,-0.002419283044490642,0.0028411636313326514,-0.0036331781358564536,-0.007351091700153688,0.011502717709917853
21_5,0.0028993989619053575,0.0009924002307248531,-0.002150991721034366,-0.004429874056727049,-0.0018423789225751582,-0.0025703946634201033,0.000445537630422321,-0.009129899015433134,-0.04998688066552709,-0.09701217232028064,-0.06885709426066319,-0.012666298958309057,0.04960222104881543,-0.034836210400593606,-0.010095867597472366,-0.011331622410416482,0.019349675861986573,0.01955747499026493,-0.009313131759868646,-0.0070176193829334646,0.009078128301741631,-0.0030909564165598523,0.09053353487975105,-0.03569300692346433,0.10524250632711944,-0.029698567702747286,-0.0669417553604301,0.029676939779027616,0.09294716098460809,0.06318010586802021,-0.002764274733276148,-0.008721687500184245,0.042751724990076956,0.021310668842666823,1.1357853926576866,0.10023319115271295,0.06172061168156683,0.012959312694454918,0.002122081134079814,-0.005862816738950374,-0.005806714167661679,-0.007859868369127642,-5.2285352558225105e-05,-0.005098797602013367,-0.00691936934990154,0.007076084628331541
22_2,0.006943128703098514,0.007365140386601093,0.004429593896398953,-0.0006369991411233671,0.0007413128051665704,0.0009372715884512498,0.002200046119499843,-0.010216046140958649,-0.025834352690551236,-0.1511181353300187,-0.101396798566044,-0.01689818403432346,-0.06541911504207414,0.019244844010230744,-0.013372406396178031,0.003458202979189289,-0.11253727177406792,-0.3208226635116808,-0.006599491447250864,-0.0016194208143913826,0.008474169047615816,0.0010697355838529487,0.07088809197480907,-0.03335052399844972,0.16440665191812012,-0.026287719039111347,-0.07404230249088012,0.03697262894456666,0.09729428083001705,0.0658721833367261,0.0043904626570191825,0.007705563107786605,0.055046814016386135,0.01662802919057282,1.0292692529524254,0.11460296045158613,0.049576737202609626,0.02561623076644102,0.002672132984782512,0.0010373863866346006,-0.0010680803634067957,-0.0013860445006014242,0.0053234267096403266,-0.0020163823031451892,-0.004982325045985251,0.014995742501862131
22_3,0.004228119849296038,0.0024607950192133514,0.004091341790706512,-0.0026449757062396604,-0.0007009121144640517,-0.001331419761828155,0.00036835067747811433,-0.0093016691710012,-0.039770710485556596,-0.17347737142851924,-0.11141795820731584,-0.05222662783688305,-0.012092708684817112,0.040955204345764794,-0.01609158864078197,-0.0032260575240231973,-0.010105393614275175,0.023788730876014495,-0.009276837222636078,-0.006247499102462697,0.014261801412712905,-0.018119606284548968,0.0866593027219906,-0.03653109548763974,0.17587648761318708,-0.028996456929737603,-0.06481680122560818,0.027772844419485812,0.09891291641134715,0.06327295480267783,0.00013787667281843824,5.62251794408364e-05,0.04565521275638907,0.03917523772780041,1.068979545147374,0.12039527978427113,0.06015568955016947,0.016916784311241728,0.006678686908093937,0.0012476579717908096,-0.003671787378864309,-0.00567577082698229,0.00043445271001712994,-0.00502768169351667,-0.00657869796602921,0.011148235969565821
22_4,-0.004796602995920433,0.0017304055881019744,-0.003313146776471905,-0.003681839853266624,-0.0020582036675444596,-0.002918004460437591,-0.0014608115817399076,-0.011139469749999091,-0.056033432132060294,-0.25453096415584997,-0.1339508114899302,-0.04399415619937654,-0.0362660189238038,0.007774208268281737,-0.009033171179746363,-0.009580525943938194,-0.025584912148384435,0.01865913168196723,-0.009769335876131362,-0.007632759548038159,-0.03222133475674343,-0.010795977506872405,0.06679898028539125,-0.0403187005868461,0.104490663145893,-0.0328614283616078,-0.07985893390195989,0.020845775182668162,0.09377845142069062,0.04845231262285754,-0.0013358489159201665,-0.007896696018386292,0.03923473387747988,0.011611293553151299,1.0604334996387421,0.08739407706768633,0.055398870106907,0.006169150397576642,0.0006975235669107281,-0.0069508017275145715,-0.004225488849160552,-0.005480839492951865,0.0007140543077609316,-0.0034882232133895876,-0.006693976396274012,0.0043410313548920346
22_5,-0.005371258929423296,-0.0027746295279395526,-0.004058783061273697,-0.0035306224846142374,-0.0007492282343747109,-0.0026877990600280826,0.0013286273592800872,0.0002797949115969231,-0.031156384994124674,-0.19253268943322718,-0.1310651366738306,-0.040037791196394154,0.046954164603575654,-0.039843051294534026,0.03987778738160086,-0.012436200894864394,0.015688512172966212,0.025304644287019385,0.005488122288622384,0.020427846360635937,-0.02424857498126043,-0.0040441060244870595,0.058327841368998656,-0.040377497963641366,0.20528355114952565,-0.033264126426446244,-0.07019243110447401,0.0199487887491644,0.0970173510920285,0.07139881590409629,-0.000486518922185198,-0.009580427527302853,0.03837443938716931,-0.0662761513756958,1.0723296411230259,0.1074482651470037,0.053827959216029064,-0.00330288895236029,-0.005809367825106632,-0.008047444334034204,-0.004216142590866245,-0.003573440265052752,0.0012473845328946017,-0.002192038144954317,0.0014630402475954319,0.007623202466778934
23_2,0.005147582820076851,0.0035769946834893814,0.0032160924990267516,-0.0026770200541240377,-0.001973110882722542,0.0016962954834633147,0.0007048787653791522,-0.006599489849079512,-0.04579104343643258,-0.05984537035129604,-0.05761002804743126,-0.0015699016952797514,0.06135597857364483,-0.015980795488529664,-0.01534143992866517,-0.007699425731589819,0.028161133585246925,0.03097477421872819,-0.007951405729010111,-0.00795157498969701,0.01596615936466248,-0.0043411155037320695,0.1064175185436371,-0.0339025801378507,0.19276728015066186,-0.026070271111759337,-0.05691902765501148,0.032673470743676276,0.0959079459934235,0.07412170205267402,-0.00021322845700437262,-0.004463569640307079,0.04888555603237469,0.045875465884275345,1.1521248730270734,0.12499436437238691,0.06664696380136496,0.017171427221843148,0.006007190773149854,0.004061533905825023,-0.0032846691337418588,-0.0045647132543359765,0.0031035045108730903,-0.0035626214443710705,-0.005798065255669102,0.01144122007641025
23_3,0.0029817841441040624,0.002366536590960044,0.00046135014755645064,-0.0028920836988583555,-0.0033039564082209,0.00029082137380362046,-0.0007885085135500347,-0.00856603038574172,-0.047972769542502805,-0.06610324613103533,-0.057678315041374946,-0.0036457886347189723,0.058533661880551625,-0.012034501292736244,-0.017576651303118265,-0.00929421769409795,0.02374504010985798,0.02815572951545611,-0.009831274322064005,-0.009172713012234749,0.014624331035888777,-0.006647875406121183,0.10251436262644546,-0.03587860293834422,0.17886389364920133,-0.02917424367487654,-0.0669849867757276,0.03080914811937232,0.09477871954319783,0.06947840190194907,-0.0013121736454797797,-0.0057202432907511045,0.0479407865384059,0.044575955412549925,1.1421043417263188,0.11276257529156988,0.06521301349479217,0.015710281215666276,0.004442595696881597,0.0011829689997063554,-0.0038599588256222985,-0.006267928014367184,0.00019369453815963034,-0.004335539420160613,-0.007184749980489776,0.008829649806116007
23_4,0.004459761456458726,0.0034218235506641324,0.0008372195839805764,-0.003007982414690982,-0.002545992566428034,0.0012663803045228762,-0.00036010068307702823,-0.008099578233818563,-0.046841407037697624,-0.06385723647070231,-0.05556633819407663,-0.005423878733507531,0.06005018183216301,-0.01048053841238642,-0.016583321075659112,-0.00871935173754651,0.02683505061430776,0.034244477677212115,-0.009532129431208066,-0.00922965764255223,0.015200404165893478,-0.005724136479903352,0.10217584167478616,-0.03518540484726812,0.18499426656997334,-0.027805079542370822,-0.06881362674267977,0.031042787320170174,0.09594627931811225,0.06925629066603677,-0.00141174767508286,-0.005541756314862733,0.049165179381503686,0.04520110801965176,1.1455054909935931,0.11713212092726893,0.06538614428255105,0.0161188519777011,0.005599101974195014,0.0015032572538037005,-0.0034722561850547493,-0.005977402425991194,0.0012773877280725441,-0.0035399886827455684,-0.006889337814915964,0.009545945606539312
23_5,0.00558295968399551,0.0032155010691514553,0.0012745647087861525,-0.0030544997900446257,-0.002291509288003456,0.0020192047222884237,0.001498634525874038,-0.007140299907181883,-0.04589615896518986,-0.05994701681654191,-0.054300480432794104,-0.004152930492038736,0.06067783673223794,-0.012583497488224522,-0.01549884686295565,-0.007942327004929665,0.027600565051663317,0.030305052665516443,-0.008790107875196927,-0.008722438554735612,0.015223293049597042,-0.006089296412895288,0.10534431709958113,-0.03480309471693321,0.1878611628264094,-0.027090453021809086,-0.0571298653405937,0.032329142934557104,0.09594397700314558,0.0728774972619872,-0.000313742197137017,-0.004377498650655715,0.050650161116937195,0.04556102631490586,1.1501184171461138,0.12407863917546633,0.06701998378477245,0.01778158745364368,0.005542951073973322,0.0032734942669704853,-0.003488406096155035,-0.005541438389254422,0.0027818744808235664,-0.0024368442808684228,-0.006758571639938267,0.010179064961348913
24_2,-0.0044025577144768575,0.005355994891786199,-0.0003200994484122139,-0.0004148674016774359,-0.0014506292806264318,-0.0003809858942408737,-0.0018500402196411432,-0.0024712269939954254,-0.04191256513514557,-0.013833653091087876,-0.03300993330151068,0.005729576586203564,0.0688486949231582,-0.030559002804568493,0.039191760934815925,0.017400372681152045,0.03357200352633328,0.03705536824070221,0.014956545759565799,0.027564415478123792,0.033479787099436456,-0.002397687491270761,0.08455471940450884,-0.02885776392703752,0.4273935827211911,-0.006820846254094885,-0.046111770735724776,0.038324700095124065,0.11114848111113104,0.1073063393605578,0.0010206883698738714,0.005425278090525177,0.0582664602822903,0.05489008982225156,1.2745916898765761,0.3312035683225735,0.0825609300895538,0.009582684741446832,0.004907262158521189,-0.005202250418383028,0.0014913873932503117,-0.005910511911313153,0.0003162031503806599,-0.005614117243928222,0.0013758413781101353,0.013648501181985614
24_3,-0.0018126523292513843,0.006641027184918079,-0.0008878533901164024,0.0014736625770858638,-0.0012759321715054514,-0.0007798116095975629,0.002084315777286264,0.008201165242011057,-0.03358526494594917,-0.011719189627235322,-0.030828360336347616,0.00549783389322955,0.08169622632427846,-0.006860468440617532,0.018863254265264508,-0.006166213116632057,0.04395972371548118,0.039787434597597676,0.004187462903278606,0.007206158137286659,0.0324291204965946,-0.0009292242065218682,0.07892703981554644,-0.02765859193282512,0.40271169570222276,-0.0036966353121385956,-0.04630016319041961,0.038821729797243604,0.10869368368172376,0.1046930067210978,0.0006140501222870424,0.004949412328612576,0.06084129035200469,0.05719384898815367,1.2933248786553089,0.3310105569492984,0.07986507997440467,0.0142167209071061,0.005783172382372339,-0.00449229974144566,0.001504418837017453,-0.004648391215553807,-0.0014924362772695484,-0.004523727033268846,0.0036909575798499184,0.016238756226982922
24_4,-0.004261817076115258,0.006787798051814352,-0.0002788819417237298,-0.004959522664883204,-0.0008586942563495411,-9.166362294749039e-05,0.000331948645086867,-0.0071426678485658444,-0.03255690806526052,-0.010832398952276655,-0.0310641967908235,0.006699481489939058,0.07291552977351838,-0.041285242491037225,0.03647189025048618,0.03308025945288087,0.034064976640491,0.037885929595963125,0.017419878027313443,0.027070999221140542,0.03339261275918947,-0.0020316990125158153,0.08596799167671568,-0.027919266246375526,0.4344903977148495,-0.005699408468405647,-0.04993074467981038,0.03289389838005719,0.1110727625327556,0.1054740458207976,0.0012806038704965999,0.0048625332736958625,0.06154366255581619,0.055452530543531775,1.2747839900450728,0.3275665769087215,0.08338455159773456,0.009664182663769196,0.006183551091524532,-0.004601407372770788,-0.00538395284652468,-0.00556410923994238,8.265311875694754e-06,-0.005093737529609316,-0.0066815038803511185,0.014065240611250624
24_5,-0.00360977683634123,0.006568283858347517,-0.0007245160986654882,0.0013706628803648528,-0.001025279277106918,-0.0010768836263372534,0.0027523425165678623,0.008305384855849071,-0.03426754503202218,-0.011175772800495656,-0.0311711065808956,0.004895336128153571,0.08267379096995126,-0.005533895202258833,0.005775729820672092,-0.006523530599449396,0.04398687563316463,0.045692155712392955,0.007254341499323815,0.011430172535197305,0.03082662514310051,-0.0008705741872859995,0.0762083968057291,-0.027882764639693997,0.3918639264065993,-0.004270606867080049,-0.04887301957278045,0.03727992606444306,0.10702737161410181,0.10465827061142503,0.0011502589235862855,0.00479899370144623,0.060818746655249604,0.05702665325793572,1.2922204583589811,0.3298557348532073,0.07939130609426454,0.00555117665235456,0.005529602255332876,-0.004382008738794307,0.0016917267514305926,-0.0033429317271305233,-0.0015418978022735913,-0.00442114707566537,0.0038794904780335843,0.016316215938575164
2_2,-0.0003200849493067742,0.0013238746980544348,-0.014101969391941659,-0.011330175944908871,-0.0020991782338688927,-0.0025556882928143344,-0.012724360784807444,-0.007066699294262686,-0.05253450855456298,0.14202425164770816,0.12499909072609197,0.022986404748901873,0.020666836195013583,-0.01716117993149349,-0.010242280263225694,-0.0036058937108743153,0.014229142144493126,0.0106120683071705,-0.0028483593690072956,-0.012477614279298695,-0.005666480722087361,-0.05382756369763058,0.024450072472799015,0.06003548278755657,0.08090129535884298,0.0454347281631731,0.12005355018546857,0.01026171585079035,-0.04112885155379459,0.0154166136548178,-0.012665602066109888,-0.007630420452379065,0.003464502541495245,0.016134462281095052,-5.362799753005227,-1.31124772146929,-0.032833948388197184,0.001320548125597006,2.492706835861777e-05,-0.01078803350397097,-0.006744450605185625,-0.005312232568997274,-0.003007583824677162,-0.008519619947442691,-0.0066210542036214655,0.004540590853162451
2_3,-0.004516693706534342,-0.0035333262362269276,-0.006530871777329745,-0.012032523872000806,-0.0047082408470624625,-0.005739284040416123,-0.008570162985527104,-0.00820277003563282,-0.04945722470573573,0.1252599721463289,0.10862910460090922,0.01700189727164928,0.013748232799396722,-0.020063285612393365,-0.02326056869454732,-0.003730073882728654,0.018039956022276125,0.01882091089924779,-0.00453243688412807,0.010397880787683653,-0.018904874179497343,-0.056074870263164864,-0.2528026261327461,0.06091477450375872,-0.989388858853778,0.03464757863267292,0.08900299801032999,-0.020802783063032168,-0.03977526175336286,-0.03653492611142725,-0.012746362500967374,-0.011146545366621,-0.0029416398533081015,-0.19560936024104397,-3.6519241042345163,-1.204884234676041,-0.016639420846903386,-0.001310008747296066,0.00010626843985271543,-0.00590876032785424,-0.007312239072323761,-0.006957474106089732,-0.004331985187613015,-0.012929979386440324,-0.010309988944285182,0.003326220737574325
2_4,-0.004187954377506338,-0.002332781923677342,-0.017140295635028,-0.012180394388144089,-0.004698962860460884,-0.006848825595855484,-0.01640721373481923,-0.008803445844672568,-0.0488551276969398,0.12110514848575925,0.10985143797630059,0.017128695259817157,0.014186439058242677,-0.02022720980500148,-0.023468666783383316,-0.0037545763038585585,0.017225878295637976,0.01822343968400813,0.00020380348391963495,-0.008964368033915173,-0.022876952147029353,-0.0571059062271175,-0.24127646286067722,0.058398774741396105,-0.9577188450839386,0.03579534199777721,0.08944888971584233,-0.023523856485084465,-0.03806243869405091,-0.03993936748021724,-0.013057903797798606,-0.01111900655261272,-0.0034325959329293367,-0.1903455912302616,-3.777841761419017,-1.2099643099654427,-0.009786934484061646,-0.000839463364829524,0.0018326849388790331,-0.012261460173354199,-0.007767214613241081,-0.007216702671635765,-0.004099743051750234,-0.016805988685322116,-0.008808082635558375,0.0004943084377730019
2_5,-0.0004379398402947422,0.0020216745472234413,-0.01422900581672879,-0.011348282028422892,-0.0020459663546876757,-0.002275379469528114,-0.011733510768495095,-0.006386021146781605,-0.0516079893421116,0.14279961608939554,0.12490139857014133,0.024390378800924577,-0.019618374333500905,-0.03356704255426721,-0.014671628449306664,-0.0031912576172225915,-0.006859532911223124,0.009905167366051825,-0.006314221233854823,-0.0121872352044692,-0.013963977877596604,-0.05352429226198241,0.025197769452834713,0.04891737488548958,0.08937124380004559,0.04350282555793441,0.11986645295678383,0.010987621848648908,-0.04190673142845736,0.015043476683010207,-0.012485887907458797,-0.0073910871480086,0.0021320939727294255,0.014535493183127954,-5.274760906221236,-1.3073261968710945,-0.031937159958438405,0.0012687099630419641,-0.00014527333528177962,-0.010625171895769524,-0.0066778695821898045,-0.004528672046254128,-0.0025031515199839503,-0.00768196435186412,-0.006209786573856187,0.005267731609217864
3_2,-0.010181972717214986,-0.0042883771405861,-0.019039095646286707,-0.0108376268864687,-0.012916681723060182,-0.010873361539967331,-0.022980123888251103,-0.01174074976965422,-0.04874697775068948,-0.10529911836652292,-0.08151161681595737,-0.02028557234553532,-0.031237001494666378,-0.10047682565859326,-0.03187815684454514,-0.06174647545409581,-0.0502157860299818,-0.04776627352770606,-0.05080400514479602,-0.04434805800577044,-0.045522990724053546,-0.010817497214185252,0.014103524060840878,-0.04764274570404246,-2.2962266487569205,-0.02638852711876736,-0.05995458408597824,-0.022465190751747036,-0.05521899582700368,-0.11916669525482253,-0.021423936442446147,-0.01849013878688743,-0.048986504673889666,-0.4064177595695006,-0.12114027602446956,-2.039411457951228,-0.040547543866662775,-0.006286880730879178,0.0041252603630848525,-0.012228891150640613,-0.006366679986288141,-0.007248990068394335,-0.0042800205935959144,-0.022389675629429336,-0.007547692604485965,-0.022520065353023887
3_3,-0.004487785931434743,-0.006552749860927832,-0.01475891279399659,-0.008113885769787683,-0.0016495433017254253,-0.003543011358019292,-0.016415154678277796,-0.00925260196253628,-0.03797636170525583,-0.08249318730293265,-0.030497222913269333,-0.0076335706194306475,-0.04400445293126656,-0.1015999890255059,-0.0189433621612666,-0.0047837370452527145,-0.040060145719164046,-0.05355807562247924,0.0008333922207515738,0.005701071361586368,-0.032122969498905786,-0.05515658385757144,0.010663974572847169,-0.03347144212540539,-1.586732720403568,-0.020449976449950807,-0.01420406540187471,-0.01496350388351321,-0.06496269614952424,-0.066849851422926,-0.0012756922668966891,-0.01428919192148995,-0.003148991886521768,-0.5033916010609697,-1.7417563797372988,-1.8407110473322992,-0.05543700565797273,-0.01053700108541595,0.004032649526223097,-0.007889613985761063,-0.00785332442661587,-0.006169138991456017,-0.007100281461071228,-0.015923069838747115,-0.013719880115943443,-2.4656778083527807e-05
3_4,-0.003569181282130813,-0.0004053011542048981,0.014973110664492657,0.014248651682891376,-0.0013976449057811582,0.008601621386815072,0.014944949096309881,0.0271969898061181,-0.03024535547760669,-0.0680113773989177,-0.03343757737067103,-0.00806792966391599,-0.004471597827079902,0.056096959065489026,0.1141369673263338,0.008188899398411451,0.00320262492856207,0.014747217738314836,0.01101982609673999,0.08728674884865402,0.010349212884798302,-0.04556025121113636,-0.3384871403092533,-0.04994110203590964,0.08772959409778701,-0.014323304635882623,-0.06475282539820673,-0.05744057772134373,0.1978971340336975,-0.0460612578012656,0.0035064232300996527,0.004227200251633179,-0.0282403806601754,0.014130072569269323,-4.874656236978178,0.06116172650680339,-0.03436027694015781,-0.0016211787271664146,0.0053597994269553376,0.01991726133548313,0.03127218655104971,0.00012111789312396854,0.017631821612769615,0.014875772551090422,0.013918452201534986,0.003910097593485075
3_5,-0.006376079969689903,-0.008580859280378073,-0.004819122233196143,-0.0059931164222420405,-0.00640112052764193,-0.00471057694981923,-0.0021941177446176525,0.0013914963409298593,-0.04759804651518023,-0.10349485972742785,-0.06527797789558096,-0.01674539821380224,-0.024963129487079357,-0.09649638246331892,-0.010883267724511307,-0.058941606116750256,-0.030494486322939204,-0.04917232623377263,-0.05256008795750268,-0.03154140609543894,-0.05336657552974709,-0.00828341162724191,0.008258559083744982,-0.04469584362134257,-2.2512571497028158,-0.02157745861164602,-0.0512540927363887,-0.018698175146702585,-0.04128056470125011,-0.09994269888177121,-0.006803829757796795,0.002844823657961992,-0.05031600072573973,-0.6210243733721192,-0.1152812997052614,-2.307188714393942,-0.05203393447630567,-0.008445333657522815,-0.003501142838420706,-0.0068234957299034595,-0.003595870655563763,-0.007374846643952476,-0.005493178324984947,-0.014336314657661976,-0.0011337634152517716,-0.007804041449054077
4_2,-0.012945109026984756,-0.014530281083376987,-0.004740492974131127,-0.011875455763607533,-0.006410699351294976,-0.006150901398870543,-0.0046824341581107615,-0.03320390530060246,-0.03040446896366734,-0.10377510313141734,-0.07365439837621993,-0.029935836570468076,-0.07258355784044197,-0.07350260341156294,-0.013256298229752722,-0.008477828387482253,-0.047185546757788084,-0.0010249697892879444,-0.025960640423710858,-0.014411382258928494,-0.10951938182280972,-0.01796314266457616,-0.0027333669983264967,-0.059169290087808114,0.10336691927638293,-0.03159626594209528,-0.09670831096828905,-0.06137840690729328,0.01872802295261137,-0.16217892317903362,-0.02487884560459988,-0.017607831871625776,-0.0998584470409653,-0.1439660974116178,0.9508221961219661,-0.24808473779410928,-0.009680563803833543,-0.013511687927390981,-0.007121462247931185,-0.0034143320790465293,-0.014493334227187734,-0.006440980461433421,-0.0006621986180179583,-0.009282378148470256,-0.03949950615279239,-0.030807798978662357
4_3,-0.007930398642548013,-0.007101328339541022,-0.00573802848069647,-0.014529746619772278,-0.00865621857954399,-0.005072673055739878,-0.01042574672567372,-0.015387997760902711,-0.0478682982775012,-0.04665966693038193,-0.03919474627149627,-0.017027644992628835,0.03752485759194779,-0.03248105872728398,-0.0011505707686295557,0.0015705455048452973,0.021240737806557497,0.002510240219070787,0.010556901789793275,0.015658682456638078,-0.03242128475176882,-0.002919258663005057,0.02645114590809473,-0.05868255332707847,-1.8510044425692673,-0.0261497028558208,-0.05199720251105223,-0.022266288945668657,0.10118134165305268,-0.13040251393948563,-0.021607921102664247,-0.0009560216328097664,-0.06256797418177956,-0.06165771197018727,0.23149752702770318,-0.1889335339137227,-0.04305229873732283,-0.008141592725784848,0.0006883924185531318,-0.012248909851422974,-0.012354603069622369,-0.012107282536181258,-0.0038648527037483246,-0.015952109797504308,-0.02553721374198825,0.006211721188230571
4_4,-0.005140275907626636,-0.003941491357455929,0.0021427308867385383,-0.0010051044677620003,-0.0007157506471775027,-0.0025622693452166446,0.010556752530743571,0.0070858858994715486,0.0042076715215246365,-0.04202321432760039,-0.044508202975640176,-0.01689840629279847,0.0636221906869749,-0.011379535793660718,0.003892640655746737,-0.005955996840585906,0.02791966833236822,0.03917974563286407,0.009309107382354936,0.0007945743206113219,0.013773561737010538,-0.005109476205686142,0.02845534940633674,-0.038130554001449886,-0.13575855620082591,-0.018753389203848052,-0.06932050237240232,-0.003638200825668293,0.09143769387820201,0.03791985662446956,-0.007775622779517729,-0.007243532174923146,-0.047204268021262284,0.019870465622385848,1.1080070010394971,0.0019056630601602034,0.023804583718470194,-0.00718604809783357,-0.00567150019859028,0.0027764058257246124,-0.0001854547146707631,-0.0004792661446836051,0.006239033297953941,0.0017791580087779713,0.005680971724986283,0.010914075270506739
4_5,-0.009054497533048104,-0.0067208580559485675,-0.0021056833988282245,-0.012132378443694653,7.659253043689e-05,-0.0003900527498359679,-0.00904183812429115,-0.014693580579863015,0.0016157008607556576,-0.07899159528522288,-0.06211339759715158,-0.02072324539485466,-0.0128074762080899,0.0334047218686591,0.014584284341980398,0.005493435101022072,-0.0017290708295300686,0.03598116092795865,0.00584820573315148,0.017302175185962148,0.01005308220726966,-0.008212522781644771,0.019215962150159558,-0.05024426342144607,-1.9036294114760717,-0.029824567216912772,-0.071871497438326,-0.01412422068521895,0.07151185740986647,-0.12118660403903744,-0.009168666480904494,-0.0004617373770955724,-0.07953014795987524,0.02685141401902074,0.8837857548701625,-0.2883053232745752,-0.0028898774479449193,-0.00413530697453083,-0.007186626361111725,-0.01327095767316845,-0.008342873680534836,-0.009818119856652159,-0.004717723343103521,-0.016492740568776528,-0.024357836370297734,-0.04803549717308464
5_2,-0.005648523461509083,-0.004943026465608823,-0.007790551875641951,-0.008114346392896104,-0.004902083562452849,-0.007483937252276482,-0.012495609957068964,-0.016012236874567758,-0.02547393349745345,-0.09311856760463437,-0.05852246813980667,-0.04105749130821472,0.013531930987864437,-0.028216152040158725,-0.010978705208369882,-0.005855552981364756,0.007875482944658525,-0.0008695517696638443,0.009733910807846179,-0.01286359556539839,0.008142307469464477,-0.053746569937346264,-0.4154784102106163,-0.03295945855235085,0.07808225069169289,-0.021667400864924864,-0.059205671236217366,-0.04505089795365128,-0.16381531784385706,-0.03952680087614118,-0.007191047784629174,-0.00609136189225645,0.014045205497121118,0.007021448784102481,-5.075405859938313,0.0476498402044315,-0.14045144625269246,0.001173934546972222,-0.003648505688404682,-0.012076192126159282,-0.012395364339009958,-0.008778439959388021,-0.003943857818419741,-0.015916660654927264,-0.00808698946777745,0.0036441334314764318
5_3,-0.006056785288086075,-0.005676843016654471,-0.008053592009117932,-0.008089804233858413,-0.004779725432740766,-0.007655304250630641,-0.012179550650694015,-0.014614927279775812,-0.02381683301485361,-0.09157685509895361,-0.05740657717280346,-0.04260012737743528,0.014855330738085305,-0.02678364780321458,-0.00551965002943019,0.007809396871453903,0.009734223919019215,0.005682101718598339,-0.004715029619420177,-0.013603075036499141,0.009340378426838433,-0.0555055421379466,-0.41112099580360023,-0.03354544958834813,0.08002916588864982,-0.020955821929912608,-0.05890153387812759,-0.044701971381345885,-0.16174904975784507,-0.04439903083048112,-0.007348871314697652,-0.005019802989158256,0.014280300973912158,0.014792922171727245,-5.0859195895791744,0.048055500277676716,-0.13508359954237312,0.0005132597588279229,-0.0037204565096946173,-0.01154669824475276,-0.011112145425315615,-0.00864846658920548,-0.004116983461012167,-0.017101752722442083,-0.008311892766775256,0.0035145675245114383
5_4,-0.006307412004772824,-0.005201833932120819,-0.009151806775072643,-0.007415190101358094,-0.004912648426478402,-0.00718486703101865,-0.01204833209550674,-0.015293677180638208,-0.02312810357046661,-0.09608295264826795,-0.05755281038574807,-0.04376908374667446,0.025902736150611175,-0.007932382594961243,-0.017384461146519946,-0.0052396473415742065,0.014043032127785593,0.057598780161545814,-0.009592878420554302,-0.016180599257086415,0.009332367440246469,-0.05320722877513914,-0.38500284182800787,-0.03193855661635032,0.07110174028188565,-0.021579683752893167,-0.05675459895969977,-0.04693268794872281,-0.1617430873720993,0.0076880106355280454,-0.00897017220160021,-0.004510384954911993,0.01469222822597197,0.014266560460808032,-5.056938109039666,0.049906290361028005,-0.13858774862250575,3.7738005536888856e-05,-0.004124190582786099,-0.011702556377262804,-0.010560546621112794,-0.008441934358377362,-0.003009160479602556,-0.012773697128375863,-0.007237353870121675,0.004798985025387186
5_5,-0.006629978404693571,-0.004313978929410907,-0.00822992738560251,-0.00843448033261496,-0.005057830980108417,-0.007286903567762486,-0.010581562018267985,-0.015680578769597532,-0.02693497453103618,-0.09356121946017158,-0.06296650219492804,-0.04084600810723508,0.015051143604902534,-0.025487413710151584,-0.011629907210753845,-0.0058802993508920015,0.009596996068084802,0.005082927023055035,-0.0038008898001048704,-0.009852463196236881,0.009136301474040716,-0.05617437982092384,-0.4203395833356961,-0.03313290886675849,0.07437411287937472,-0.021237864774702495,-0.06040765335130858,-0.04423327530166531,-0.12918988323951117,-0.04413612568020987,-0.006462422883159146,-0.003595841317785938,0.014759787689690157,0.00736600660778893,-5.137720870019701,0.04965076462792163,-0.13670242147038783,0.0006062764833933637,-0.003493082885690023,-0.01196923462022759,-0.012374188611418976,-0.007828501466217868,-0.003926168650223722,-0.01605718820946511,-0.00843039271435466,0.004021313438942486
6_2,0.005024283491249212,-0.006092503549858326,0.009843097284765814,0.01519297848368216,0.000931667641294722,-0.005371443403263406,0.012623943594701956,0.01983053421544182,-0.0032246698460044647,0.060478808538197454,-0.023337371068551507,-0.006166316494886373,-0.03486257393621006,0.035902880479348045,0.02387128560147977,0.015349391614584639,-0.029128955987668098,0.00847622293116984,0.021246392419481914,0.014593240747206264,-0.0722903925411524,-0.009209020475609562,-0.008709632799592268,-0.003724490528451874,0.16587852542546974,0.1041090339609648,0.0012846256570343184,-0.10426545180668635,-0.0667951816585211,-0.11927957220533135,0.009539561012994482,-0.006517308990635745,-0.04951283740259388,-0.08823054728180607,0.9641494040502623,0.09029088802698829,-0.07898867006565839,0.0023161990768849386,-0.0011242378524828156,0.005914742810842104,0.010491561241734077,0.0043191151019801545,-0.0014653439969229923,0.024485146126617487,0.011490468419962853,0.014274349981450265
6_3,-0.008169945671418637,0.00038170340836424666,-0.0019888073929089575,-0.0024791979857137865,-0.006563287090898064,-0.0004294398582857491,-0.0037270422979347345,0.0023113448620683467,-0.000890625185100832,0.1659703983975158,0.11075640316339279,-0.0008241727597983668,0.06392423889473715,-0.011029177678906668,0.014497453301801116,-0.0059155709937303135,0.03646246429830817,0.034265311857273446,0.01395690543094648,0.0075775849829032935,0.0019413686546134548,0.004180979805521186,0.04956645182107996,-0.015090511885775967,0.26801460911580965,0.07415132263603748,0.10299478366144241,-0.06837339148985248,-0.0728835493193705,0.04244497617075669,0.011826240968860742,0.002014873020332454,0.03229601882374128,0.027069635111357685,1.2088530848000443,0.11499722557116279,0.0237804221105814,0.005090352794454918,0.004091889130421044,-0.006675789424473265,-0.0005307466080646704,-0.006787220003029981,1.3224569691733343e-05,-0.006561864088795574,0.0008337011259688593,0.017797293778422357
6_4,0.004585042870738239,0.002494456991231697,0.01929750255658568,0.003646994253627414,0.014869489784377372,0.010850914626303549,0.03568564286955709,0.010394199347717606,0.027372834788292114,0.22641647654101943,0.17979543830003053,0.021878115901569305,-0.002603299114798653,0.045502985414816954,0.02273706638167128,-0.008286280078092014,0.006020992431418465,0.044548960677244905,0.025042683749699705,0.0026744394976477796,0.012884929085685792,-0.007354531618280614,-0.5279457254865857,0.06605522142279176,0.19448831587332588,0.08771332349320185,0.135565333139567,-0.05402028673536096,-0.1869321095851306,-0.041998776143651606,0.02396489218143489,0.008723248172757379,0.026889370641397167,0.030219920648046354,0.4647003054576204,0.1099701412636227,-0.04731784956638101,0.008233036894623916,0.008840676146213387,0.016311709379568134,0.00016078504253675066,0.018230576059073987,0.011567356248397413,0.04563591122794728,0.009777332973246396,0.011293599199031838
6_5,0.0019863220104791336,-0.0007907907794935896,0.020055242572126663,0.015995154410148985,0.009227899687754745,0.009385864522601966,0.024993456788769346,0.02464950071447104,0.08793692167632677,0.18369617780070951,0.17279085899894367,0.015058963687041337,-0.024589425163097787,0.07222400797114892,0.010265530283611978,-0.004502548914782949,-0.0055401477371353584,-0.08333401405580429,0.02443827481692607,0.022723167236955725,-0.038109761989046795,-0.02989587851117655,-0.463347852749508,0.028882170437046984,0.14374857069711858,0.10801554514298145,0.1217422944504049,-0.05069777814052504,-0.17159508133792353,-0.07736719131420722,0.012835409601551868,0.001556021827253779,-0.04068778001223984,0.024192603776901443,0.27380108728181507,0.09514857014421764,-0.061997245649478415,-0.0015596398791289992,0.004830941685914995,0.01677376841010171,0.015253083873295065,0.01903350577524014,0.004211584701133083,0.034582382373210666,0.015097480790774921,0.01006859311310846
7_2,-0.023120979606289324,-0.022759054923769225,-0.012493952967230411,-0.014655446260534746,-0.01228947536560146,-0.025000338533225416,-0.024439103623476285,-0.007906011107411284,-0.18445453241170798,-0.17284787038952967,-0.13640282625745842,-0.04586116307950996,0.017895500173266174,-0.05217019456207592,-0.011334528817328354,-0.027118146040298222,-0.00047086252712489555,-0.007840776986167275,-0.01218148565216289,-0.013818830959087165,-0.009935455178354907,-0.01893153040593742,-1.1499588526955262,-0.06642196817617278,-0.13865841707244955,-0.04021584327924692,-0.15374869466104588,-0.1665035171224161,-0.41919802789696775,-0.21077873316387427,-0.021965101410136915,-0.018614159011879156,-0.11953516652933643,0.009005690629136913,0.23833405911368868,0.029457703260555215,-0.21419315307222836,-0.012894345130000593,-0.02021473657800006,-0.029423895689655664,-0.015581081378545152,-0.02954949787417387,-0.006651951945512781,-0.03876270361619534,-0.007899284917624358,-0.01778089465756907
7_3,-0.02174729689537251,-0.003378542923678167,0.005048898802317922,0.0062751165529107015,-0.010871019948165757,0.005077574763404282,0.0031175666440214065,0.006233013639883794,-0.0489556896099426,-0.12069777566724808,-0.06708465577933766,-0.025897411052165916,0.04036090165054417,-0.022830996282699866,0.01184841549809283,0.019752240498759135,-0.019438798631173627,0.03721913597246634,0.017423316838900665,-0.0023701487212542797,-0.06080787777909253,-0.010449626684984096,-0.6609574628870485,-0.0512105804106542,0.15041353742159871,-0.027703001005238453,-0.07917922667045883,-0.10063024163699633,-0.088699178647456,-0.15540942894981224,-0.024818285928731674,-0.009873249231288656,-0.0027256797944060587,-0.09471365693231004,0.6566576165728734,0.005568929603628042,-0.10851721422672461,-0.0078064405208611255,-0.010965143153452612,0.003782271409094404,0.021247008952066552,-0.020657492169510634,-0.004967444599515426,0.0137520427743302,0.0022170489364127166,-0.001009694996790914
7_4,-0.009019429154968115,-0.006653531830457904,-0.008142081068041688,-0.006760141210666354,-0.010443711128683844,-0.0026095650636500547,-0.014641486346183917,-0.01854538762771722,-0.01222501672918615,-0.10036343985789095,-0.07340321834831605,-0.029035252521226112,-0.03131069148085757,-0.056077255130499,-0.045044690831728816,-0.0051175322686858775,0.0029528419343377065,0.020882675263699343,0.007855858564438574,0.01592663171304855,0.006917977269741216,-0.011396431498049529,0.03413294752420108,-0.0512249519921018,0.1851666574173276,-0.03326010032396672,-0.10101699502141587,-0.1288618505416529,-0.08231472421553734,0.017308410689579848,-0.015085281845057016,-0.009205471777875923,-0.05821657708909963,0.016167846958532857,1.098342285132924,0.07829525824364111,-0.18271067083504472,0.0003673635036661318,-0.0011867077407901009,-0.01418947890369138,-0.01040645473184063,-0.016453408541492062,-0.0014238549678269258,-0.00816996895646161,-0.013936979844178533,0.01374816066502079
7_5,-0.008310385160005339,-0.009610281078748284,-0.008280034189156408,-0.00713208293288984,-0.007655134577443146,-0.0008622241091433768,-0.014603291159021712,-0.020501941576243975,-0.011906372183390568,-0.08689270913292862,-0.06914546634316868,-0.029292070115507118,-0.06647008389078907,-0.0408438689669369,0.0005213880438688289,-0.009456871172205844,0.0023190079999711706,0.023097777947616194,-0.014535245145449913,-0.008364756213576536,0.0032712393696557804,-0.01691373975890951,0.02684420270335765,-0.0497723455432374,0.0824779311583674,-0.026863722775281245,-0.0998846224595058,-0.12048620259668869,-0.09052815138098615,0.031482135214152565,-0.015014353100228557,-0.00631545249357689,-0.03843369255451792,0.008656816391684743,1.0959551132124312,0.11424813906341226,-0.1773555065283227,0.0008883245100198118,-0.0015770461143433708,-0.009940500613849792,-0.008156667338209569,-0.009572747795464354,0.00022526141255468547,-0.009915380669885737,-0.018280463505967435,0.006482840353781966
8_2,-0.0004484200582796183,-0.0009606163315992502,-0.004797613528487343,0.006212349948842934,-0.0010567793798170974,-0.0022588433412029257,0.0014838097450605764,0.014921053619151385,0.1276589110913204,0.08732343257851936,0.003544758701270121,0.005256489861734095,0.05830411265673101,-0.037254247089350136,0.009577459255899536,-0.005152086979002076,0.030020193963238812,0.044908755100917054,0.01026764942621472,0.008248982690097882,-0.03656320091942578,0.004130347325362068,0.049864474771429156,0.009661802420198607,0.16559977026667688,-0.00351932027819424,-0.01572848591660747,0.009920182502369274,-0.019999397675655554,0.04628353880131568,0.02492557906333292,0.0337672296877183,-0.023577172788407947,0.03146475016560864,0.5746143858480525,-0.09146131720489861,-0.06651543051323058,-0.003671781752561404,-0.0010819753667834547,-0.004814722033620936,0.005908325262735926,0.013427463918265428,-0.003686488756473424,-0.009634377465699949,0.0071480020497117665,0.017641459862727495
8_3,-0.0019659502695249637,-0.003460341469390529,0.01374578115011991,0.008051087622570164,0.009964500015197046,-0.0015343786772466768,0.014201642892984322,0.017566379916650433,0.11600591185010295,0.08047502821677599,0.004665030560358001,-0.006556056696717895,0.06140000423387511,-0.016254160764334395,0.01150817858571909,-0.006788668429164654,0.028504394588114927,0.04743605415414934,-0.001202790842526635,0.006313361172014773,-0.03927240799927172,0.001348502626458098,0.031615858120206355,-0.0071434812214415545,0.12387413323394471,-0.006255916429017013,-0.012538551453799932,0.006773572700537357,-0.035095199051180324,0.03346929983061528,0.022865155991073298,0.026894475096017147,-0.022709674628386255,0.02947309846972158,0.616477224684878,-0.002284558800578566,-0.05890656580092194,0.005339003062452296,-0.0018797017746943763,0.004714981771679306,0.01740699902082326,0.020587061340399098,0.007975468380005096,0.02115534100685716,0.01848537235213224,0.015191896101718996
8_4,-0.00014030062698119577,0.001262565485228475,0.017629145791568192,0.010214721903376288,0.008987193646372809,-0.0005890194290689194,0.016851076614549,0.020894046343562515,0.11210325273715974,0.07116113417991651,-0.005708558114570347,-0.00897659240630652,0.04375130576725739,0.0005533502394926272,0.03252071937333832,-0.001391019359999314,0.029614775863584915,0.04799618720259725,0.023479130261214207,0.0023028904336292537,-0.05342142471148533,0.0016689223667525318,0.031094211913050226,-0.008455964997656969,0.14412517870157018,-0.0015183406802546158,-0.016432169732393784,-0.00010209842525428689,-0.010343788793008896,0.013746753266647248,0.016529076924440018,0.023671184399437592,-0.0011769377549115305,-0.08411454331891491,0.6013037702716724,-0.01153123291352509,-0.07900959073957482,0.00994634671653767,-0.001376675664986614,0.005688875347118963,0.011584636473400963,0.01813489142358387,0.00868244844141507,0.02844389856137716,0.01921046336274861,0.019218704855019763
8_5,-0.002982847796080352,0.001603780407444834,-0.008640203519884355,0.0005239865035606707,-0.008743263206812369,-0.003094112311569767,-0.007924604224082582,-0.0039257276828903506,0.1070926454306632,0.07842266485982496,0.0011850138394568644,-0.009581142533132019,-0.04420285115238682,0.07919477624712545,-0.010301125999195,-0.006524898652273542,0.0031746223932532522,-0.058302906324362185,-0.0031222783060950916,-0.006240981560183605,-0.02676225532618169,0.003498137206115506,0.030428061892332145,-0.011689307044986783,0.11519800056583678,-0.01747027325873208,-0.024408894911110816,-0.0010344653789035629,-0.035451061393754056,0.05004929874233215,0.010571480131924006,0.0013211137939360422,-0.0010343049176216802,0.027512403517980902,0.5415297186911018,-0.054162787178405454,-0.05725433725946338,-0.004555225189954762,0.0013203639334422913,-0.008080179448507255,-0.0025565874860503045,-0.008477694684836952,-0.0024372963272953673,-0.009590168235538456,-0.001317156775758048,0.017585788111403194
9_2,-0.00678823917771631,-0.003401762402775513,-0.005181973582843916,-0.002983305517201986,-0.002897856261215972,-0.0012238005869076413,-0.003262773851686731,0.004910759996043353,0.02319642133404671,0.04919476233905641,-0.011513809805694854,-0.004627700017680273,-0.035668111309620686,0.030137732170162045,-0.014527467702914717,-0.00699243547549715,-0.01839200537568796,0.038999696162122066,-0.009072207787988514,-0.009428402480464582,0.008964027782286728,-0.005143980846308246,0.07008217161132238,-0.03504904532717878,0.18912605578234218,-0.008925991815181528,-0.041649797630494964,0.024764920010761183,0.04618171249427983,0.06952535481548662,-0.009890884312729449,-0.006151109677676732,-0.0037375283917926447,0.03961419773626263,1.0286189195538857,0.13061469675769005,0.044561766620382734,-0.010816597024025078,-0.0028738774349318314,-0.006845129655331521,-0.0016226498236094663,-0.002048897177145462,-0.0021991518826282737,-0.007782704677762595,0.007317838875858446,-0.0018648091124875623
9_3,-0.006271155302148218,0.0014227207726061199,-0.0014137453567839024,-0.004816228840596529,-0.0010517441126627705,-0.0026208435983705205,-0.0011093981068654153,-0.009649634296888305,0.028377113430734655,0.054155532391664846,-0.00780276104606881,-0.0019050016085035567,0.05831864293580401,-0.0209105871626349,0.015584969376516579,-0.003825657430379576,0.026589501597052406,0.04130773573981061,0.012042074118203957,0.010300887012659335,0.008198782544075325,-0.005672537790165094,0.0824334128067288,-0.026877747974956078,0.13107245555860977,-0.008180946294260723,-0.0371923282296624,0.023201702388616026,-0.022171407160383308,0.0828406390432941,0.0005961702422297131,0.0066211597047910135,-0.031135369278967026,0.032492101466476506,1.11213519652075,0.1399244791502992,0.04577931994141479,-0.003757599783551731,-0.0016474616253562761,-0.003474672785735031,-0.0035524507368014653,-0.0011950029153635169,-0.002117749321762727,-0.004700999669379895,0.0012120939492652229,-0.0023779199980988835
9_4,-0.0014457738358781373,-0.0008639046486567704,-0.000712909572970149,-0.003275685221936726,-0.0011039268425197953,-0.0021669156241042194,0.0003313506236659809,-0.00037635166964335366,0.02960037218861205,0.05371412577513211,-0.011199233932936639,-0.0029263470111741095,0.07102318931511861,-0.01802583247822392,0.012644645497774583,-0.004269237166944039,0.029103780276108625,0.04337503400938865,0.00693991391994583,0.004454235053813011,0.002997799354314646,-0.009366536023284303,0.08292795582249901,-0.03289955642467684,0.22362995549355255,-0.00870993540334327,-0.03653603867215919,0.019754496142017474,0.04939079871871112,0.08318750452111419,0.0008334222408247809,0.009533864899561447,-0.012624581238713156,0.031917727771574506,1.0938077915015294,0.24805613085492073,0.051315142898693156,-0.00343007346737933,-0.0011373523308205668,-0.004994855934408893,-0.0038428866405151537,-0.0013024761344548209,-0.0008073000950054162,-0.004494365038342057,0.005754060891887221,-0.0032148702742864615
9_5,-0.005961442151934174,0.0012408520433310783,-0.002089034655552376,-0.007784510507958091,-0.0031386676068020083,-0.003494147337620221,-4.5486069116009856e-05,-0.0042308293507574615,-0.001690953223692508,0.04097591612660888,-0.02114249438440907,-0.0058426302769417245,0.05674112003822253,-0.027252405863346253,0.010680928615687323,-0.006281399379975965,0.016288992052230805,0.03650234546827582,0.0064871309920424575,0.008021263496354063,0.0018635308712308817,-0.014074154041656864,0.07570623826588128,-0.03523564450823549,0.21410191922218877,-0.015386054528793477,-0.04274484934917229,0.01908893809678736,0.04966047950454335,0.07359927671068058,-0.0002474621235503457,0.005332671651898307,-0.01945930088700359,0.0251177881974449,1.0965626927965106,0.18384549539623835,0.049983701679435215,-0.0060205056964201765,0.001562614710222073,-0.0063692378469854104,-0.005617447285031489,-0.003052147414806745,-0.0011346077614133186,-0.0048831455520222155,0.0009347695834620878,-0.00581242633548203
