,0,1,2,3,4,5,6,7,8,9,10,11,12,13,14,15,16,17,18,19,20,21,22,23,24,25,26,27,28,29,30,31,32,33,34,35,36,37,38,39,40,41,42,43,44,45
10_1,-0.002035046430351896,0.0013905926807210134,-0.00598011409318625,-0.0036763118733832744,-0.0006823822848178915,-0.0024515374210690513,0.004356121790046772,-0.00026276308388421897,-0.008254537229129355,0.19449593072541105,0.007607230640779433,0.31623859369710505,0.008977936681363466,0.009338815337549839,0.018551327264940163,0.010533745514175531,0.0058234822738095484,0.005734871958939918,0.004873602438410438,-0.08518477700534141,0.030197510256963142,0.002112225861253169,0.00120412834984997,0.07014924105800294,-0.01010214909150913,0.906942682526702,0.09375690093821358,-0.03141323596117629,-0.02774968768302344,-0.03230829383058551,-0.012689483593517967,-0.01787906114389849,-0.009596731220642201,0.0016393101529445701,0.2001506487357454,-0.0018739741658207688,0.23322474641440027,-0.002701727399534065,0.0010757836261939152,0.0011684495313203241,-0.0063285526650486545,0.0009608120000398619,-0.0005419818488560205,-0.002788190488231154,-0.0030040507599953647,-0.0010870767820731042
10_2,-0.004412294221668443,-0.002512752169542778,-0.008368542746169055,-0.00583038429885206,-0.003926422579033137,-0.0022840308468924427,-0.003781496196795405,-0.004062310122535464,-0.012380257047545348,0.08889796067186331,0.005986466259442857,0.2946670591551524,0.003295031497432875,7.311367128547918e-06,0.011091332965725639,0.0009223689501710812,0.0005155623780534827,-9.710169743233583e-05,0.007909236249882334,0.07916669982450901,0.0053884209415388995,-0.0064212924274487555,-0.014903268875970275,0.03828904196689933,0.0022835042681201424,1.4927455111228167,0.14941238041017257,-0.055148629060363864,-0.024110217570772526,-0.019823519315462144,-0.016591374978041553,-0.02358263567428153,-0.020929941182699294,0.00021075943251918372,0.18473514836050772,-0.023088594900216815,0.23471479442852272,-0.005483538522309967,-0.000372643134027062,-0.004408902223064304,-0.005336152063288901,-0.0034679417892973727,-0.0030530552106500493,-0.004949610002993159,-0.004421384012881371,-0.01016682280183549
10_4,-0.0007406733710602845,0.00426000370104943,0.00588965863164384,0.002402250572529782,0.005419096624223689,0.0027908889850739977,0.002744718285632644,0.0027979886820079297,-0.009987683790330758,0.1769083851864142,0.07206486069563331,0.3102106043526353,0.003724839698154728,0.002118755475329496,0.009381832053830589,-0.0010650808599266084,0.0011639528664124988,0.000658917879970472,0.004400702530135498,0.08166318420483742,0.00019931555334732506,-0.00583065541842407,-0.03775068353818552,0.07607495026684748,-0.006127906776929303,1.3318598667778043,0.1995691470262609,-0.05627070304560341,-0.04114614781276648,-0.02177485627253815,-0.020091449394430305,-0.025822816336509662,-0.02374986420595521,-0.0017757254208965627,0.15546144326386702,-0.021067211471904334,0.19675037368623516,0.00104914180391506,0.0011158551995958201,0.0018745152566635773,0.0027113032803527076,0.0035691674644403315,0.009312881160067394,0.0033164169346348213,0.0012995881832352815,-0.013464497465439627
10_5,-0.004159632801197736,-0.00029886219926343843,-0.0056953627277826265,0.0025869464987937404,-0.004960082665449908,-0.0022767334253199333,-0.0008525699290235633,0.0024886064304818116,-0.008076127856797403,0.15599189619393591,0.04930467054900396,0.3222009080526895,0.0056869625264929875,0.007319876482349038,0.004126299168723502,0.0019181842099649836,0.004812535854728271,0.004609943609795835,0.0035623587906202727,0.0779267842435341,0.0008328475195512468,-0.0069998775852918955,-0.024065263108072672,0.07579901089936007,-0.0018569910894183624,1.550876259200946,0.19924157190083971,-0.05340607354423381,-0.0378435354722251,-0.03399885719501181,-0.018018580791840835,-0.023864728697389682,-0.01679063907746069,0.0014309540158574702,0.1636300270016718,-0.01843859210219592,0.221955375292504,-0.0036404934835376386,-0.000946088478902665,-0.0036083911562292395,0.0031435449350963336,-0.0037125665441493307,-0.003986783697883403,0.0017516236048034535,0.0007987923139981717,-0.016748607655275645
11_1,-0.010062214767550454,-0.016469588129686283,-0.004306463422681577,-0.006277231421189197,-0.015740957221001186,-0.0132285498633965,-0.0003417295609631165,-0.004330281781081195,-0.016997772955393422,0.07378579194533169,0.0033659675033510658,0.2779201782822034,-0.001995358677351841,-0.0042125735403255255,0.01056800681567217,0.0015914781855738917,-0.004154655777692354,-0.0022874586023082255,0.009733374778184206,0.09666024445701842,0.0025288240380352003,-0.00585256539984903,-0.0006163429366077128,0.05648472812890701,-0.007513482856656365,0.7945586483591434,0.06708057839697606,-0.018258545215365695,-0.02092675499131286,-0.037442477819032385,-0.01914253973144822,-0.020112991781133953,-0.03072406311474233,-0.0015803896581376823,0.18548179541154305,-0.04910445894875329,0.1980689213121078,-0.007405714205259488,-0.013219803134100651,-0.002579866836743756,-0.004508000043747214,-0.009029740479198141,-0.01736807722109308,-0.002663661933136248,-0.002662808646979436,-0.0159591316825525
11_2,-0.0023679938449699444,0.0016703954211580864,-0.0038597005565694314,-0.003834882795712889,-0.005543004926821463,-0.0027552146878050063,0.002833440501537626,-0.003253463996889638,0.0008169100624120406,0.10263672186823108,0.015194538556301707,0.1548080745427583,0.009456763741613113,0.006607479805046263,0.020406291291155357,0.0025342411832572297,0.00716440798480176,0.004913038603173506,0.01502443185517819,0.12415195581264013,0.01099098230515909,0.010130483652841669,0.016772544496641277,-0.01453493219319052,-0.008762084670365792,0.28130892575607064,-0.02220565027913696,-0.00866348812542743,0.029019748622337815,0.0026075317637865,-0.0031605181611918083,-0.010397375364472576,-0.013184318298127365,0.007863379696069567,0.2210723442659323,0.003200881170947175,0.20301322920684564,-0.004068377453155423,0.0010876313153769864,-0.0024624266969959373,-0.003347350087029237,-0.003925074809470004,-0.00065036407709041,-0.0018658516203599357,-0.0019689633870355622,0.015880091317368682
11_4,-0.00044652339404737263,-0.0010120433323583668,0.001502114305153375,-0.0011430242837388081,-0.00246044604350324,0.0024382782772989853,0.0063310039954684785,-0.0024884103078393663,0.004006183705883139,0.09849531224015234,0.021241120590223404,0.1523241251492246,0.011258952354597423,0.011931651355339962,-0.011527776282683661,0.01453174082180735,0.010227346632806179,0.0031034867248395863,0.0052780210760510066,-0.07222985667900292,0.01778752104738943,0.011616857657821281,0.051543031222973955,-0.012592745016975097,0.014859362919124298,-0.07695203763617922,-0.019339239321335164,0.028157722778002846,0.04702050222166872,0.002963306796421682,0.006761774303498455,-0.008654742668432554,-0.00637578394130512,0.01812525571396158,0.19719225622049497,-0.004221759064569888,0.20903938674294828,-0.0005627775081715164,0.0006588638374034208,-0.0013739541830233863,-0.002882041784983799,0.004481838246603099,0.0030167275230416333,0.001893421329528516,0.0004052829831559483,0.016040587395905657
11_5,-0.0017453595219462594,-0.0030940718402548187,-0.0024769721324775815,-0.0015560286943096168,-0.004143281697530999,-0.0030408311754621634,0.0017461395876124843,-2.335002633215101e-05,0.0006066862166998113,0.12020206987985252,0.013394483850065765,0.14912064437475872,0.006325975215895183,0.009591128743803187,0.017019975869957817,0.0034536510719683604,0.006626446036763474,0.0060174432194412455,0.007546231983569007,0.10915793837613595,0.011887222229083465,0.008768087577901353,0.022526042372740637,-0.014070524828787389,-0.011558885208501532,-0.062446225860536844,-0.0200913864488869,0.05622404761841113,-0.032912825376970704,0.013472519760590477,-0.0002918934234069864,-0.015711511897586673,-0.005874578554847005,0.00012751349529021945,0.20517857962477312,-0.01567423778121137,0.19073314235277677,-0.0031167786594988875,-0.003614475013642161,-7.27353432529333e-05,-8.706816498227174e-05,0.0021605714275400017,0.0012088453464472752,-0.0022490224158242733,-0.0011094634475636866,0.006894174150449153
12_1,0.0028001078109787547,0.006291069008811099,0.0065533262771550705,-0.0042975557140694865,0.0041203299191217005,0.002572692769600272,0.0021727834578615227,-0.0016962165294712524,0.006359617953253323,0.22016203598841777,0.11267407769237298,0.40798453721353506,0.003077478072038477,0.007327518749399568,-0.009354439130690976,0.004751051111136667,0.003516015412544718,-0.00149448089403389,0.0010707234092039732,-0.08500655189197345,-0.0049396824554678595,-0.08077049765354602,0.02296917086235134,0.12633783281220848,0.005295320985233205,1.9913823739136849,0.26645630953934607,0.042885546784628595,-0.03344205363101781,-0.12116749228668952,0.006219142602044679,0.01663099885156115,0.01409295136002085,-0.03443572387133384,0.1888778467756029,0.018080802655433534,0.25750240613929765,0.005175874010018311,0.0036899515247713907,0.0018547741234073783,-0.001623257165722191,0.004646709499650015,0.009798732771581924,0.0023925759778843743,-0.002138664846165571,-0.0022911761984330406
12_2,0.00021974996405339098,0.0038800004052729374,0.007708489056448051,-0.001569860730519425,0.008008605229766605,0.0027566405903344726,0.0025953940268378527,-0.0028360816377313233,0.005075521250425702,0.2106418423008211,0.11454396950658448,0.38266638672755626,0.00497171449382631,0.006828442896395763,0.011720160110377232,0.0020828708558315104,0.004069005429969005,0.00258679647027639,0.0038117228901630466,0.09652353321831617,-0.02261977150240743,-0.09222088850435643,0.015489339439968672,0.12852238098477992,-0.0022737879073898323,1.8403588274236538,0.24780339280786445,0.006688643890356748,-0.0551858279263376,-0.026840122644548107,0.014721785009578088,0.005727742292333081,0.013110484117698608,-0.0016888101063430288,0.1983205411376029,0.01920389396170213,0.2613763685753179,-0.0002901101986581316,0.00432771602313212,0.0025380910342140722,-0.0033586990922453105,0.004856692140369019,0.010569579649041842,0.003830153660824269,-0.000845115335921151,-0.0006637476292339767
12_4,-0.00025496642962279385,0.004398533524227236,0.006971860761910684,0.003138283248794334,0.00875898054089552,0.005640771336502984,0.004758235183413739,0.0038853675546586153,0.006211334191602186,0.20443343497894131,0.10588505174776462,0.37147545467894416,0.0041333507891307495,0.005389025647673067,0.009366025657827093,0.0039612227198217295,0.0026139497292977315,0.002189164777065071,0.0059080813155054064,0.08754121862281632,-0.025348535464412465,-0.08457484406869077,0.022672733246676954,0.12354514427849697,0.004343023246674379,1.7957716773064827,0.23819210230391186,0.04142952177291221,-0.02425150115245965,-0.03343135338653024,0.005899975655523927,0.02095782696462579,0.018299561246856416,-0.0015464292641935078,0.1927413203721588,0.01810762731385836,0.2559350596528816,-9.889238870697077e-05,0.003629102586755671,0.002839146341811777,0.0032005424620404877,0.0038258061916422036,0.011020240026871946,0.003627327040406147,0.0004097816970633889,0.0028218986498258786
12_5,0.007771785261512882,0.006667312627222836,0.009519862772548864,-0.0026366831097756286,0.007521288648078108,0.004015615014479171,0.0058145143775895575,-0.0024353776140957797,0.010184976057200881,0.21749570445720268,0.11546100163713517,0.39582346527760287,0.00727719838956778,0.004833466690954328,0.009264213727566256,0.0022136717304224174,0.00848610689680418,0.006667062359184545,0.007344683156140834,0.0799620575099167,-0.0026978367481300465,-0.0744274415612665,0.027622525776017016,0.1349557533409267,0.002118725151840526,1.8937818331487422,0.2586098099985711,0.04389567857849589,0.00038709899108641557,-0.1023573343671759,0.013977534770225852,0.02650574269452765,0.021827633015592072,0.004517561860196577,0.2003879021937203,0.03391994058827943,0.27095131854608717,0.012382391674992882,0.004329107901851371,0.00376393052805901,-0.0008890478900284447,0.007732985285044007,0.011984707719061306,0.004516738825834911,-0.0003626874561755655,0.010099237548542422
13_1,-0.00010320356809582477,0.0005989811422224468,0.0046929962329553794,0.004867321669607141,-0.0031555519827695744,0.0011145417620636571,0.0018283432652861306,0.00477756030629562,-0.003076465937613434,0.1644287184031759,0.02504971125418637,0.13745669715183326,0.011801284310697603,0.010300915040795165,0.021548930034016943,0.004884444395641367,0.009182446738036644,0.006091276437329257,0.016606556359499307,0.1610860027969482,0.047595779171732785,0.01268902257934153,-0.01937200103301398,-0.0006136027306455823,0.02242424530262152,-0.15109731536848262,-0.022140751684605168,-0.014137750785909373,-0.03365354987504507,0.012007413036630207,0.0051815258014190685,0.05055738636592948,0.03986963224243375,0.005785110922983473,0.14566244754054508,0.009175839758392488,0.18002548964805706,0.0048445447275075534,0.00042548101209145063,0.0021090298535325056,0.005215483887211947,0.0016195224882372098,0.0033032528772002005,0.002261415326755801,0.002363118088003551,0.0904257607997289
13_2,0.003820720330021088,-0.0002121712939557796,0.0024928336367744533,-0.0059907660749226165,0.002659750901252422,0.0010109805839399746,0.0014311108622109335,-0.00428604308270795,2.5960724257497185e-05,0.1637375181259484,0.02472172545192303,0.14087269202330333,0.0008009689165982603,-0.0011734271718161025,0.02231779287557193,0.00786781196605615,0.008107871933871302,-0.001815662182960148,0.014651464337412927,0.17376923730704025,0.025639064128554483,0.011990335265912878,-0.0060717983587777425,-0.003272881397777327,0.03372144192458569,-0.15420069248377907,-0.02244064905946384,-0.02190757805984231,-0.033382837434258045,0.01309301940343986,0.0020026811936826082,0.04334966441653617,0.03157737486509453,0.01616265039299603,0.16129090356691717,0.015586527130756821,0.16426047556737777,0.002947387130973568,0.0006937830673423843,0.0014595437920096436,-0.006947698084875409,0.0013086717473347201,0.0014779713014835658,0.003020477516733683,-0.004924830205790848,0.08017631463305838
13_4,4.297295918821619e-05,0.0028609424164003465,0.004972940477893435,0.007836259133258089,0.006391939573768154,0.00409593392961635,0.0005568514629871924,0.004235456427930993,0.00041781959449061536,0.1751968853718622,0.027330302198387044,0.14068760153239843,0.011201799338939635,0.00793336446228334,0.02204778925063903,0.008014239139704036,0.008766492191926942,0.005959833959312332,0.015988481469278705,0.18453237325862493,0.047473795011150496,0.01445875875387943,0.010180319390242682,0.001273170424985173,0.022133373172758722,-0.14419722022612977,-0.02145376692301865,-0.009526769279550613,-0.020527631540310284,0.01527555430510222,0.0027810556715126395,0.040474542704372,0.039802136196765765,0.02070428688542325,0.1714633353271603,0.028140209338550375,0.21860870885821457,0.0002965472095877974,0.005133397213713629,0.0021615757849552894,0.006959538065148066,-0.0005092916801483846,0.0036406876894426532,0.0026188845424906797,0.003466070710596582,0.08872512252073073
13_5,-0.0011092352637499703,0.000709673805966573,0.004524687911784218,0.00659803484256227,0.007098805245408591,0.0026213744871551653,0.0005569426328208578,0.005464508893664001,0.0006587714229943038,0.1779848824957363,0.026669128504042742,0.13486773934033927,0.009439330134255417,0.007358181135955671,0.026130140432546817,0.008671840279554128,0.007253700633266193,0.004518115560052612,0.019939307300336103,0.19312108084610544,0.03919679084819348,0.011926977077049228,0.015071191198045297,-0.0010137526666779415,0.017321956291918655,-0.14678912654164072,-0.020896946334441353,0.03696501588461317,-0.019496941395331605,0.015821940849596032,0.0009748546608622401,0.04000683653067474,0.03455288092666556,0.01985053378836979,0.1701675122699879,0.02699526920259885,0.2230145996866873,-0.0007669227995874738,-0.00020995341240041015,0.0016661917501382458,0.005991683852998167,-0.0012160990739282028,0.002449587969339492,0.0012786671512014377,0.0024409198531739847,0.06877958890651294
14_1,-0.00319182986103018,-0.00016199144369972952,0.003428283324461073,0.0036834404909405873,-0.002183711358983724,-0.001483737853992069,0.0012775977463280982,0.0027586228778366654,-0.049959720566310616,-0.371448078280944,0.001587720759858215,0.08856927074085635,0.006409590989552697,-5.17341871015577e-05,-0.037338763461392546,-0.07537990314423904,0.002443505045371836,0.006122825916743595,-0.03294115996574525,-0.18531790628086395,-0.06659263045737789,0.005932346785752991,-0.0340223348035578,-0.018839152829683427,-0.010873838288891489,-0.21396293407794195,-0.03623959647359167,-0.12492816421892004,-0.08849538778774264,-0.12219116985799426,-0.0471021422233159,-0.03608788608820675,-0.04861396883305428,0.0013274372694643747,0.11779374837351184,-0.005567277352864043,0.15156526943371249,0.001107596731885948,0.00015317690373943852,0.0020777558732425175,0.0034001737906600178,-0.003613141118371057,-0.000752175938136803,0.0016465591212800948,-0.0012430463678913966,-0.014755018187759551
14_2,-0.019833478487176353,-0.002838241063127156,0.003286001431865451,5.1685103942711904e-05,-0.0075360119353012865,-0.001419575029121191,-0.005106870348519088,0.00023364136713507552,-0.04372253405143359,-0.4133989266180223,-0.07489954079746797,0.08235103016910178,0.0028685240977832697,0.0034132303092995133,-0.03434958313035477,-0.07555196161966724,0.0024183126014238007,0.001800091865855778,-0.03392055609459986,-0.1830400240897494,-0.07175516137829156,0.004063926915281445,-0.035998209499511234,-0.020216202424710356,-0.018806117059572136,-0.24613374606719934,-0.03506611762238443,-0.11634720098762735,-0.07862831972806675,-0.2977833080854176,-0.04517236843129254,-0.05810963617668782,-0.043840419723853864,-0.05680480661163533,0.11280945348413024,-0.012217854033901986,0.12320324946664066,-0.01857425847086497,-0.0038351807402551463,-0.0013120392108091762,0.0022766884025421713,-0.00847556260038394,-0.004890275319801194,-0.0009993998688803754,-0.0027945400069282126,-0.0029349155015081212
14_4,-0.024031823172202916,-0.003305628688296109,-0.002001406397831769,-0.005182192615799641,-0.004405948718760874,-0.0020716657051416004,0.0016418714686717466,-0.005507342706227021,-0.043396958306925394,-0.428054259895356,-0.0793860032570103,0.08366691086037234,-0.13579659116821438,-0.10728364444755133,-0.010358171377817443,0.0044232498482546945,-0.09390284270419322,-0.10687038632452588,-0.00465892363693569,-0.16936718843071752,-0.0038098961387802795,-0.2182402031333924,0.012153221846449238,-0.010172875536795264,-0.011351902408862646,-0.24985209877995862,-0.039199886540215494,0.030545943259057583,-0.06906744918054071,-0.0037143610428618558,-0.04225316328097782,-0.03184250807923024,-0.051380463072016685,0.0011732756822239849,0.12155586895533145,0.005186182704745334,0.16772692129825512,-0.0205446795691689,-0.0006212552736200196,-0.0022555446811185495,-0.008127844379163201,-0.009892413492336929,-0.002922722783996583,0.002195270424847002,-0.0036805363540827053,-0.053201890781062085
14_5,-0.005058225567114553,-0.001093641173961371,-0.00426511349624845,-0.0063108181200258445,-0.00864096674721694,-0.0029632379370104524,0.0009705601321153974,-0.005663685938212142,-0.044644209609796634,-0.3842142598398617,-0.07536571376026088,0.0853074160423547,-0.08434983900589609,-0.0968635892047232,-0.02805433422973993,-0.07603395655858475,-0.07326909048758368,-0.0826302004285446,-0.031049136248569503,-0.17908050471116568,-0.0144325931651965,-0.2141508131916792,0.0021224436982622314,-0.01930825080519745,-0.04901847066823741,-0.2414625648562387,-0.03526580691737485,-0.019482635380963557,-0.07033145106518897,-0.04086455997354351,-0.04613908007425482,-0.03132297105765787,-0.057641675563719685,0.001259823989386096,0.12174280975760911,0.004127082569397617,0.15166633186928744,-0.007403343822357237,-0.0014748021314849803,-0.00356785082712219,-0.008716483477432964,-0.00499169707660821,-0.0014588126358799774,0.0018335880136762085,-0.006294701857973221,-0.11110985511867
15_1,-0.0026087640670030363,0.004773886796956567,0.004096395026674403,0.004365634616029515,0.007007213428488198,0.002680562161600086,9.653508488117199e-05,0.0018183390632788411,0.0023651080909175897,0.16168510049565055,0.02245863066881911,0.11372945376108354,0.007419081963575015,0.010175476396117659,0.024303418048041002,0.00933786455114698,0.005427115945104866,0.0009539832196813411,0.015438342620023986,0.182389699194845,-0.018888219635242582,0.01133809563638798,0.014060834116266989,-0.0029458703003660204,-0.007806803769950627,-0.15877000580936312,-0.020632190328868736,0.046533310371290965,-0.027120354006660814,-0.015040647583486891,0.009182157559451636,0.037474399916145325,0.029057507121138228,-0.0005868854020068112,0.16486357480463962,0.017629942422360656,0.21938745260808606,-0.00043791756653322063,0.00541542467157017,0.0016552134890788538,0.005551450482053422,-0.0003747904374639484,0.004037451401228221,0.0015845155908358077,0.0009827141201260734,-0.004924437689325638
15_2,-0.0004743429626461233,0.005186915901655574,0.004619570827868821,0.0031498283007480245,0.0072395900467741355,0.002053567300847398,-0.00010796204908327708,0.002446210659704318,0.0020789014278872406,0.15027999593913244,0.02160391835992859,0.13293628988976688,0.0067519595766121305,0.010626392700883051,0.02695462172193804,0.008961167843125048,0.004501994261524765,0.005335861567985127,0.00013345723355827569,0.20826042791413105,-0.0015114153847335973,0.013574839050795517,-0.009512204240175348,-0.0019086132335610552,0.018726729537349707,-0.1512350964783779,-0.019253207431520362,-0.02700596201872915,0.046069761955281396,-0.018815298344729125,0.005696496940529588,0.034088652341221035,0.026034883669372243,0.0005153452267768197,0.14974203511154402,0.02774115890234835,0.2184934304468036,-7.512145863758424e-05,0.005871261124483318,0.0018506529840837049,0.005944604084910773,-0.000883007788885485,0.003463663802085477,0.0017232638917875718,0.001943523130346537,-0.014970768575714383
15_4,-0.003744005499174352,0.0010008610058365708,0.004762966882435485,0.002824837373932322,0.007690259938047056,0.0023801935280642356,0.0008335260684375548,0.0030953163471916967,0.003417408786110606,0.14789657547973115,0.017871903662523527,0.11166335592963207,0.006884993716708753,0.011478879904512284,0.024738270292791353,0.007267578882257128,0.00471413268158251,0.006633451823635676,0.016181472890871254,0.18869495328083882,-0.009230648352253915,-0.21033546088274482,0.013128754726032643,-0.0027136958716310737,-0.007358262434596182,-0.17003814125269012,-0.02049553371347418,0.0433442058282516,0.03271648848721564,-0.018772806170818286,0.006559981584486173,0.028833315903100325,0.013179058840597897,8.094964809187281e-05,0.1680832474530048,0.003690415600588796,0.22209305416041097,0.00017132985186414196,0.006242243729739595,0.0024668218789079184,0.006294162163281655,-0.0006742940231932597,0.0037310655750622933,0.002166518470666698,0.0012632652579144881,-0.027036890316690605
15_5,-0.0021621195023452545,0.0008816030413713449,0.0048811174439519186,0.004335449458530988,0.00558334665682148,0.0021781893000202535,0.000289751858716396,0.003951836714192492,-0.0010321973849759523,0.15153291906179783,0.02223775938816771,0.12758951127568002,0.010816276161883416,0.009119469863206725,0.02461506918810283,0.010060476542394269,0.008702558389447211,0.006158896998422956,0.0005517964006968515,0.16418524646603086,0.011869540818273015,0.007606290865002378,0.012318156677005154,-0.002782353047442854,-0.008109835548105572,-0.15379257915011588,-0.022205879544796525,0.044620869443623846,0.03289623994607567,0.011059313038305225,0.009120352080753851,0.031762735157069594,0.02220961579334788,0.000818379646344905,0.15815013248715756,0.02643407012323801,0.22611560021291918,0.00014182738321318706,0.00046376751334373186,0.0019116564016557012,0.006310852433968992,-0.001229835549806237,0.003331395574450851,0.001235501409490241,0.002435733937663999,-0.005445147346649436
16_1,0.00014198098110010707,-0.003062574978879359,-0.0008629699376156505,-0.00296115147139911,-0.0025051515321427094,0.0030010875287068395,0.0024582952496714837,-0.0024225544477878046,-0.011194958847334171,0.07725281665750802,0.012876375042668683,0.1491254890755423,0.007654940626727044,0.007173392292350956,-0.005514995157447314,0.01018250374428077,0.008656036030974801,0.006526390348880988,-0.001092632581534461,-0.09653394611612025,0.016754882181372593,0.00732874641699843,0.022404308437905775,-0.0017128127099719978,0.012666850187223537,-0.18272101644596098,-0.02706882758725258,0.04140422239793085,0.041779297541023636,0.017979402657184455,-0.003327115360631409,-0.01970886439865487,-0.013780907149519742,0.010753999364316072,0.1777426671155778,-0.0031026426468549633,0.24901831377046957,-0.0015784304343495076,-0.003199536757977071,-0.00216107075423021,-0.002843277674309384,0.0023491394434473206,0.0001931781261588539,0.0009393382546347307,-0.0018998306902642756,-0.014084891234063321
16_2,0.0006340263189316229,-0.0032336703788426084,-0.0010984149042002399,-0.002160126744232113,0.0007926449255723484,0.003079248060356872,0.0026807903806579055,-0.0022377320806465564,-0.010598553480308536,0.0754263497619473,0.013385838406196155,0.15091650978368806,0.008411451716465452,0.008317545329687705,-0.004481684683593261,0.010302335281134568,0.007749460524060985,0.006797337141842703,-0.00026617581480909395,-0.08792665586759078,0.017390618803806143,0.008220106594355476,0.02744257354676023,-0.0018428326140225613,0.006221146609608234,-0.18014843828393992,-0.020872994947787774,0.04272727164071914,0.04293588799324565,0.018520118240435427,-0.0027445419557095754,-0.01675158562467592,-0.01135225379504798,0.011351243971561132,0.17916542282846476,-0.0011115588238195862,0.25027854492911,-0.0011476458003465042,-0.0023117732293556625,-0.0016971888128140724,-0.002633107315836312,0.005120879299519755,0.0006546721357217347,0.0012561731142820313,-0.001712928903523284,-0.01243057724626929
16_4,-0.00034149667973780326,-0.0030622525739053314,-0.0010698583059852048,-0.0029460275660468534,0.0002537681854205007,0.0024828188842034387,0.0008865225412789111,-0.0024334081163979644,-0.011348717173402287,0.07442300971087064,0.013676600601295953,0.1490605266218915,0.005636684822537514,0.005029869316390025,-0.006334714790056924,0.009692889722525107,0.0046467865463414556,0.005766478219900543,-0.0012220405120480066,-0.09738775204827196,0.016222382085255973,0.0068421527511284145,0.01783405852462619,-0.002337526082495326,0.012392678477085731,-0.18294811775815034,-0.0224031765212409,0.040121190147217836,0.03957795899660187,0.017581636259734874,-0.003983873899888562,-0.019757615118356105,-0.01432138406811683,0.01101857399953818,0.17708069926399309,-0.002443473540247039,0.2484931865729677,-0.0017294871549401074,-0.0027505487176347123,-0.0025468756622659757,-0.0027346391415713697,0.004487958845329604,2.3110386743887236e-06,-0.0006064277456024796,-0.0020784299891492388,-0.013347435219284479
16_5,0.0001870583534812288,-0.003396111634687792,-0.0005970167071964776,-0.002241364046211136,0.0006616645974927045,0.003249874054204913,0.0027120569210411258,-0.0017847878347610636,-0.010636745721615659,0.07493419765884116,0.012594809507655675,0.15028009051015667,0.007360159160540411,0.008378200672643827,-0.005356667990101075,0.011070352005527043,0.003260691605174915,0.006123866699676822,-0.0016380137530287743,-0.09118103706943895,0.016808894913940598,0.008284524373104271,0.019609123784309433,-0.0017729277071475225,-0.003907590308496292,-0.18268577040047018,-0.02223488954668166,0.04131380983883695,0.04273531027243322,0.01788224653089649,-0.0022117867544376706,-0.0183604509524833,-0.01340405209050744,0.012498317192142975,0.1784571118189756,-0.0015203357266128656,0.2503374874760004,-0.0035509680350120417,-0.002380228276777613,-0.0016739849619488265,-0.0023112790905085384,0.005569178096510316,0.001181438849536831,0.0015008533680387617,-0.0019063491613690452,-0.011507224869237612
17_1,0.00014556213849842262,0.0023857274337159787,-0.00013338356383976117,-0.006553120380530559,0.0008916934458792809,-0.0009600031846656577,0.0009506046511110007,-0.004926647400769175,0.006223443490134628,-0.22795022558563674,-0.0439612629778969,0.11097165238600319,0.003122390057371913,0.006095689689259221,-0.01127884765529988,0.009299898643773782,0.0014490606027053436,0.003555024689813061,0.0015294082721411164,-0.11990495621490649,-0.007544053509162272,0.005317702004814941,-0.01099813442309473,-0.014061542669239594,-0.0327546098875771,-0.2074448333416365,-0.028826041659705037,0.02918826214050561,0.01813457938642862,-0.052661054177370305,-0.007462774306121363,-0.016337655001838116,-0.01217555635188308,-0.003583152377389472,0.1416187503804347,-0.020673771884015077,0.19273067432334476,0.006454409082143614,0.0007910711627257795,0.0009641753127756262,-0.007592327454029139,0.0008958650598506975,-0.003411496836514319,0.0012519659311693927,-0.004722265483065537,-0.012220469340015699
17_2,-0.007091461853525826,-0.0022750585079779144,0.0021887758261340366,0.003365619993830958,-0.0024248380321871114,-0.003149050336586833,0.0018885478940570623,0.005785352305046924,0.006007378681478195,-0.2428387487451632,-0.050171282408774796,0.10022482035635318,0.005928502348591444,0.0005889291976638734,-0.0269703314986875,-0.04053381033139823,-0.002176808574204361,0.006531613224388803,-0.020141394965544623,-0.13974752285013142,0.014061527207707106,0.008733292155373249,-0.00550357503635636,-0.007066807940476495,-0.021274684372778192,-0.20995034187963152,-0.03205448553067862,0.03167406940040011,0.026993597090198742,0.0025633529562352577,-0.004060103617699335,-0.012801885339880503,-0.010362161138449705,0.00019147933489111456,0.14199244022349064,0.007888256276373197,0.20088620878504423,-0.006919852943372767,-0.0015548871958400384,0.002013212681716982,0.0015230866759334423,-0.0027958326483873376,-0.004687101751823439,0.0012352307012964854,-0.000865420311069356,-0.00675647318220897
17_4,-0.00833353529519496,-0.0018876707523037778,-0.008195186910566789,-0.007493364987148878,-0.006073029532232518,-0.0055427621232166865,-0.005267346407456742,-0.006045486101268511,-0.009373068018388633,-0.09551270562960057,-0.05315318075261065,0.12974887447402877,0.0009442468300286551,0.004944166051070949,-0.024068893152433553,0.004099335961225317,0.004298720158483355,-0.0004323758192200019,-0.01673217669121582,-0.13326166734618486,-0.01032681327542779,0.003637546819260689,-0.0159953892252761,-0.016887836343173087,-0.023328803874720264,-0.21502032803824614,-0.03616533268324901,0.015012722065485424,0.004903309922435682,-0.0028599487932346106,-0.01240120774237142,-0.024801453647914404,-0.01670729503710533,-0.006539988377373159,0.15479034461833205,-0.01541508104979627,0.235045879619586,-0.006845961973260242,-0.004080337426169136,-0.004478695644942312,-0.008026297450651643,-0.0026422480871130874,-0.005649425141599352,-0.004253469052084629,-0.005740708509726053,-0.0126943490941624
17_5,-0.010166925739489362,-0.0030453515910721035,0.0006712088466110038,0.0003070593491838659,-0.004788625097406857,-0.005795123550975463,0.0005356323076595105,0.0017851406463439128,0.0019242236148018673,-0.24890375972895218,-0.05487581833549799,0.09563342556898975,0.0037887119078340325,0.0043332663077960245,-0.022872480530655957,0.006969212949188171,-0.003077664023385821,0.004734567125801512,-0.0049727569343239455,-0.13298238031130316,0.010016107909372109,0.006667286713465744,-0.008873226439487214,-0.0069821819867361,-0.02755666673571335,-0.21095855569595962,-0.024653197690442344,0.030325731321764228,0.028207941137697083,0.012494531370204105,-0.005257593605985577,-0.017810194156570067,-0.013920343166385556,-0.007203896603110402,0.14187412553363551,0.006853057356895373,0.20120008244325138,-0.00961167062203069,-0.0017295218434807609,0.0016195459346080349,0.0004179638093145458,-0.0023151485617105344,-0.0065745681829970405,0.0005582683575017489,0.001585219472373129,-0.0015141637770790053
18_1,0.0007210113776781611,0.0017074749759257162,-0.0022321896402940303,-0.006163937005500697,-0.00019292764112530832,0.001707187509897037,0.0004000410423422811,-0.003972208916216491,-0.028418794643001906,0.0701479303701607,0.00684220603934594,0.11734787822923029,0.005322700575138307,0.004604943647976365,0.01362599116446107,0.00043270996890427195,0.0026432001674440223,0.003104684116713521,0.012079545613542922,0.12019253958670637,-0.017249442200332178,-0.027342149991580342,0.006030454414423014,-0.01521042795422799,-0.02863814296310626,-0.20395629053900147,-0.03212377737728535,0.04072593824143504,0.012744674083978629,-0.018466781369314733,-0.012376535495205563,-0.031043432592978898,-0.022070802989153544,-0.005119450403601293,0.1648897145594651,-0.02922118545654501,0.23329766097095508,0.005153488629654092,0.0002072414422865738,-0.003363084027652775,-0.0067916625371942495,0.0006176682669934807,0.001953480443333834,0.0028727780370372256,-0.00460923299749682,-0.03688894258324284
18_2,-0.0027535944408465943,0.0018501933434924404,0.0014377874683345713,0.003168279114390938,0.00027229016650974654,7.244831766279697e-05,0.0022455294770175917,0.006458270206577557,-0.018730311843443,0.08027531689485062,0.015515179290069942,0.12868184066413127,0.007923065159467403,0.00684714270500364,-0.006789934920302902,0.010054972760664735,0.0032103779985377763,0.0037328926789818545,-4.99787166782112e-06,-0.11457576314565421,0.013721924312806945,0.009599325533855764,0.005428798575378981,-0.010821913927903786,-0.016428493933483494,-0.2006660429830857,-0.02908767969533108,0.04195130292908639,0.027477130444360738,0.010815300604434608,-0.009294219651719022,-0.024939261227756998,-0.02128238891874288,-0.0005399348736137421,0.15948739040177162,0.012063452980984308,0.22425326389525033,-0.004057488513645644,0.00021500579539270671,0.0010145350661790516,0.0040514491155789825,0.0006794387344242228,0.0009827079632872369,0.0022958652250007192,0.004629155403186539,-0.011678337800782616
18_4,-0.001585812488439486,-0.001473527734375211,-0.00643890609316029,-0.006212238987720744,-0.004339972623561855,-0.005455209467124545,-0.004150042666604538,-0.0054855534856330735,-0.022879813647850314,0.07897349556753157,0.012056730676368475,0.13771659739431094,0.0026821467243208796,0.008323086327043575,-0.004596722315916449,0.00480118991807957,0.007313595110060978,0.0015430969297643038,-0.00020459734162472622,-0.10979380414098358,-0.008584716928881518,-0.006618659030532125,0.0025961340041654106,-0.013613796854172413,0.015942290704251898,-0.16931023632191455,-0.024761479162431196,0.036537832839634056,0.017736514867774868,-0.002907237448836233,-0.011035555426013864,-0.025128092316884752,-0.022044950099138705,-0.004285677711098963,0.17558141066587515,-0.014288358131576211,0.24902197661051242,-0.003614681776303074,-0.003533711685002784,-0.0038761021337216815,-0.007184372567078442,-0.0019995268038284215,-0.005448064604654613,-0.0031331898538382546,-0.004261116198005759,-0.01797654616576215
18_5,0.00023688858042168948,0.0015657826746165453,0.0018069793105090072,-0.005532506152802831,-0.0007779818496777354,-0.0004214583217047422,0.0017217634921723878,-0.003876023932201936,-0.01452181522844345,0.07606759683894822,0.01429364609192597,0.1283990663492859,0.006970014025590247,0.005906183831641188,-0.007036159308021095,0.0084266687501943,0.0025266759294994665,0.004757799747564752,-0.0006130796910374739,-0.118083441485102,0.015135041236799783,0.007022474879418197,0.0097805943294081,-0.004126563667519085,0.014692244967312258,-0.20146180395989816,-0.02597907103269306,0.04124097575786677,0.03648733845297634,0.01504071283927422,-0.008434488009966698,-0.02463741999810096,-0.01915785802363848,-0.0022191212825435048,0.15650837576249987,0.011436496507385851,0.2227418487296193,0.0037628952374715204,-0.0001613745038378606,0.0018197736894347432,-0.004338006519543844,-0.00021514565333565912,0.00141087554389428,0.002075325964541869,-0.002145283473157471,-0.01290917831289134
19_1,0.0004238045321505049,0.0030163460864615697,0.0019422007682678595,-0.004697189294850231,-0.00400992208062317,0.0012180510190703965,0.0014640223865692232,-0.0009035400503835795,-0.006369949176781363,-0.06008727057462995,-0.04420431907933722,0.11171247768939102,0.004205271604235424,0.0077517006844219916,-0.02070682699747089,0.009759718766099832,0.008489854364437268,0.0019229719654846069,-0.005668141496830134,-0.1241617783572242,-0.007511238814128548,0.007765197249489903,0.016373995950320755,-0.00721153314144886,0.01684037926138909,-0.20786880654728856,-0.021666571984769494,0.03743099353805257,0.029457792719925588,0.01374093344796216,-0.0056030393247955635,-0.021431159060614283,-0.005549675118358473,-0.0007116894954264616,0.1482322718977955,0.03148097353690586,0.21685272084491733,-0.0016819926507486982,0.0006440515701019278,0.0017959390909290985,-0.002934635537841966,-0.001079468531929128,0.0018282905563264081,0.0024831436563147553,-0.0005428789361558465,-0.009426621882088905
19_2,-4.3212964781078275e-05,0.0025970108038562843,0.0017723327853850224,-0.003986558454683755,-0.004358209922436616,0.00081464460321712,0.001995056373420996,0.004074933125843002,-0.004046800763353922,-0.06329236243326654,-0.04573780629642334,0.10441263540516478,0.003151065407050427,0.006745006525914941,-0.024756656852479953,0.0026926589884269645,0.007580248515752457,-0.00036548352066095955,-0.015306541933919638,-0.13130618342366013,-0.007346811523508194,0.007608777387666509,0.014347557015104368,-0.007758642226513766,-0.02172122112147236,-0.21007297909858985,-0.03355401623814539,0.03705291308912021,0.030384541321285666,0.014559939720100043,-0.010942869826504425,-0.0181893554996067,-0.008239075167712676,-0.00011677539956380223,0.13828111355878833,0.008598560940640052,0.20926817507214795,-0.0022994978890771294,0.0005763855277782034,0.002041309632649576,-0.0026690296945284485,-0.0012621702289085032,0.0019299979251603747,0.0020217417864192588,0.0023819009939694846,-0.0037021487787262677
19_4,0.00041769463419414943,0.0005914635557604049,-0.001262246934308257,-0.003943315682363561,-0.00442680236906472,0.0003129512524380539,0.003067164514820324,-0.00041044564469062223,-0.004666894349705503,-0.0584325482158183,-0.0419155513223551,0.11725331675519211,0.0039889661961491395,0.00726619577111591,-0.02197369791267966,-0.008277791727698337,0.009029390774487873,0.0008110386798964669,-0.01059544526954881,-0.12411349947200051,-0.004159047859762066,0.00813126240542459,0.017640015452073117,-0.006512447992214337,-0.004913255239807498,-0.20718585292218278,-0.021180730723478734,0.03842033443783891,0.03241289240678893,0.013727108411872687,-0.009360576267495901,-0.018912382537031598,-0.006903760896474509,0.0002014978451106431,0.14891308735702918,0.01586393438760999,0.21331912665286443,-0.001962490400800859,0.00018649290596040892,0.0017019546119727853,-0.0014084560519354455,-0.00014349597618219483,0.0020367556429245768,0.0033520715575227505,-0.0009833101998506374,-0.003067287478503053
19_5,3.230605062035801e-05,0.002618158192284501,0.0023840857821032023,-0.005178080211522608,-0.0038067516825748566,0.0009062451482173461,0.0016772244536453504,0.004025343356508437,-0.0076497907122633465,-0.1299428830804024,-0.05236398743827896,0.1019534311270297,0.003107305305146921,0.00681200047104622,-0.024298064317312795,0.004273676494825356,0.008797470662141206,0.0006257069399404539,-0.024530855396211908,-0.1257236011789617,-0.005214313328975831,0.00812876084243205,0.014521861869441894,-0.007930309331100739,-0.022367742380919438,-0.2113392553007756,-0.024449207571085388,0.035955187864340266,0.03267901382707517,0.014242245960185952,-0.0147702264151254,-0.011274990249972739,-0.0074975604898823685,0.0003621881234545231,0.13915567189398712,0.008633163955425257,0.20919012089699482,-0.0020594174743374656,0.0009286352664026195,0.0017962974757363805,-0.0022509204658343785,-0.0006045638286066551,0.0013636604679434653,0.0015843801711243524,0.002085446430006778,-0.0008305294215041519
1_1,0.014693798307230842,0.0214733908783178,0.037234239300513734,0.037257699153513874,0.02156077464923941,0.030078766009519316,0.023995383008915745,0.037991162209463816,0.01404502919080451,-0.19201325836771002,-0.002839012941182798,-1.030116564621361,0.0018130270800350145,0.0009780021102761592,-0.008529959980480648,-0.033518774691438456,0.010074537737202006,-0.003506271963596902,-0.012085116552940253,-0.059505902271931366,0.015473722395376035,0.01628754065847809,0.035378139703390474,0.026386142676557596,-0.007598516469393804,-0.1125302672915101,-0.015577382100703682,0.06332709401395212,-0.009751263639674214,0.023716255076271165,0.021578914668301415,0.046329989590226175,0.008646170199286348,0.0037612660459201913,-1.2342811537082028,0.02024018808396558,-1.7765226700558285,0.042445677551830895,0.01580968718743362,0.030787461893157626,0.04011944300964292,0.01172711498080209,0.03608944375312396,0.030575500480494466,0.019585292502578254,0.02696102216726161
1_2,0.01957028007269565,0.015304058092648981,0.03345261419358798,0.028780487447865415,0.01818229836715021,0.023424188251229154,0.021429432962095395,0.0306845316215135,0.00795243403964583,-0.19699563345511223,0.0018668289825289322,-0.754666936852201,0.0037928776477452074,0.002077173213780197,0.000668327495390566,-0.0007475012420682209,-0.0025558882077061037,0.006597022626732443,0.0016666878473135531,0.07290247218224293,-0.004701963290386951,0.004109292513712422,0.002486625499829718,0.02057173481949776,0.015269740843379157,-0.10582161231279065,-0.01776686776759157,0.02426093210973684,-0.07134883170162158,-0.00019780141443083733,0.016717856682372762,0.041748803363568926,0.03207243375668606,0.005074006417574346,-1.3131538960343194,0.01851478409610665,-1.9012260271406245,0.043720584112482405,0.015494953868929538,0.028058290870127768,0.03683910338763282,0.011211606316501692,0.032034745298488244,0.020779286736577352,0.01827147513738073,0.036502353234640676
1_4,0.01971075240497881,0.018918928744154018,0.03573322823661981,0.0361677712125737,0.022299054003379715,0.02841007787427523,0.02322976027783769,0.03598896977006545,0.012009690107268682,-0.18471294443861513,0.0016400603173192204,-1.0454639347588857,0.005834627711319645,0.00308081493655835,-0.0017315415122436612,0.002887517785100424,0.005043558987724637,0.005515200052229944,0.0036394726372692907,0.05838807134248126,0.017912915498320855,0.011400150458266199,0.012951920485436327,0.027297806735279456,-0.023804513640054717,-0.10845889761813415,-0.0035811491917872766,0.03892330413378189,-0.011849792319057242,0.020922772250662035,0.028945275089377092,0.04730013977307367,0.01762119400636358,-0.0009944602335259687,-1.284818084313008,0.021576512595428123,-1.8353934116946842,0.04598840028845357,0.015947686503334578,0.030767966892181,0.03860565477875521,0.013478467901169203,0.03470771426120665,0.030210283842193993,0.01858241456369928,0.046410725420833125
1_5,0.01860585651408487,0.019016415853265696,0.03405652672238033,0.03514757002675043,0.022966173762657593,0.028051187622942456,0.021851297664974345,0.03527248035865643,0.012635630200204636,-0.18374206990650047,-0.00013206727493752512,-1.0449474817376734,0.0035988498666497796,0.00604412237418876,0.009174026388639105,0.0011652551404898316,0.0029292229912413837,0.008169242505462406,0.003420492990373734,0.06744028970616603,0.021733224789189962,0.0032927027667096283,0.013452078897582037,0.027005726962845054,0.023083555211867397,-0.10324942070688295,-0.010704244955339825,0.0376017281255054,-0.01256268189252589,0.01193886469625126,0.021242062430572164,0.04780908845899077,0.01560844323791421,0.005156258121174128,-1.3004767815612985,0.020477071919685993,-1.853660225711794,0.04504343817646366,0.015751148827770196,0.02926920086996705,0.038600566177747445,0.013091994181603185,0.03447432017021589,0.029079409651183864,0.018904325625041102,0.03515270481423217
20_1,0.00142748140862094,0.00048391113731683147,0.003682847322559988,0.004879102002004759,0.001717055275054162,-0.0004948428237517402,0.0010488224942048056,0.004952208978966406,0.007511438101695134,0.12910463490700683,0.01646374194112214,0.09596171689850506,0.004143290676781166,0.007671137637635911,-0.008095399257369821,0.013213287431323195,0.004485145661610431,-0.0010656394013986881,0.0018626486870393475,-0.0993406372528671,-0.012581766837067318,0.00716038919735404,-0.005577647874582124,-0.026073415993752007,-0.025207915812984837,-0.18315230032596175,-0.027282395364008623,-0.02136936120644567,-0.036541405332776965,0.010464555864401912,-0.004044817381213078,0.030463755962817557,0.008540001124435382,-0.0007536327701192728,0.08447427118636512,-0.013756568357785796,0.061544240895005486,0.005226571928568866,0.0017615978429506456,0.003155850237326911,0.0059158284621251825,-0.0011549985843597851,0.0011825195427013196,0.0025805751713815638,0.003433049997716299,-0.012089307875054212
20_2,-0.004994104176763901,0.0004276849902560351,0.0031410712937023823,0.0036601564993387417,0.004195173297942948,0.0015798549729664746,-2.6707962276684642e-05,0.0012572165238489183,-0.0018849809553703567,0.1296338970486171,0.014463974994299796,0.09224353134783687,0.004760332445394935,0.0038546007441091915,0.016424847956578965,-0.0038465603532309087,0.004334153248359928,0.0025704568173479147,0.009551588180363186,0.1298970367858576,-0.0190720883352232,0.005763663372917473,-0.011116385468930694,-0.0336860361676542,-0.025385304819122465,-0.18215881593706595,-0.025248125457092128,-0.029169216239370882,-0.03285002450121179,-0.01854496996703396,-0.0009262777137599624,0.0319367505949553,0.00931480784124328,-0.006476680782780767,0.02656002041229601,-0.022200776832509105,0.037545639830181124,-0.0018480403905952504,-0.00044998091698087155,0.0013294795598180445,0.0037822472258846607,-0.0006363662162363362,0.0015879510457712607,0.000674266037508017,0.0008202108493989903,-0.026397996342978236
20_4,-0.004062444833621118,0.0003767008489811447,0.002987038080264367,0.00644749051391636,0.0036632686303355645,0.002199953729802325,-8.827467211642856e-05,0.00113911221506797,-0.0026963383513458243,0.13116494074395552,0.015457312418723224,0.09225808995202926,0.005031530904597965,0.004407971986670491,0.014198063297714895,0.005723718529457613,0.0024862028154175554,0.0016146204389728865,-0.009597547639368575,0.12175500919803249,-0.016949038604729714,0.007141154442462601,-0.02091217219936635,-0.03447951843092764,-0.025567918172387804,-0.18053489468702535,-0.024380937416231614,-0.02786481027625217,-0.009725004940646933,-0.019612259220987263,-0.003877708195202192,0.027471749293333198,0.006944832684886427,-0.007395615967659181,0.03154114381027957,-0.02118519858000992,0.03957517293982968,-0.0015201356358944245,-0.0006313021872510489,0.001520634434799573,0.0042159827926670345,-0.0003749028046155248,0.0025297234632422863,0.001264977425423588,0.0004761328388621357,-0.027404724701432397
20_5,0.0013442647982644966,2.7162174879573383e-05,0.004064672020110475,0.004587259368579875,-0.003622539120194376,-0.00031885927267640707,0.0013996226736257675,0.005196216807732223,-0.0011132230455394017,0.1287809211076858,0.015908761271264706,0.09551248305412972,0.004066161254377173,0.005672068452883848,-0.009595160629246067,0.012736208467453373,0.002295533674349251,0.0025996763000383253,0.000695661773600851,-0.09190339882573248,-0.010792762812217799,0.007518978205057993,-0.005521309003251905,-0.027438734166780308,-0.024421016756761463,-0.18260734073295476,-0.027319109702069,-0.01987249673371805,-0.03799333261415682,0.007351040832765051,-0.0032359222300302752,0.02954113769056542,0.012634912511462587,-0.00113766153329304,0.08357981819986134,-0.014313891137944278,0.0571592822154082,0.004302776648437428,0.001490443528431721,0.0029547923928358553,0.005504615334694918,-0.0028321247472880974,0.001270557459907585,0.0024953538715973664,0.0032735467283674063,-0.010169644768181786
21_1,-0.00046279651212201067,-0.0021143430066256313,-0.004495869154404278,-0.00636645050772562,-0.005000421286084625,-0.0010703138508249587,-0.0016564879252214857,-0.00398353513206072,0.009452497183662265,-0.2475669858096662,-0.05273905072693842,0.12360250586178634,0.0017498710992182357,-0.006827785300793163,-0.01233774051148142,0.007961196926165693,-0.008520680759522043,0.0017369020375527784,-0.003747792897021925,-0.122821562622051,0.007955008403392843,0.004830304978978077,0.010326198062356552,-0.007054617529211717,0.003263465934463663,-0.18930992595089763,-0.03096595331386831,0.03213408611237137,0.0196330505514684,0.01050138967257359,-0.0018734246684689254,-0.015187435900585465,-0.009124560404826352,-0.0013477214928585125,0.1670062129423486,-0.0016705340319758428,0.2419295940241714,-0.0024201282344925392,-0.0013107940683294418,-0.002810896124745457,-0.007011769191764703,0.000366125462583192,0.0006875290676379121,-0.0032474622536443373,-0.0031375567146640936,0.017885692371540373
21_2,-0.00023174341429218847,-0.002431477919669653,-0.005148023123565882,-0.00245632319419511,-0.0051198512164828255,-0.002483327437279237,-0.0010636811366700975,-0.0040259026533134325,0.008772803453645539,-0.23789742715254647,-0.04453259324527715,0.12311452122284672,-0.01417739722828072,-0.010171340013275394,-0.010205051085107256,0.0076575832556891365,-0.0065293226770522655,-0.005152394866692699,-0.0030180469396247876,-0.1120428936810573,0.009706824914534054,0.004052477335364936,0.010750945949949372,-0.006378504431492136,0.009833802812372408,-0.18650102461200646,-0.02965642768143026,0.03303568034531437,0.022227119468257926,0.011095516053989882,-0.000850147021057336,-0.016089012161652944,-0.0080730276870559,-0.0011041473275648587,0.16276182565169667,0.0077478094136063215,0.23902573968331742,-0.002074204130605459,-0.001779673837495984,-0.0027541782234478166,-0.004554867557062672,0.000997508180738774,-0.0011947603371501331,-0.002067641237308615,-0.0032515338575334683,0.018621877286467314
21_4,0.0006394269775068767,-0.0020730358778792593,-0.0005640246970344165,-0.0007240723644181703,-0.0036663506443495378,0.0019426965089315346,0.0014968472485807156,-0.0023556393718027735,0.009234426897258516,-0.22786566131668917,-0.046790105123917465,0.12763037106866532,0.006389776168476111,0.00593815288305525,-0.007555114088287367,0.009935483598403821,0.007020649616895113,0.005105486264888122,-0.0012684784392113487,-0.10370203305136907,0.0021263306124165754,0.005518083562735049,0.014713847437172778,-0.006264002322646262,-0.005440111225018952,-0.18518184503296956,-0.015305092341255046,0.03268814150411902,0.024152813044052365,0.012557139244903662,0.0008323090815727623,-0.01141788708663169,-0.00502607608817097,-0.0014821466461783055,0.1707476671220659,-0.005779408342275733,0.24430511331053872,-0.001311302119607533,-0.001670349880240235,-0.0013090809720177358,-0.0020945546721956253,0.0006801448959751883,0.002083283299441486,0.0003832374814092837,-0.0025333990938950462,0.018007755581001855
21_5,-0.0008608091689796503,-0.002516062332633302,-0.006896781649630683,-0.006275875168185346,-0.005117189284343209,-0.006775982419474733,-0.003190251592662977,-0.0022305220601187836,0.006320153723474807,-0.2606208912971037,-0.048697939163235296,0.12392134300484815,0.0025371500471589215,-0.010593930846312757,-0.008510830661584184,-0.015295528192120591,-0.006681621088303401,-0.0033332410434236156,-0.002107157934120362,-0.13566767324347964,0.00887060286204675,0.0038139643615575213,0.0112165072856105,-0.00618794393345282,-0.001864310076974302,-0.19036664989057958,-0.037766293150888135,0.031196431574211213,0.019398586862735937,0.010916285384504117,-0.0030359963427960854,-0.016521253089808594,-0.011087639076058156,-0.006136663619135943,0.16333212513090517,0.0037600645680262675,0.23824583386811704,-0.002125063552318764,-0.0035654173323311634,-0.003515302828345136,-0.007559103225945204,0.000643878979011508,-0.006841960868271499,-0.003646001135823342,-0.004599365258480318,0.01799642406765925
22_1,0.0016651377482144196,-0.0018265454288981509,-0.0007928637066387733,-0.00885890163812832,-0.004011596543713711,-0.001031840655579876,0.0012506107529770237,-0.0028294023391052317,0.00882175662405663,-0.20151994994680233,-0.04049573230909446,0.09379716805030296,0.006874078725721722,0.00801914965863981,-0.006551924467241608,0.01027346449626912,0.01050663450841521,0.0034547430892587342,0.0004188588558945112,-0.09438038797974382,-0.0028833503178943586,0.010553927173933771,0.019107446027975546,-0.005399761842265254,0.020495225671156386,-0.18269888150328387,-0.012775873872057274,0.03428645085563749,0.0390887868633745,0.01755924406579632,0.0012842037159555729,-0.010549516211520886,-0.0040089300066731,0.0018328912849969949,0.17003393230671673,-0.004581208318217243,0.24676666265688288,-0.002591475231539479,-0.0020917388343504512,-0.005426832458470099,-0.006004167593984074,0.0010676412449126588,0.0008634378184687515,-0.0010107688300409774,-0.0030263784293134447,0.028178456741965504
22_2,0.0009746408142227474,0.00011587328338377817,-0.006336394153219556,-0.0056331536229244855,-0.0035837657185950884,-0.006063848317960493,-0.001861210217292424,-0.0023276539565638974,0.012204956353478914,-0.24063098167366792,-0.046432498071097394,0.12450729973001277,-0.08451723237085342,-0.0887618532526278,-0.016999846692555574,-0.025750471655412315,-0.06762296267096482,-0.07081284076444892,-0.02413994884495434,-0.10673687699130825,-0.00031776286255917363,0.0056296821257945774,0.014203220131080633,-0.006076180495965602,-0.014985736579767034,-0.20036392460668023,-0.043074623369428834,0.03148611774722893,0.023365104695014727,0.0146064621111038,0.0011701767955881227,-0.0033519288263367565,-0.0009294105373688042,-0.0025813285553868475,0.16189146531959475,-0.0034999786211743046,0.23631851550775063,-0.0012597574036236545,-0.0038645574731419074,-0.0032135050793723786,-0.007339835533784814,0.005550534124345991,-0.007569437649156858,-0.002806569529228403,0.000587560558275623,0.015981582900049227
22_4,0.001594832316618753,-0.001962848672528394,-0.005458740921457879,-0.005082802556803958,-0.004093898887299013,-0.0014522242554193066,-0.0010503592497187926,-0.0030790206264929257,0.011981295897261492,-0.2213880490823958,-0.041766165542036986,0.133206674125644,0.007552743498473696,0.008704994422077419,-0.007820752340183774,0.010632391448634988,0.010428195677126873,0.005829093956839315,0.0005919713155955902,-0.1001255315333105,-0.005328251476893944,0.011107222370519214,0.018404534456797277,-0.0038332402498181847,0.02181359017115154,-0.18492910530811701,-0.023840874749118876,0.03296961098398334,0.03975929576230227,0.01829850300139061,0.000741997336981949,-0.011938456526937964,-0.006185431349096651,-0.0010776972556667036,0.1679115427626027,0.009283817133652002,0.24585566991732902,-0.0009059702740709277,-0.0034369811259113534,-0.002378169512767027,-0.0064472656051653785,0.0012069948891075175,-0.0011098815156011068,-0.0033836498186887304,-0.003088495324630729,0.026872995196275555
22_5,0.0016971371706735803,-0.002170323405393871,0.0032660347412284073,-0.007990364976193789,0.0007013232535707571,0.0011781755535424376,0.0018442112352604833,0.003924417368576014,0.009751326365180186,-0.25061393638810087,-0.051404558644694745,0.08637023774441034,0.0037641136110697746,-0.01605752405508515,0.011466455541069783,-4.113795261441685e-05,0.0007551478784150128,-0.002727745066933446,-0.01608748694972106,0.10626741537755093,-0.017781036986955052,0.00811690863299936,0.017922271262654308,-0.005862752045336721,-0.013693566471336509,-0.19302438347304152,-0.026842294525907626,0.031770364395559865,0.03828384135155891,0.012807356461354981,-0.0027751064113685484,-0.017060101950541685,-0.010929440322815981,-0.0073477615752789004,0.15348694598796112,-0.009150726269598772,0.22496141438102607,0.008339332308462346,-0.0011633569676105999,0.0027995791843415173,-0.0018882234798267507,0.0025678175605586143,-0.0020710359246787985,0.0018572128541118795,0.0031391159823243335,0.018193434457181974
23_1,0.0004746403056218136,-0.0019957016403231065,-0.0015118347741446445,-0.0016477082930085555,-0.0017233785753616535,0.0006897967989527352,0.0007945505931076556,-0.002471400302663189,0.011445212212606921,-0.2111017476198766,-0.039942398897019095,0.12581754465048675,0.005956673387533056,0.0052910639589551205,-0.021079939076566388,-0.030163196820515333,0.005627476637013689,0.006185735233411815,-0.021270722346672342,-0.11406884395579325,0.01409904648798954,0.005447748764380813,0.01993542169630766,-0.006450011371044403,-0.004639102994352724,-0.1846720448176965,-0.015210979658992064,0.0356696675788406,0.0380825271937256,0.01337137636705727,0.0026955641327186634,-0.005371460854445321,-0.0012823249425644764,0.007839161198253458,0.16546656549547925,-0.005815064084763672,0.23946150848527264,-0.0007988468824575216,-0.0019167077384671233,-0.0021456920258006947,-0.0038169830546567005,0.005009256757206178,0.0014477262229718164,-0.00028538928532129945,0.0009728968401670058,0.023898298941407846
23_2,0.0009109611718234622,-0.0015861131795171508,-0.0010237548618288474,-0.0013285164795833872,-0.0027398631379758702,0.0014773609677061004,0.000989171425774575,-0.0024844580428347016,0.012219946491986548,-0.20760982055625177,-0.03885752767021172,0.13141479893804153,0.00596025663903971,0.006574367092664722,-0.02092394815522042,-0.029494157383652242,0.007042385869033207,0.0069517072462146525,-0.02020713368099054,-0.11181251059259945,0.014687253927386875,0.005493422523233076,0.020994657689777603,-0.005773167177571466,0.009351629769373178,-0.1849616216420484,-0.012490488854435747,0.036658887357659424,0.03915425536426886,0.014374637609406084,0.0032832585148143364,-0.004399123826455924,-0.0012433475911622516,0.008075765482503102,0.1660584333133134,-0.0032295363002220138,0.24159663645423107,-2.878761770360655e-05,-0.0016321489214708043,-0.0018690381070978574,-0.0033984595469959836,0.0018366525470265497,0.0010055726385365552,-0.0003252948328180128,0.0011926479150301376,0.023648044662641015
23_4,0.0006379699265751572,-0.001867822945050383,-0.001486141254819263,-0.0014799693366845047,-0.0035138491335397395,0.0012117977186161455,0.0006887323712389056,-0.0024891174469997236,0.011471737821730473,-0.21304769512344016,-0.03914825511626523,0.12684522881247626,0.0062922390444172735,0.005438911080264559,-0.021329049517957194,-0.03045841352814713,0.0069109188162898155,0.006795460208669693,-0.02178454037711142,-0.11796406852042711,0.014266944212415854,0.004209970065696265,0.021533091472142468,-0.0064832515603936835,-0.0033458238983798514,-0.18632631032065802,-0.01579252042566792,0.036054260035794226,0.038603699021033396,0.01339338059535738,0.0026375562139649973,-0.005410732103978521,-0.0026854745902424055,0.007808860619538023,0.16556056821538154,-0.000737083212582198,0.23911684072154227,-0.00035577920723049565,-0.0018760837489724584,-0.001965527473694675,-0.00364974791455585,0.0013664176048088974,0.0010178634072735124,-0.0006161514691949968,0.0009124393887314512,0.022415459241791016
23_5,0.0008092784231194946,-0.0017447971685110853,-0.0011857351447884742,-0.0014652437572514258,-0.002785539080879885,0.0035744138243171695,0.0018026622841044654,-0.0024028595406372383,0.012101932262900553,-0.20743562574146662,-0.03873169268304292,0.12801696015813385,0.005681024547897198,0.0055903861547110766,-0.0203371406204548,-0.02930312190797563,0.00807357587319761,0.007030073064929525,-0.020644373521262836,-0.11192250291204026,0.014923932088251782,0.00467522747093136,0.02069349426652349,-0.0061094665287137195,0.006302041329967732,-0.18487283580506964,-0.012771238608164417,0.0368701988527565,0.03844474218113833,0.01393613419113766,0.0030569054363094724,-0.0048155197968265786,-0.00042300926673565804,0.008014939398257299,0.16653573451428375,-0.0035478327999855495,0.2410954468066078,-0.000521990156173092,-0.0018153045906733627,-0.0016266900075394169,-0.003530371412645537,0.001606022107356209,0.0016916565273233715,0.0014789768773002573,0.0008282647045689554,0.027021619507338963
24_1,-0.001937622890238708,0.0029652231431032323,0.003297986371997728,-0.003907388700189092,-0.002397606767284452,0.0015926660274811814,0.002361127547264661,-0.0027462495488769227,0.0011764899750054754,0.1044360107317395,0.017426550501936974,0.14718752442078067,0.009122341323824381,-0.0021773094326301705,0.02303230319884839,0.015407094387605671,0.005984006075573178,0.004703140787619673,0.01565442848251098,0.16520414286086554,0.048489524272452046,0.014329614636138927,0.017124759325657005,7.76848233297611e-05,0.0825299984400983,-0.13638021047060903,-0.015960051976422543,0.04131917416555601,0.030610524034833917,0.01637598909902176,-0.007364886121694432,-0.013491930049373971,-0.010713026085744887,0.029292122081682227,0.1835411479636966,0.08169398739189719,0.25814398913698644,-0.004188870198213571,0.000993255774548216,0.0020036287186789353,-0.0011715099731746579,-0.0014884153488443257,0.001737837154382291,0.002549315995241221,-0.0013776545910727603,0.07857716250622325
24_2,-0.001920456828734805,-0.0003150803144344614,0.00365649988388945,0.005619083243385295,-0.0025126591499721367,0.0012433609875861069,0.002322354506882881,0.004529217616636518,0.0023599441087218797,0.10385713585657014,0.017481729561007832,0.14231944970853114,0.008772542132509185,-0.0022249476085048105,0.023201386759942124,0.00847862367202091,0.006253235028484157,0.00456022927767788,0.016821007429194703,0.16608176202210229,0.04849347466356136,0.014921062569102313,0.01696361841043581,3.5691568322371824e-05,0.08195153295860447,-0.13546955289301996,-0.015356156663251026,0.04075547166083645,0.029957818031332302,0.016671646515842842,-0.006888526285857417,-0.013646799589277217,-0.010563899481228727,0.02846497513821117,0.18022341531631578,0.08092372353316256,0.25399903575299454,-0.004082557705911787,-0.0022855755224717674,0.0021838073228488985,0.006185505108051415,-0.0012088512153234218,0.0015236220311076723,0.002994363130119204,0.0017463810547197632,0.07764140091056834
24_4,-0.002024837121760019,0.0029244702497459034,0.0031582294823768466,-0.005587298522191247,-0.0011779341663896582,0.0015858091240572,0.001782010058463158,-0.0029191532169698994,0.0033568619261122134,0.10140830440055869,0.017224430072736743,0.14501691707318218,0.009044303581495076,-0.01750386008764619,0.018592768518584664,0.011412384390157305,0.006066354835359826,0.004156074501739919,0.010454700246525077,0.16151139043497995,0.04617113254129796,0.01473149526318113,0.01682833634465154,-0.00025886631905224964,0.08351831211824236,-0.13708934489700733,-0.015436910497167507,0.039916528134397625,0.028055332174066687,0.016417231826621605,-0.007844003838041203,-0.015427628569746967,-0.011368599462709527,0.028575422171288663,0.17981315300732953,0.08214109096469581,0.2586968155211987,-0.004199190371364472,0.0007928236704202179,0.0018370038506933149,-0.0033925506790518016,-0.0012775891931653353,0.0013688411266387346,0.002663209236295243,-0.0014713519850467292,0.07748372745415459
24_5,-0.0033769385667727866,0.0013734971077748802,0.00344753542157156,0.0049994208342795735,-0.0009372957782676302,0.0011294006420434054,0.002156199091077353,0.0039674983274922415,0.0029876165820282292,0.0992130153120455,0.015204410885066563,0.1350381956625545,0.008415412154920964,0.00663151937150239,0.02299268036758095,0.0031114459927266873,0.010167892820672916,0.005700181167623729,0.017427207957868274,0.1636044565930509,0.041740382886682414,0.01294768812840678,0.013449517802045372,-0.0007089224264850967,0.07384601751779839,-0.1473221123773725,-0.021898486533082226,0.041598755904397065,0.027246089335054118,0.01515017113145739,-0.007865446105589763,-0.018109109645897802,-0.013394723486777206,0.029020572693114706,0.17792270631142684,0.05558359468968709,0.2412486803810302,-0.004504867409278499,0.0008482448268697267,0.0029918832772891884,0.0048818698704558286,0.0003731478083411294,0.0010613211384637668,0.001405636190978196,0.001605955067720625,0.030462597446065644
2_1,-0.0024232788700031247,0.001504524531526807,0.003181991807535363,-0.005592061678973044,0.00038039375261575246,0.000591634945453068,0.001412972492710249,-0.0038596587041965385,-0.014215934852796345,0.1525215533669114,0.007024286664000536,0.1201335551074001,0.006041802220318676,0.006308823652820355,0.0062127520819645,0.004622235890796026,0.0033823776771825746,0.006475109308940882,0.004309655911466261,0.07482949525505116,-0.013191318502129597,0.0005925783185650817,-0.0001591983643991482,0.033193668781311976,-0.028960096707851227,-0.17792986798216492,-0.014993585883167406,0.012896706588874455,-0.017730707342479692,-0.0015044970606458597,-0.02017225916998724,-0.03078717781582612,-0.018797118994317654,-0.0005497488801438753,-0.033791515193233805,-0.03566680517830222,0.06880941143241938,-0.004572600996484816,7.525343758429189e-05,0.0019352814933234772,-0.0038294539505084385,0.0006235302607640699,0.0010309608788867173,0.0020910314622463186,-0.0024765519478787603,-0.03505836387970157
2_2,-0.0031474597678620934,-0.0022745162959178934,-0.01088842385281367,-0.00691802761976293,-0.0052415316586899,-0.006454475153188585,-0.004177658028585389,-0.0037740289921994363,-0.01519974583678082,0.13888614714150138,0.019312359923289404,0.125934558474571,0.0022377155172288213,0.0038122114131010545,0.00978487920128002,-0.024047829188076287,-0.0025710309421747356,0.0014938668294645551,-0.0035941071717499736,-0.10554512834531522,-0.014319565445228747,-0.007940814925110538,0.0106469478716912,-0.02386653918390214,-0.02130176051554969,-0.18541504481538099,-0.041632330519972824,0.0400055217230575,-0.041901838124573314,0.012638409821017715,-0.02558183981642426,-0.04247950645322716,-0.02122981105867827,-0.0046042128054750485,-0.12520004809487256,-0.03774154479768615,0.10416839550060861,-0.00843318066947934,-0.004027686300448476,-0.005065029545102298,-0.008728274848331568,-0.003174219850907792,-0.0060122549045274875,-0.003266690854543354,-0.0058687911898932825,-0.028971357715511868
2_4,-0.0023215307034851365,0.0011015680992535154,0.0019200821427675199,-0.004326575568762154,-0.004354597394837612,-4.399004816919388e-05,-0.0004874933053349498,-0.00554150936730848,-0.009359896072983412,0.0731501501534036,0.022921973083400986,0.26870060125646184,0.003690479277808657,0.0033112338947004576,0.007500996911819806,-0.005603250322940554,0.0002921395992637333,0.00044529554214635684,0.008565780014892246,0.08793775400443388,-0.03125154928211799,-0.008788534923062342,-0.04305018943262043,0.07980306189234232,-0.022921675286751212,-0.18392983515368594,0.16393731170968945,-0.03808658242752663,-0.04496567995347154,-0.052406494062989896,-0.021248427498033337,-0.03458739886371139,-0.023978663443598742,-0.001185975407036295,-0.01122359932170891,-0.03153220992097142,0.14176932766778927,-0.0053592246319775945,-0.0008044573280176238,0.002023613728573402,-0.00564801508974424,-0.002665250753638012,0.002376710137871192,0.00253089801958552,-0.003776279055880942,-0.03542528183679739
2_5,-0.003437898630551259,-0.0017385794312466045,-0.00562533657258053,-0.007199067842363871,-0.0047485248212064965,-0.00653274904981359,-0.0034201678364868897,-0.0047440966160869034,-0.01880282930295218,0.1410125612652059,0.014730071948826945,0.12508250822013584,0.0022148064755478348,0.00151905192560541,-0.005927007650409777,-0.03243624243499677,-0.0032718990044774787,0.0021782983307674503,-0.001964346817167487,-0.1008693783413921,-0.011770177973996432,-0.008438743810057815,0.027599246437064715,-0.023736458589351705,-0.015544382784215516,-0.18571654382077263,-0.041465911615027336,0.03704121261699475,-0.0406490577240151,0.01264148609277247,-0.020942667890822435,-0.036241194132514816,-0.019603625694956744,-0.006302002920245046,-0.002114043190063976,-0.03873878393139911,0.1037041977989697,-0.005253818944005354,-0.004486495714114789,-0.004312188926335236,-0.008797600378592067,-0.0027893694117977334,-0.00512747391567092,-0.0025449116581091123,-0.006303278639461934,-0.029522781905039132
3_1,-0.0038149738706106245,0.0005473088345164665,0.004385995297131976,0.004463740909945317,0.002158179634446774,0.001378304768411382,8.89681432389272e-05,0.001152229860510641,-0.004818942495752962,0.13831618511363067,0.021272597311775214,0.1195147042796829,0.006972446442487149,0.00790111555901947,0.01909401547414017,0.008680629358016374,0.008540328774749665,0.0073829885712761835,0.009445862637371964,0.14815587032103458,0.026715403982131375,0.002178127939684874,-0.004680247648497273,-0.004839712927119925,-0.023786667588373243,-0.1799395390767798,-0.025140595673062704,0.030614416146853084,0.030054074802101035,0.013452606612690229,0.00903544577110933,0.02533976106688463,0.025948301690130206,0.0030944136146598684,0.031768816175111556,-0.011990162149648577,0.21585547964211318,-0.0017011115179689919,-0.00020827297484776966,0.0020147204621452724,0.004642554022497131,0.00024589227542077456,0.0022748820297787357,0.0009855274314936138,0.00281118808373831,-0.007325880119210658
3_2,0.0014510378976849319,0.0022498506041570125,-0.0018359147608002938,0.003047667203938477,0.0010126964573190069,0.0031833408705037778,0.0004968389413232629,0.0011627932413459212,0.002946427164882323,0.13520430411930826,0.016770391170760148,0.11013244931206587,0.010966848988162636,0.006526558721353726,0.016884947137085545,0.00825654819983537,0.006480263546280269,0.006615250957809528,0.013313540944938964,0.12418710731773702,0.007577285837225425,0.01074778325263389,0.008932645174210394,-0.008436689620083005,-0.022304868525480113,-0.15746535952186522,-0.021604519021517825,0.055373253201363985,-0.023714086890246417,-0.017084623892842668,0.00796271992011669,-0.01609780833964663,-0.014730145867366259,0.003909776517412823,0.09307472589048993,-0.022171711630067474,0.22754819391637052,0.004911408191851518,0.0003303688738892025,-0.002344522456108286,0.004744173635368179,0.0009762230517716171,0.0018585463126826452,0.0038943845841014303,0.0010844631795692676,0.005690530778066696
3_4,0.003374882004744241,0.00017054745853161947,0.0041254450100866365,0.006618838137287659,0.0029354292243012068,0.0012689197569776202,-0.0002828254024578958,-0.0002711008422674561,-0.003661543403433342,0.14826754126761676,0.02057933999095988,0.1241127078690309,0.00629920080032636,0.008431661124334985,0.019377576761211844,0.01107529808064038,0.0042658042820280795,0.006114114962383406,0.011516971459015158,0.15115381781324047,0.017966105996714873,-0.0006260847022066284,-0.04291025675132469,-0.004233792425936524,-0.012320986159469359,-0.16487694384875135,-0.015935864890578015,-0.02338291711511626,0.02754629189820843,-0.013193576666548626,0.007591088414160348,0.044961807829506976,0.027203056442379588,-0.00033758133732980416,0.011646172342160156,-0.012924851507319752,0.16466433066680736,0.002968545589260458,-0.0004045610548943299,0.001689283338128015,0.004049720469267177,-0.0002549680090029261,0.0012827811838028278,0.0008626466967410017,0.0009599420169865696,0.015352002709540206
3_5,0.00289484392714196,-0.00035452478365400616,0.0033741721413680643,0.001961900310453392,0.0014384843118742917,0.0007195140919670764,0.0009048743233661843,0.0036880703504261043,0.0017073925915743813,0.15614647756235547,0.022021820130976404,0.100977640513129,0.009304826519772234,0.007921233161346014,0.021489982265515937,0.01099480489391758,0.005953888964840274,0.006820515746973045,0.013070894686302568,0.1288267282310425,-0.015311943165771905,0.009159248083078247,0.0068798488229831365,-0.008404373982452763,-0.023794972544091166,-0.16037488262621924,-0.021629768453362213,0.04825671555308858,-0.013761741570503416,-0.015856335436400554,0.008530557487301483,0.01927494630246074,0.0049797984310835895,-0.06100120706188552,0.07575720312385685,-0.024307172898192085,0.20509797106554442,0.0024557228870208513,0.0019258101689857623,0.0021010542597847967,0.00479882043235693,0.000479665169689055,0.0010138109077097814,0.0018623398780225249,0.0017479379872992877,-0.0007958159249583188
4_1,-0.004805652137896419,0.0008402189953721671,0.0032858283077688813,0.003587404530532718,0.005419701917944075,0.0022795901036651543,-8.044529918718502e-05,0.004622887732011005,0.0023481809694250863,0.1469438830953176,0.019904723103601814,0.10257498083968103,0.0063034111572977955,0.006942567326776104,0.018904485025761888,0.004716179565536681,0.004747434184719527,0.006187323390075541,0.003333675722228359,0.12926520002835687,-0.015333951451457516,0.009891622743435,0.012961999477973291,-0.0055696729317998425,-0.011254408453325595,-0.15990998687195895,-0.02261981614949284,0.03746622593467551,0.03008719447594076,0.002854534336462405,0.006871449965940123,0.025624330418253422,0.014342732070100589,-0.0006328176384614425,0.15661899292272202,-0.021263295660315373,0.2142117240091812,-0.003971915402680502,0.0032859466497478897,0.0018284754586731138,0.005979724792951698,-0.0004230732382692725,0.003255608323927221,0.00093447376397203,0.0027613908023486167,0.001949282202661443
4_2,-0.00479802141023236,0.0008764342588060696,0.003642350895285898,-0.004168308721666498,0.0042180782893057045,0.0022605354940261565,0.0016696549857200835,-0.0002355401362393685,0.0033342548118077417,0.15711085280753895,0.020760914148211324,0.11113129398069344,0.005838118673783583,0.005300922222994819,0.002069536709549354,0.004853119019767784,0.0047805035283240834,0.005551749750540113,0.004733767249964413,0.1252623839175898,-0.012698331864277488,0.010089677683123775,0.012559975401725732,-0.0049995538790892895,-0.011256447288046787,-0.1608367000423044,-0.021238800366653692,0.03925176221904665,0.020748920820028913,0.004603528891130977,0.007418239457932346,0.008225430843515194,0.007790102174881934,-0.0008928341737783071,0.1636480424730969,-0.016493103759214166,0.22299992271075747,-0.00420392554426468,0.0013555308129671528,0.0021837894069642737,-0.0020180116139883464,0.00023909033172489572,0.003392300262966124,0.0018837280552882877,-0.0002026692334302711,0.005339435820455705
4_4,-0.00351466330739986,0.0006035583070023078,0.0029690504862557496,0.0021078267199709393,0.002873530659255874,0.0013301568627320855,-2.7571256515679165e-05,0.005848382552726714,0.002372879799051733,0.13925873893551427,0.019195468085638833,0.10157082693392831,0.009178447393341407,0.007623024584896702,0.01842996151995318,0.003977351183941765,0.007307795215673887,0.005253914186878862,0.015985630114709288,0.14422982852093097,-0.010333738634595305,0.00790159390367626,0.013862446439318261,-0.004262688493642651,-0.02357893936702558,-0.15812248734240747,-0.021047253587919337,0.039025456740458125,0.029448473006843976,0.012097307367804226,0.009217848231860674,0.0025661541562633536,0.014627445973011102,-0.002844602440225162,0.16328195592002792,-0.02466134042478357,0.22618433325116438,-0.00010700784892094232,0.00022234793085539975,0.0013516763159305111,0.005049454819546589,0.0004914531910548767,0.0026934757772593505,0.0007097869672651662,0.0029807999781683637,-0.0013264919886778943
4_5,0.00023252867276063818,-0.0006122516586998224,0.0032185013447817296,-0.0042624824795902665,-0.0024230993277254494,0.0006588952532887514,0.0015357058862899016,-0.004034021224585139,0.00027267657560217277,0.13353489743957936,0.018070196873579452,0.11033810715496568,0.005557325738329545,0.005589448757937314,0.01838815207867032,0.0025149762141200805,0.004804032367083144,0.003209585949195628,0.012413912380325947,0.13208235288009054,-0.013371208170735869,0.010912049778897677,0.012629844543521136,-0.006770363089674334,-0.02935027208828764,-0.1609455267235445,-0.021079306100604375,0.037023835861625144,0.031167748057758925,0.0014235388117239199,0.008967807913824849,0.014481916756818557,-0.01661262075025944,-0.0013047726017141204,0.16430727673538525,-0.02790189931811849,0.22961901294343084,0.004292338115268859,0.0012704702578761123,0.0013063772438555383,-0.0022804847539617317,-0.0005813869248972971,0.0017913203070901876,0.0034250548421741584,-0.0014081655744204455,-0.007727225739001446
5_1,-0.0240729711844302,-0.021836578846763443,-0.05172360031123343,-0.039021893766349604,-0.02176048149573693,-0.028841570676379814,-0.01994385990109462,-0.03802228127731686,-0.039306483224049955,-0.1403621759069257,-0.06939303787004715,-1.697336959254859,0.0003645845529936316,-8.584152218151452e-06,-0.0011465937537397896,-0.0022699197103641503,0.004414814864106595,-0.004411543094593929,0.0006654377603847817,-0.04788860122962567,-0.011158421307089434,0.005328837204560911,-0.16077614876565524,-0.04062715732241823,-0.025069792916840587,-0.10737874515651914,-0.017336479047346694,-0.26590498048788064,-0.09188223528610164,-0.0011675466145134304,-0.05796797853506731,-0.06880982644053703,-0.06256251900441347,0.006229334737555828,-1.7650862285917537,-0.022790874836268488,-2.532968256111975,-0.04807217911345803,-0.0222548420602524,-0.03788623644282262,-0.045879652941423224,-0.015232694296103098,-0.03262883438036131,-0.02872627429962918,-0.022940540598280146,-0.022929494695385792
5_2,-0.024364193225039753,-0.02140314544529707,-0.05077413361018787,-0.03820786118369994,-0.02139109660241307,-0.028399657021563243,-0.021093964650440836,-0.03793701773686894,-0.03916012087466124,-0.14469369717530262,-0.06904406390768507,-1.718689346049779,0.004881375964299644,0.0020592794919141056,-0.0005713305404810126,0.0008399427234513066,-0.003184902638377763,0.008697651069232525,0.00371068094576828,0.04613089067077374,-0.011109142621652225,-0.010762932081729319,-0.15988442523564872,-0.03859133573767898,-0.02451180719999569,-0.1047279757662757,-0.02593644434447374,-0.2573499629354728,-0.09193267332461998,-0.026196692533754395,-0.05836984597700804,-0.06951233332341414,-0.06372708674361688,-0.0014225308520807794,-1.823396009331469,-0.02110618697995232,-2.591708066118458,-0.047811603149745786,-0.02186956647828354,-0.0373605410447805,-0.04524166841662842,-0.015000724427178633,-0.03177948664295653,-0.028016163109105006,-0.022820102820939474,-0.022625781549348155
5_4,-0.024270479036413505,-0.02169675885980306,-0.051251660514694576,-0.03900708523477807,-0.021886426923102952,-0.02900133255496565,-0.01994094730047237,-0.037486125429452885,-0.03886214774576974,-0.14169661183942905,-0.07384732394551555,-1.6883023317590007,0.0005439229106274403,-0.001949674143690625,0.007144961518203902,-0.002160377052854773,0.0028070491898802446,-0.0033404420598182635,0.0002765204566381993,-0.05224236536180102,-0.005521250004300174,0.004288642957696648,-0.1588153545239249,-0.03994632887279492,-0.024117833884819466,-0.10737874913993962,-0.02768370823146123,-0.26270535646303245,-0.09207520271248625,-0.0015414015820843724,-0.058770834970526833,-0.06883807389611862,-0.0630702791611473,0.006237156846094735,-1.7685270956867127,-0.023072835717508046,-2.533861704404514,-0.04820446665062285,-0.02222852932352246,-0.03783544833580541,-0.04602004656168147,-0.015199871753878177,-0.03236464050902499,-0.028626097133331394,-0.023202924647589326,-0.02332619113180901
5_5,-0.024416180117274026,-0.021580939571373924,-0.050664684034072184,-0.03835654460235651,-0.021402005071473353,-0.02848390393896093,-0.021117583483013378,-0.02885936186922601,-0.040422110001914216,-0.14476002686922063,-0.07389070035203722,-1.6994708558943183,0.004985294298627597,0.00273768844699152,-0.0006899657897845493,0.0009052486688106918,-0.003422156955409654,0.00458973366639196,0.004081530267259403,0.047799876561202354,0.015346060257514449,-0.011692676295406072,-0.1610456521855602,-0.03876227479903795,-0.024403027826910156,-0.1046270078879379,-0.016221276042974526,-0.25915762680732446,-0.059947549346393826,-0.02731917382902299,-0.05836815895597834,-0.06797798050499593,-0.06355120826929729,-0.0011945883486218524,-1.8175757161130062,-0.025004703186332366,-2.575002872538657,-0.04797751805163519,-0.021985551419718294,-0.037645590923078516,-0.04547055433483821,-0.015179713128053197,-0.032170127469788194,-0.0281227872200795,-0.022691206270739287,-0.022110129833333284
6_1,-0.0013952550651531162,0.0013812970945096207,0.003940988375005261,-0.0059768102693396625,-0.00462093336486209,-0.0011018629524435337,0.0016739062485674556,-0.0036498789359349602,-0.0011441848079768969,0.12495340320946044,0.013203586539629318,0.10411154618139333,-0.011820719060977005,-0.01903847240154384,-0.025937491179301896,0.0036030881690986773,-0.026500405292377387,-0.03754638524062484,-0.020451712738966607,-0.12910538493878995,-0.013276239043461997,0.005036391054306131,0.001880891972849958,-0.024688704234760328,-0.012355695749368926,-0.18454099319353767,-0.027502143328642398,-0.04874797809479676,-0.07209519752528086,0.007716758459871408,-0.012014576656918097,0.015571228416100799,-0.02132199060729256,-0.0040578151769114675,0.1404836345853343,0.0065406968107679375,0.2017610147921266,-0.0032137352993169585,0.0009596327954897331,0.001995677463870577,-0.002135404433212187,-0.002047062414068625,0.0004498521723222166,0.001166517753197144,-0.001960567494901179,-0.023928432024697827
6_2,-0.0014660936441147467,0.001466136652365899,0.0027918022657973133,0.003197168244631461,0.0010977185741342288,0.004224479952465428,0.0006364731056783129,0.003967005259593038,-0.003442981960808394,0.14075782779111623,0.018853248616226278,0.09057443562070204,0.003794354208824566,0.008276270458205788,0.022626410269953448,0.011543297982269758,0.0030540715954385685,-4.567969933595066e-05,-0.013450012340773875,0.1718225642193152,-0.04646880183448572,0.005419281273751275,-0.04200156916442063,-0.026914534481250536,-0.010598696467057748,-0.18285295668012286,-0.0235960905926344,-0.09801315197733372,-0.055187313989347286,-0.09398612151429074,0.002005386523665894,-0.012899355109591384,-0.02386085505357601,-0.003497139712708079,0.14252307669233705,0.004878196550023573,0.17215166160809064,0.0015058267640939466,0.0027066680019090616,0.0011888250407927317,0.0036741594116508295,-0.0023741106556632143,0.0028006955155324077,0.0013825437587875974,0.0025949521113176766,-0.026764410318492988
6_4,-0.004771854480504139,0.0011043840712041822,0.0026601766117766265,0.0011930956518717583,0.0031699792559690353,0.0025942501656236808,-0.000421419876876539,0.0024381891885693783,-0.0052130355536004975,0.10347857117544682,0.008684595986165996,0.09244929483039845,0.0028270155305527554,0.002216046396934715,0.010422656367773833,-0.00750149409827985,-0.0006948697279794004,0.0014529341930512075,0.0050387054360494675,0.11435303293627648,-0.02181010201827448,-0.0019641867482828026,-0.054363279191582736,-0.02799099673404793,-0.009964926453929122,-0.19508235324246348,-0.027952310757867554,-0.10826236522354776,-0.09834449789461955,-0.018307958489789052,0.0026354362741159315,-0.04078010226973291,-0.02253941871042279,-0.009143297446797522,0.004977024127132186,0.007942976661685256,0.12423347091549868,0.0012178165896873073,-0.0003619898938801708,0.0011281906064903654,0.0036911986493508016,-0.003489705860553894,0.0019448533088566198,0.0011786090814353309,0.004804466253936719,-0.03472514754547919
6_5,-0.0024192060783315736,0.002157202438044289,0.002432110670481174,0.005420648965143042,0.00018885409973178188,0.003272580933167009,-0.00037426199962410064,0.0032000367100623265,-0.0012919317126546654,0.13024014143238333,0.014766676710262808,0.09443896597575273,0.00500200713848728,0.009199520872944672,0.0126972450697486,0.0031712296174427872,0.00548780610091956,-0.0002659464366990915,0.0024325688722209573,0.13805392082306947,0.0035218749903300687,-0.0007061100426103242,-0.0459560436455143,-0.030453155744117295,0.008192531139547102,-0.1657535664994862,-0.023659227192908073,-0.08544517681835148,-0.08923917416630402,-0.0605500559049724,-0.007525260528633631,0.01780159382132572,-0.018050382009674584,-0.004281203874044263,0.016036191380648435,0.008621219914970174,0.12665850187112326,0.0006105437027583429,8.239394467864477e-05,0.0013934504298795149,0.0041111586058801075,-0.0016096408193858696,0.0016828771155329588,0.001260662358703465,0.006888327505647973,-0.024057655211450108
7_1,-6.825902686178844e-05,-0.0021449064404687767,-0.008161577719946177,-0.008193415003437069,-0.00026902591673738424,-0.006714008771913787,-0.005340762331122042,-0.0048379694998505465,-0.017454700831303883,0.09720828739262156,0.008230878881085698,0.11351208448037234,0.003255873322120654,0.005829188063606373,-0.025476771931162285,0.0016699557665439705,-0.0006632618705011799,-0.0033066075162137623,-0.007955453379316206,-0.1328174000091303,-0.012870094731617512,0.005301622387135197,0.013143109172817878,-0.014711340561305793,-0.009545000901384609,-0.22115915097079322,-0.034861080384508046,-0.05463101484777065,-0.05114354491537173,0.008498482623963476,-0.023287827770901395,-0.030476622518875056,-0.023396634138642278,-0.005099801423780058,0.15927076480256805,-0.005166742946699431,0.16607887496749424,0.005184986325711096,-0.004276829596268523,-0.0022227784941969753,-0.008463618955747638,-0.00015141594632785,-0.004610144804804458,-0.0030239881719295613,-0.005930717437065518,-0.01324381764360354
7_2,-0.0005958533889599088,0.0010430919654585793,0.00343309609897669,0.0028958900073927604,-0.00375037674997321,0.00040146560530187475,0.0017110009148284186,0.0017399287741512424,-0.008697156283792425,0.09603302008804789,0.010503657847208569,0.10330472017263005,0.006299469755011218,0.005422926974829313,0.017912835853331432,-0.009082172844847745,0.007033026280969092,0.002499035745379067,0.013722872772380976,0.11839056151759654,-0.021152595323185742,0.0024117224887379215,-0.054144615092030404,-0.007849408289421557,0.007916100121400127,-0.18219782678948496,-0.02630610202866916,-0.10792800041228154,-0.1081269866665354,-0.0020460541169727425,-0.023382205049219586,-0.05425226971842571,-0.0003937176270316206,-0.00731947695542222,0.06645106271630086,0.01158513827789993,0.10904178229297869,0.0023762655092016208,-0.0006753982710250655,0.0016336603619458063,0.002269180628969425,-0.0018857619335626162,0.0015822147599067085,0.0018716095905966462,0.00473683904052791,-0.03331900507864747
7_4,-0.0043010495450461605,-0.003222154575497079,-0.0068857026855238465,-0.00933740204862098,-0.007096308845868572,-0.00020103475165904902,-0.005807664588268265,-0.004459609422340844,-0.00684886671404465,0.08719094780856015,0.0050047340553843874,0.12064740546083656,-0.03640977567549835,-0.02444089918219434,-0.055196540290253567,-0.007016734195141429,-0.0017669669580895535,-0.013574633127357844,-0.01160404434974766,0.07984734918984272,-0.014448747229210824,0.0031193663262758364,0.008850778365675303,-0.015193704799545314,-0.015148739701157684,-0.17978410795391797,-0.02805930685415279,-0.052552366533978975,-0.05601979355688945,0.003219684250371807,-0.03061348043622611,-0.059219269317218715,-0.034720012789050174,-0.011628673583837072,0.16144810957518224,-0.000829858662639052,0.13590392738290982,-0.006175134669865309,-0.004453140303799365,-0.004580567651748556,-0.01077572468257489,-0.0024674004579745227,0.00047719526423212986,-0.004233087798488211,-0.0066206883708002,-0.044791919207678506
7_5,-0.004314395087439115,-0.0025857068881976965,-0.008300685414540761,-0.00806270551468552,-0.006659039800716354,-0.007185155079972965,-0.0048333243486483836,-0.005412132598625276,-0.010852485936469458,0.09606738116751815,0.009768078458962041,0.12068200573726999,0.001949973914256498,0.0041443562593597195,0.009320402351201672,-0.01989486545703212,-0.003396358261928803,0.0041289350653419795,-0.006279874597905312,-0.16357321022130578,-0.02130987505617715,0.006731875347286254,0.006752155753266128,-0.0166485037021964,-0.015478665967248695,-0.19015658931474333,-0.03294626096990261,-0.05339487022239587,-0.054261799712202415,0.01026083410882808,-0.026166956848047127,-0.04477085391606285,-0.029419288064915745,-0.004921213155494383,0.16596211343197653,0.008228484932246271,0.17491609589602441,-0.005763683123722081,-0.004399949202001818,-0.0031332513273486635,-0.009039209643107874,-0.0026962547877074187,-0.0050946141139092994,-0.0034393869219615444,-0.006125316617134698,-0.014855395439742387
8_1,0.0014330701469418591,-0.00035310131582542216,0.002995352960387502,0.0029602686848276658,-0.003279012140372976,0.0005251867648431893,0.001733252362558005,0.0048450821781676695,-0.0011123631741408247,0.15379882197117953,0.02184920390691804,0.09754244234542359,0.007833682185686546,0.006191229963024454,0.019082985261208954,0.0017242817291657534,0.005836712928544248,0.004745772553160614,0.012295505475133346,0.12107955837570385,-0.021448390840991302,0.0062083474760799276,0.011963660766004938,-0.013209395636740706,-0.010954175267081315,-0.16482781792569018,-0.021727285141144893,0.0375303363754174,0.011525871176105791,0.012485369304300234,0.005502555806582436,0.028998149743505827,0.0134742719894689,-0.0013228229506092703,0.13597699378763292,-0.027370262669561215,0.20498524507783777,0.0034157493683207676,0.0008637269242155152,0.0021668206362674457,0.004591395980364796,0.001515573713083384,0.001615251811052155,0.002182563683038656,0.002454388243386198,-0.022271938694513566
8_2,0.002647964872885627,0.0004254550836637111,0.003016154999810179,0.003006231445709762,0.0023411140937599417,0.0009085835301863257,0.0011667439456538537,0.003946572902489398,0.0019832389601830177,0.14788507716813398,0.019283993785771412,0.1001573866103365,0.009795980750828593,0.008325052780248955,0.016273086319749983,0.00889079194174778,0.007653120773101051,0.010212558398160045,0.013792128138051921,0.116233041052578,0.000676406230859573,0.008213370104626186,-0.006017675494043987,-0.02353729284000384,-0.011451328639191745,-0.16651186842091134,-0.02183203736486918,0.04253871079312159,-0.028488705903502765,0.009695009212997995,0.0017345406728155994,0.0402762869790729,0.024151647754730086,-0.0038652977500570032,0.03954564397320499,-0.018348087655861305,0.14028478400311864,0.00240292040213032,0.00043540069560049155,0.0020337551549105136,0.00451752618938868,0.0007853511127425686,0.0015390507450223458,0.00277632371582578,0.00283749171335031,-0.007539025973879733
8_4,-0.003977211299538134,0.003386895845887386,0.0034391993889123763,0.004647624836826157,0.003940449953156884,0.004064802696203205,0.001317862392616168,0.0019474230135686284,-0.0021103504011409533,0.1500208614068358,0.021989180370464156,0.09600313326530283,0.006920319059462174,0.0052465686504075786,0.016659577360905373,0.006380315159118441,0.005160409848244637,0.004725031696381802,0.006428368936495583,0.11219804458797546,-0.051519223968344977,0.007663335929570343,0.0024655303936981497,-0.032709756785087245,0.014100632808153836,-0.1744880719541142,-0.02242341461358438,0.040904942823811345,-0.013655469546023652,0.00730945987444811,-0.007197207136295451,0.038786312566961266,0.014776941653923651,-0.001961608097379096,0.045841080624836945,-0.016809376736895625,0.15528090458723848,0.000548553067520791,0.003178543589257773,0.001027398555021365,0.0041565752596735075,-0.001248346603744729,0.00236287242777193,0.0013794146442943306,0.0007383816012015327,-0.02445368915894799
8_5,0.0019547760180238264,0.0019265192049672834,0.004634006388919706,0.003332341328103071,0.0019231703926165437,0.0015585576257132916,0.002847964389500516,0.000341269981847359,0.002600672292562168,0.13270131197872131,0.021326762739570067,0.10270059994692984,0.005105667578879042,0.007318610726925012,-0.0023191430136110594,0.014766805359893876,0.005576924111234665,0.0008067017329626594,0.0037736844159848965,-0.08346686879872108,-0.007410698264621334,0.008730235564030407,0.0019071019651870835,-0.02412327451062545,0.01624988807664221,-0.17765676968106606,-0.02533696265165497,0.05284950489768963,-0.03078565075966369,0.01863264966726901,0.0014315993611309491,0.034419969467137275,-0.010329232600136927,-0.0027989830296714572,0.08389120988725417,-0.0035769116404521235,0.16323851054960253,0.0063887107213750835,0.0011842991100866123,0.0029622380592890614,0.0017220230325574032,0.0014084701567433481,0.001567193722127278,0.00344440361148427,-8.274084298314654e-05,-0.015290281819074013
9_1,0.0028151801868364274,0.0010119529070117188,0.003467666471600396,-0.0049194651939048345,0.005113983872923459,0.0009579755180611306,0.0020039855837170038,0.004274049327244872,0.0019141052189481156,0.16091439427269616,0.02082691294647255,0.10680830959437776,0.009154805454965206,0.00998996663124046,0.023337580597004706,0.0033164627761609776,0.009742399420761013,0.005372168740319969,0.014577425960089388,0.15324146167041228,-0.008654759757809584,0.011547245367376611,0.025200703709406552,-0.007916602303976067,-0.011718004945024996,-0.15788847311292137,-0.019902823884250048,0.040002551839879386,0.020524112392791605,0.013998017315342405,0.0009612100662964332,0.030627908165751335,0.02209691107732967,0.0006776062855007455,0.17532950298871317,0.050178277055431424,0.22815693671405374,0.002788186450732207,0.002161256914752914,0.002947024128415978,-0.0010106907460050055,-0.00010231828346027755,0.001423838479856816,0.0036956937963936176,0.0024764639768054676,0.0038394908026416954
9_2,-0.0020372983509575823,0.0007175193389985233,0.0038380524718844016,0.004094647826180667,-0.002380943388795443,0.0012840163093964126,0.0020292971870609355,0.0038312507199044707,0.005512551921012795,0.1541299657594257,0.02386763210432939,0.10236028154079714,0.006244687589368441,0.008081337647436458,-0.013608925502257483,0.009476615724618116,0.004606426974304433,0.00517756301170455,-0.0011605273840008977,-0.12208955445959443,-0.011741898417388662,0.008547326300533052,0.014235847974389532,-0.010331760063328841,-0.010755563673400446,-0.17658649328607587,-0.02320487036060043,0.03830722035223074,0.011375892448552803,0.01766976932060198,-0.007626723996381429,0.03235517135011349,-0.00010840041788829612,-0.0006031677338360273,0.1441610040087092,0.0100830375392204,0.20558213572116682,0.0008172290899316064,0.001395037872070375,0.003076778156524676,0.005658498846086519,-0.004795164570467248,0.0025276915616312453,0.00238876626009238,0.003846274770629484,0.0012936161067787424
9_4,0.0012363618851044182,0.0002305122623288568,0.0032931698986056693,0.004550189829627207,0.0036638815995656236,0.001028390087621066,0.0014685281975103058,0.004936823224447008,-0.0006905817159436759,0.15492428314613127,0.022214980296418822,0.10025957715169495,0.008647719616476698,0.0067199597431575305,0.019862865663119268,0.004282420599787874,0.004641045551977975,0.006150741519661827,0.012895813467775482,0.1332041950579615,-0.020974852624198913,0.008923885385486423,0.019792036581941997,-0.00800716792266283,-0.009429359400418783,-0.1633652449981232,-0.020643064277511634,0.042732886180394974,-0.002578088497883597,0.012209470650901793,-0.0006626089002780892,0.03522117619515394,0.020719520776030186,-0.000689080413215751,0.16628362046664014,0.037338733951355174,0.22037139557415986,0.0017170874674074508,0.0015378338531867866,0.0023216502328285748,0.004584976871446934,0.000750528997073373,0.0012491010212784743,0.0020582532291191836,0.0037007214460829155,-0.004026722174050386
9_5,0.0016506734585933637,0.0015787810181574142,0.0031545243104399044,-0.004526116711889534,0.0040892563022482025,0.0006470602259390708,0.0015006390255405278,1.1089362621949919e-05,0.0013352185463673812,0.154244694059325,0.02067422554394385,0.10586563363318068,0.009762317855281427,0.0005454463163982492,0.01969834760125194,0.002817599062353011,0.0013107001288900435,0.0029765450763043857,0.007998742070461062,0.13516351092442552,-0.021995880538667214,0.009907440210438278,0.01967024532449054,-0.00833458874082037,-0.009218612758296451,-0.16654477190933917,-0.02068660160979224,0.03727377729265073,0.01481471098549511,0.011692703497900997,0.00044760713445123637,0.034540964843144874,0.018681496897073775,-0.0005071564828200638,0.1677478606236973,0.027133822944372152,0.22828652303053767,0.001954661839459708,0.0012699319956866603,0.0019048371866503208,-0.0014827402789598467,0.0009205316400098104,0.0017626404837970918,0.0021193261560175265,5.3691892004006335e-05,-0.003295522863606994
