,0,1,2,3,4,5,6,7,8,9,10,11,12,13,14,15,16,17,18,19,20,21,22,23,24,25,26,27,28,29,30,31,32,33,34,35,36,37,38,39,40,41,42,43,44,45
10_1,0.0025306897774934286,0.0005354293500836274,-0.0013910378412784767,-0.002790472882573927,-0.0037988583803390905,1.0788171559874673e-05,-0.0013950034552572183,-0.00015675974943944997,0.01328667020550169,0.6803185610112136,0.5399604485604198,0.04765895515518325,0.0007631748249521013,0.0009908360412147438,0.008818996708141182,0.002814412583631951,0.000760996659055316,0.0015135683709587094,-0.0005044940098082354,0.007000618893583432,0.015006319697912988,-0.008151489037336188,-0.0017944539297112415,0.4102376889025018,-0.007895424305670286,0.08976015486450846,0.0463983456043077,-0.0005534636701428974,0.00445476842021383,-0.012561897828144387,0.001903506811022136,-0.013045408946663105,0.007257067188604756,0.007211067926088113,-0.007752196646509691,0.00927355257760326,0.005280424060033008,-0.00034742342401467816,0.0006108106930812117,0.000822475318649526,0.005594995202691992,0.002683271698270251,0.000118530592028372,0.0008605272295325135,-0.0011324116076898848,-0.01706596057643864
10_2,-0.004109684558477192,-0.0033092453839623135,-0.004433863407749128,-0.003913114472955032,-0.004725973130491334,-0.001463950897176866,-0.0032919275537081415,-0.001606316600623826,-0.0004578400548426946,0.45333522207476823,0.8948420783378739,0.0433157263550156,0.001768866707698314,0.0015895446483324884,0.004271224535322447,0.0013545962250856936,0.0008835425629957345,-0.00018364306175868228,0.0031052516727531924,0.004118951789642796,0.00906650591533641,-0.019850949062151357,-0.004706197249657648,0.3826930003636814,0.01204963905666352,0.10025636872154964,0.13368653930384147,-0.01116572589278906,0.010274705343983549,-0.016888372922675775,-0.0023337400911556316,-0.017185139920551245,-0.00035290414185880516,-0.0012609475430579952,-0.015744881628238446,-0.010576084134576653,0.0023630806393268233,-0.005583872583219079,0.000112421739973833,-0.000290757823685544,-0.0005220295714523784,0.0008228557316237329,-0.00208586762066131,-0.002101674611121127,-0.007069411859375785,-0.02771063580816633
10_3,0.005624990689627966,0.0013573396170147149,-0.00042675912244115045,-0.0018985886702259146,-0.0007379560570823795,0.0032736868886282006,-0.0011664105504929547,-0.00020407362876653757,0.03280667926902591,0.25605243462261357,-0.029915779307247523,0.035010627203248476,0.03824292588859532,0.039022043046787455,0.04827293705240121,0.03776973089996329,0.031517417812408945,0.05150365296958461,0.0318892587371737,0.060563162273043314,0.004509985845707493,-0.010156704666025373,0.019200410346084676,0.3735559927262406,-0.002925939058952375,0.10376672252558589,0.015194732309195397,0.010006864877516545,0.0009638570824622198,-0.000912453177721235,0.004731955927773625,-0.00767128811396584,0.009014741580429612,0.0047616799075389255,0.004014574434350662,0.05180540269086381,-0.03128030092746016,0.0014037518183080725,0.0003583486024089769,-0.0005083399821647675,0.005528292291530718,0.004669351519072099,-0.0017560127898097748,0.001390273952229981,0.0016980910202041258,-0.013976513111268232
10_4,0.021152085715038432,0.004697939568567278,0.0028557508188428947,0.003858235294328918,0.022555238213190415,0.005080948763190205,-0.00317527344981584,0.0020314594286301407,0.004597307730073763,0.610535366253099,1.0549005341006608,0.05514534326468191,0.001776175235349407,0.0024268853826673537,0.006718167079053293,0.0023619463837996468,0.0017198740446881743,0.0002485365877027773,0.003175414415184927,0.009094681552483766,0.009528789255677794,-0.01620275315256813,-0.013092729754841525,0.45319787344973045,-0.007448291114480794,0.09252532021706478,0.18314137377650555,-0.011352801786318726,0.0055151414487813214,-0.017584659285680617,-0.004556675758583641,-0.028318742483576267,-0.013762997010803368,0.007795655543073355,-0.015505926175947964,-0.009138254326021864,-0.004502999542135393,0.015534397732868127,0.0028345173823373466,0.00010512248315237769,-0.0015371747815646755,0.0070586958011830585,0.0026783045822915894,0.002793835597157251,0.005056665657886807,-0.027272283242858394
11_1,-0.020821171548977068,-0.01767367255727305,-0.003264713162258834,-0.002385002071390361,-0.024915718569114953,-0.00999836884144774,-0.004391726256377493,-0.00206078635283362,-0.023190162809293886,0.16073963242071695,0.580850244623375,0.032519148300323694,-0.005392639344162876,-0.015020743692285534,-0.007054708190394321,0.0014278086534197272,-0.003471414551414347,-0.00855728702565839,0.0011601616084017082,-0.014554737594956357,0.012546955179995233,-0.022660703686119468,-0.005382046358066913,0.2753846614147498,-0.007982957209719402,0.07579811554182146,0.03769935820090731,-0.0018262424884793959,0.007063989673353077,-0.030017509082522695,-0.000454333551186978,-0.07842032163867432,-0.04374740480636865,0.0022488274176890627,-0.008581282379497143,-0.011411021982567805,-0.005088744108719177,-0.016267530906150292,-0.010646038871166616,0.0002924127795954449,0.00019877491617683717,-0.017984624365595902,-0.004992901100839672,-0.001427243512039088,-0.0016288398385390977,-0.030100804617418746
11_2,-0.010886735223493324,-0.00012926993109571664,-0.0005714826554118075,-0.0002857452611079291,-0.012848677946458923,3.176062626031207e-06,-0.00039122643589365266,0.0011711411439895643,-0.010483011598571604,0.1820053286019568,-0.06482014784467727,0.024564711298521693,-0.00036202826945955154,-0.0006567111374277288,0.0065679846979723525,0.0033442116059526432,-0.0006606117147516233,0.00036274904493070975,0.003852832612297178,0.007917056978942025,0.02011797081319557,-0.012116506798242714,0.005271657147269128,0.30316880986249,-0.008879848153886118,0.08605442944692614,0.022136727253338203,-0.001607080313729144,0.006083679949198637,-0.004422458073652194,-0.0021020497910360448,-0.061837981501784225,-0.030443055465361597,0.010325474889025984,-0.002904060917474665,0.005639105021969364,0.016966128040558845,-0.007277999517191375,-7.283159513981621e-05,0.00010543950272212503,0.0008654647994186361,-0.012771452438213825,-0.00022349698033439824,-0.0003368130483682544,-0.0004590544869766505,-0.022057355256396113
11_3,-0.01473233779443319,-0.01584435793566931,-0.001290680723573386,-0.0007469441547203598,-0.013351012977742983,-0.0026799746505458033,-0.0008482157212225281,-0.0025406595597749194,-0.020240682961036472,0.20687151153709407,0.04220560102995154,0.043093887904338365,-0.001421764522318868,-0.0006256120014884906,-0.0020764022017651256,-0.00047700684170921836,-0.000869670554182318,0.0015268428365183882,0.0004370361953527287,0.002953836700406433,0.019732386602940896,-0.01571160826975421,0.0021068748772696926,0.2942678598767102,-0.01030659056357219,0.08316730486398399,0.045260688878656655,0.0008693080989973162,0.006770237064377679,-0.007636787445738618,-0.005254745837873942,-0.062415865552426376,-0.033936219201572,0.008972109029369797,0.0012668583852370875,-0.008146254976625111,0.01357981596719316,-0.009636098798660304,-0.006528383575921984,-0.001420198165540489,0.002969082784381693,-0.01430018477769044,-0.004924554159908732,0.0006638067240778286,0.0005958254436563191,-0.021082474415780244
11_4,-0.0019531964688366816,-0.007057676989216696,-0.0008316399629531308,-0.0013098234474181022,-0.005668516144033218,0.0013165483546056372,-0.0005952633715782652,-0.0019643926233118424,0.010085240990152464,0.2150390083747294,-0.04774310835910175,0.03071054460077052,-0.0004492386380508829,-0.0010559353600112593,-0.003943907712707719,0.0008781973612028355,-0.0034461754355982087,0.0001812536816244337,-0.0004573779334586721,-0.0010102178678581748,0.025653712194807745,-0.009138989667062655,0.01980917223231094,-0.03408936180924102,0.012152420093634946,0.09730141623925288,0.009883663800908262,0.006981886620820195,0.010263453842099776,-0.0033148981276687225,0.0010218155527544873,-0.03127127553783818,-0.0038451986993174436,0.01485510131037211,-0.0033188509443925654,-0.004289629710889148,0.025342379416454862,-0.002260607577075964,-0.0014597950112187218,-0.000572347718742203,0.0028451658387348452,-0.004312543649267657,-0.0005442707663822776,0.00028115209433909275,0.001981256048328498,-0.01843314361053249
12_1,0.02187769113731298,0.0013870408322570365,0.0035503178797554285,0.0030915476460457755,0.015805858124765863,0.0050781575156761925,-0.0032980866367417756,0.0020931861763378006,0.03138075235939315,0.8461047399774204,1.4222094222779442,0.11493719892143849,-0.002250645879538468,0.0022438311071749685,-0.002069541082903076,0.00028020435983786517,-0.0014693795866535934,-0.0005173723169706042,0.00040164149902439104,-0.0025869091540205785,-0.004775728581001776,0.031938369664874997,0.011590610154388229,0.6241326228753102,0.015208436690276623,0.16788757340319227,0.31157715202026715,0.013980402503116463,0.006236556023514438,0.03665865608652742,0.004885074555983004,0.04875207947289854,0.028796185663209264,-0.0020242560936853168,0.03832339452774744,0.0361361361668544,0.08209662221397956,0.01649936288754896,0.0028654399484692073,0.0005730061067027294,-0.000988959692365513,0.006948083554280258,0.0030106631530682866,0.002911203348767015,0.004162489750175671,0.02617365212683789
12_2,0.01948563657109442,0.002934068470587188,0.003129276548672147,-0.004326944508569524,0.021275285570833143,0.004350489940361258,-0.0016899693133941693,-0.0013094141600718014,0.020794849344121635,0.8141115235793916,1.4107036753942686,0.10788049624810996,-0.0017663387762195492,-0.0004344729248064052,0.006455756362189506,0.0025880919154198374,-0.001048540610972588,-0.0003892973467251779,0.002125844505,0.004474766986271006,0.013599539862794273,0.030598768377975587,0.010363363968950734,0.6293574018994075,0.014371051981966804,0.16215703388034924,0.30983107236926166,-0.00473077898623536,-0.0064648475911299125,0.01841376250468879,0.006305028405419688,0.013566041607542621,0.019464316533852544,0.0023203809612582717,0.023347892228648148,0.03205676293477002,0.06459670717082903,0.014434528874988384,0.0011342708562798603,0.00043727872044851794,-0.000566622961759398,0.005998595336593884,0.001956172122705678,0.002852040975004894,-0.0007342735817900202,0.018953188844364355
12_3,0.020770008273366183,0.011443253356405286,0.002831003032617427,0.0044926370944769565,0.02196481865731305,0.006515051658130614,0.004702260645294733,0.0030783445937160856,0.028482129502565554,0.841546639391533,1.4093795653514867,0.10866497978282247,0.003615517214741554,-0.008266558791209948,0.00070877344377403,0.002685726983219158,-0.0002910012493086319,-0.009791405105242146,0.002310427638455141,-0.00373311875844702,0.010671142121430385,0.03185933309414019,0.013512100783918752,0.6278553852178854,0.015064809926756347,0.16981929513208155,0.31590580604917634,0.010466979358113804,-0.009181016386638,0.029908104072538487,-0.0018546248527508058,0.05046912871286611,0.028749310032397935,-0.000644824048991333,0.02947323058275218,0.00614185855810763,0.07015672581878744,0.016631910761032324,0.004226342051037225,-0.00019798969752737243,0.0044988425000268605,0.009255710848832496,0.004637643423627631,0.0017876915162278529,0.012154077542809281,0.02223855763327714
12_4,0.020438841865828027,0.01020421849366891,0.002805080095221818,0.004798186999252759,0.02164355191642327,0.0041591100518834,0.004278254312164379,0.0032912437355007095,0.029444665997133333,0.8376616618570932,1.4134120866625794,0.10909458552385862,0.0011796620862544334,0.0006273510367350861,0.0018779904362872803,0.0030517599562093593,0.00017630970118929042,-3.986201737236206e-05,0.002055760085189896,-0.0030283601330652952,0.01102084914485444,0.03204839330957286,0.011466644270278754,0.6253105216087286,0.014590544272916142,0.17374801395415368,0.3081948533954293,0.013789244020939074,0.020780141724627176,0.030708294734665978,-0.0017137818030756174,0.04885228366548311,0.028185303259251736,-0.0005340904085983172,0.03267267342589281,0.03264365637117357,0.08042585339838117,0.01564102816982822,0.0032668446106120168,-1.8729166237343847e-05,0.004555734093012972,0.00803548663706306,0.0049249897826814494,0.0017432330132748064,0.012245232097419366,0.01960067051001778
13_1,0.001796110013153215,0.001033572820437439,0.001570000941122016,-0.0004781798958253771,0.014985990939892545,0.0006509378216355714,0.0017466874890378187,-1.3111373051418333e-06,0.003852777978583328,0.30503260804231414,-0.07343118647360634,-0.012386963851719213,0.007160745977925212,0.0013333259523490603,0.015836711065067975,0.007595897220948143,0.0037668405967104723,0.00017337533223974792,0.008254896682143858,0.00966828499554202,0.002582022574508998,0.04871837521865635,-0.00423633660674817,-0.0673895803929809,0.004952363715551354,0.07662562913591771,-0.0141046421645223,-0.0026512815408877488,0.04017189005151149,0.004055471737701978,-0.015633205557086704,0.05294741955832665,-0.0071252414949806,0.01040223424626549,0.004230411892410294,0.0007144427072388315,0.05155095410015902,0.002184147288562227,8.52475686872598e-05,0.00028313323273333773,-0.0005797661415241606,0.0029212893057599426,0.00020766937606101732,0.0007603930933772964,-6.633937684345979e-05,0.12131918290289538
13_2,0.0008197089105494225,0.0014437505155092962,0.0013597305459787108,-0.0008452312073062416,0.014248527426519433,0.0008063078516274265,0.0019140368060461808,6.290579520437844e-05,-0.0008132628099250135,0.30022394129198826,-0.06866658519958589,-0.013421533301537449,-0.0034268620987793,0.0013934538823671592,0.012677853532120524,0.005781262069801752,0.001861725771888448,-0.012817465247588256,0.006375149830797174,-0.0008780449094990741,0.003979134985249956,0.013064170068796229,4.5034187028194584e-05,-0.07085200505915686,0.006094752664961076,0.07093793563977131,-0.017007435944133502,-0.0037462612573236076,0.038647977559595176,0.0057043868732157945,-0.01569584743466161,0.052019155566800375,-0.005876349337887612,0.011871117864904098,0.005971944974547584,-0.0005178921689461993,0.038544184011135775,0.0021976969078403882,0.00030750411553508275,0.0021696020613740123,0.0009019802990128129,0.0024608540143956975,0.0005808508038484696,0.0008573590842079132,0.001086504571498257,0.1639701085138606
13_3,0.0012442942713397753,-0.0002192539817087537,0.00022314813858860785,0.00034422498978016827,0.012616144642194058,0.00029557847366940227,0.0012419100770546948,0.00019010379455442397,-0.0031364195622570184,0.2416088539469518,-0.09367790591795572,-0.01149313874834873,-0.0006154708387143035,-0.0004561283979827938,0.014954384863599225,0.007616557826165741,-0.0023082921749315974,0.0017665733025212312,0.008334606569686159,0.01209003284223791,0.0018176487244504025,0.05695464680179215,-0.00453002386741238,-0.07299300635210751,-0.003184139733412576,0.06347973792569571,-0.01936919980662476,-0.006802425577472688,-0.00696845428540713,-0.004343997828908604,-0.016732850048643024,0.036042051524231476,-0.010459483358496061,0.014068773850630401,0.012525391062440508,0.008943974205424638,-0.18884922814876212,0.0017894403690792032,-6.312165035214706e-05,-0.00024779944128521653,-3.8985401793487526e-05,0.0031047408701718906,-0.0003322707832830015,-0.0010609732223505017,0.0021663579960256646,0.19776448780081923
13_4,0.0009989744011925364,0.004508466510112035,0.0012964525402391783,-3.744293103638876e-05,0.008500358105348726,0.0015770292906871182,0.0017965378778863686,0.00014850572358739356,0.005156319932248489,0.3204480653113472,-0.06938432710150608,-0.013069324713275057,0.0023914349409336084,-6.82452566801497e-05,0.01621853103381343,0.0067476805773575895,-0.0011296404411060834,-0.00043530104512227535,0.009119407989853594,0.00844349023926957,0.0016302723003558648,0.035174252584568994,0.001608206438153963,-0.07009445561883892,0.0043041270989196325,0.079910241357795,-0.015603041435333522,-0.005941454379494788,0.03146916580438349,0.005489385947525353,-0.01600020219965126,0.04683031274717779,-0.007453474074995266,0.011389674522651118,0.002210901964416851,0.0007047886183448043,0.054178353739156096,3.935729134754752e-05,0.0025359695704020423,0.0007491896178892759,-0.0008133342822859541,0.0032805801955506334,0.0019078212902063267,-0.00015442003437018766,-1.1645994940213333e-05,0.14731807950211007
14_1,-0.00037071877538528145,-0.00226447011227706,-0.0004768131618987753,-0.002287719702298559,-0.009235984411432417,0.0005914171554258805,-0.00025878127655815905,-0.0011617153203056978,-0.07113641162672542,-0.6375706359969129,-0.12283424526407098,-0.015619218480068893,0.0023458243606147037,-0.00025183504260918745,0.009999368587620672,0.021490512550810022,-9.755643486644765e-06,-0.0010375287176965296,0.012073489791955012,0.0256614312091265,0.006684660554466041,-0.009425875480358411,-0.002099776647137952,-0.11219740554515509,0.005283005543663378,0.06785172306646252,-0.04494101027030525,-0.0057627481475421944,0.0019012849295337241,-0.006294743431548454,-0.06243951544691965,-0.02123334609732576,-0.04292190035885741,0.00036761547692767174,-0.00021233901380561125,0.0022360232350143758,0.03244369737928692,0.0018516865252843156,-0.001588271315344377,-0.00012012941284883867,-0.0012039830183425801,-0.0008181819704463887,-0.0013894678195421626,-0.0028169574306846365,-0.001182408230499617,-0.015617680472518231
14_2,-0.003690573873626727,-0.002937046162640379,-0.000495435303995871,-0.001068001936012423,-0.005669759117255586,-0.0038543302646575146,-0.0008773013077531285,-0.0003360551006574513,-0.09030252176846656,-0.61537500539966,-0.3019181878215022,-0.017829549873028802,-0.001016253056172311,-0.0006996682745392429,-0.01400396403237213,0.010073806223441988,-0.00126555752164995,-0.0002639370874011684,0.004864274999859239,-0.003170598776240844,0.004834055004566357,-0.004865948537445364,0.002638552631248169,-0.11591811598837365,-0.014173826918463996,-0.1272369023349887,-0.039128058449099355,-0.0004644399013652469,0.014923738704265143,-0.00026250306927693833,-0.07255411343390547,-0.028400164157554073,-0.058026221506748445,-0.0013607696798402244,-0.0008865947201542551,-0.0017219306850283556,0.020460666291549964,-0.0037091322065349085,-0.006117676477292017,-0.0003169643339740512,0.00038975185423634966,-0.004241163661468967,-0.00501447196094241,-0.002438621655717407,-0.0012831055580574883,-0.011739147827642177
14_3,-0.005351449784804091,-0.0033508001613487726,-0.0008001488424511593,-0.0016879787727009992,-0.00728901274543643,-0.0033008795516306934,-0.0012917304062432101,-0.0012101878086391079,-0.09070608728333501,-0.6317356224519204,-0.3135794594726748,-0.019278916961068454,0.011983021141823333,0.005313616776389609,-0.014857582181937553,-0.0025166913570280397,-0.0019086464275713888,0.00017939364748677586,-0.006676267898495841,-0.004660411487265015,0.0036682478484192133,-0.006584236809322676,-0.0023078523633827965,-0.1178805246306058,-0.014432217253127912,-0.13141792866013205,-0.049989947387299775,0.002398795565924338,-0.005577366409963182,-0.0033147425637609362,-0.07976562325425736,-0.04200375930750238,-0.07206422818986602,-0.0021987507601858173,-0.002751579408340032,-0.0018806601893101606,0.020820939814209502,-0.004647277541926895,-0.00603706657639618,-0.0008109146777194567,-0.0002988710670391308,-0.004603801478378607,-0.0045719459711274085,-0.00267682702372362,-0.0020985324926413402,-0.012176492072897028
14_4,-0.0037777463611470127,-0.0018029767780006565,-8.630668843298593e-06,-3.7833392354785924e-05,-0.004819775399332275,-0.002749386888756598,0.0013264062771343277,0.0003556148168892582,-0.08114889277654476,-0.6448969446082233,-0.319499461537035,-0.019526694917186484,0.012050855931319097,0.012623877986863706,-0.01210186905903758,-0.00031951178671676256,0.009626109001062217,0.017715189989576878,-0.0035424201103895214,-0.003613630957165958,-0.004773734366976951,-0.005755353993448285,-0.003678381360841798,-0.12169752271733596,-0.010699496977312194,-0.1325893484312802,-0.04548780367122827,0.0027441172122253973,-0.00616101101164294,-0.0018581154837018575,-0.06824607725312419,-0.03567320024397776,-0.06185774917720714,-0.0023807622523697117,-0.0022309922424679266,0.001480612044224903,0.02133070705600117,-0.004217567794760871,-0.005087555784620579,0.00036435392115384936,-0.00011834896369957648,-0.004265229067665723,-0.004015990457129725,0.0017918696943005183,0.0004475002148252962,-0.009978022312262153
15_1,-0.00018092903681371178,0.0029732811412603436,0.0019512192140595627,0.00023378811581182377,0.005717786427304366,0.00038447487281120216,0.0017298580824731589,-0.00028303052731004874,0.003759601720545554,0.27565523877320575,-0.0953138163931091,-0.01557841295372371,-0.0023246581730891167,-0.0020818023566550685,0.01711930265076416,0.005355635976749625,-0.0033001460092618763,-0.0024539185756006785,0.006893535887723004,0.008376768739522564,0.0011827889055252062,-0.01056096611103504,0.0035962023829664096,-0.07365104529092033,0.0004027286229210231,0.0635668817857428,-0.0207744574298384,0.013032374126200844,0.008900522023808017,-0.0051778476351639026,-0.011566956968262945,0.0408742517779225,-0.008985506892527903,-0.0036058666570845336,0.000988070140959868,-0.0025784230794554225,0.05475839208425835,4.11318611814496e-05,0.00010317603998418003,0.0007175633359968321,0.00037939689739964895,9.219241003430722e-05,0.0012473728681710128,-0.000739899549730737,-0.00042619016273484514,-0.0263170959984101
15_2,0.00012972231071646967,0.00289885231108652,0.0029418459354687556,0.0010723937841508652,0.005586242492756203,0.0005421527237020013,0.001914799719619698,0.0004954622169582382,0.008967784207291472,0.2618248075863251,-0.09114606920028959,-0.014191873201304928,-0.003481599881211016,-0.00035179952750182827,0.012690699494141526,0.0015371983599359424,-0.001749936335132984,0.0008573506868830502,-0.0036599019516324566,0.0022870246538977653,-0.005795128322600421,-0.0071607992273510085,-0.0040185820191249244,-0.0923207860230659,0.0076306587332256775,0.05357205295202148,-0.03023795020299812,-0.007896042305421989,0.004306504559974601,-0.004125609693530174,-0.011471888990557377,0.03990539456905887,-0.01098471097631463,-0.0038299566546293514,0.009053414406369236,0.003534822860522524,0.056319266741161875,-0.0003904656579266728,0.00025082624593540914,0.0003384942149901268,0.00020768497633613504,0.0005274721014499014,0.0019975851641264863,-0.00055435425268757,-0.000738778886235077,-0.032808132614514804
15_3,0.00012965731224840919,0.0034302928028391347,0.0025615745146968035,-0.00020782864801833248,0.0038617530317825908,0.0003826194531375905,0.001696568406861108,-0.00027341157075442803,-0.00241794041413585,0.27459055589352555,-0.0897730098964933,-0.012443128577109185,-0.0020088916371038827,-0.00026615495023158255,0.012246005603874371,-0.012906060804807084,-0.0014958874292293996,-0.0008133328528586872,-0.006540923130195692,0.005259862002652542,-0.004637652645814462,-0.006963673650037955,0.0011153563517189895,-0.09647435481751052,0.005969803364226633,0.06603384216084779,-0.03339594889855073,0.009914075546594955,0.004253841942276253,-0.0012359416458322175,-0.018171032360290818,0.03711785977295655,-0.013547321389090754,0.0006344546700519198,0.004402392111329191,0.004726365400100823,0.051249759182763616,-0.0003145648706082263,0.0007902608713984699,0.0005716877610805645,0.0004951584839179828,-0.0004335998745883546,0.0008063723798192573,-0.0002717901704064057,-0.0001686453185027577,-0.02532685059303952
15_4,0.00010418294201556431,0.002880899893434307,0.0025288339670188347,0.0008609143879521671,0.005752249937868902,0.00040749576573023775,0.002032068105563912,-0.00017585584455996788,0.00553485366562425,0.2747162447926361,-0.10201263127278583,-0.016985650255985384,-0.0014443205480616375,-0.000579520049105701,0.014762992153904276,0.005353613130555864,-0.0015242616099896296,0.0006336804005112859,0.00799313665685214,0.006637107062615879,-0.005823626604157123,-0.00717858738644541,0.003820560759959744,-0.08074879034350042,-0.00370487940967613,0.06243599895558576,-0.032469068712750335,0.012044909538005057,0.00515484140279782,-0.005104600761517218,-0.00974723925390466,0.0395543333057894,-0.010119819554795333,-0.003294546333711476,0.002305534365716466,0.0008759940684936963,0.05642496671442752,-0.0005710302740655281,-1.2114327705387904e-05,0.0005755606324681846,0.00042659795825257345,0.00031658279455414816,0.0017656997687382286,-0.0008907711329175775,-0.0003210009187574324,-0.023506940852994422
16_1,0.0008814822724881522,-0.004315284909773739,-0.002406991290972339,-0.0020241126061460966,-0.007896761996977149,0.0011035760938409253,-0.002409831224040274,-0.0009204663215191842,-0.07762252230135659,0.13218529829884826,-0.11357284093686575,-0.015132561280819056,-0.0011407028928296003,-0.0013335018251050827,-0.00720692144787191,0.0009040100202315789,-0.0012865558572961544,-3.022579549124611e-05,-0.0009712329814700004,-0.00690034507293717,-0.013979660803247567,-0.0077048059242664545,0.002763034617850675,-0.08151239145345726,0.004458968543620974,-0.09081458481616343,-0.03470749472079487,0.004441251490278095,-0.009466814269092762,-0.0013533500895094154,0.004402756718217059,-0.04484733084669777,-0.0004139488786923952,0.004496968120157752,-0.011029695005015718,0.004372900994662905,0.03327074037726922,8.206884077968829e-05,-0.0007222692062900623,-0.0011520815300502451,0.0014995171679487189,-0.0008912171043305542,-0.0013684210859831356,-3.163704317063172e-05,-1.562500907266589e-06,-0.0276561246489405
16_2,0.0013527693782371428,-0.0042520652416959,-0.002428478406103428,-0.001431708019930449,-0.008114578641653243,0.0010130948383873478,-0.0019144901683388132,-0.0014539281326733985,-0.07556585412064562,0.1316196062060111,-0.11370694805470503,-0.01340848618217895,-0.001085290029422614,-0.00154986511127708,-0.007650923499509918,-0.001395038300219356,-0.0010730919242235314,9.566620490961228e-05,-0.001089832155697221,-0.006826371211611793,-0.014256244160291861,-0.007449256575693976,0.0026528508340814723,-0.08082026187664947,0.002643240343233884,-0.09255110115004,-0.03581137190738375,0.004417413902287202,-0.00834155389243051,-0.0013144196771628896,0.004868165421280287,-0.0460908224460476,-0.00019461536179757178,0.004305904540240902,-0.010770900323356404,0.004825516353609638,0.03337957978470181,-1.4561143256163154e-05,-0.001364200142776785,-0.0012900091693579625,0.0018426005543657547,0.00040737869716156943,-0.0012412991176480846,-0.00016659190292131937,5.729963588894395e-05,-0.027287993881768502
16_3,0.001154648155609468,-0.0052287682885630545,-0.002911553791944318,-0.0020709235876893825,-0.008869903737560513,-3.565248432099599e-05,-0.0028479338637690072,-0.0015172335105481738,-0.08298509334064859,0.12411931385049306,-0.11557474316874201,-0.015389458407723527,-0.0013060199353449038,-0.0014362861473646914,-0.01062681421561986,0.0003659335257737601,-0.0013353406116678379,-0.0006413726821316115,-0.0015081007972889656,-0.007976665012628125,-0.012698468654529475,-0.008499448790912897,0.001254304607073616,-0.08179490561571548,-0.0058114980665272846,-0.09545429925273267,-0.03566900575952619,0.004113382316240378,-0.011028202043078363,-0.0014670088708408455,0.003912384636801115,-0.04724858017418997,-0.001973218197512831,0.0040341934972594595,-0.012550576342442102,-0.00933935050377108,0.03162661414156158,-0.0005337208521809387,-0.0014828182720813252,-0.0019185591612572144,0.0015545806410282568,0.00010224646527026715,-0.0022824308662538675,-0.0006421020987080492,-0.00020832059078376193,-0.029589449746305757
16_4,0.0014132482581695979,-0.004231447253984587,-0.002236478449952106,-0.0015224730601753277,-0.007737935099977943,0.0010872531892004086,-0.0022687101868275696,-0.0013527347087424978,-0.07531775858678247,0.13378038936011805,-0.11338779602058467,-0.01524596923224909,0.0015362032321590256,-0.000957944074930921,-0.00811491239315139,0.0004264575352992302,-0.0004825990454251262,0.00040187024749324934,-0.001093474790661658,-0.006790835696959665,-0.013885424207928933,-0.0074167480159462165,0.002269247618017718,-0.07985632781658969,0.005339879572267148,-0.09131912071733692,-0.03538702098463733,0.004454073251726985,-0.009017719832886137,-0.0011473869604813202,0.004919579773507037,-0.045590300041196914,-0.002153323562357071,0.004760147093156007,-0.010538548581262852,0.005288688296224988,0.033780672243499545,-0.00016775103329380974,-0.0004529186626474167,-0.0009933883981822307,0.0017808130950089879,0.0004221350089440846,-0.0013362991222275375,-0.000690041324592836,0.0003085050989021346,-0.026247304877657206
17_1,0.001550521268122257,0.0011716047823254509,0.000912126782119593,0.0004288226575974354,-0.0005031064011933338,0.001026739204500641,0.0008536291846759544,0.00023918761475083758,0.01842171452129891,-0.43691547309919687,-0.2478106411846007,-0.019431064241122127,-0.0004956315813569703,-0.0010646016697430057,-0.009478255249359526,-0.0006903141725389772,-0.000914080038698334,4.029148442282419e-05,-0.00343403035362286,-0.0028383927508282367,-0.007372154387072513,-0.009134038517403128,-0.0019993561326975065,-0.09159926630680855,-0.024083557910899774,-0.09547121464122967,-0.036066061449252985,0.0005855941237797754,-0.002564488643172069,-0.0026082112148446733,0.01998440076859646,-0.006103544517540396,0.018143211934954932,-0.0059889493479039786,-0.004212592504033456,0.0008736430558222504,0.017211950669475295,0.0011085828588700225,0.0022627056995543618,0.0009175183194026161,0.00018620886378679664,0.0006503687088726487,0.0009766747786525785,0.0012997685166111883,0.00029632718086017903,-0.015680178989952248
17_2,-0.0014660991723831776,-0.0028068019532134464,-0.0008439660789078168,-0.0021392767687268208,-0.003579123624558053,-0.0036627046436390285,-0.001428759151175898,-0.0014280884757930095,-0.014645084807940783,-0.5032155323626921,-0.2639057715150911,-0.019878994917956264,-0.0005591109153500102,-0.0007951294570670518,0.004955534781474175,0.00997836175611061,7.541266128694194e-05,-0.0034032395273554937,0.005893980372111372,0.017472602813608004,-0.0050998718354014075,-0.011323174833643878,-0.002199498924690963,-0.10212980712829993,-0.032531393906949216,-0.11356769961587446,-0.03856678612691861,-0.0005869674686784372,-0.00688894183704226,-0.0018307162768453713,0.018114910156340862,-0.006881106398043923,0.014627493058987244,-0.007490216833168027,-0.005162870899059698,-0.0046789362850286,0.016404562866811443,0.0006687543926361468,-0.005272704840621498,-0.0013240680815567642,-0.0015666544744768632,-0.001801195857942862,-0.0036877493267124975,-0.0032210030000789387,-0.0011711765481510702,-0.014565288215580285
17_3,-0.004708940684464231,-0.0022288118530685444,-0.0008021084489320743,-0.0012110698415134652,-0.007296677249907331,-0.0037431086712798405,-0.00044154201347713473,-0.001214819540560379,-0.0070530142449575705,-0.4793611444296019,-0.2665777348217786,-0.021435491321566625,-0.0007375641666135895,-0.0011706848894511043,0.006115492403997859,0.010541851552104142,-0.0013974375510171701,-0.00039792903092715075,0.007072859324624143,0.018517931450023544,-0.004120505393414394,-0.0006105566262105155,-0.002118585121688209,-0.10550190774818591,0.008034167259834054,-0.106868337512514,-0.036271766938114,0.0010256868723463903,-0.006040390980128205,-0.005405597472603828,0.021624887709861578,-0.003795847439476743,0.019595993073164484,-0.0004739329284457206,-0.005147308738343585,0.0005375628015613183,0.017410678875370407,-0.004406085104155396,-0.005993359515745107,-0.0008856726237616696,-0.0009024621385719301,-0.0035869569360725056,-0.003077977754404269,-0.002851337963241641,-0.0015730528407407215,-0.010509054423398622
17_4,0.0013136852694413368,-0.0005982196804353073,-0.000295796969783264,-6.735155524773436e-05,0.0005755299222134276,0.0005143945445461938,-0.0007415996606886438,-0.00011200740277671877,0.02443927206833888,-0.41386531524976733,-0.24121110219243894,-0.01934130396813148,-0.0008327038184274652,-0.000843265825791105,-0.01040754824769436,-0.0023303842349880455,-0.0018369007638141925,-0.0013743745400935075,-0.0002682658331555148,-0.003199834491987146,-0.006809312030877541,-0.009519131770541202,-0.001614685018007923,-0.08981474477938356,0.0019622541590961387,-0.07293809608457838,-0.03621582027938824,0.001296834940321465,-0.002035334553424979,-0.0015032128016998739,0.022914449393719307,-0.004900467448714745,0.01912169256570342,-0.006556140775570514,-0.0038956745588752707,0.0018113567535718391,0.01761961847684449,0.000664725305357452,0.0008895260761727616,-6.025797311505795e-05,-2.190697588556621e-05,0.000984044662805214,0.00037501919325545085,0.00019732497694314015,-4.3770625336135924e-05,-0.014900315644367775
18_1,-0.0005925211533713115,0.0004217359129487853,-0.0008650284340953268,0.00021823316628134703,-0.009577381823180972,0.00025736848274102083,-0.00217329026521976,0.0004888741342495493,-0.07412585436845064,0.1400710596515369,-0.1163111047093097,-0.01772073809109257,-0.0014433501254125054,-0.0018284598777707692,0.008884450802115139,0.00741291858888629,-0.001016602792108011,-0.0006212592967241573,0.007189516241035544,0.0013700439885042932,-0.016088280877485435,-0.009699760584204978,0.0019458335121223292,-0.07455011569456398,-0.01623239206926915,-0.07840694103656064,-0.0357164978645646,0.006255407222509347,-0.008096772066774536,-0.003428997152409439,0.004232226923545182,-0.047114316980262985,-0.00013248022302861235,-0.007732750884974743,-0.0025729040172486482,0.002350000483771765,0.037459760237199796,-0.00023604049712194284,0.002182750941460794,-0.000885811359809637,0.0002985752715778403,0.0003082433456681988,0.0003077461954931933,-0.0007182503913459304,0.00023050585824086167,-0.021715141384619698
18_2,-0.002118947507300366,-0.0019772994828363244,0.00016781831031226246,-0.0004615446443683303,-0.007741784499309086,-0.0003697127348999474,0.00026062600158004525,0.00019150806180855882,-0.08441296785284141,0.12720458453838257,-0.12115880909600574,-0.018298594538751087,7.62871730718346e-05,-0.0037799862350545556,-0.009915990257240055,-0.0009041918955701967,-0.0022778801198449915,-0.010764743837944438,-0.0021003619316869154,-0.00883512035293068,-0.016310073683405195,-0.012251368329204794,0.0012930346906714152,-0.09098946771853701,-0.014958606772444335,-0.08361332542534883,-0.03794702086960459,0.004630292949943895,-0.010351578706318264,-0.0017307740795408412,0.0037922853412630316,-0.052043811016727864,-0.0037165888027889614,-0.007778436960715553,-0.009483402662174557,-0.012941206446832002,0.03081948031143693,-0.0013484580123239657,-0.00046557382513153113,0.0011875709964230328,-0.00033102427275115767,-3.5953962587295706e-05,-0.0005537497669295087,0.000494662672005918,0.0004628820027011305,-0.02599386372179636
18_3,-0.001294252954821516,0.0014172395981738226,0.0004128834338025717,-5.620616828045427e-05,0.0009305335069705597,0.00020703375482487523,0.0007307426306402381,-0.0003569293766235614,-0.0883733024592335,0.14263162730253684,-0.13028954887469668,-0.01986122222344798,0.001988133150687991,-0.0015978596188347017,0.009583851110914055,0.0037763597658309798,0.0002888212572375173,-0.0007401999441892316,0.0036063519500057675,0.0013182716173335855,-0.014791528075443094,-0.006350983307605127,0.00240062907666502,-0.09342768805027436,0.0036213088430468786,0.03570266484218151,-0.03574557207073955,0.0070240508748154315,-0.01166464620843681,-0.013705805264386394,0.004017268094694697,-0.051743605463048785,-0.00779246240610601,-0.006116276777236504,-0.01152202303170303,0.003388293214975476,0.04081904486948823,-0.0007529928552839502,-0.0004954159447121555,0.00017007664115615124,-3.981537033593425e-05,-0.0023866907997936383,0.0010945802651985792,-0.0020164409833963713,-0.0010991328874518475,-0.026359518527649804
18_4,-0.0008645234307966795,-0.003670078569741149,-0.0017323053188228145,-4.451461921459518e-05,-0.00890284703876155,-0.0017495072539329185,-0.0023107783087465447,-0.0014442093037022009,-0.09464283176478823,0.13980745617944493,-0.11425785515455589,-0.017591224620652362,-0.002199988212233875,-0.0011833064656013028,0.004004790333220351,0.0031915483163504365,-0.004606744399674087,-0.0005521947573368323,-0.0015907237545122169,0.000218002499569944,-0.01931232192561272,-0.01492470302493275,0.0018546316145989631,-0.07367248477086151,0.00237230742588723,0.037407384902666575,-0.03428844700998909,0.0076708066221645825,0.0003279685572092372,-0.005325029043015262,0.0035499280089796126,-0.04757710788439751,-0.003069479553386245,-0.006484784053689398,-0.003913744580243235,-0.0025810133986876854,0.04060020723246321,-0.0011632665732796508,-0.002235624250038962,-0.0013547795155834444,0.002503963814001761,-0.0011107497862901444,-0.001469780994110135,-0.0020743367003372773,-0.0008402925937652423,-0.025545850505875267
19_1,0.0020147965401712486,0.0007360219623903827,0.0011058628279823747,0.0002467113616828378,0.00031652672873745647,0.0010911018992747154,0.0005657508237461165,0.00028846794726184626,0.03521544603941976,-0.44835509174413435,-0.25584248059450004,-0.02192199733225632,-0.0007656652903399674,-0.0007648802937317144,-0.01007024587950998,-0.0033035181464451434,-0.0016383282139502417,-0.001193925051626409,-0.005238744623217563,-0.0030986931134715182,-0.006270316880344196,-0.008653769371932013,-0.002175574753402831,-0.10564789140282518,0.006342888838375552,-0.10281369912521171,-0.036768334405435435,0.0027731697919300396,-0.0009528560781732003,-0.0009772152345569104,0.02231706437692526,0.004118759809683812,0.023538762797420773,-0.0028902883494305873,-0.003801247409156002,-0.0014599038469710747,0.017028286418926068,0.0013550459843830725,0.0021274144105874315,0.0006790024199995965,9.419355200366975e-06,0.00011757045501505676,0.0008641379840277356,0.0007557904438785463,0.0007610629377084347,-0.01591274345316267
19_2,0.0010703074294543704,0.0007380706099500168,0.0009407444087308131,-8.360882798102291e-05,0.00046618229761470365,0.0009115265149170887,0.00041997169308655857,0.000451813944411967,0.037317288650754815,-0.47459196989388347,-0.2561245259923587,-0.022560210477270373,-0.0006401438685526541,-0.000509998746680572,-0.010406110112182083,-0.005980021574336967,-0.0015009890797113414,-0.0010275373629976005,-0.0016223220365532947,0.009437369985863435,-0.005273638320375565,-0.006084030661830719,-0.0031230643179920906,-0.10713652492113256,-0.02499148249955849,-0.10752760879650146,-0.039290856676859165,0.0008020478231560481,-0.0024474198984919915,-0.0013770865742893646,0.025080507842296273,0.0044668611488834,0.022558725864262528,-0.0033496068693357156,-0.007099435077735144,-0.0011732094155383914,0.0163230603034322,0.0006140416076326411,0.0021271708850157597,0.00038766095714526,-0.0009770663896267859,0.0003959819976716802,0.0007631562480082552,0.000532655473342396,0.00012905531384170413,-0.014216009621261712
19_3,0.0011631989623764652,0.0008906162687378161,0.0008214834617620385,5.160482739513031e-05,0.0008789607493659214,0.000921126391272352,0.00040563005712043255,0.00021874845220714087,0.03690762891517986,-0.4558051794714861,-0.25627742281521537,-0.022198806095305588,0.013623643176642532,0.006384048782038478,-0.010208399758349035,-0.0037903668403870172,0.0018616045954746485,-0.00128414297958386,-0.00431092104776762,0.0011364721078249835,-0.005172035420148522,-0.006110566829908786,-0.0013598484793612472,-0.10534502149652868,0.008914408693190483,-0.1027932489602205,-0.033014122557670146,0.0020812913821735795,-0.0005989997719161608,-0.0012027262781222074,0.0224519060861125,0.0051481260188421495,0.022921524830184968,-0.002849975998351624,-0.006429004052617983,0.0007078486418664448,0.017679882350186013,0.0008465408740130292,0.0021981987336450815,0.0001825081171218121,-0.000912482806992434,0.0007371489462466437,0.0010263815804789195,0.0005441390550384855,0.0006732631258668045,-0.015175840083178491
19_4,0.00247836989128616,0.00013062438910531264,0.00059600948537296,0.00032579915250562075,0.0009225921101975348,0.0012339666579392818,0.0007978789416898106,0.0003516148916767106,0.04448065069388569,-0.4430659681435186,-0.25119601270029396,-0.021428255718878807,-0.0007289507483436873,-0.0009853322737949787,-0.010055632342016785,-0.003175532776776865,-0.0015477381660865509,-0.0012411144097325064,-0.0009403973474895169,-0.0027643681088446,-0.005616118075332271,-0.004538954576478641,-0.0013636428381158753,-0.10448928187444179,0.0031136148164296394,-0.10523425305010273,-0.03575021426406503,0.002140262115989555,-0.0014331289859206313,-0.0004640263477110885,0.02711553305390008,0.004641327080736211,0.024271031982331635,-0.0027350107314470444,-0.003399786472452328,-0.00022898066796418472,0.017544440428470517,0.0012504149514635783,0.0013268464858408996,0.0010395449986980942,5.960094100892817e-05,0.001062806263082636,0.000878982652578308,0.001151255538287896,0.0008660026698425067,-0.01395252905270366
1_1,-0.006790084911200106,-0.0043097803064150834,-0.0007073489864412972,-0.0014058448381051108,-0.00848785664006895,-0.003850864168669633,-0.001365932926354875,-0.0013386691089747047,-0.11241021195998037,-0.5713202800048437,-0.2888699536399748,-0.008387013914698252,-0.0019937584936730365,-0.00123087878603413,0.002556137244002141,0.006843511613032015,-0.0023283660334053103,-0.0013791285771148666,0.004694606855603987,0.01564530732626726,-0.0021447839296072995,-0.004172865257391781,-0.006217282974867072,-0.11735942692225297,0.00027495758757296033,-0.11705596742973025,-0.049307049529732035,0.00163953149144329,-0.006320148689213724,-0.0017693262595338223,-0.08928417384549667,-0.05510562774536253,-0.08443887273277118,0.004780115055567482,0.009467453923937736,0.0035705983596099966,-0.1226686041045386,-0.004879169354061574,-0.007070379395727701,-0.0010140837371769651,-0.0009642062339539667,-0.004801206105770721,-0.005106344282166634,-0.0030309149064503453,-0.0027936195818330976,-0.006184817842333589
1_2,-0.003325586030838464,-0.0026914499678104466,-0.00018834798453165388,-0.000948170277696412,-0.0020768967011730675,-0.0033318915745686826,-0.00028499938530345985,0.00017101041822619302,-0.10291187096875537,-0.49907219075408493,-0.2753592874205929,-0.01669788959517736,0.0018790269420443895,0.0017262004815576232,0.01593788298528038,0.009547638608447657,0.0029617879239690922,0.0007810245198494983,0.00954949262605163,0.007292654958160513,-0.0009568042337120722,0.006200407280748221,0.007898664664714375,-0.11390210858620631,0.004950994544738324,-0.08164653837893776,-0.03209749957515048,0.0005790968175212518,0.003276564353388187,-0.0010431127129441645,-0.08734261030153849,-0.0429350318199851,-0.08196510134227239,0.005973665361891076,0.01342600306677177,0.004328367502654612,-0.13435953678862206,-0.0028523964491037604,-0.005373841879490222,-0.0007920021008215245,-0.0002533319495877948,-0.0035137300422031,-0.0050076797037103896,-0.0015480996223227116,-0.0013232349521643278,0.008361861480449831
1_3,-0.006062385059707089,-0.0029272509064741784,-0.0004554032644507711,-0.0014859017213511073,-0.0068077653784019525,-0.003515884181418149,-0.000351617264589913,-0.00034486610403584026,-0.10538163935106358,-0.546281250915554,-0.2910193383735816,-0.017084498659534236,-0.0015256792167794545,-0.0011320976149058522,-0.011163994040027872,0.00026857930185637287,-0.0023873004037684815,-0.001138678452338281,-0.002493271163302718,-0.0012796603268015292,-0.00038228359864809613,0.015690653023243482,0.006956757581901425,-0.11835513763839166,-0.008707288215093418,-0.1103602039550374,-0.04005854506758323,0.004056561352677441,0.012658288930979023,-0.0027663134815589865,-0.08497117511118035,-0.048940822129738396,-0.0782201857687242,0.0007328366790618551,0.011607463773435231,0.004116646251840861,-0.12103326010727662,-0.005723204108396763,-0.00622162395540299,-0.0006011261108090246,0.0005568846819149507,-0.004825761740100751,-0.004468865660283348,-0.0026136148521726677,-0.0013180394220556738,0.035904791488257336
1_4,-0.00441698316889436,-0.004057211584481087,-0.0005056002065864692,-0.0022250799689248484,-0.004567467549568185,-0.0041366113257437715,-6.484391474302784e-05,-0.0010772361517394984,-0.10732186815545719,-0.5426502295635611,-0.2878988732102284,-0.018499556945835837,0.0004888946262147444,-0.00028397508690038425,-0.011157037821836373,0.007748356700423534,-0.0015959227329339666,-0.0008793601379223664,-0.0008715125606092249,0.0029938105461979996,-0.0009089360861164385,-0.0027778592836600956,0.006192357702906643,-0.11595231043812493,-0.008409506814481198,-0.1061474239585063,-0.04157445028163493,-0.004086716261848331,0.008481326269963604,-0.0006034487558782645,-0.08348614776564979,-0.04840602380216691,-0.08143649735941487,0.005565834243229359,0.012137633102642207,0.004157329380476952,-0.12461340840604714,-0.004018991252739539,-0.006010656010507831,-0.0007267543315361276,-0.000334336428414404,-0.004165073439507045,-0.005490595017949902,-0.0013107239916822229,-0.0025246725319225884,0.0327775750709578
20_1,0.00045105281831286844,0.0008942563124097026,0.0005911432455413963,0.00035063206458135743,-0.008306485594365646,-0.0007923588632007317,0.00015214962643351373,0.0007547912128870146,-0.015161436701414049,0.17901153411240564,-0.11974042688853807,-0.01858696871405742,-0.004219604708462365,-0.002290505286395552,-0.012974671800943749,0.0003537664041926072,-0.006562638883581474,-0.003629786770703576,-0.003763596729967875,-0.011644389725136489,-0.007706132295920984,-0.011590177037405102,1.5194204658457316e-05,-0.08905502430230716,-0.01969737402365893,0.04600280510306409,-0.024820125143102764,-0.009804918167919088,0.00751843409755213,-0.0026142613206611457,-0.03457469976117381,0.015412544246677175,-0.018928535343913692,-0.006357334234370158,-0.0029893776067132136,-0.006923874213737385,-0.32523705217315196,-0.00025308391545299523,-0.0009896879347486424,0.00044594087071330785,-0.0015410112741091303,-0.0014234097361097479,-0.0010260366597715574,0.00023061212873645484,0.0011428779705287397,-0.035235061279007225
20_2,-0.0005725967186485122,-0.0004944779817790146,6.995917510882403e-05,0.00026997408516328796,0.0015866517945912137,-0.00046690813477411655,-0.0005414857630474454,-0.0007068929626224015,-0.014124484085670309,0.1644696949772974,-0.12421885784427684,-0.019099210950791756,-0.002660156939250015,-0.00346456046226726,0.008065162029768312,0.003294229387948307,-0.0027395783168708853,-0.001900060032537974,0.00282233123518754,0.0004626254401797499,-0.0029496986059775222,-0.01275261363174899,-0.009708332809459985,-0.09258550053368862,-0.013436230965436799,0.04128910901320615,-0.025229583858319596,-0.02444553538366868,-0.010766269605050161,-0.008140209855539907,-0.018503829890303785,0.009621042521214093,-0.017950332457979976,-0.0032989772144681566,-0.0061947896373578575,-0.007011791771230174,-0.41449174045001025,-0.0003361966414966437,-0.0016445951158183738,0.00022224939722424364,-0.0006094821398937893,-0.0006735402808901299,-0.00041622826549217397,-0.0016861462053572819,-0.0010988817431314118,-0.04372149484459224
20_3,-0.00028273511118642367,-0.000208421330304601,2.9701603407715503e-05,-8.154123554862928e-05,0.001384030099839442,-1.0620997111199089e-05,-0.00016500896242211804,-0.0004661797351331998,-0.013177333816759234,0.1575982253059784,-0.12514906742756948,-0.01932540706822559,-0.00275653536502937,-0.004753976105056942,0.005636533848731139,-0.013480038665221988,-0.0021846116836505,-0.0007904839270739135,-0.006017862457083599,-0.008658590462707057,-0.002740409375137502,-0.012806537085356416,-0.00995410661549055,-0.09449812677400439,-0.01039486132892987,0.037782021246860004,-0.026083214959568835,-0.024135992347924847,-0.008931416746700244,-0.006592759314017295,-0.03126948782907296,0.00927967997200987,-0.018221859769637937,-0.003522482928633829,-0.006319792596585729,-0.005967761040983794,-0.4122748365809486,-0.0010228110658630622,-0.001234947211968745,0.00012329554914392103,0.000588904088768848,1.9992096370850266e-05,-0.00043379744558750866,-0.0009278989841087906,-0.0003431004963000458,-0.04343812818512155
20_4,-0.0006433914268586043,1.3381730441482076e-05,-4.860789744599909e-05,-3.471959659204767e-05,0.0014657275161304062,-0.0005206210348196451,-0.00016119697318333698,-0.0007108980385195916,-0.015447502134899526,0.1564171984178046,-0.12533329430543091,-0.019372193027121672,-0.0029824540461057987,-0.004913698546814997,0.006085136287848754,-0.016559643231351034,-0.00213567409699949,-0.0008524244293962773,-0.00665349074395242,-0.00585247114155394,-0.005866163725422084,-0.012301105902001733,-0.013301296620285303,-0.09520040313202359,-0.01598952284334458,0.03764845842732108,-0.025249630426976522,-0.023676789881652567,0.00036711943393221786,-0.004781886097954955,-0.03195918540928631,0.009339798568101612,-0.018380046985383255,-0.0031103280441938056,-0.005725668446260903,-0.007542776105409267,-0.41254562826947516,-0.00014207463987357628,-0.0012609257363292452,0.00014034393689353757,0.0002458207890869816,-0.0003551679290876249,-0.00048464209441737466,-0.001254769490009119,-0.0003282554147255388,-0.043607439997578414
21_1,-0.00027526714955292705,-0.002755428284844277,-0.000998437793967473,-0.0005349164655972663,-0.0030105836191762292,0.00011399861818245343,-0.0006683477663909002,-0.0011674318456144912,-0.008924687699631263,-0.4212346483120649,-0.23012972270617826,-0.011569668814375291,0.001192650162389796,-0.001644961577780157,-0.010857118738471049,-0.0008693974027716869,-0.0014001501646939544,-0.0014907979826796899,-0.003113233715065042,-0.0020838271022590726,-0.004119273787210806,-0.003659054144409476,-0.00041870021995081303,-0.08444397754150874,0.009774470716717658,-0.09608450357733196,-0.03533560937172418,0.0005030838065525039,-0.0020902240850025006,-0.001595186087970189,0.021955758817229765,-0.004702540388237526,0.01743238111279602,-0.002778705065316139,-0.0036350763928160424,0.002623042435031562,0.017472035350155155,-0.0006704688367771095,-0.0008143949739091534,-1.0468346189604265e-05,0.0012957509722019442,-0.0010829983667954507,2.229272115858111e-05,0.0006159424644657573,0.00020424727096112649,0.055775202066530395
21_2,-0.0003849227902724106,-0.0029749922800393525,-0.0005428034852117768,-0.0005649505203092931,-0.0032234666207647793,1.4993368246289456e-05,-0.0012510522490120854,-0.0015404445608243175,-0.010584326540106468,-0.42849406459063016,-0.2357883695103297,-0.014550489633719403,-0.0112767709223733,-0.002149166825915075,-0.010808459261008384,-0.0012992177092404794,-0.003390028432740956,-0.009125960140739863,-0.003665685387670612,-0.0021902296504851056,-0.004366707870030184,-0.0033189568024575553,-0.0016975978009619783,-0.0860340776593298,0.005964355865849213,-0.09104646935233782,-0.03644810300414454,-0.00024725492481418473,-0.002734908766805457,-0.0017497089065479322,0.019936170219618046,-0.006205760032286046,0.01564583615735472,-0.0030400712313882667,-0.004256373490669763,-0.0009513580631514825,0.016346387502708136,-0.0007533765555097027,-0.001020926781477766,-0.00017086863951196077,0.001251097637198306,-0.001123839313105582,-0.00018973939020147022,0.000258280056090064,-8.436767612208794e-05,0.04281711487401928
21_3,0.0023125206506993154,-0.0008495940908181612,-0.00011257186179802998,-0.0006154559110159804,-0.002697309426420112,0.000447610176986639,-0.0003211912934441497,-0.0009288163342151193,-0.007000531695079226,-0.42124880423968236,-0.2328377816521147,-0.010471302152121362,0.0001202791825714416,-0.0002863347112328777,-0.01119666778452891,-0.0018593557084111655,-0.0002476529589027456,0.0011678192776620466,-0.0036277379083491106,-0.0029804757706270255,-0.003191830733928672,-0.0020530397521683107,-0.0016410972831951615,-0.08764398162429389,0.010396655991510776,-0.09586445722975398,-0.030085026794210594,0.0005163300333701279,-0.0020953738505910856,-0.0016175481146553405,0.02200363471665176,-0.004114929211876845,0.017782188591836404,0.00010713991782512855,-0.003125787583551205,0.0035225749541751765,0.017896308272482175,0.0013143313013266,0.0007191582604411231,6.843714407395196e-05,0.001384035373732604,-0.000940459972806044,3.384158683355258e-05,0.0006660796088756876,0.0005177464862129279,0.0462285559331986
21_4,-0.00026474761330852405,-0.002905223212112448,-0.0007507386018983921,-0.0006053986138703702,-0.0028510414159827876,0.00026436870037437315,-0.0012992023985527459,-0.0009911739877620002,-0.00805533103134199,-0.4168985671110798,-0.23079107078468258,-0.010410907636651428,-0.0001637740654379163,-0.00010920371972496258,-0.010032729377565167,-0.001095677955694048,-0.0007875207604910174,0.00010149531310074772,-0.003175260542060861,-0.0021147655451454754,-0.0033024741539427888,-0.0032568375635762654,-0.0005058325361390264,-0.08258306643631279,0.0037980606414103283,-0.09632143367828917,-0.0345964251098265,0.000545923716129545,-0.0023835852408457276,-0.0016592419064051951,0.021795614864309018,-0.005192311646073339,0.017273834308946967,-0.003052408235286719,-0.0034368379482297047,0.0029249889154603173,0.01775471996973091,-0.000642435089043593,-0.0007154742558617045,-0.00010843245834550403,0.0012141189596178677,-0.0011950653612644965,0.00011101876718768979,0.0001414307903547024,0.0005124625670798314,0.051749969292828726
22_1,-0.0006972711587398089,-0.0030407005518641936,-0.0008763284065723643,-0.0007718794942406571,-0.0032738500685722165,-0.00026141632149521667,-0.0011050766779407246,-0.0015255930207611777,-0.01664662310097498,-0.46998605347990435,-0.25772239100755573,-0.022464562739917808,-0.0008381132207978978,-0.0008508626388647265,-0.011786593030700461,-0.0011990622672174295,-0.001239865408235927,-0.0009022008238122825,-0.00411020880795746,-0.002803448612125155,-0.008222360433415819,-0.013290280814590447,-0.0031228918589073394,-0.08674524660526996,0.0051092688512823226,-0.10406571852832465,-0.11333580562011587,-0.0001803228986818974,-0.0033187842082566094,-0.002190281262733073,0.016903638334986246,-0.007892252563471673,0.012401673863868541,-0.01024034424784913,-0.0059660278732757595,0.0014570625275045158,0.01620957544923863,-0.0009095183205935068,-0.0010434540991061821,-0.0002666361716039953,0.0011519644868170891,-0.0014099122255201602,-0.00027709627406133255,0.00013692125890723024,9.73912403980537e-05,0.04156734193778701
22_2,-0.00023354172245543798,-0.0008101710832530698,-0.0003372836770482901,-0.0007283776153659675,-0.002617007972756526,0.00025744733104701305,-0.00041817711046432507,-0.0009799444623618877,0.024304779536184696,-0.5260117804549497,-0.24659786443189596,-0.011456678620183394,0.012534167638251813,0.012803502985582388,0.005310588207400105,0.01039456383640855,0.0102605413553166,0.019587804314625007,0.006051123639328311,0.0180595643771204,-0.005380513405863745,-0.0034700076184385935,-0.0017802502031771558,-0.0869757145663826,0.004001916167903178,-0.12142675690818348,-0.024985366449653892,0.0020008979638543706,-0.0012701854395931612,-0.002119950875272439,0.022091812298055624,-0.0034360039579671457,0.017769554509590814,-0.007353288260214806,-0.0031833694604583742,0.006438816547621751,0.019041531478891743,-0.0006125879005935443,7.658938176694357e-05,-0.0003216483349778422,0.0012434728961638719,-0.0013177349290310653,1.0339630472999124e-05,0.000252617799672128,0.00041802635257782896,0.049406501897887
22_3,-0.00034553059405226445,-0.002453914484585194,-0.0003200577689752208,-0.0005365065890498011,-0.0028220672135732573,4.2266495681244704e-07,-0.0004702044527958312,-0.0013184822142644694,0.01872188301159556,-0.49712802003100875,-0.25133899856986813,-0.018903974695206396,-0.0005659737840470854,-0.0007024865053743651,0.00518779118529024,0.009905579359358926,-0.001001630120475498,-0.0008278784343807306,0.005878846004609851,0.017522825010555874,-0.004175357478110047,-0.010287526971782597,-0.0006841163382086879,-0.0872459708606891,0.002567147508983976,-0.11543863941001707,-0.03400371267764433,0.00044841467318069875,-0.001349549909674912,-0.0018324770256213485,0.02135989573625193,-0.0037170161623618437,0.017041818872718353,-0.0018679272366476777,-0.003943728733349229,0.004162454013370253,0.018573757699529438,-0.0006431624998658738,-0.00045256713138451836,-0.0003259044062115781,0.0012515473736212314,-0.0012612547036928573,-0.00018599184011638845,0.0003245719416504608,0.00036561810321044324,0.04575023860346572
22_4,-0.00024075265166558868,-0.0028086510448089843,-0.0002456659615101151,-0.0005184271230341465,-0.00261702183784353,-5.704429187406642e-06,-0.0005300889166328063,-0.0014020531855874691,0.002975780715941051,-0.44134913611281706,-0.24082835335342279,-0.014329304153607827,-8.586298800732008e-05,-0.0009615458096596265,-0.010687868602979954,-0.0011111363298203557,-0.0010235864761679939,0.0002173887492123979,-0.003562063808773428,-0.0022037746353617315,-0.0037899644829757413,-0.006197174853058207,-0.0019463859769872514,-0.08484857527874075,0.007755318213537416,-0.09749803809312965,-0.029051370913648063,0.0008792746335068637,-0.002214774377277358,-0.0020188838771699118,0.02050725894437152,-0.0058079344916497164,0.01622248684532694,-0.006940997603351068,-0.004484615187461339,0.0004933188781503655,0.017378174250666133,-0.0005638703096679066,-0.0006345191261091524,-6.783089977231654e-05,0.00123963058084717,-0.0011200741896178485,-0.00022932438122597645,0.00026728372129243864,0.0003127703259153259,0.05259417111655778
23_1,0.00022659243175849207,-0.0021774315549191454,-0.00019540806972386456,-0.0006295215146435436,-0.00282998966999259,0.0004566841003790504,-0.0009661402608325994,-0.0009291907104773844,-0.007717348449962268,-0.4783745017266396,-0.24619080141205693,-0.01992308264785471,0.0005175029994126034,-0.00027291104825445656,0.00683542475162881,0.009832330236841791,-0.0009179040569764155,-0.0001034961037385818,0.005569152685888665,0.017220768836527574,-0.0002097098680484648,0.014160336493168925,-0.001140206307972976,-0.08585868456344771,0.003837604756045645,-0.11271501591012757,-0.035760132430806654,-0.00031871738220879493,-0.00653204633393782,-0.0019658679783458666,0.021175646409853227,-0.005173464644251413,0.017984716194125797,0.004061902179122135,-0.0042022749118282385,0.0023105184377680424,0.0172263307977777,-0.00029946965333125234,-0.0003142830626280831,0.0004811086270728682,0.0011298319226803347,-0.0010834186395920174,4.800008066239843e-06,0.00044544568990216604,0.00030105842058156463,0.01863959205164037
23_2,-0.0003422361038568207,-0.0024801854977061825,-0.0001913652489341246,-0.000561115134049285,-0.002839518177289549,0.0003852809972922405,-0.0009811427527482216,-0.0009140139953716001,-0.007267830066892292,-0.4778525112572823,-0.24380975231915147,-0.02106280004214843,0.0011313133662872723,-0.0002735880749006977,0.006325504249981485,0.009909656873669124,-0.0006531213924841092,2.3484957804726733e-05,0.005688836883087501,0.017689775171997886,-0.0002281485333719535,0.01426420584737172,-0.001281067304928567,-0.0867527520403661,0.0063145669401984805,-0.11316009539656291,-0.03538303483084606,0.00015981255911750585,-0.006331935901081647,-0.001975197114864648,0.021501569105796998,-0.004858837951864331,0.016817148774337428,0.004392848234404532,-0.003950869604837091,0.006591028425252539,0.017504728069971782,-0.0005667340231706069,-0.00017646680720565894,2.919372376919867e-05,0.001321795201933876,-0.0009779845354673138,0.0001280996235038087,0.000401658489007926,0.0003004021672124445,0.019281743660535214
23_3,-0.0005793157241399746,-0.0025389732298496835,-0.00035797448436649537,-0.0005446165522311467,-0.003054031487297865,0.000296396070231103,-0.0009908596866434203,-0.0007620140148017514,-0.008330780070745301,-0.4835660124793299,-0.24827072302240855,-0.021980406368793493,0.00043520583595736993,-0.0004275911180794156,0.006172344487861541,0.009774350624331348,-0.00018837743378986675,-0.00023381756802568935,0.005529508199255999,0.016957604557134527,-0.00045269007119006546,0.014971013031107388,-0.001374478833462586,-0.08849644562195097,0.0061393988039169,-0.1144207493303567,-0.03637758456794178,-0.0004689178207799608,-0.006912690659915487,-0.001968115034223763,0.020934539895840258,-0.005649287855135482,0.01627367799537135,0.004319786574326094,-0.004308411598816012,0.0014904901996368482,0.017018076877882548,-0.000750523498003631,-0.00018020862919745597,4.067750962774807e-05,0.001278264809384936,-0.0011316181031094242,-5.94933197973244e-05,0.00047675229129014044,0.00042929286384921195,0.019806609298006327
23_4,-0.00039538770552669466,-0.0024604484087808187,-0.00027498791495121,-0.0005739333517331871,-0.002769967893782795,0.0004143604053820399,-0.0008505424971852119,-0.0007107141760065771,-0.008172768423424572,-0.4768044013400479,-0.24626758932009357,-0.02048508466482222,-0.00016633856548242448,-0.0002479815335516878,0.00644684300437835,0.00987387138932301,-0.0007066155651451762,-6.163427057106115e-05,0.005516380265338531,0.017058847018660152,-0.0001809351867126511,0.01518517918038505,-0.0011348816423094215,-0.08663618755588366,0.0036637947935594783,-0.11303724725410062,-0.03554212998934552,-6.94417549462813e-05,-0.006513161783214977,-0.0020160536808310416,0.021364937006934974,-0.005175841203989966,0.01655884538768155,0.004132814664117962,-0.0042283230002611635,0.0024766516068707453,0.017087139632828607,-0.0006783335724079019,-0.0001845466175009466,8.883832157657394e-05,0.0013025099677344547,-0.0010392991726870073,8.408310426608015e-05,0.000436332085267146,0.0003567416863305827,0.019265804762677714
24_1,0.0006577800110166946,-0.0018499660468763897,0.000968884997756754,0.0001941066573633943,-0.004479181379421886,-0.0005832619289193432,0.001556177131444796,0.00025765140870162887,0.010951796727497215,0.20360227505369285,-0.08922246558025426,-0.009795388611357187,0.0017824181312509854,0.0029993530887910645,0.010875051303118484,0.003526819087040578,0.000549635758987236,-0.0008903165104522121,0.006431205184871511,0.005291278324019463,0.0077878267416402825,-0.0064171097507141305,0.004102937470752784,-0.08403537857941458,0.015994855888884208,0.04768581043436578,-0.030961336737222955,0.008441663402341811,0.00395633337170197,0.001799499097609543,0.008180718024936934,-0.024892178374371732,0.01109989988990145,0.005083677636829037,0.006471741560741164,0.007643285665095843,0.04982541893475821,-0.0005211509851153397,-8.943574288067138e-05,0.0013944782370896012,0.0007048637035530581,-0.0013909394179566566,-0.0005431084846112662,0.0015601565960752647,-0.00010956846721403979,0.06815445648228907
24_2,0.0032847274790800828,-0.002929787713551529,0.0021342295070596894,0.0007382314839988867,-0.004151440643946927,-0.0036225121792714788,-0.00027903075412335295,0.0009068713237207508,0.011430177620738703,0.20411588075677126,-0.08713380966255012,-0.009716313500368749,0.0013005156548672263,0.002951623092378842,0.011742812942677181,0.0035761389555843087,0.0002907259726792015,-0.0009954762502595966,0.005391656241508381,0.004317740065865441,0.00761354401728848,-0.004850842651495602,0.00397684265182704,-0.08272859747980814,0.016232710087413758,0.0503409847683588,-0.031060782817363047,0.007913870017332352,0.004024416576854046,0.0016785308450106913,0.005561242446394484,-0.025293529634475915,0.006007827388435995,0.005198738016319129,0.007160112172562481,0.007530267053548452,0.049566259859555165,0.00043794352342724376,-0.000861972483718177,0.0011353463913587082,0.00015811995616642937,-0.00036217831044058356,-0.0004971825428550066,0.001573563107610438,1.9769420126624103e-05,0.07994073365696845
24_3,0.00034575693588227767,0.0005549576195768237,0.000940147966158846,0.0002501522048101252,-0.0011005037964087984,0.0010115271009428193,0.0011081144128908202,-5.381488020518113e-05,0.014997111825345688,0.19169603627373294,-0.10035051136135241,-0.007722178987245044,-0.0009466736021040477,-0.0013501853243814987,0.013604083317037307,0.005763030350051954,-0.0017479986868056397,-0.00028591461026738715,0.006531059232770526,0.003938855272542042,0.008196890752512292,-0.006349586129081062,0.004247198843813303,-0.08755964670819431,0.015501652164842122,0.0456235841294226,-0.03145109306282191,0.00989481887052036,0.004835892987869327,0.002064097802304354,0.008082471618627874,-0.022927047780415162,0.010831409575098103,0.00590666632849998,0.006270861913974515,0.005135388217516851,0.047999725350019985,0.0005105085803866337,0.0014409112518682437,0.0009908085092454433,-0.0007209879447212411,0.0008122815799579931,0.0008579516454006382,-0.000844026504979216,-0.00039113986734839665,-0.000666321961958312
24_4,0.003207912164699523,-0.0001616641483390849,0.0015723222232634575,0.00045745162061576494,-0.00383222208038089,-0.0009346207643346775,0.0015184070114523307,0.0002631566824941175,0.010696715717941323,0.20171260547012615,-0.08704132576156659,-0.009765153202024887,0.0018617953680606695,-0.0019446510464732477,0.009658646110365479,0.003155764737203298,0.001565601244336829,-0.004032974303076928,0.006074173040601255,0.0029954038277385164,0.001127439485249921,-0.005960973770066758,0.003989092322269513,-0.08286413362028258,0.015651295971337124,0.04772874915760593,-0.02987315386224498,0.009104144584407633,0.005660740415302408,0.0018104512408746891,0.0073656481526044515,-0.02515310413490352,0.0049092207045323575,0.0052457516210443755,0.005786670625399994,0.008903560205778783,0.04948173305582654,0.00044937769597339804,0.00030243586482022134,0.0014486342119395669,0.0006477853431928714,-0.00021241430279043174,-0.0006433323204940554,0.001271125977402652,0.0002562659936738287,0.06822557020855122
2_1,0.0007987425346784696,0.0008606836256461487,0.0011308253261057182,-0.0023249319889897735,-0.003967845360047741,0.003594944090842852,-0.002548712893060596,-0.00023244381229572196,0.004865758618516808,0.657047155176219,0.7036427854278126,0.02343962111768673,0.0005602828741025722,0.0026213246203539596,0.0029386230120607188,0.0007381587877588708,-0.000569676404489061,-0.0015136115262381214,0.001487283396016589,-0.005076551341631224,-0.0012771763000472135,-0.004334109671552154,-0.0058700208623077696,0.40549391721787625,-0.007947740791614928,0.06433879516700654,0.03844443072735129,0.0048334297203240974,-0.007633715073162281,-0.015579806457555379,-8.443407977212352e-05,-0.01798665831056855,0.0023634985348739675,-0.0033604355923431903,-0.001335680076755575,0.0501896945251344,-0.14725174891249876,-0.0021514287538445267,0.0013115644218724327,-2.3498285250830373e-05,-0.00016362129351940976,0.006849994811283864,0.0009491664290369484,0.00012635982609875422,0.0022412914500620157,-0.038070910928251794
2_2,-0.004649567861731802,-0.0028460690644026804,-0.002463934201198279,-0.008585689955406258,-0.008181588816613981,-0.0019628420393774065,-0.0031989427804669794,-0.004834014821715554,-0.00013317454787823137,0.5655729943632898,0.9488089224858629,0.016064555317811292,-0.0011680026456164713,-0.0018272879196630258,0.006483789036175709,0.002484206564804927,-0.0009002734426955331,-0.0008666011282908875,0.00231983918571167,0.003497830743378377,-0.01631234034453037,0.0012188570254212721,0.0070036737246090405,0.3501540020548146,-0.00978735065160712,0.05449737463698638,0.000607645665605996,0.005248799895651378,-0.01065925809463797,-0.023625532779670763,-0.0018802669631261656,-0.029676777060603086,-0.009427289874219888,-0.003299453924167779,-0.021213677896278982,0.002928054041114797,-0.129880925808078,-0.002911041033656834,0.0007028936816191545,-0.0007913484714631609,0.000662430944386347,-0.00011594669682629447,-0.0026994106216557297,-0.0010854598788363505,-0.0055908841009838705,-0.03137180605091422
2_3,-0.002925868001303495,0.0016398576446587636,0.004209432676861274,0.0009029228176863161,-0.0031510685399934193,0.0014259744125876014,-0.002710552372937192,-0.001273696450514746,0.00438461417516301,0.15733284922618482,1.0318389893686242,0.04490261883868408,0.001563534702580367,0.0019129276598685665,0.0053476277384377335,0.002107428607633251,-0.00032414307873773073,0.0018415323719871025,0.0020398493255854478,-0.005292701436475609,0.013894311839849311,0.025204687047382393,-0.011320948269240235,0.455546726772972,-0.005830444346384468,0.0668626580446758,0.19690597875771565,-0.008985394438634458,-0.0021051857074717855,-0.019617942072244886,-0.004073646714188878,-0.010542785096339213,-0.0026486256625530826,-0.003290816701768301,-0.0014315867689040135,0.052987886391403935,-0.13162724176872384,-0.003956208206146305,0.0027730188315241893,0.0013300551779630559,0.0008393698548140802,0.0011521286206939059,-0.0023945704978026896,0.0022812287862291904,-0.0019676653164955996,-0.04069931641612146
2_4,-0.004421807386224838,-3.87612035049646e-05,-0.0005968384197332793,0.0007293087368211015,-0.004120854854688542,-0.0007624593773419093,-0.0012614685407721636,-0.00025685355857016834,0.008013164340792347,0.17147737072378433,0.9789708326988398,0.058149555805719524,0.0016567637796017567,0.0028526062313887074,0.0056143253337914015,0.002371839705203552,-0.00023215483305991322,0.001609978003939088,0.003703062819631903,0.003800618120668176,0.01787817898261382,0.021826654432933683,-0.012737685055566895,0.42723567996072986,-0.0064661579901472985,0.07050299498651402,0.18745069971373482,-0.007747405970909778,0.01047841538446631,-0.0200440177808659,-0.004068668296757555,-0.016487061992447788,-0.006174348952015791,-0.0034322048110138788,0.0010199188156109142,0.03426027088894806,-0.005050661172975556,-0.004257379080312555,0.0029080765345531998,0.001610290302281148,0.0009807709461660354,0.0024490245906997137,-0.0016419346961970656,0.0015163203010572163,-0.0016820471829792057,-0.03862591570485097
3_1,-0.0005141425615735275,-0.0006172557700749206,0.000733013796794561,0.00073820870147995,0.004465200041669051,-0.001868079333712561,0.001003278422364683,-0.0009847580681185443,0.02126033754400639,0.2657437366796244,-0.08782405957606788,-0.01033212399139473,-0.0024146781284157906,-0.001192362765167707,0.014705076339564032,0.008161410176306127,-0.0021859269778276573,-0.0001112861070751828,0.007418784394321323,0.00489458155582421,-0.005427142909529602,0.023779554863885586,0.002035709841627604,-0.09219745773722118,-0.009520188525097232,-0.09817437674968768,-0.038672361092539353,0.005436237245344066,0.0010529834663978244,0.002031474742761828,-0.014267035301644606,0.03632817184815789,-0.014653212249617522,0.010025342776321389,0.005253116959487476,-0.00013395215757778563,0.041884839850989355,-0.0010262959454823315,-0.0029838784055341463,-0.00015249323805827537,-5.4636862733712375e-05,-0.0021599745842951303,0.00015848080529226534,-0.0006042737857009996,-0.0018502648631163595,-0.010648482462483512
3_2,-0.0011378946055228666,0.0002073914507657469,-0.0006748799888459722,0.0004520760270624894,-0.007031317578838118,-0.0004524566587816668,-0.003119923748538108,-0.00010471974876252506,0.042850913057571945,0.1842509556206763,-0.10314435519908731,-0.017000494725413536,0.0028259291020151446,-0.0007551123747470841,0.010639631441455749,0.004839367909678451,-0.00033702690548984286,-0.0026886341142913473,0.0059621325220298995,-0.000807296676609912,0.022913439588676143,-0.009642111127215493,0.0006681789367134911,-0.06973842452332837,-0.014932074875850632,0.043667717768445656,-0.024815267743510287,0.012705299347328334,-0.0016023129659413094,-0.005241341343722096,0.012699135553631797,-0.02592364440673207,-0.022510006446848897,0.007032794751875228,0.0055116782529658044,0.03596812258986314,0.04717764058182568,0.00028702304925549966,0.000742032427104468,-0.0009121942287882691,-0.002303215929789177,0.0004699158271653607,0.0002826100390089887,-0.0010760699452087347,0.0002239088231398609,-0.021254901460311983
3_3,-0.0010350392637577784,0.0004796801038939406,-0.0020317612483192063,0.0005218420998669832,-0.003341294062037326,7.052735718406226e-05,-0.002602491830673424,-0.00019643781242128125,-0.0006235451160743147,0.2154618056925988,-0.09401666985473302,-0.017655785907000357,0.003758523629601117,0.0016247448808396074,0.013146978563760622,0.0061636013727595605,0.0008384240889826043,-0.0013440053399222229,0.006770698755476919,0.007356895925677536,0.02596607556691695,-0.01142477703112947,0.003560239378429402,-0.07204545403074845,-0.01045137315120829,0.053308684292458844,-0.018939797478894103,-0.0020586277429476825,0.01053943736358011,-0.0069767562945882355,-0.012080444735785139,-0.031354773154648095,0.0010503000356778956,0.007211810513407943,0.006202120165541878,0.03651710983455287,0.037361481703829635,0.0012791257380608105,0.0014997467664783055,-0.000349347328054877,-0.001764399689586784,-0.000507932505757838,0.0007502201509356159,-0.0004910992387449336,0.00018012894896225128,-0.026711135755207692
3_4,0.0004102341704089969,0.0004360419218045348,0.00076804157858168,-0.0001332569191855355,0.0056140361994552815,-0.0004217946148276168,0.00048259126009558167,-0.0016053734945297778,0.018825781503362855,0.25093602254373437,-0.0906560214203906,-0.010892598283663298,-0.003051824442672424,-0.002831854238467319,0.01125364495327765,0.004333965574752605,-0.0024736388209768956,0.00027380735092883513,0.0073761437291248655,-0.004303679125630966,-0.0009341591855855619,0.039323480576463274,-0.011269598669171908,-0.07931492428419956,-0.0002711580068325888,0.05277851416534865,-0.03182441654254017,-0.004394614319830238,0.003707074597931628,-0.007133463613387599,-0.013920736289941643,0.04129226945987681,-0.011814962336722808,-0.0038221568645423216,0.014089765013635777,-0.002086836530194765,0.03960857200470776,0.0011782114677197743,-0.00046578240578736273,-0.0004781415386637609,0.0005388371565649178,-5.3139880230511995e-05,0.00022587594692402086,-0.0011986411959841092,-0.0021069405986596855,-0.004651672450782447
4_1,0.00010915870114737971,0.0019754037640138736,0.0009166833922745849,0.0007068029477704519,0.005541523445580658,0.00011859551189095134,0.001520475210862238,0.0013799179520070557,0.006770843291345339,0.28316909488521613,-0.08615280409833727,-0.01364647588649422,-0.0016696059253955883,-0.001746601392909159,0.013072345022944878,0.005613919065216897,-0.002022619342119861,0.0006438776221698435,0.0018441649923801999,0.003648549220138472,-0.0014323963066022371,-0.007265178170583973,0.0055462925987320106,-0.07200210533498334,-0.0029609785753290084,0.06210420627938464,-0.029226453122949726,0.012966011247197904,0.00606208535003087,-0.0020132408410387234,-0.009554426551570011,0.0422347730915982,-0.010684165222059772,0.00042234074541016567,0.0032696350351567945,-0.0007105566274770764,0.05650741269638813,-0.0010888800124626576,-0.00017186822495545378,0.0006801199021776729,-0.00026256493110946613,0.00025891480739903316,0.0023860318240608394,-0.000596227094672478,0.0008721083890477682,-0.022810588177181484
4_2,0.000156179071819063,0.0007618416433194079,0.0010564029125656896,0.0007086752925586668,0.005221266274681843,0.00028350676436096736,0.0012501104183170325,0.001319585524275421,0.00506214201733061,0.2843535435784421,-0.08569813582330393,-0.013444528590669204,-0.001857729407001587,-0.00148784704456229,0.010979649902909805,0.006133406995260689,-0.0018715040190751086,0.0008294785868909688,-0.0009126475599790723,0.003570090580279796,0.006150938030166095,-0.007327314608659347,0.005088391712286138,-0.0716091050126239,-0.0029206631387535347,0.06277134001633769,-0.019897746554292193,0.013452171977743017,0.006006078877430163,-0.0005626359137291471,-0.002854019933333142,0.03845541013750096,-0.010854628738701631,0.0011341826014304077,0.004069226349030703,-0.00035259819947253785,0.0556333752501168,2.8384120382163308e-05,-0.0004364712353998891,0.0007649670207822458,-3.1223928120192655e-05,-0.00027543078692228836,0.0025068198899269485,0.00035284974285171625,0.00101297206547436,-0.022125912251238708
4_3,0.0005179460372260754,0.0010650555396387053,0.002289762606118033,-0.000972414536485306,-0.004012170463161672,0.0003083568068615925,0.0013873893511256678,0.0011615052124198484,0.022561920920074925,0.2548166701866348,-0.08434967682982243,-0.014445123995272702,0.005325673131087834,0.0010739370201600614,0.011778346857084131,0.0055029825958018775,0.0026989324908090096,0.000142312671781398,0.006652355079351672,0.007819551206015315,0.012327258324133927,-0.007673254146744201,0.0009974397231992274,-0.06895552018651543,-0.015485694554483358,0.05392115407391642,-0.018998444760874617,0.013016737241100551,0.0049440335753496946,-0.00135899015805838,-0.004752907257324306,0.03402938508368176,-0.013514987223634697,0.0030464463591635235,0.0025670520441867573,0.0003082571873347765,0.053727231695341486,0.0002836470804737795,-0.0004603200023140232,0.0012253490128297615,0.001406454215286015,0.0013722065989495648,0.0005329771478353608,0.0014019473053068668,0.0013555759448483052,-0.02432568130323695
4_4,-5.721486675997988e-05,0.0010803837270279837,0.0009919538387393463,0.0006151101845660793,0.006686095420891683,3.4670988734948724e-05,0.0016716673665513413,0.0013600685197934278,0.04423629728088634,0.23379028387426132,-0.09519131747164036,-0.013995970333844726,0.003789197883136128,0.0004108184894545207,0.012886039191810507,0.0066066159879700085,0.0002437407579372214,0.000242173705621943,0.008015994719850938,0.0090980162356215,-0.008711872316323045,-0.00676902330889904,0.005535841589785823,-0.07136741997560479,-0.016332783877444367,0.05498475492491447,-0.024704624678386133,0.01404410130799242,0.00672182375544118,0.0037354040829415108,0.014856685337110553,0.024115476200604183,-0.011970264381489397,-0.0026693686285586254,0.004378047508394625,-0.0013493218002329143,0.05550506110497056,-0.00011545142063188103,0.0002819938327678299,0.0005133978521520311,-0.0008253690230831167,0.00022838331868015656,0.0012102870097145495,-0.0001332287480664889,0.0013314241256006188,-0.02241473837658985
5_1,0.002116033048661572,-0.00036292696154279993,-0.0004739891325093435,-0.0005713523999192135,0.0011719775828237563,0.00037767729873183287,-0.000810276269180859,-0.0013832461516799389,0.05653289797491299,-0.32364832726269904,-0.20729890063152498,0.0036958635544043607,-0.0007006377827065799,-0.0009234485010447478,-0.009636412621440318,-7.938744999174164e-05,-0.001997520300873771,-0.0017651134177270934,-0.0017119771448226926,-0.0010866712115530119,-0.0029251634234914747,-0.0015455520987537818,0.010461620654404851,-0.09234725684874356,0.0020518996988384943,-0.05721249972493632,-0.03511220312740393,0.00804582326908413,0.0035515444966726043,-0.0007820857163894206,0.030158660213611986,0.008100836425915851,0.025671943925941212,0.006702132429351765,0.023946098216497843,0.002819037385136105,-0.08317583575021995,0.0012105383415957193,0.0005184634097799882,-9.24861468401203e-05,0.0011767558797403292,0.0007850931460653447,0.0010239515325792877,0.0003672057060592441,0.0002914362365060816,0.04485151772059724
5_2,0.002224331194070656,0.0001651160363109208,0.0008946133631470406,0.0002067561432972411,0.0006237203685123555,-0.0002538675209097847,-0.00024605105847009645,0.0004902228201484079,0.07172037815980434,-0.31180848542586465,-0.20654701352525812,0.007747158361766646,0.0008703234441434654,0.00040503885478762657,0.012632266858399532,0.011732484119673032,0.0008400885660582853,0.0008063333903539876,0.008795737003193483,0.0025654534322429737,-0.002099236677166209,0.018593621239421963,0.012164745997355285,-0.08936870685288252,0.00172947002079841,-0.056332133003929766,-0.025484340011685886,0.009830299666525436,0.006335736668253312,-0.0018376185587759433,0.03582986120997052,0.007685637453158394,0.02830913999964038,0.007339001183978775,0.029143722180011804,0.0028216550139011725,-0.08833823053141618,0.001689431976554009,0.0022638013911935196,0.0008600829612052316,0.00041475290058963146,0.001337691435268243,0.0013880000538081967,0.0011593565853614048,0.0006597840835302039,0.04787164976321567
5_3,0.002509699344178619,-0.0003063807270995628,0.0007998297226617729,0.00033783508491640565,0.0006688706600823456,-0.00014176146132829605,-0.0009345628347939669,0.0003259697572206697,0.07000643431467313,-0.3181556466109721,-0.2059494322048179,0.006262605611169811,0.0007862737790836726,-0.0006115451806994735,0.010055523277317416,0.009727093742729218,-0.0002530054531052308,0.0006384048497315349,0.008738878823463825,0.0005614586302941934,-0.001847470449126607,0.019533546386991223,0.011292134843149941,-0.0898911085392268,0.0018507849917910766,-0.05766005242170931,-0.032623272289573624,0.00891088059820174,0.0055944924087694674,-0.0024395493405980477,0.03016208875421465,0.008037341857065275,0.027494365556722092,0.0072025304807498,0.027788884967717867,0.0020337749380650357,-0.09150198020186134,0.0014381053752517516,0.0019242557893252997,0.001100879599301436,0.0006393216562921366,0.0011639109400903762,0.000943281769477251,0.0011592354132451304,0.0001162363550101511,0.04798166787480388
5_4,0.0028415938021734252,0.0005473036411456064,0.0003313962701529636,-0.00047406423754920823,0.0010483440401387043,0.0016499010734311642,-0.00018792715757465125,-0.0006322587130353792,0.07193555357635158,-0.30671451739470523,-0.20119568353768671,0.007534172797059948,-0.00020146648857895033,-0.0010307203275303012,0.008944428145145296,0.009886303459395875,-0.0010325883572678987,0.000177281484382903,0.0049214444925018965,0.003314047717709579,-0.001576701276500704,0.004733615437402353,0.011931046717561683,-0.09022714752859405,0.0018690961542702205,-0.05416617901542515,-0.02443519819888188,0.009162062207380887,0.005739279762465878,-0.0011734915242152303,0.036954474564328536,0.008942851862476451,0.027843610293000236,0.00725175336566569,0.02796240110934573,0.003151296452517221,-0.08644081819454708,0.001664748062576895,0.002166211478080576,0.00019515304465737425,0.0014381327720449314,0.0003735129539094235,0.0014745020293009654,0.0011020989354703057,0.0009546090685560079,0.04732861461871944
6_1,-0.0006821036252684802,0.0002786290467068936,0.0011443927355990681,0.00036923195701727514,-0.004298665308681602,-0.00014594542160603445,0.0008507401884366342,0.0003302448276103266,-0.0013187478857325627,0.2379936234136727,-0.08297441043799993,-0.00906512040455204,0.0006112597682501058,0.016116711625130804,0.008030734850072104,-0.00043675781410984043,0.004891445592222369,-0.0002755152561142703,0.007135933208639469,0.02425849639835947,0.0014424361217941746,-0.008879524137841656,0.00045416422393342704,-0.07526483630717941,0.0009704478014014133,0.062930655622539,-0.02197349262221917,-0.01501005667670193,-0.012120656842640885,-0.0005699710045957022,0.009963889555537571,0.03141936686129683,-0.030957391865938527,-0.004761223192938276,0.0026222909042098266,-0.002865202854960278,0.05065874971612537,-0.0005956954528544973,-0.000642490017709292,0.0009817377016380503,4.005680055355473e-05,0.0015738089432252693,-0.0002923790778519895,-0.0007735001838959439,0.00029534380559708567,-0.035596193004856586
6_2,-0.0009350277966905053,0.002009394779502905,0.0012039040391602037,0.00022060108098554193,0.0010176090910739219,4.32640819604668e-05,0.001279159063710324,0.0006455457236172862,-0.0045503627163989285,0.2307657942608584,-0.09766053326783546,-0.011504504195793738,-0.0030764425441182517,-0.0023805545005440016,0.01044907591887977,0.003694892603706451,-0.0035134812211858224,-0.0010934662203533213,-0.003563883595878313,-0.0020117104626878233,0.01654240963388669,-0.011796337022688792,-0.01041504284529494,-0.08248277784079096,0.00502330700560561,0.05075114099274887,-0.02366293369813025,-0.020271317826816113,0.015096452957482605,-0.007059261763903251,-0.018022914744437304,-0.00997545970186439,-0.029648121563561496,0.0008458664081088266,0.006529496231344754,-0.0032696785424940044,0.049047544308793684,-0.0006453936073440617,-0.0006097903859484355,0.0008475360314952435,-0.0007611241016927146,-0.0013035492355198894,0.0012404343211320221,-0.00035768838077833887,3.5512332549440914e-05,-0.03445028208610077
6_3,-0.0007374039779108797,-0.002126516488095847,-0.0012379684864051391,6.186924043106492e-05,-0.007195258068426207,0.00016723749854036043,-0.002774391289526094,0.0004087353372267121,-0.005556489579765279,0.17809820046971073,-0.0996372233996448,-0.009884324837516705,0.001337129994116577,-0.0006546983572676727,0.008889306142483228,0.005549542727239702,9.40383229917371e-05,0.0003807906026223181,0.005344244508830652,-0.0013898098392673287,-0.015405826629774862,-0.010821054768516481,-0.01818936802785888,-0.07841381226198167,0.006596272593432645,0.04530687123899114,-0.022093362800238374,-0.009657547127736324,-0.03800647827665733,-0.002145373722396332,-0.013827517936897767,-0.043336514647872096,0.00045332889436502065,-0.00580746636552101,0.007148209149853619,-0.0011082624929027584,0.04647003311303409,-0.001489373874134369,-0.0015357228332912233,-0.0008658975278847726,-0.0010338475881089717,-0.001500638255339122,-7.282488026954819e-05,-0.0019624930799486966,0.0010715014738674955,-0.03928673248592056
6_4,-0.00161082156826627,0.0008081357703472775,-0.00023384661456028665,-0.0010264726177890563,-0.000386197826581944,0.0007159508565926108,5.44251887045687e-05,4.1806600964681596e-05,-0.009426524613489059,0.16622895558131381,-0.11349883425216634,-0.013137571695558395,-0.0019574882790267963,-0.005710928641601763,0.006680972469507085,0.005557663779802166,-0.003661057897729851,-0.002937175376825514,0.003919957114533299,-0.008053561365784558,-0.017637269019611133,0.019927041723009558,-0.027277299910076002,-0.0842850645306976,-0.00038553109466897973,0.06242158570689353,-0.02465077483546377,-0.03245696539813662,-0.07689177222995548,-0.010064225094708218,-0.01608754088532181,-0.06148248164603417,-0.007531473693746245,-0.006326803404384122,-0.0019038397387713636,-0.006586228977069183,0.02446174451471084,-0.0011800863695829525,-0.0008150886275428375,-0.0009850384120641167,-0.0015583559054959143,-0.0013578306489006923,-0.0010234488555069803,-0.0016330053426290775,-0.00037559580297100446,-0.04326120250183151
7_1,-0.0020733831480607163,-0.005059448225360894,-0.003170342917871591,-0.0018371128947492744,-0.012923619917080586,-0.0016592341102565718,-0.003560263650724031,-0.0027829434561955717,0.019255295895621465,0.12106112520555126,-0.13008027984911377,-0.022696384606759674,-0.0029140388999122344,-0.003435662610631995,-0.0002635881143723325,-0.009787317112784726,-0.002876759503966257,-0.0013733617408845564,-0.004791565383888064,-0.009027604021027598,-0.01939614741587873,-0.010239752393232182,0.0034719639172259703,-0.1041844040551284,-0.004585442064802307,-0.10767308584896809,-0.034422254350766575,-0.023490790822439798,0.004101151366968376,-0.002659562920312745,0.006815679478842199,-0.04570629751279286,-0.04863237722218542,-0.008244630060262144,-0.016788351429165075,-0.0008874022537413955,0.010338936986037684,-0.0013018400525190686,-0.0026267069537481793,-0.00221767423293427,-0.000729427533000055,-0.0018279620903362463,-0.0025545498920544266,-0.0020354075117782564,5.486618080090421e-05,-0.03093350074862848
7_2,-0.0016901613240338223,1.4802325243711732e-05,0.0012709850033626906,-0.0008465135654173539,-0.009266961317139943,-0.0003121843237588229,0.0009234530798653646,-0.00025006502138264446,-0.012338761363196428,0.11795462120683257,-0.13251283463285232,-0.02129862423252423,-0.001655578746163575,-0.002530887832501388,0.010750439318360644,0.0017965777680211787,-0.0014097775507815465,-0.0021222757947068323,0.00604096965774523,-0.011603590837081332,-0.019862327841969882,-0.010693201501560168,-0.028338047575105788,-0.0802634299665336,0.003887547375614363,0.0258623379238299,-0.034830932369707975,-0.02872719430191806,-0.07135892619551203,-0.0056712689909588915,0.0046158600334139195,-0.0710963198099238,-0.030907863565306695,-0.006364880638507449,-0.0021662782008369805,-0.008027297390840616,-0.011773997596343105,-0.0009650910998682347,0.0004222407750384166,-0.0010365520514041794,-0.0012870458259309511,-0.0013958154972803342,-0.000583490722359404,-0.0017874815276956912,-0.0002295281204921661,-0.044507741982533454
7_3,-0.0009563796489655043,-0.0005365967451332941,0.00010935274948244658,-0.00015666704110766364,-0.009727034058474972,-0.0006748959742685578,-0.0004785528528040826,0.00011860617191142938,-0.004178654514937736,0.08976812034400788,-0.13008451103219176,-0.020489229375894036,-0.001302533008368734,-0.00492111169866611,0.005039844890563583,-0.013332892613477853,-0.00280279862714314,-0.002112825641667319,0.004379939695006932,-0.010803334072962986,0.002780600945388247,-0.011583059055682732,-0.026083657563347136,-0.07819408416225301,-0.004034995081680532,0.022936021031196248,-0.029022822727235303,-0.03523782566413006,0.005750476071095465,-0.01322645906830256,0.005596555451526886,-0.045357845657380956,-0.0001400626211421596,-0.0018938351539915788,0.0006170434201001712,-0.007967207003704057,-0.13780339694644156,-0.0007985304357661806,-0.0004715037263789094,5.7789098454976456e-05,-0.0010252473267303682,-0.0003049561851038256,-0.0005675786836134685,-0.0021212304381024454,-0.0010055893441134449,-0.04411533245828249
7_4,0.0008706095521729346,-0.006694065993544266,-0.003622028985110276,-0.0015503595410197104,-0.008284146403789001,-0.0040353682506225974,-0.0044032607042467555,-0.00039956407671100743,0.0030984397318679397,0.12434224388061293,-0.11952543998998917,-0.02195476488666758,-0.027515242462491693,-0.006327958269077386,-0.02235000865818383,0.0014982367789303148,-0.002365801359029068,-0.01887036617094744,-0.013008077594362398,-0.008004719773492092,-0.02092274684380768,-0.012617745110026005,0.0025253449483155143,-0.09499355760941973,-0.005957671095926892,0.023285668673153573,-0.03591786312514771,-0.026641497322424712,-0.006930239306294479,-0.0006733342655774325,0.002519792683194504,-0.05981591075937332,-0.063364906091009,-0.0039663186678376774,-0.007659019442380235,-0.00666801128502602,0.016782519747670095,-0.00030359818674271697,-0.004791047093827325,-0.002054010343172409,-0.0011283612427898,-0.00018806535516285592,-0.00373604403704711,-0.0015159452673632545,0.00013778778176140046,-0.04063751878040775
8_1,0.0010772647505684046,0.0014811311897847117,0.002096632133309845,0.00041482817555723553,0.012213246497842382,0.00010928609218348842,0.0016002249613375197,0.0015295641807238822,0.005348685659935508,0.2824348581814033,-0.07806897141649609,-0.011036070650911804,0.004483096494437527,0.0010097452489311895,0.013724711422524436,0.006885373270170279,0.0025125743970076456,0.0011109449672490192,0.007765577899791935,0.00894503768317481,-0.0009142370635051993,-0.00728356364117843,0.005095391091899736,-0.06886844495306028,0.0018326001218972193,0.07094863909030877,-0.018531724956989227,0.01252516438337757,0.004374935290856332,0.0030789512261810417,-0.015858822201741254,0.04145200035534197,-0.011003250780812568,-0.0023820541588528924,0.008309491081051534,-0.0013945961334519551,0.055379985522283244,0.0015522750603845703,0.00019779455907492166,0.001175332367881148,-0.00024566506821785297,0.001689316843317041,0.000264082318528205,0.0007215567721565695,0.0019177840801728717,-0.03305509224314265
8_2,0.0009241804701050698,0.001117785238333261,0.002000922701276959,-0.0003579916161525993,0.012152896246458824,-0.00020683743357859287,0.0012228134165389098,-0.0002965556804050337,0.0041617599416412165,0.2791465556758913,-0.07466063770405462,-0.009034716877709728,0.006876525905671301,0.0007429487988462437,0.013330572563047836,0.0051412883910540545,0.004312516645036544,0.0016694067498501603,0.007311981164079656,0.01073404987078487,0.01445868283290355,-0.00865678726336575,0.005766407027910639,-0.0706696714402478,-0.0022227834736333126,0.07071937943176043,-0.01863507568696498,0.013860158081868726,0.03824140551202812,-0.0013298594646384487,-0.015956062684889888,0.039833757590619065,-0.009653325313624632,-0.002718203032701053,0.0012986146309322036,0.0004943820071062379,0.03849035543722709,0.0016078385454185383,-0.00013949015606794788,0.0009319090326402587,-0.0006727735092640014,0.0008911439497436266,-0.00019685064967287194,0.0004389535730399815,-1.672048571715595e-05,-0.025367880168762888
8_3,-0.0008297623604822993,0.0009435446446921517,0.0008412233730974527,0.00019401631430426177,0.003218810961773938,-0.0005053186399096244,-0.00016528565847945481,-0.00040326263399729074,0.0010594422773914313,0.2546074055191493,-0.08343515659338062,-0.010855042539930141,2.6427299353477787e-05,-0.0005626026849154425,0.014602633389055854,0.006210491909759196,-0.0031510175099184095,-0.00016784749453008742,0.006280781933233241,0.007853882428130054,0.011043632264848094,-0.011438039620652752,0.0011457332201204502,-0.0763340574712946,0.0034858090892978095,0.06488613191741642,-0.021353647455853882,0.011591800585705785,-0.0015093794372165801,0.0033895303317957896,-0.018576801694390077,0.028501062614943264,-0.014609895272173089,-0.0033843563078959486,-0.0016022112441726358,-0.002874483285909275,0.03883688319321967,-0.00025336040323781987,-0.0009002162140896804,0.00025925996296167315,-0.0006226166329904295,-0.00049288064843637,-0.00016577861031273112,-0.001067652540688766,1.1829986061370034e-05,-0.036368608978622506
8_4,-0.0004370168379211116,0.002838116172160749,0.0015275075009255693,-8.605386951095969e-05,0.0030636269511824248,0.0005321618046561601,0.0013793686520671435,-1.852031699708422e-05,0.001120902474145672,0.2725672439464056,-0.08158082686078574,-0.01072505020725169,-0.0030872407960067603,-0.0015700402626829077,0.011230674508111268,0.004009201499992769,-0.00228133783970566,-0.000247441996427978,0.005149060589961052,-0.003484948418886022,0.012214105221522045,-0.00930344832929632,0.0031733680670067714,-0.07588453388773382,0.005292679273158251,0.0648771929200391,-0.02033636692000541,0.012178494244589956,0.0018681804330009536,-0.001374420286892379,-0.02888564122666633,0.028637199751778277,-0.014019628805540278,0.0047771042512792135,-0.0007646135563362323,-0.0020066125380033867,0.03633805263051515,-0.0003039871071372478,0.00037253194907678635,0.0007608098316605667,9.4741894492332e-05,-0.00024655952713891583,0.0006716482731559538,-0.0011238560632161581,-0.00025518261840040294,-0.036103975854099364
9_1,0.0005836491372139386,-0.00016397041596393822,0.0015739138724793216,0.0003830027891066187,0.004240805232148725,-2.5081187746998455e-05,0.0008160065146070386,0.0004706269290408358,0.004006678735561946,0.2544686975090869,-0.09442734970694053,-0.012289824006433006,-0.0018812193739598895,-0.000748209069103236,0.0114674474623688,0.005364672546343702,-0.002444442574983456,-0.0007726818869904703,0.0052594641834813665,0.0056858876894135746,-0.008362661910543516,-0.012058925121481455,-0.0005175383033835442,-0.0764001786332003,-0.007846932915241536,0.06830109064834207,-0.02323374751695431,0.00710918935304653,0.0011442426301703445,0.0005774487072060476,-0.01620628292362363,0.0351716741267443,-0.011017401130162151,-0.0030285153988461894,0.0005262833330277892,-0.0024692568914191546,0.05176167305199191,0.0014243757829685698,-0.0016909442835168905,0.0013825559153562122,-0.00031168093976702244,-0.00012447922082733023,-0.0002871985834207507,0.0006542161343697063,0.0006395722931121717,-0.02784220767308163
9_2,0.0009861251442741296,0.0011390532591253723,0.0013959798397594244,0.00026400583568759187,0.0011042244131885092,-0.00042022259002227343,0.0016997009774805053,-0.0015612553451638594,0.004717840798370513,0.27577854443046435,-0.08920658853524348,-0.0107562352165744,-0.002533234516853777,-0.0019457831417957446,-0.011986579006439483,-0.0026219154469018136,-0.002530192991599082,-0.0004427906490071164,-0.0029783989305096816,-0.006751882654820862,-0.0016664817607945346,-0.009558681639882294,0.0030610809641558297,-0.07541102750414728,-0.0002725302582590864,0.07184200012555376,-0.01981209981921084,0.012612434759533565,0.003935995377655538,0.001191107421137602,-0.03075417513296182,0.03602010066736631,-0.011680209957747822,-0.003067951759938369,0.002141859679387559,-0.0038274775837138708,0.053806774302257374,0.0014503695860195395,-0.0006411040067579187,0.0007845211202139292,-0.001207162565048307,-0.00031334551778827675,0.0014466807618615215,-0.00026183155376000174,-0.0015805279747279411,-0.02455795578144736
9_3,0.0008715013463886143,0.0002640883351020728,0.0011267533466176125,0.00010170868602063705,0.005018267198089032,3.357747522044979e-05,0.0006704083685975208,0.0008031968438443743,0.007038189121665325,0.26183976490515737,-0.08912477450920978,-0.011550664945257028,0.005115422722829113,-0.001235206428569552,0.010011821528339864,0.005566747794350254,0.0031555008378731948,-0.0008993580910597169,0.0058295610612627965,-0.002328448463594967,-0.0010051502364897317,-0.009670598292635396,0.003305016757595253,-0.07371807562850936,-0.006307650845533856,0.06762952139013954,-0.021420750766729946,0.011298721046826842,-0.0012626431916356543,0.0016743836532158902,-0.014791892491555108,0.0393702427606329,-0.010595574711969945,-0.0035178795292936066,0.00228182101900997,-0.0001311952393325553,0.05780199066747055,0.0017445716795587516,-0.0001823813623618099,0.001186354555332436,0.0005222684676915941,-0.00023421910687744448,-0.00012430524474748764,0.0009223448706501285,0.0012604236553358293,-0.026059995610371405
9_4,0.001035195457154919,0.0016901822914926893,0.0022930170052804237,0.0007295272569045879,0.01135607944768343,0.0001363777574322007,0.0012427713604417241,0.0014715892363407698,0.004788551229481723,0.2784007341713449,-0.08740759208863706,-0.01147498262762747,0.004606771211218463,-0.00010708737881060861,0.012324476150740775,0.005731846381563545,0.003109828107906631,0.0003698888889807099,0.006569122934459283,0.0010887309694645477,-0.0012820340029372984,-0.009653038531843055,0.00346140360847036,-0.07273847926269732,0.002001114142004043,0.07212396070637139,-0.01993737392598566,0.013423648324595958,0.0030893131709885946,0.0016741958870912824,-0.014412622710057903,0.040560981853217326,-0.009567844631466083,-0.0025259350795814196,0.0006392922333435341,0.0010124758459259173,0.0587363507639248,0.0015601935390086976,-6.119616154643454e-05,0.0011416908513599833,-0.00010367144332507717,0.0014126361128988213,0.0003187906940147099,0.0012837774104180486,0.0019869781635318625,-0.025012432870686687
