,0,1,2,3,4,5,6,7,8,9,10,11,12,13,14,15,16,17,18,19,20,21,22,23,24,25,26,27,28,29,30,31,32,33,34,35,36,37,38,39,40,41,42,43,44,45
10_1,0.012844116841626545,-0.004344492820853166,-0.015814445314365412,-0.0024957733603509754,-0.0056688207829258385,-0.011593915788451491,-0.01015949338322287,-0.009310165118326986,-0.007491178073656027,0.2987225111106144,0.9767159130266404,0.2440038279857791,0.004268477466568296,-0.0006807712606770203,0.02479047545169481,0.011404065630302322,0.0007923161534728897,-0.004864648790506814,0.007217621453407905,0.08045469101025544,-0.009587375244826307,-0.010011686051104007,0.004557498123404002,0.47445710213773223,-0.004161453501242644,0.40496843033861774,0.6837959234002938,-0.023490646847022876,0.006246305476442214,-0.00016519646718866118,-0.003209382760589331,0.003974380457495565,-0.001444552787812692,0.008988338358244037,-0.009054128370917803,-0.002803522836918832,-0.012160820149227387,-0.00894542196478627,0.010078463984698395,0.00036036390976627733,0.017419957973672254,0.0025518361284539103,0.0014975731585456283,-0.005228226557603294,0.004253460249239614,-0.025325222043435243
10_2,0.011562257634629265,-0.004787479397528184,-0.01920227131007844,-0.0019282386637546002,-0.005618314281178257,-0.012520245303622982,-0.011310338616789787,-0.009137926620675797,-0.012953174102750348,0.3010368256063531,1.00378567521533,0.2422629052257978,0.003686735073627334,-0.0010517430308350916,0.026429295968880138,0.011639527247015178,-0.0008449253665822824,-0.0046424868273032965,0.0035442892168213416,0.08094163466460376,-0.009371113825580965,-0.007340611285611038,0.0042035107869575015,0.46189470216888434,-0.003657774896248154,0.4238475010033956,0.6760864870071142,-0.025414193348581856,0.006510426854610525,0.0015642920838253036,-0.008531454665124285,-5.899083088648611e-05,-0.0015934118591103038,0.00871721968402953,-0.00978420349395347,-0.0025254932106912394,-0.012232001962446193,-0.010047261880097854,0.008456909243400933,-0.005046735876226308,0.01452003613277885,0.0019624070642353226,0.000770506632372785,-0.005518356920625946,-0.0013269155402204171,-0.02521854505288327
10_3,0.011328311311050063,-0.004676542172947309,-0.012056298149349796,-0.001032480843902835,-0.006166939242814252,-0.015390327734239146,0.0002892217894307299,-0.008610855688467938,-0.010220373904488173,0.3328520391066759,0.9955965150006177,0.3107548281265719,-0.0057008093119093935,0.0004962779905431419,0.029442372786751575,0.038333852529166476,-0.0011752988338210421,0.000849567992714025,0.0055477511037192884,0.08437823956239947,-0.010248643340004072,-0.006801305205309306,0.0039301449792173235,0.12541474544568276,0.006350116782049487,0.4269732121144058,0.6748711378720663,-0.023832588303434186,0.006288301323484695,-0.018739906534748163,-0.007607926476080669,-0.004602223099966388,0.019442816479775017,0.008592391522617721,-0.011061310038163656,-0.0030972872563673178,-0.005113648473758333,-0.010690820660131734,0.0029246070347640385,-0.008957722897367244,0.01811644820901452,-0.004178283054422729,0.00655337244665696,-0.010471492942374675,0.003975322122490644,-0.02540580325444234
10_4,0.011615220252824583,-0.00492165247027245,-0.016706805623366176,-0.0019069738460836462,-0.005614083046436562,-0.011680151940626375,-0.01081444817691612,-0.009610176275676749,-0.007815141460938384,0.26541736077319483,0.9710676097511036,0.24400642278796494,0.0037315859272281753,0.0005991108076574259,0.023192918684431955,0.011498064323707435,-0.002231513169034949,0.003564925802162406,0.006884730484612819,0.0780781357305894,-0.008640833330350352,-0.007689620891992965,0.003952311711087248,0.5592339146667614,-0.004191679603259456,0.4173709725982205,0.6578240343094298,-0.02427412410359032,0.005913201305436865,0.0017414665364613468,-0.0044478564013509725,0.0023467301425561457,-0.0008255496461389186,0.010819391162660362,-0.008677592743690463,-0.002187803269936528,-0.009798871024138775,-0.01959908621179722,0.009534170684602144,0.0011478724306199285,0.016573254666749873,0.0028312474929627412,0.0007587624678016998,-0.004761385446743499,0.003312144799034572,-0.03769466415037808
11_1,-0.034952195310930946,-0.010648287031660483,-0.00783936063472283,-0.03333314245845202,-0.015409062269366414,-0.01534885452527237,-0.0494986983059586,-0.024056643868451046,-0.012690433396335611,0.03071655119376928,-0.017985111665756642,0.15954501289405884,-0.002584463115153433,-0.005771257070362709,0.018917212468361543,0.025776312825710676,-0.0022803530741690786,-0.007119655218517987,0.00869173975154122,0.056400655211141376,-0.013535000686009397,-0.013956363786511612,0.0017399537698654126,-0.042398622779226625,-0.001426672100252753,0.2628237015676936,-0.006015574286508559,-0.08162678305008529,0.008684716254621376,-0.029725523762290536,-0.002275456422300089,-0.021471927169434094,-0.005650138872731135,0.10675028661803838,-0.0064553054269230765,-0.01166932329802182,0.003536034892412007,-0.0019205620738262208,-0.003060906731211767,-0.01337339218326723,0.002631641977213173,-0.031642633266917346,-0.033578676319966624,-0.02140877514880395,-0.018551429208594154,-0.01766431893905946
11_2,-0.015153839683219778,-0.0075856456506326695,-0.014336605508624546,-0.006192779616815961,-0.013157392179092321,-0.046040122315490116,-0.03972390485576953,-0.009863631398822834,-0.014841790002195767,0.22479896202448105,0.14491903231936612,0.18090336238249805,-0.005290404401225191,-0.0011910041903166082,0.02023366690587797,0.021061681946577225,-0.0020528275575140997,-0.005656721057793424,0.0032937613284304934,0.08728718330591323,-0.010754757512184942,-0.010368287991174183,0.0006446628462056529,0.3579987778216351,0.030800880720067425,0.32478520610864736,0.09676291157289088,-0.03543234748417517,0.007223032407016837,-0.0068037815975357675,-0.0028305702745011654,-0.03685920321739733,-0.007727966454202219,-0.03200394160420311,-0.005304103088700451,-0.010637010625029955,-0.005892081961555236,-0.00217477519136728,-0.01877185748229558,-0.007675708127332877,0.004461061743307354,-0.02190978487540133,-0.03731977868794379,-0.04851997666076286,-0.007357959360655279,-0.013193965905373918
11_3,-0.03253091468389359,-0.010731669693586568,-0.013819880420095085,-0.035816574089072954,-0.011161677429801628,-0.021560825544782933,-0.046250908692835054,-0.013679208662668816,-0.01424622061995665,0.03146014727035165,-0.023264941364467454,0.21342324460344606,0.01321059542187365,-0.0011285778592206562,0.020739152879000702,0.018692044136167117,-0.00251606062642051,-0.00630173958750535,0.008848355998763883,0.06837040059151554,-0.012429234317721565,-0.011249291392942352,0.0016101911020260273,0.05757510079888319,-0.0010292590224504042,0.27597712471282937,-0.005503326586284158,-0.06318596474173102,0.008115287737479333,-0.04071281289959123,-0.0015571341921615202,-0.02184959914003183,-0.005280940193194536,0.1029096335549788,-0.0014672038579287075,-0.014466573588874872,0.0033780968954209836,-0.0020828819250769542,-0.02187881894582943,-0.014203080078338752,0.0026429484931831896,-0.025956733206437446,-0.054432276205374816,-0.02091736587450418,-0.018378560845534363,-0.017979268512193617
11_4,-0.032488940584380954,-0.010291867773081642,-0.013833213243976352,-0.03563711481762383,-0.016249964201043215,-0.017615208564026496,-0.04739661534164805,-0.014057686568724907,-0.01653906955659653,0.02914286519944621,-0.023228237301607377,0.16712600377544634,0.014590415161247197,-0.0003067354691008081,0.01821788701735248,0.01996617805043157,0.0004897778814999341,-0.006841418820221004,0.012112002183481461,0.058406435340300815,-0.013323482558156585,-0.013385083828307975,0.0016623962235215698,0.11601884358038889,0.008265178129833552,0.2675328946801104,-0.007351766171352792,-0.03750831582509394,0.008128059039964422,-0.02301815999892744,-0.0035227907796649307,-0.021135594345827978,-0.006022725089045287,0.06207952820169277,-0.0030750184548394184,-0.014914550747957101,-0.004361311418046231,-0.0022628778555764365,-0.005390244117767583,-0.012289555057901923,0.0015812391884042017,-0.03035455674547477,-0.05449639224818928,-0.020924055328533014,-0.015565887850499385,-0.01992847639425786
12_1,0.0073955727225744295,-0.005787454115546162,0.027142213305705,0.00012061109946947157,-0.005302294170784557,0.01501658337248399,0.007579148012522612,0.008186604650994375,-0.007758110575093497,0.29241388368022014,1.1034986613920876,0.3827876790069109,-0.00190953378921737,0.0008949689848882158,0.026625526265352285,0.013938854902619922,0.001242335798904459,0.001537526984695609,0.005633748389797508,0.06955805995967435,0.11660657650561515,0.17482101391942986,0.002241903713129069,0.6608088260238909,0.01386416649134986,0.47798186353211186,0.7010778695494106,0.05244313306853939,0.0038561848244699397,0.28700851549113826,0.01848001935953746,-0.0029147191387994854,0.014171778254066375,0.07587068800388547,0.013707438608228387,-0.004974875685784768,0.05015383173645413,0.024091553723643903,0.01919085852185877,0.0038569039864227274,-0.0022180567857793057,0.01833287106600936,0.0004958262940252811,0.010789144004721366,0.015470781738294121,0.15741491459187598
12_2,0.006301913787556696,-0.006126676056845285,0.026651172554398916,-0.0038201279117434797,-0.006708914636555052,0.016609015928465937,0.006167061734324676,-0.006171338476923362,-0.007955699067753147,0.31082730155756594,1.0925246810578815,0.3836195601430649,-0.0013226214189088828,0.0003429697696120124,0.026345793699633496,0.0100135052798174,-0.0011386224160154208,-0.0033472347852077653,0.004491716169374346,0.07003997614611054,0.18713500246865813,0.17576807760777627,0.002363088129098833,0.6490021452068201,0.01371359453806216,0.4768841902810977,0.6881910278566653,0.055409526273696934,0.003205485227896809,0.28719135681886715,0.011196806038450711,-0.00293247777725167,0.014855728314978197,0.12495379594315066,0.013282508095346805,-0.0059883660002731775,0.04947201098223626,0.024426594795756436,0.019221415467684803,0.00812376519387135,0.004023031699649717,0.01940407439500089,0.00013725333542152253,0.0005991071234098891,0.009351306032178285,0.15512286040515766
12_3,0.006282605677439101,-0.0060782338409323886,0.025601643582039042,-0.003923098084666284,-0.005258060961803697,0.015446832967207932,0.009141026974282936,-0.006137413617051517,-0.007798455716516853,0.3086586854659566,1.1089985443889703,0.3796998088728672,-0.002665319271766508,0.0009793322825139433,-0.04651084168312051,0.01760470053717176,0.0012521301339786391,0.0013274874039325914,0.005378458580618535,0.07558991853101261,0.1852086364634226,0.17298985037132233,0.0015649089991831523,0.632744764631509,0.03263608033092185,0.4565339552672545,0.6796685500749444,0.05434125331580085,0.0024564496664849743,0.2844090188786357,0.01830572562244025,-0.0035526373917550828,0.013440446200309226,0.12195138724783736,0.012516209843617891,-0.01021745342706195,0.04662075033089241,0.022740741799452756,0.014998957210783549,0.007223085731528511,0.003835756709578713,0.018804463432860834,-0.001233433302971469,0.000596263589429108,0.009246919225737575,0.15502465387037018
12_4,0.006634925661626484,-0.006595782432962438,0.027031758911271048,0.00036585853956559505,-0.004758438070947547,0.01473773549238425,0.009649831397950509,0.00839887134068675,-0.007519071674527614,0.2927919511871047,1.1017144618103822,0.3841891557909086,0.0011788642151640202,0.0013170755600719235,0.028825795235077,0.012486363897246978,-1.6910123001052824e-05,-0.0035578751403656187,0.005514687957588964,0.07733657157011224,0.1856060052935545,0.1735426896423566,0.0014331995661981895,0.6454690555862784,0.03420360641408575,0.47876793163243275,0.6811818064039565,0.05410924712852383,0.003163513296135818,0.2839244813496257,0.018877177055024102,-0.003122883811565555,0.014163809867163868,0.12565508757245442,0.013474589828775495,-0.006554204764332392,0.05080390047665143,0.02544842218298955,0.019015509558245942,0.009472743355961545,-0.002034630097948819,0.01836731147836939,-0.001191566029778014,0.011252572710467104,0.01475555505261339,0.15658174275555067
13_1,-0.008942645792281784,-0.007366167924115096,-0.0006905058475229227,0.007013322462041793,-0.004781597056463218,0.017533426425510007,0.002296324910529987,0.020542947055717013,0.02900303668743536,0.04428847098907824,-0.02843440510748572,0.10047669160002318,0.0009215536816164546,0.006517328545788347,0.029104785322661746,0.037148553923750285,-0.0010294983026683455,-0.003415023110444453,0.012782035745960919,0.06974411850157798,-0.012753426537761878,-0.0059758684680246655,0.0032538579268758883,-0.015073991932662052,0.009609947133456202,-0.08478841563301107,0.09728466036943409,0.002860701753456868,0.0024321745081872866,-0.007956747302860659,0.019842641826285472,0.025703489728617322,0.016657037431833183,-0.011876931228778375,0.008268177180397364,0.03240528607145585,0.0002811501981528672,0.002046902023034784,0.00023525056825188408,0.002918800234370664,-0.0006778434496699596,0.00031128779732425126,0.0019696416267848175,0.01591270187021911,0.006181311788828292,0.0038252107768164544
13_2,-0.011428525969357546,-0.006545554283179959,0.0002522770696178449,0.010789095651732673,-0.007260379731493332,0.015569184215687896,-2.2390893465760863e-05,0.022474364338005284,0.02391063142603327,0.04186907718772693,-0.050208590111608324,0.08975077977248341,-0.0003702723968046495,0.0006509095105992174,0.024450473322921776,0.03543666647038279,0.0003360832088072946,-0.004003847657024715,0.01356315544703024,0.06891648350583776,-0.010857597867820791,-0.008319281527564499,0.00511887908836984,-0.051786185663565,0.011880554308196033,0.025308225738903622,0.07805699899923477,0.006567024962801306,0.0024925579652533576,-0.00603357289231752,0.01784200617103183,0.011014737968675397,0.017389329465881388,-0.012913674816136894,0.01240682260076325,0.03800764476125029,-0.00782198837742364,0.0032190145150535875,0.0022962626153316817,0.0039010108292671986,-0.0015722608075472648,0.00026850897890024546,0.00308470801011283,0.01814870877355032,0.004594686989167209,0.003784697201110944
13_3,-0.012151099657809366,-0.0070885640111534925,0.00037583486533972546,0.0014245223148522924,-0.007843979984168614,0.013416329922007763,0.001018158542063111,0.01589563677923248,0.030097405540057225,0.0395381382311375,-0.05132001076349269,0.09232719637521317,0.002658802210703172,0.005372970558643997,0.019458112532809903,0.0350281309437472,-9.086951259166355e-06,-0.003370059557417307,0.012832887237922605,0.06620205639710716,-0.012290759649775697,-0.004476254616899367,0.0031052040422654453,-0.050796847638481156,0.002976749520797573,0.045548098268557595,0.060643597784626406,-0.0018613803029740778,0.002197866377687943,-0.0027808166217569348,0.020282777587798152,0.026241423315531375,0.01673960501974198,-0.012651738960075362,0.011663032353446786,0.034185674074209915,0.0006346081193288184,0.0025756693606616976,0.0013881119316969173,0.0014658476829029817,-0.0007539898352439103,0.0005294114068197651,0.002069042832949072,0.016384626743557833,0.004466717446183056,0.010201900906777982
13_4,-0.008982564666842286,-0.007120319689971686,0.0004167238883334578,0.007701303668601213,-0.005197248320947265,0.015336224219991704,0.0028666279974139197,0.014000995526754392,0.0367696140854546,0.05950590264828109,-0.032837618624257,0.10950386140402144,0.0016377681906768436,0.005172835957614723,0.029705435178233455,0.03496133360940177,-0.0008390381188127356,-0.0037555811070746005,0.011806772853390579,0.07182076104686147,-0.012917453747166841,-0.010848387802977014,0.002666606615516379,-0.038079902281216264,0.012805713808458567,-0.0897524744411578,0.10140504994865075,0.008501934878133482,0.002882721191957921,0.0006517465515922261,0.02114096034239259,0.03154680091499429,0.01645560289563917,-0.012946099331540607,0.006743273117553354,0.03167241045050305,0.010141755608360172,0.0021710326530497365,0.0012256867521395274,-0.004519623255803168,-0.0010464530340018791,0.0006523615056883487,0.0010146744596424497,0.013129641035249379,0.002703873639726239,0.00934610436365844
14_1,-0.00029063389553009024,-0.001499139036093164,-0.00321222562719929,-0.014485448257393261,-0.011682596366266996,-0.00777226769347961,-0.009003632009511977,-0.011363586206027808,-0.010176763344131182,-0.09973936085115517,-0.19775993155181282,-0.18785737059246882,0.0027884397193921997,0.0027061691478216065,-0.027539394675612127,-0.05123661756662635,-0.0017180176859734845,0.004468091138995506,-0.0207705624977038,-0.08594165455652329,-0.01209672966164374,0.004009006596140882,0.006505481959590116,-0.1521037717806962,0.004083812116027881,-0.2296759461134628,-0.1984716195651441,0.006802558046159047,0.003110861675997464,-0.02042355734757292,-0.016237391043890364,-0.003405229769064861,0.004892949219446281,-0.014139039596780653,-0.0048728139102408455,-0.0008134608482067409,0.0026125947185693024,0.0005537576328634491,-0.001321269010186595,-0.0026900300281504103,0.005779464170531347,-0.0010367566946073738,-0.008006352766058775,-0.013639334879839569,0.0020788416269534133,-0.014335789567023144
14_2,-0.0025525348274206086,-0.005653202156585425,4.945429655654407e-05,-0.01158211564684645,-0.00842745791862716,0.006361976351570682,-0.008108166583862871,-0.009363033189426202,-0.013336306665950879,-0.10036483681533628,-0.22677240584118538,-0.17976687623411286,0.00455886264603445,0.0036404237827843684,-0.025178939643646495,-0.055197243957569454,-5.894021113428681e-06,0.006487010281508385,-0.018441275456526553,-0.08772423349717395,-0.009480375079151138,0.004743803842953552,0.006590150534216868,-0.15580136399501787,0.004774861666973719,-0.2341093150149061,-0.20647367160402985,0.005892078370451427,0.006760489489456817,-0.01624150430936701,-0.01481784382356905,-0.006485633164783445,-0.0024741721790759817,-0.013846079068897826,-0.0005926736176621386,0.0007353223134840801,0.0007677735415996304,0.00036232222836410556,-0.0007737015664739624,-0.003938993099728732,0.006868049776176141,-0.00038752992807548263,0.00041735133429875556,-0.013836650167793453,0.002470507161350285,-0.014043938646463791
14_3,-0.00571428069182842,-0.006411584178941843,-0.005219118847125184,-0.012205191119614161,-0.01089887908784331,-0.010803944605528014,-0.004487192886994723,-0.009295814662589372,-0.01423751783022916,-0.09676373650710517,-0.2061593822783862,-0.18279770129879155,0.005846155815597156,0.0031681813657505106,-0.022931515732924197,-0.052489833674987975,0.00020317247374738027,0.003952152132419887,-0.01751160396305733,-0.09988439433175189,-0.011677531407222611,0.005055295853970972,0.006776378154105556,-0.15328528753175838,0.008380669690345701,-0.22593677179313457,-0.19885905502888643,0.007648358170679591,0.006137784954015094,-0.015647105437009215,-0.003292686791280609,-0.004574296712077989,-0.0020369067587747095,-0.01385553158530749,-0.0030110320582842904,-0.000995313321127956,0.0016602986023861953,-0.0010352197868203528,-0.001387600580894975,-0.006499991661275618,0.006082476129201235,0.0029602943478530667,-0.00685562396627584,-0.014260459643642162,-0.001157150830569282,-0.0135541193085801
14_4,-0.005669665751621478,-0.005118157856820964,-0.000139544633419524,-0.010728200327636557,-0.008716473091221005,0.0047930204030257875,-0.01206518107543723,-0.00946368501494943,-0.010136158612876733,-0.09866824524109602,-0.22352230250945884,-0.1767507478169488,0.007642720779663467,0.0033713395664270525,-0.025406042237474964,-0.05294616678442319,-0.0011868292143668636,0.0055562054678781605,-0.017973592428304434,-0.08993983529141117,-0.011918168064422611,0.004602322668613929,0.007552443934505581,-0.15610330019237018,0.010442253998557693,-0.23441438716580876,-0.20562540472656718,0.0074997509431425965,0.006528798318584252,-0.01471524152233658,-0.015082144189459495,-0.005549826267482102,-0.0027659325463411117,-0.014089444826696775,-0.0010012854652079258,-0.0019141836991773409,0.005288799252256186,-0.0013851143865490979,-0.000997269388922013,-0.0031997932765072835,0.006059021473400251,0.00416491895703979,-0.0010277772020575982,-0.011980453266502778,0.00203652416493359,-0.01370602435327359
15_1,-0.007080325412973984,-0.008322125140112114,0.0004853299004415158,0.0003975254941653362,-0.011026177333267795,0.01871815934607812,-0.01306576755630451,0.021074370646232295,-0.0085406829493171,0.022553959948265704,-0.07128489452188275,0.07903126553377551,-0.00165485585344545,0.0005873848937545207,0.018508781153589587,0.03794212581943643,0.005817895238504427,0.0007987771946204162,0.011383704004441105,0.06278095889803173,-0.005122435136634689,-0.0030664883855846072,0.0017734692292985025,-0.08568546953213932,0.0021114962982257414,0.028778430467743553,0.042520384782945966,0.0010246186920343232,0.0032487083192869167,-0.004973451988931024,0.002812736979925248,-0.003061449882566003,0.0052499986526408325,-0.009481290957797539,0.0008152949611335827,0.009557101980286933,0.02295963813932877,0.0012114049812473767,0.0006637477385970126,0.0008875460313344965,-0.004599072854748376,0.0032036735445138734,-0.004174568801533937,0.005786156243285084,0.003139421909473099,-0.015308109029736186
15_2,-0.007074570296258618,-0.007404163443041669,-0.0001313187719464647,0.002755821733029084,-0.010730645319753443,0.010277903903083339,-0.005863330305506295,0.01549757998030834,-0.014044354125175842,0.030368774410810442,-0.06094883240362353,0.07084158691125379,0.0033864043435698765,-0.0047396574771072664,0.02053403777056248,0.03328932499935649,-0.0024557918207010134,-0.003102572206775162,0.010404869782488323,0.06027359031620145,-0.004007265501258944,-0.0020946607379612775,0.0013826881697038375,-0.08668429089873365,0.013132246819611082,0.018837330171082634,0.03520252911457366,-0.0008585505988621988,0.0019707518927997974,-0.004395553883442084,0.020335615631084474,-0.0028849729997139518,0.005835929149567064,-0.00945830912242069,0.004056724656726165,0.010489440824191535,0.021840206741985606,0.0012071603137677024,0.000718008551654429,0.0017243601564103973,-0.005949374136495859,0.0032191568677068997,-0.0029060316994377177,0.006837532436856827,0.0038545881534502867,-0.018294865850086387
15_3,-0.007146163394898839,-0.007585361946100094,-3.71356910085415e-05,0.002085877945396988,-0.008736868329086045,0.017802325516178264,-0.006117740292195847,0.015188057751325288,-0.006331298000901294,0.02968294368680437,-0.05968796280991206,0.07230792800022347,0.0010600539734639093,-0.0051194091714066945,0.020113401385029636,0.032432983232220415,-0.0026204486370467743,-0.0030398165900953566,0.010664034834988432,0.06267535366785486,-0.002862835876199999,-0.001777305703280506,0.001606581628841911,-0.08885022675434848,0.011569217025002373,0.02463658106679185,0.03468102785728701,-0.0010866979315852434,0.0032215486617048995,-0.0010683787822317174,0.020223570398158423,-0.002527278343724736,0.009171619977756878,-0.009478918933243072,0.003707116928179404,0.02270891668920219,0.020187131619727884,0.0010314579778720203,0.0007124176962926186,0.0027185195388237196,-0.005817574958908957,0.002484028136766502,-0.002374936787405999,0.006784796369735243,0.003571793130729433,-0.015951164641582007
15_4,-0.007060004622439361,-0.008969850903529268,0.0005333016492806974,0.0007975392135453209,-0.009894503778965858,0.017626553632465642,-0.012998486142931458,0.014592853471942809,-0.00952717643128739,0.028249603825523505,-0.06552773905525208,0.0764223499206111,0.004645687511597357,0.0005127447819169629,0.01851808562808385,0.03946020079105651,0.0011865265901209695,-0.0027322488996393353,0.011235891713925666,0.06429971650762152,-0.0036862047778645603,-0.0010133292426479127,0.0015922721089027241,-0.09092851376124735,0.010935951062419217,0.026972183511079047,0.03548704545464236,0.0010134641940026353,0.0021815240066227213,0.0010381321844202007,0.00583796817828499,-0.0038805860167974967,0.005260126224759361,-0.009582717442040738,0.003359770525443599,-0.00568070431117382,0.024593512398091544,0.0010295759701839447,0.0005443713358527081,0.0010989376822114559,-0.0017221298346927942,0.0023898056213564117,-0.0034777327919748146,0.006527366846719406,0.0031235476835430984,-0.01470021347441231
16_1,-0.008052249850713409,0.0005627808007049442,-0.006098972103934179,-0.012580606628116286,-0.0012058641699746197,-0.005697679572249076,-0.024310885785449217,-0.015817426859963277,0.0011330729851311146,-0.08327192134432836,-0.1982573216953591,-0.18691831023064112,0.01554590709350364,0.003965805096456363,-0.009497763765448768,-0.011730805281510244,0.004785743227875377,0.013059543723962298,0.0008758058594799933,-0.03275486702412005,-0.012315558913810842,0.01675305245055924,0.007810092988388311,-0.14512745546582784,0.01975006519263085,-0.20688858809862917,-0.20019071367132674,0.016928760568570057,0.019802797643044653,-0.012449127295308964,0.005720685629806997,-0.023615074296364537,-0.005049525922166347,-0.020335407243384927,0.0006301146067173475,-0.00561720921836593,0.0051897179530611855,-0.00948609858291994,-0.001722965105303294,0.0018958666243527656,0.0023223821932686294,-0.012069949968784181,-0.008519640194859473,-0.004253435647564847,-0.013759307562431268,-0.007846735138822992
16_2,-0.008199624778742177,0.0003692994239300045,-0.005121786152505224,-0.006907698218368869,-0.0012933464208581087,-0.0062996438620685,-0.018191899728969552,-0.016417077974584603,0.0020601126491870407,-0.0832741968292862,-0.19552558092552402,-0.18668996791667103,0.014867300658380189,0.003561664392885083,-0.010574840186535296,-0.011193233184216764,0.00484119101161376,0.012450408485874077,3.4352587632494015e-05,-0.033667320023203266,-0.013741278687928118,0.01280043304115558,0.0075020909453904095,-0.14496132130118838,0.012875800299164894,-0.2060505628711262,-0.20510668119963874,0.02048529811823381,0.010514599897788688,-0.012767938493535783,0.00797629256949235,-0.02081342100583897,-0.005453240279072444,-0.020900158667571018,0.00036424334427954524,-0.0035270650421027326,0.004397643856690003,-0.0003225521060951815,-0.0019210869746381948,0.00126181340956951,-0.002411548275934737,-0.013034627214667256,-0.008303797022306844,-0.01216191313760661,-0.013999991405809849,-0.00901412871122076
16_3,-0.008159806164536838,0.00042264384426227684,-0.00625241121168276,-0.011854702862306173,-0.001220133278758618,-0.0061723787170724674,-0.029797742228031346,-0.016342429087118644,0.0022297875027225016,-0.08406323830764165,-0.1952547306425747,-0.18858604019593306,0.01495825381592736,0.003805033207843802,-0.010951286366438462,-0.01101430180743887,0.004259622861811679,0.012888808405820497,0.00030273425443181186,-0.03364706638375932,-0.013734591153468043,0.01195462075274049,0.007506155363323112,-0.14552052757063466,0.012013905735321663,-0.21146854268210344,-0.20331659760564685,0.023549480579587966,0.015239844684662534,-0.012835326220373736,0.007139640003709155,-0.020878796114776985,-0.005214192895568189,-0.020901083281512255,0.000412996089384461,-0.005199793107960539,0.004907887314520287,-0.009517951342444863,-0.001914482474191046,0.0011154514728002442,-0.0023781709012894075,-0.012541319615872158,-0.008313939434933795,-0.010441456225337662,-0.013900582394275782,-0.008326594029612402
16_4,-0.00827729569655115,0.0003856616047566366,-0.005092664095257744,-0.012160058747981671,-0.001149586932651384,-0.006310855523225683,-0.019282735070450824,-0.016256400249813296,0.0009100954424216495,-0.08286969648840532,-0.19544990590267597,-0.1866038529225779,0.014990651754611421,0.0035647430222494475,-0.011134188064618111,-0.011184451515231434,0.00406277752731523,0.01208870185862177,0.0001857390392564101,-0.03301693351940799,-0.013725398013577828,0.01278752189004972,0.007843535405782429,-0.14489475762870346,0.014190388003339702,-0.20802542553374223,-0.20931852123930558,0.024547950015377573,0.010706648822758963,-0.01275074440349957,0.008197093517433023,-0.020695566558565845,-0.005440341228363198,-0.020902553433821646,0.0004962460726418565,-0.012421570972806413,0.004557453736715681,-0.00027797217046660744,-0.001778942000909254,0.0012828620674511368,-0.002366796455235521,-0.012790682058757642,-0.008302744630416114,-0.010642283967955085,-0.013945728439053675,-0.008938369776859566
17_1,-0.0056421195838531535,-0.00712730218097833,-0.0058074742228060765,-0.0141685321769116,-0.01170524425159956,-0.009700163452212895,-0.011508172101949984,-0.0002620521103388748,-0.009169874914319911,-0.09959367086198694,-0.2033772220029436,-0.19463396148012346,-0.00032603308194088093,0.003156500217526349,-0.02706937462712929,-0.054013786776509816,-0.002357755577378428,0.006852855645131465,-0.017594411210004435,-0.0788522665248567,-0.00856843602795737,0.007157387905524281,0.00521671967210464,-0.15372808874864963,0.0029385536879518474,-0.22571769297708788,-0.20242181795406156,0.0038772885796219576,0.004948664744672066,-0.019506669145565227,-0.016788536922115065,-0.0023585213130055843,0.002228042216010752,-0.021068229748927754,-0.01071415636352517,-0.0034526963917646813,0.0027086891066517055,-0.004133317567375348,-0.001184111120344037,-0.004113649490543758,-0.0037899125203700286,-0.0005561640196280446,-0.010336178454685908,-0.017020119190103152,-0.0023450999328390645,-0.020448358836645135
17_2,-0.004066661430544694,-0.006844565302084554,-0.003122616820132809,-0.012555889661832255,-0.01725962478799979,0.0074483046987825745,-0.024785640751299347,-0.01012815876804699,-0.009561206496607789,-0.11562854932041425,-0.22280795174295834,-0.02324872169585459,-0.0006116882054357044,-0.0004807071952871823,-0.03614163451596055,-0.08158604093321856,-0.0012260744935319342,0.0014736568752541745,-0.02059675354054861,-0.11726560158785267,0.1028629074175746,0.005067278856162625,0.00452072107242149,-0.15363385789694764,0.008943354333378761,-0.18307183922877596,-0.21010519886236767,-0.0016556940150641273,0.002569851047636044,-0.01297034517817061,-0.013168386165430845,-0.04140741232431457,0.0011818239481340015,-0.021264860026223867,-0.009703000144010794,-0.006610266515030967,-0.0013991586071452626,-0.0012510051857960193,-0.0013257539595820295,-0.003765426437380797,0.005032855183430663,-0.0027327226532352145,-0.00592515132027427,-0.012844183793966115,-0.002161363758355,-0.020226230241982647
17_3,-8.208666300750237e-05,0.0032854074644659216,-0.010257357013196034,-0.01125041849156535,-0.002890777247053953,-0.007343176564636017,-0.005287224788790508,-0.00943680739248443,-0.009836120264683645,-0.09843169448285051,-0.1884371219434697,-0.18126658117080682,0.0005274711017265499,0.002304271123154361,-0.01889587878188175,-0.052228316890950095,-0.0011223706384758904,0.011174580934866386,-0.017966306186616095,-0.0802344738993635,-0.0062240129451822425,0.013150784729484078,0.008088425743514496,-0.15371650402528614,0.005810994661156286,-0.22152532135800948,-0.19640823504618585,0.008446195757161112,0.003788946698451105,-0.016806472881120398,-0.013316332612472635,-0.008058858124591584,-0.0004719797959938365,-0.020781852981971216,-0.009093846057083542,-0.0058735942924724545,0.002054158252884611,0.0011051143486651848,-0.0013493008049242608,-0.0016519085177088694,-0.0053600805756318665,0.005612788376967777,-0.006615113023544653,-0.00947130665522339,-0.0010789814812414953,-0.011428703278350593
17_4,-0.002481912578773362,-0.005548798384201842,0.001547253546239554,0.004266522278670673,-0.011963636938520069,0.0049960653521428046,-0.003474089271762987,-0.002837439879629161,-0.008041175886551528,-0.10055145753902356,-0.2386572562287848,-0.1644817703084791,0.0039003641874730127,0.0013142183124658468,-0.02799317292028551,-0.04819185379945779,0.002036674750074009,-0.01465723621559031,-0.017592631045436073,-0.08282317493475616,-0.006226945388118934,0.008141726469808395,0.0017512753039344593,-0.17113773366032017,0.007993982873948776,-0.2380553913929959,-0.20918916105685037,0.003469758107039174,0.005922679336566752,-0.015127475225761624,-0.01118307998100294,-0.01605752106648613,-0.004223178376044749,-0.025982603103217768,-0.014339201723066946,-0.00302940375721934,0.011892794166584307,-0.0011539507820482913,-0.001257518968018668,-0.006471925067555091,-0.000272034563367104,-0.004871349352884989,-0.001857154446102155,-0.01653712115066447,0.009627043769481411,-0.014449863619081115
18_1,-9.840242949062743e-05,-0.0013698759448806924,-0.007210305554109803,-0.006690342953503359,-0.00551208012976404,-0.01768115800584004,-0.007691335383869422,-0.005217634155967393,-0.0023750828159739014,-0.10240572420256686,-0.19218155834992118,-0.006739013973769605,-0.0016126037412159005,0.005633479006187841,-0.024137244822116707,-0.07146380062790832,0.0007950865567389772,0.011275122457028603,-0.016647122111840544,-0.0987941695024125,-0.0071060966611222465,0.01718773977770712,0.0053457392288764945,-0.14143437845255924,0.01502789076318253,-0.15755597781839523,-0.20153373263003208,0.0046871448070997,0.010858949703791176,-0.00963195943052343,-0.0021291245602062907,-0.010448878283338655,0.002963961687597107,-0.01869925857231174,-0.009463716040695031,-0.006684035757258083,0.008054783608923645,0.0015421191880778354,-0.0011529877169774486,-0.003621622926894408,0.01213938857684532,0.004195963610242792,-0.008887994193400894,-0.01100483616292165,-0.0008040472770117037,-0.013121900003368193
18_2,-0.006198642544042496,-0.004053700904553496,-0.002209047078747069,-0.009938603913392494,-0.014441234845966145,0.011242437473070925,0.0034757951553419137,-0.0073624699986369,-0.02691702034694862,-0.10581384430516706,-0.1338928467020939,0.05706945468337562,0.005362147820652763,0.002242971379117408,-0.045631482317075395,-0.05613818242531052,0.0019655795193437697,-0.0007972505377609344,-0.02649220232780704,-0.10538180560860427,0.09611597638026091,0.004635879836724922,0.005614157519892215,-0.09882652419564066,0.010653756191402719,-0.048137545073709105,-0.23019810636444207,-0.0007325713599731272,0.0057330835709368776,-0.008111299041649271,-0.010654412178548157,-0.02581861033108291,0.003906716066983254,-0.016523526644717002,-0.0025530270256809177,-0.008626554837943633,0.008329334849450282,-0.0014881237142948993,-0.00041477130317436276,-0.0017472478865180985,0.0002646664825803371,0.0011221830281283364,-0.002025766698461277,-0.010708798163398144,-0.003395739903156181,-0.012267996975269757
18_3,-0.00328727672329166,0.0035513974353535427,-0.008332253793279872,-0.01747464717042858,-0.010086583459188751,-0.021344237818276036,-0.01808837360691007,-0.0035249850112503683,-0.007944511893177499,-0.10754272632137477,-0.13865802952038805,0.021796405239319517,0.0123154217347265,-0.002838715026689328,-0.025824586618028087,-0.06655777179620427,0.002857523719917951,-0.023635541290310827,-0.02800360595080362,-0.1018445141697946,-0.006087731843603856,0.00665065001642215,0.010090033116804583,-0.14437241490994732,0.011350910680876207,-0.14342451671440454,-0.21204700134878843,0.003601672115626018,0.006681603052488501,-0.013030622943979142,0.0006302770009671561,-0.009898472517619607,0.011037923677253127,-0.019235369261762225,0.001955185466266335,-0.007019657337925527,0.010766197536527003,-0.0016820182900889105,-0.0020800908584589404,-0.002333385819879243,0.0040130952692534645,0.003489971412111286,-0.017691675005484443,-0.002584533950591544,-0.008460938062943391,-0.008734755367265614
18_4,-0.005448357478540032,-0.0045222257315228834,0.000628849563823627,0.005721936065178254,-0.011293997871541495,0.00034703528651508465,-0.005704641715790721,-0.008445102152526605,-0.0011485867966572565,-0.08772112569799376,-0.21537045021340084,-0.13955106389516952,0.0059683818177718815,-3.726565932941344e-05,-0.02057124285914627,-0.052809892942460336,0.0002935334830936854,0.00784007742890844,-0.019573623314091775,-0.07364320043929894,-0.006570100591780615,0.0071541292551052784,0.012115591097221797,-0.1591918044057045,0.009514828202294328,-0.21660870434616733,-0.19212960853821145,0.008525826360274344,0.015002719813981694,-0.014947125015556855,0.007843305039377262,0.005987182227842355,0.0022597107569273063,-0.02500950914870178,-0.0022826130137255374,0.0015695324727351752,0.015340837211265314,-0.0009845613236932717,-0.0007558326950845848,-0.0005116607517540237,0.0017685133446682403,0.004639369844870824,0.0003541285481860362,-0.003057962900533166,0.0036386276232957446,-0.0100977641001865
19_1,0.007056089137222694,0.00022286903523100965,0.0026143454446300824,0.012885946652232456,0.017544057964788477,0.012141267239858958,0.05057886236164132,0.005146855101212505,-0.006000855496273358,-0.10825599258416548,-0.26574880935198253,-0.22689478233122257,0.0018819872007299224,0.0008992331290255947,-0.0357681070642882,-0.05296870670462356,-0.0007757057253426228,0.0019263766074823808,-0.01777661322615059,-0.0949313863492426,-0.014154174908786817,-0.00401986086754162,0.00715737232878042,-0.18519043685372866,0.006466537312337238,-0.30798928787119056,-0.24043768580181382,0.02068288398798008,0.009081962733427497,-0.012173377933896936,0.004862214891801776,0.0022226698185337534,0.00188730892078542,-0.021867806471164226,-0.003045701403554803,0.007810056350316382,0.010182483450374372,0.0043786472311014065,0.0012074307069460208,-0.0014116414547098177,0.0008279743153663999,0.004270711681303789,0.011405340827609987,0.031188881174875414,0.006220809309086795,-0.011605127831715079
19_2,0.00576697181287409,-0.005944622163451708,-0.002229854489728839,0.012757275728387555,0.017214287849571245,0.0025158918107001586,-0.008006598443057076,0.0034854574930728434,-0.012312397265384176,-0.10080911768369462,-0.2585040848818416,-0.2196270434709814,0.0012273798360104466,0.0008221207948065622,-0.036385717332497854,-0.043439295134605274,-0.0011612717562196153,0.0015232602974261582,-0.01768751392540746,-0.09073101921846714,-0.015065250593812921,-0.005465628315727347,0.006799268879196402,-0.18011645975236654,0.0064193468257457776,-0.2760026605462473,-0.22578592804096373,0.02085013051410621,0.00872385032824757,-0.01203032421640615,0.003660239640990927,0.00309728873342672,0.0017140068736925433,-0.021885542229703132,-0.0027933309706176307,0.006865614259990612,0.010077189324581967,-0.001005343864126483,0.0006439137407825666,-0.005233517949379359,0.0007062277711522584,0.004010106528030929,-0.0011324536548367337,-0.0025958357322432373,0.006533563890393203,-0.012615870553400719
19_3,0.007844729509182415,0.00011820874787916733,-0.0025429837495591873,0.01274808950007892,0.016814236875622765,0.01407887035350191,0.007250010025731204,0.00439124284607688,-0.006717665655217864,-0.10975394934340277,-0.268728637154281,-0.21250388817502508,0.0011978862707842125,0.0007793040169120346,-0.03603447696832458,-0.05342922579327078,-0.001031169223998751,0.0014174178993715699,-0.017309385039973493,-0.09737747921518147,-0.01584497255069022,-0.0034152559569716394,0.0069831274245223,-0.17673856525295295,0.0028040925548081723,-0.30871445825881466,-0.24273702661634292,0.01102412696769952,0.008740117631556877,-0.019390861857197392,0.003970108017020502,0.004080647866842647,0.0019283572090614803,-0.01936289454166703,-0.002897323440767587,0.00639181722981135,0.01001868711395974,0.0043785999498164845,0.0009476232086045168,-0.004906680201488207,0.0025700968739404925,0.005779362889184762,0.011418013606836776,0.027158426641693035,0.006931071192727921,-0.013575305560181163
19_4,0.0057702429475036164,1.7276651760158066e-05,0.002048562247814723,0.012948947985101022,0.01720067065169421,0.01312874275223479,0.05179963336237035,0.005173019043991881,-0.009469211042822308,-0.10904252661536469,-0.26637582134610505,-0.22770575908308097,0.0013140668286743264,0.0008943890941899968,-0.03591892030318252,-0.05320343235594775,-0.0011178734452209932,0.0015007559258575869,-0.0175810383521668,-0.09538215542205984,-0.014220915805026277,-0.0043630642252834575,0.006980900109339506,-0.18497572000217272,0.0015940839729656627,-0.30878326659291916,-0.23556482497505196,0.020326586512344196,0.008801124635002343,-0.011937754117691443,0.004052940186564422,0.0021120594111166077,0.0016707534295543258,-0.021889132709612524,-0.003189071475917924,0.007703708903403705,0.00998068315305014,0.004346442407966148,0.0012079935337303935,-0.0015233217386216697,0.0009989086321219077,0.005922701496425365,0.011461983306387116,0.030836628374670577,0.0064534491283897814,-0.011740639907742382
1_1,0.007111452104030578,-0.004821479711144677,-0.00064606086387747,0.02014022666857613,-0.013016864451486334,0.007040906187753033,-0.0016795104965346352,-0.0010928939819831618,0.006789640102023755,-0.102623716935742,-0.2517862377824675,-0.21851895140995345,-0.002336497150988706,-0.0008637524361685977,-0.03725497962138828,-0.0389548759279421,0.00023269198735997388,-0.006777587033913911,-0.018368935186151136,-0.07716528486981826,-0.01551010535549066,-0.041147662998032554,0.006508776957319828,-0.15243521470229898,0.002441212184771145,-0.2692062129089446,-0.20676857438331148,0.0025942045517084998,0.0044705541171429245,-0.01680111999863115,0.003949941842243422,0.012817848000901234,0.031993596262071315,-0.01691139307482316,-0.015340630854415426,0.00452334966825945,-0.027383787297782586,0.00399572504054776,0.0006479879867444605,0.003904456010041327,0.00292095037650869,0.006128097477131055,0.004474235945350404,0.0010291594458042362,0.014099859743461302,-0.00618102470843625
1_2,-0.004400204831153822,-0.007166913295109318,-0.00022676044648500585,0.013222235650549218,-0.014883882688670061,0.0027693537306892344,-0.004491548700625295,-0.014950083642576906,0.009691355070254487,-0.09906204094021424,-0.2344871029794317,-0.20928865350213788,0.0005555941069993603,-0.0019561661682119965,-0.02092576288518591,0.029575306555928445,-0.0004498255163953341,-0.0066896553176848065,0.006959886313910933,-0.06206336734106477,-0.00998306620901261,-0.03664678932067852,0.0058674880781750625,-0.16444596119320962,0.006790639210551438,-0.2743537191201736,-0.1740288972509501,0.0005213083814478547,0.003138001105527399,-0.012484516104897113,0.011618571306608209,0.004412506914706787,0.004669588235500571,-0.01700192722578555,-0.016269155916614,-0.00472162226849588,-0.027039282824294658,-0.001627833908828901,0.0003462443494413547,0.005121792109664782,0.0006689600523021827,0.0028059861361448986,0.0034295513242197117,0.009565590005633529,0.00407756359081127,-0.0071484497916218396
1_3,-0.0043851791926621635,-0.006888808448755123,-0.0003024574494229728,0.017999073112965922,-0.012250063648811978,0.004375852271672201,-0.006655952564370492,0.00047760403843967784,0.005880687764648133,-0.1023846216254284,-0.2391561807869101,-0.21174034255223087,-0.003042090499174637,-0.0003225742835487581,-0.03751797284249357,-0.039418693618627654,0.0003454746023661393,0.0018260061736560481,-0.016787525401372905,-0.08587899910284547,-0.013552947837789648,-0.05406647754780452,0.006713429022955426,-0.16247159284334603,0.0076507052543372195,-0.2673277296627775,-0.20982014495668905,0.0032577118244238906,0.003957267824217262,-0.017502495002082043,0.002552947312197744,0.01171889534173658,0.005671552173164979,-0.016962029116626014,-0.016422327481263908,0.0045751810223720385,-0.028859860322784717,-0.0017023629590424473,9.986436229711708e-05,0.0034150427592138733,0.0033606303913229444,0.0032990537279149255,0.004013631953004072,-0.00032330537872327217,0.009974410824284616,-0.00697273913794412
1_4,0.004614612305285591,-0.00675099136480445,-0.0004716672634365867,0.019430242644259316,-0.01237467978764736,0.003197500274385187,-0.005426781904804005,0.0010613228561532086,0.007333169030803914,-0.10158548251775298,-0.24710746083456536,-0.20479315645333224,0.0023133147252583953,-2.2388418155910346e-05,-0.014579418762594908,-0.03802966278302525,0.00012878217186360302,0.0018725378346264392,-0.016665407311805124,-0.08615286840303675,-0.011000714972296259,-0.037064110661280535,0.00683273194015655,-0.16339037098839984,0.004488312137990031,-0.26480081126474836,-0.20978020693135707,0.0029987915271964707,0.003766445316937354,-0.017359171149327855,0.0007825366013699169,0.006796251493571549,0.005856031066337853,-0.017020715164030222,-0.01609824290815378,0.005955928312569476,-0.03316792488346495,-0.0014591636875804137,0.0002329452726991632,0.0032134385982770285,0.0031644884599458193,0.004579340655460352,0.003778420554970153,0.008904644294610112,0.010025074596679511,-0.007351529265500489
20_1,-0.012727206468532957,-0.012434428459307536,-0.0007664154166613785,-0.00013785041237860077,-0.020046418674834355,0.004587539407611448,-0.013602369058082254,0.0005649752469298122,-0.017700831423443558,0.005510847816749783,-0.09362112092273615,0.06788958431599836,-0.0017747386454059998,-0.004679048578035949,0.015783212504198365,0.026480942808349856,-0.009951993069531193,-0.0028627884597930554,0.008382808098331161,0.04916678258546416,-0.02500231157034682,-0.026047465951410564,-3.5375572965593474e-05,-0.06651252005095933,-0.005719133369152879,-0.010671765671572261,0.03076009063154272,-0.0038652345743920035,0.003272055852048406,-0.03260051867237642,-0.001829010155207299,-0.01280957460702992,-0.007632678464129513,-0.01488381207381181,-0.01775971802203548,-0.030638842809478543,-0.027245620376396964,-0.0027424705496057857,-0.0001268402210013261,-0.001442024522011078,-0.0066912888652759924,0.00078942491620671,-0.007967050512548132,-0.0036077156271722244,-0.0060743071572857375,-0.02419702467572267
20_2,-0.007730579492456516,-0.01537719329064167,-0.004239241920200856,-0.0004744246304751056,-0.017201137704210463,0.002232629591093417,-0.013415962144595962,-0.006616271850600448,-0.02687255364011905,0.006390325759592138,-0.09646658099003981,0.07419795923476942,0.004409334544027983,-0.00047522241767811223,0.01477046041508968,0.026625589788452926,-0.0027419108772491333,-0.003452938796212547,0.006612594960351815,0.048895523841042864,-0.025259057982301027,-0.03084881023103072,0.0010214558483046597,-0.06626819106035862,-0.007297056597520632,-0.02096017750286472,0.026686098390432567,-0.0036560552449346143,0.001796843895935057,-0.0365439703735665,0.007785609829616659,-0.018080392473526875,0.005419827189137929,-0.01773871573104351,-0.019382606435318726,-0.03640879417773282,-0.03552749280069485,-0.0020372383479178367,-0.0005985866140352855,-0.0070373322086952055,-0.007664491681254151,0.0021419489406952824,-0.011497066836507844,-0.009315058902015595,-0.010494022399615542,-0.026910036498308258
20_3,-0.0076188892700005395,-0.010945453986676517,-0.0010758887831672165,0.00012176754288391781,-0.01673478262572808,0.009204019933729695,-0.012131514685864875,-0.005664423775603929,-0.026536467049487727,0.008181615609613602,-0.09331713636740938,0.07912676865158685,0.003584687547789159,0.001263215831209659,0.015297705892909687,0.027536853423252624,-0.002741163803068249,-0.0033728298923821564,0.007326700967142262,0.05325054457802311,-0.009260192620852755,-0.023159086986556554,0.003440268014744194,-0.05432900866049767,-0.00792413668620695,-0.0034205829746461734,0.03167082388517518,-0.0027850649854827,0.0034560935655439913,-0.026918015198793648,0.004491463201733579,-0.010624694317071491,-0.007550094120832355,-0.014880803497669931,-0.015491809476847614,-0.024377011232567695,-0.025121850485865,-0.001872324006987473,0.0012601181721463752,-0.006858968460379047,-0.006940346175989124,0.0021879657969542856,-0.008964555454225885,-0.002461579054956628,-0.00705933521699828,-0.02414496907001916
20_4,-0.007792354014414679,-0.009969289502825008,-0.005254544320567267,-0.005342875199283237,-0.025898915954974924,0.0032809630953901337,-0.01123984923526653,-0.008533603298198725,-0.02949201852624801,0.0042399702344847745,-0.09807749511168991,0.06243488323179354,0.00012296306264135935,-0.0007935869869477159,0.012459653513405977,0.029132518123082606,-0.0038570804343964356,-0.0028190210757355195,0.009978665334514854,0.04735177244278033,-0.03259105129924699,-0.022049545193116943,0.0027538414846701516,-0.054557168117087836,-0.007388913081278048,0.012181229536985376,0.027740139181482524,-0.0042551696748641685,0.0010292387235582175,-0.038836675769763664,0.005339829024311512,0.00825093704561413,-0.016952741480594953,-0.01858155656942468,-0.026302327475462066,-0.02699513733194624,-0.030489376526816655,-0.002295852360540131,-0.0021957743377881583,-0.0056712387144942054,-0.007815250106393187,-0.008694809373962867,-0.008972161685524567,-0.00812867635231324,-0.00952875231502832,-0.02561669167541222
21_1,0.0015341136818964513,-0.0020377441819496777,0.004428590395318667,0.006830916714929688,-0.004783003035788933,0.009611670880791796,-0.0019351301522709196,0.012530539990753063,-0.006540511753605519,-0.08893345102225579,-0.20225739815564048,-0.22729012882809363,-0.0030354369911612606,0.003054234835231903,0.012731966651209247,0.020853080674426996,0.0017327481149672596,0.004005656548233252,0.007320825922187903,0.0405625342724868,0.0007354564566959903,0.01149619533199522,0.006422058001549958,-0.16652793276457045,0.007042974760939882,-0.24880429195431797,-0.2539656119942381,0.013374003444171332,0.01960171846818237,-0.02382073829476501,-0.0030158755108289953,0.00026889946395551974,0.01027793086803558,-0.025127024942941563,0.004151165953614069,0.010258067416303971,-0.01736871062964055,-0.0004790158495208383,-0.0005189431666277796,-0.00010296254235530881,0.001422787960527745,0.0037064864798797745,-0.006206867770904561,-0.009208810055187448,0.005279650137409048,0.001745651537413202
21_2,0.0013723228109065327,-0.002356329757449654,-0.0016343004551739085,0.018104284733552942,-0.0042086487390167165,0.005517946244393308,-0.008341741025554149,-0.002089109143264863,-0.006336981414149791,-0.09047370157970482,-0.2024880654112249,-0.20911598187202393,0.0004322357092954067,0.0008799529315260287,0.00863296603079636,0.004953987931002217,0.0017766375097272877,-0.015577616797761429,0.004882498070708965,0.0404260332442644,0.0005296391355441624,0.014547988429974727,0.0054863684573079,-0.16384034380469342,0.007803744924833478,-0.24767933442644477,-0.25488725294323744,0.01115721129674454,0.017938320831834505,-0.028683202823066422,-0.005330153834095906,-0.008285503367346082,0.009961973872376217,-0.025146312530024542,-0.007911968899081185,0.011472801573384673,-0.01751813318120168,-0.0010347042338466513,-0.0008608296687775287,-0.004698433380594049,0.0015766368843067868,0.004105009232768585,-0.007017587467325305,-0.013900232111086052,0.009136981327664346,0.0004052047583277996
21_3,-0.004137208373364662,-0.0037720228841354674,0.00415170471546095,0.006627585658195875,-0.004831560900925046,0.009427439099588503,-0.003571949621769777,0.012053497560478544,-0.002413375641926181,-0.09310937360776786,-0.20888474153693068,-0.22169714106166938,7.777737286178107e-05,0.003039257390893028,-0.013629087837030875,0.020379622560928214,-0.0001954855748814169,0.005110508112850515,0.00705845690351549,0.039388146279681055,-0.0038411168181152473,0.010710733619209474,0.005090228182502446,-0.16901837539492956,0.007260738206288632,-0.23308322578124785,-0.24690304758798212,0.01284570137115513,0.019058357296747076,-0.02222062023742874,-0.003123979218690614,0.0007009518211996072,0.010151535384897397,-0.025135298334342693,0.004060846010086708,0.015262238095487551,-0.017133783900257726,0.001198437170760898,-4.541983202681636e-05,-0.005031439625805387,0.0013634855578493273,0.000681814014466592,-0.006941542475092233,-0.00930097012661352,0.003922871332123561,0.000888838862238098
21_4,0.001345773049550041,-0.0022786470374827027,0.0042193726024630975,0.006443839045655604,-0.005313199354765006,-0.006681878537890645,-0.004118492943179199,0.012600007976039395,-0.006957293512037187,-0.08780781089042299,-0.2027848496561354,-0.22677240244929778,-0.0032470042422617544,0.003079187169387142,0.015674371648097995,0.021204106143693578,0.0011969265341267162,0.0035249054906355075,0.007028604672953172,0.03823853278821484,5.084074364532714e-05,0.010469979597571264,0.006164686754986796,-0.1677098797359401,0.006804212777395436,-0.24942787205395994,-0.23803833233890248,0.013201969989108824,0.01941520707888471,-0.02576054319711441,-0.004738585697877979,9.785909088210501e-05,0.00799260685626719,-0.02501962327001824,0.004001361208796309,0.011384955795269604,-0.017697790956388054,0.0009842081198117257,-0.0008967174966739039,-0.0006795505991763841,0.0014652947183649788,0.003503898419415103,-0.006448097859621503,-0.010206068852126212,0.005005646534175137,0.0010834900131014777
22_1,0.001334151289054209,-0.001273418331282446,0.0038418918565050458,0.006495750179946875,-0.006623109500503994,-0.0030248494873004288,-0.006470320539087218,0.014186490884488371,-0.002954430874163623,-0.09192439545947073,-0.20482226917192947,-0.2315228415241546,-0.0004317411798009963,0.0031073608433031187,-0.01218983090722923,0.01994357609719993,-0.0011257495463958941,0.004616621237999665,0.006534409617443172,0.02339193864687575,-0.007334907533835494,0.011953557817603478,0.006712738717180355,-0.16723341429931562,-0.0002754885765676522,-0.24466481606527224,-0.2167360986581934,0.012471436557783872,0.018873265276999666,-0.026479002161014575,-0.018953347507271245,-0.0009660638072121277,0.002221259048929461,-0.02442134563430485,0.0037659984612283546,0.014803532091023914,-0.017530764659886254,0.0008742733629946858,-0.001009994015293008,-0.0014735806498297754,0.001538917707625381,0.0011047756255176684,-0.0007415821308962463,-0.008712426430048088,0.004901583959560557,0.0014657408146754253
22_2,-0.004482874115321445,-0.0014386003115460701,-0.00482568267846207,0.004982193922019945,-0.002939904556252147,0.005393383183512736,-0.006041261374705215,-0.00159728911002034,-0.006090066760915365,-0.08986653957032723,-0.20685168832539108,-0.19837101409325805,-0.0005449070533040793,0.0015636865516620957,-0.02834870386448537,-0.0381345110125565,-0.0011313758209221803,0.006451416847919751,-0.015611393238028024,-0.08439452550606781,-0.007452358416548504,0.009110941866179128,0.008714424926260407,-0.15735497696510903,0.008711286983540347,-0.22449160817359998,-0.15853007571991343,0.010825615532379542,0.013745171612725437,-0.006530039067050877,-0.0017286151285662373,-0.0017084355703668823,0.005011173991171537,-0.024922406132518643,0.00275460727446839,-0.00041299987141791764,0.007006446701362971,-0.0011616844299874385,-0.0012340759433476308,-0.00297907437590114,0.002427406284660657,0.0006086739693753056,-0.005508267537901749,-0.01946210695374749,0.006699414940266851,6.336509205648013e-06
22_3,-0.00412265041030694,-0.005946110107479443,0.0013331057875253791,0.00576159646141784,-0.0053717333868469035,-0.00397097441207832,-0.005761787778812401,-0.0012955838216034614,-0.007342268997277241,-0.0979241526140728,-0.21976922897896736,-0.19855038788155452,-0.0010539586390579776,0.0018826515845923194,-0.015608931498576218,-0.02352494796873489,-0.000806146793958427,0.003711607588605988,-0.007788365830627419,-0.04331369017826807,-0.006843714544210081,0.008166377820254252,0.007624241903054193,-0.16073267947458333,0.001239181171587523,-0.2372761540047556,-0.19744339705995986,0.01033102456639624,0.01208404913989639,-0.013883219218967928,-0.017624679741268634,-0.005855161728806671,0.0010441002759127625,-0.025555669128601216,0.0003863154597570714,0.0008597192117258412,0.006864891710462399,-0.0036092309875410578,-0.00038216631073021963,-0.0023186911935350425,0.0011720257925959938,0.0008024850523048477,-0.00011512555631255044,-0.011344420931195278,0.004690797325429916,-0.0006409218653108462
22_4,-0.0009469045593257828,-0.003998732461881564,0.0037200751935507247,0.011948189167367743,-0.006841627224669958,0.005652264833435375,0.0007394810254940571,0.012573331033760769,-0.007733112959172216,-0.0902283164274303,-0.22573683646788784,-0.21585698866836692,0.0024185232079001334,0.0029264817328596435,0.013851791049427811,0.01816283237965301,-0.0004976287970464581,-0.004901570716632131,0.005241372649575586,0.04440323086228399,0.00012965154045259858,0.01192445831767829,0.004931068738317531,-0.16856227069819815,0.00693282794842288,-0.26386887733288034,-0.26129430568671963,0.0060424057624468095,0.015374051648559156,-0.029176944567321533,-0.017250105334983022,-0.003329047980766295,0.003917155697211039,-0.024174318175818686,0.0007286416519091888,0.0072712586811250176,-0.018495880381615173,0.0016308376183104538,-0.0006677154072109574,-0.000375329786067305,0.00167718230508158,0.0057128153270357114,-0.002876040152957993,0.0008267541498963164,0.00929649626691226,0.0004485694215467787
23_1,-0.012542870390934685,-0.003055292679074839,-0.010299349377999117,-0.0239369654359337,-0.012968015163737832,-0.019318201658129957,-0.04249319895669358,-0.02926441951722095,-0.003772685655133041,-0.09659640405013385,-0.23531594732953545,-0.24872087910391164,-0.01244220542215001,-0.005384618550498658,0.0019048190472893205,-0.0050878041136063965,-0.0009406428030799188,-0.022002823090486096,-0.0056686780331372776,0.018309522224993862,-0.027325624982115684,-0.06444555273395396,0.0031255761676499683,-0.18157759864864612,-0.0025599459386359824,-0.2902802630561809,-0.29176860889666095,0.008085847874725945,0.001486013874195297,-0.033876211143515286,-0.006656423581875468,-0.04975762417756224,-0.01549968575968349,-0.020998985500729723,-0.011160428710030732,-0.014613184765292487,-0.03766123214416969,-0.009644307686559711,-0.0019143826259730033,-0.002310066160253042,-0.003470965004427407,-0.02448506871927215,-0.015526453051803538,-0.02913166901346698,-0.025584508921965225,-0.01062836994699862
23_2,-0.012256298439301717,-0.003097359220741615,-0.010717584633686876,-0.022065476879659696,-0.011166251559430615,-0.018696683279683834,-0.041860070610736225,-0.03416899801856553,-0.003070297987198767,-0.09654364957129812,-0.23366573049647354,-0.2471738719958106,-0.01367710047697035,0.0036260978735009708,0.003233968507730084,-0.004355920096509817,-0.001450470196894353,-0.02428632768168612,-0.004641459866191161,0.018914392254633483,-0.02726508165866864,-0.06248030332946836,0.003144618378395043,-0.1773194423841093,-0.0024058083669240018,-0.2812951046372497,-0.2902840019439699,0.009094625202574688,0.0018248546713184148,-0.03380264689875871,-0.006364203523351371,-0.05007839505526154,-0.015294388423959868,-0.02098876924968562,-0.00041061218681091204,-0.013966731715070761,-0.035373066682960155,-0.009216524604563833,-0.002189518369998351,-0.001807706437834148,-0.0031151393736122465,-0.023984572763615066,-0.014981751222797353,-0.030559392936924595,-0.02514843698729516,-0.010719588636629748
23_3,-0.012547826774791243,-0.003087276835328839,-0.010037339141262248,-0.023766018066578163,-0.012907066511193561,-0.01900543506016555,-0.033732624737312034,-0.02566698841415722,-0.0023978414470924117,-0.09250103172026006,-0.23460569717012433,-0.24371109271950595,-0.01643124058561351,-0.00468364432267768,0.0038652285548541566,-0.004115173703041471,-0.0009957744258059192,-0.02182784888434408,-0.004089993485103426,0.01910297612253191,-0.026855748235266794,-0.06146629118518038,0.0031841311911009855,-0.18064264273768652,-0.0021940341526927596,-0.2876814541490984,-0.2914856751000995,0.008185041400501624,0.0027021345614250784,-0.032816357324167794,-0.003462852658563629,-0.04885415595539626,-0.01526941770385609,-0.020944061268336252,-0.010937105718094291,-0.014429139423771517,-0.0369153798255354,0.0005293009381661705,-0.0016110477298622889,-0.0018734594480569948,-0.003308077904559124,-0.02401640044863904,-0.014978501770699362,-0.028897997930870924,-0.025548114550095587,-0.010437318634991272
23_4,-0.012588835088683772,-0.003100354634875617,-0.010502080466278787,-0.023889570484472437,-0.013107517609871066,-0.016178884330735718,-0.03890773735857937,-0.025769133016309353,-0.0037867120102317658,-0.09064585579842721,-0.23740874474239576,-0.24868456833035113,-0.01683230361221958,-0.012281819600800298,0.0016738618796807952,-0.005280228819048563,-0.0009870772488479776,-0.021975525259141926,-0.005316029633123287,0.018267976395196433,-0.019721941845920066,-0.06438177914866249,0.0031685828649347936,-0.18218388485994633,0.013705800588424489,-0.2855901457196303,-0.29152663347431274,0.008313525254772369,0.0020002588861507764,-0.03562663636049936,-0.006855383317901205,-0.04954433134628429,-0.015454259358605555,-0.02098114703412399,-0.011183441227618031,-0.014396983373772576,-0.03768023087109529,-0.009641390984362832,-0.0015932428737904013,-0.0021402685886651716,-0.0035626448071135164,-0.024438802967534094,-0.014638258526971063,-0.02922196149492229,-0.02582032302353721,-0.010867604186423636
24_1,-0.01433483125772749,-0.0053770790360296115,-0.0021681555395151584,0.011278684844142869,-0.016573394380203513,0.011511925687372849,-0.001762785505662263,0.0020216600665064026,0.02900414562284836,0.05013536964397637,-0.12761088958545788,0.07335111164773954,0.0025393899774359694,-0.01465205015938343,0.01893305098166213,0.0325125718741312,-0.001480048340751776,-0.003929305347135937,0.010548003071099028,0.06391750241020037,-0.014526113784367516,-0.020120523107012744,0.0005818446686156505,-0.13551436256334473,-0.0019472360853025072,0.07996620513914499,0.026657421727693906,0.003701991692255684,0.0050368613165206475,-0.0034804420880345396,0.01868425675474591,0.016312167116355983,0.03418705901689847,-0.018426451321957367,0.005018290876738468,0.023646515913982633,0.010358648704056396,-0.0020129507690521717,9.607166183031892e-05,-0.005175647170698474,-0.0006132874531747199,0.0035694900911375804,-0.0024172092563168827,0.01460483651480147,0.02101007772847387,0.007575754874340888
24_2,-0.01370252063635718,-0.005093131176700601,-0.0020231565770427885,0.010550978799459716,-0.01587117180590921,0.01098463319249263,-0.0019118810790874294,0.0025386810365824524,0.02935276883730596,0.049005562687067794,-0.11397046704081615,0.07425145362244658,7.647482791899507e-05,-0.0003442059265499356,0.01930738085206958,0.03279796565141382,0.00030152655177789257,0.0008766983198725512,0.010756371832282832,0.07155096941873694,-0.013391627690816876,-0.014431858717663577,0.0008447007616318276,-0.13447200841632947,-0.0031044929246896377,0.07406055300967417,0.029477263131708502,0.0043199122617619224,0.0051272245189979025,-0.002129233249180704,0.01795471035532813,0.03619705771878967,0.03469868901647052,-0.018754572276816074,0.005414880513175516,0.025499983398403793,0.010325158604401268,-0.0017523905433438998,0.00012874269243718815,-0.004841961933526858,-0.0009705912834422519,0.003701334551910448,-0.0024888036319138792,0.01320889086113705,0.020603207607575832,0.008409612526540306
24_3,-0.014512747697615907,-0.00528924737602288,-0.002281755269185303,0.010648141679717496,-0.016005054218097538,0.011015038418588367,-0.0021145564706058833,0.009246684489082896,0.028504973715268386,0.048433742870064,-0.1149479515836763,0.06659171084874597,-0.0017328816743525338,0.004227954591602506,0.019120894599436212,0.03568139439518145,-0.0010178595883560157,0.0011285528551201207,0.013402157428681321,0.06559020933711371,-0.012722151426909672,-0.013756394891011813,0.0006939325919651078,-0.13433088739533094,-0.003277104453910422,0.07285930974827493,0.011530079112652459,0.004379026357197621,0.005128960781120201,-0.0025283327765429514,0.018322729610227368,0.035653282537505875,0.03465084238675785,-0.01844198987293484,0.00454084910929475,0.020871830360222075,0.008881630788161647,-0.0019017739724853993,0.00017718539404685673,-0.005792156649258435,-0.00019580159230771398,0.003952917872726916,-0.002619492687904244,0.011302097789827048,0.02022747195859073,0.00931041179342398
24_4,-0.013869609423179574,-0.005143324465059806,-0.002131094601577689,0.011307998173152945,-0.016436472981391115,0.011836982767269796,-0.0015979637545552865,0.002027905379885353,0.029163567452298696,0.048966450055901695,-0.12181825158543735,0.07360877773837154,0.0008059239866637039,-0.002581637051391149,0.01898487622049625,0.03266833266273842,-0.00012233779051962234,-0.003926428912274273,0.010626951560045575,0.06428292431349401,-0.0133127577514063,-0.019975706316594594,0.000864095489522968,-0.1345628233489403,-0.0016894636324989861,0.08209021482476522,0.027356340673333698,0.004022262933464955,0.004956173698983259,-0.002387893954507025,0.017231568023795937,0.017820803136158248,0.03450102513868734,-0.018464790226295217,0.005581960797493853,0.02496532299584054,0.010414142659478048,-0.0019318072702155064,0.00016208233940975423,-0.0052746901826002815,-0.0006218311699147194,0.0032722692866423383,-0.0025403500320431652,0.014889632414812216,0.021307753149678556,0.008337358908790176
2_1,0.004755945143108797,-0.005252002593195001,-0.02754666662269426,-0.005653109975374939,-0.00928823953988547,-0.010237205326242864,-0.014867473186856165,-0.010688199270944524,-0.010277474844947027,0.2577158463295208,0.927676022972274,0.21611160901377,-0.006785097121860031,-0.001553155022455272,0.021043515708396823,0.010313390824209616,-0.0057543168985514604,-0.002701452410323674,0.003968303763548341,0.07616245941995549,-0.009809152991144298,-0.022120316264475758,-0.002983351664804526,0.5098278042188638,-0.015573142835177911,0.3788970570780121,0.6341058042233122,-0.01696977421298431,-0.007074671195937117,-0.02141858960784709,-0.014265162030098907,-0.0018200136625673928,0.00401519731705523,0.005382527527983438,-0.01903354935967334,-0.012683480511834936,-0.018739705227084735,-0.022244039964211433,-0.001958756690761514,-0.017090811250327537,0.012744578816414049,-0.00515744206979964,-0.008108325375186794,-0.0031977456952764095,-0.004636503374601184,-0.04805075146425325
2_2,0.004783711952846625,-0.005026411542406226,-0.0205262682006363,0.00088748267879095,-0.011116892437369685,0.016139849299281916,-0.013238156600029475,-0.005748303200487746,-0.011556432693476767,0.2517199645412629,0.9500772032861131,0.1653802272493825,0.005305659009371551,-0.0016677797863944278,0.023558165284936032,0.010624265199915436,-0.0019765911365227052,-0.005994498431061786,0.003913236333037339,0.07126567942654458,-0.015447966469483227,-0.021162596568480196,-0.0019542949618733684,0.5341602748030363,-0.01082902756211324,0.39488116336315043,0.653883299162223,-0.003408846319854175,0.006155236360186508,-0.038942021542029144,-0.012533210296367035,-0.010140703792897422,0.0048757709120429175,0.004663059237556017,-0.0028729395845139647,-0.010493350768188442,-0.020974371309428624,-0.021654817316401263,-0.004345257141005661,-0.013569604315808705,0.016474629975247436,-0.005811871557291892,-0.006413294781648041,-0.004021920735851524,-0.002719779860764456,-0.04326915950260826
2_3,0.005358967113630352,-0.00509783530458036,-0.01946501263158575,-0.0008331932320390252,-0.010098467060079863,0.015402489179560898,-0.012023447377608153,-0.005573705767427244,-0.009277020103347251,0.2533349625940906,0.9706065894759586,0.1652467001985795,0.004845482003218436,-0.004087951299456082,0.022319594975707603,0.010331701550436587,0.0003677612612435784,-0.0057243449363287,0.0041172314155595476,0.072486112572797,-0.0122332507179552,-0.02183127426535467,-0.0019961507090435525,0.5397566833210703,-0.00882270810407801,0.3912184618706976,0.6495782863312516,-0.0027386752292171044,0.0026137374947437482,-0.03974071557959754,0.018778203604130957,-0.0013933417311691113,0.005624235319346546,0.005067267933721593,-0.001996802728245076,-0.009589214977053244,-0.022937353843350383,-0.02158268373133672,-0.0036315685471728153,-0.014868494663571033,0.01628244753326981,-0.005683277004342528,-0.006144395468939777,-0.0032821542964100066,-0.0015774104515648888,-0.04570607244706435
2_4,0.005507050506211639,-0.00526991751037911,-0.01924888201791231,-0.002763544600093382,-0.009461210688813764,-0.010104140759175748,-0.010669761118095202,-0.007371751265216865,-0.009918432654197281,0.24952040426745817,0.9354293341299621,0.21672318225463413,0.004387242075248926,-0.0013086063004191417,0.021982249717034174,0.011131278846647084,-6.4750051845991e-05,0.0036651899363601627,0.00395764772767105,0.07447155338819911,-0.00861516954413294,-0.0225097011798109,-0.0030903548707206007,0.525138082907173,-0.014920120450193638,0.386664989569826,0.6425180719690959,-0.017333562384349653,-0.0018936420346069884,-0.017961562491847098,-0.013529808911335574,-0.002005546942618028,0.005124955026862341,0.010997362528318556,-0.0163829379884823,-0.011520468673559466,-0.016803559700927853,-0.02022616531144894,0.00031499626538233666,-0.014885683456049804,0.014529065683918083,-0.00486144108663414,-0.005567492633655432,-0.0030765632995174985,-0.0014661693574593514,-0.04459505609364423
3_1,-0.007784654455359264,-0.008426977106906788,-0.0027795688951656626,0.005142746565514847,-0.011801388814906891,0.010753157781262488,-0.01583265661354424,0.019932616956093028,-0.01538770372717474,0.017947568685238616,-0.05861469573774703,0.08666046673342669,-0.0019140650112743475,0.0005449256410308377,0.016464111762152928,0.03155379624207919,0.002660938614460604,0.00072606670586068,0.011086726202461265,0.05712385266016578,-0.004588448527073903,-0.023306835263693326,0.0004752158866117481,-0.04328926101961803,-0.003668258099791881,-0.0936523192498693,0.054191343203053625,0.005840721261544354,0.0044877956783348875,-0.02543827883413862,0.00048481197898722313,-0.010712543211980863,0.0010030080432364401,-0.012253700302333278,-0.011990866949934875,-0.02414433942770004,0.0033633748594168516,0.0006247817904957416,0.000960828673293135,-0.003438124012434332,-0.00592386335233944,0.0020169723786398557,-0.003946870732184242,-0.0026105637060518834,-0.0008365888506075327,-0.021071487518963476
3_2,-0.00844922770958051,-0.008132569928737598,-0.0005030705524087465,0.006807414226173222,-0.009507906623525044,0.009540479262770834,-0.008811297044883478,0.001701948067412934,-0.014610110012657562,0.022399218494527556,-0.056735863919026935,0.08647509608588676,0.0006189976055668042,-0.0010157366647374003,0.015472579653954138,0.028536855599943133,0.0008328540711031459,-0.004081228318552743,0.007686094774438494,0.05817793182439171,-0.01807670669559592,-0.01917201824406714,0.0010811663529803834,-0.04074800574256286,-0.00411550520186342,-0.12069957253806551,0.05373852146822779,0.005240489699432745,0.004388274304056406,-0.0216364401848341,0.008135295934346743,-0.008643910310322541,-0.0005194670721276429,-0.013693046608441692,-0.013920829032795644,-0.022200800258722765,0.00657142225342807,0.00029005553325996803,0.00048526959527095653,-0.006092632609240875,-0.005194561239879477,0.002314046524001671,-0.0034030093920453535,0.006783839835447744,-0.007385595149423018,-0.020494341346637624
3_3,-0.007782761295752843,-0.00806449706723934,-0.0027510034477935775,0.005098824742042436,-0.010784138885509855,0.011049739469158774,-0.01621048997585333,0.019846434118248175,-0.014956313229429148,0.016010650125455606,-0.058273368991978096,0.09305544330538146,-0.002444618207219324,0.0006442469859803297,0.01636180507926762,0.03181027219423497,-0.0005356990235172326,-0.0024899944181068995,0.010902543420932224,0.06218671659201846,-0.006231411695031345,-0.02589564568924038,0.0022705261144971593,-0.043493629631149784,-0.0066529135780501285,-0.09189815259255335,0.05794934484944515,0.005363663830593486,0.005389858085655355,-0.020999278825727434,-0.0005791436723843271,-0.010870430246887629,0.00018524375703250242,-0.011785858141620233,-0.012208719900705012,-0.02603095915764674,0.005978577962712633,-0.00013062574508027996,0.0009376666336320877,-0.0037088130131931268,-0.005979977931832502,0.0012773605203085239,-0.004559178085527864,-0.0014887683723809868,-0.0007235030713843704,-0.021097255795769595
3_4,-0.007682121570273367,-0.008026158491017375,-0.002605840083302174,0.006339721968626142,-0.011583337883367663,0.014274729510403088,-0.014074440428371044,0.020684050748776623,-0.015695711316004703,0.015493721750743865,-0.059442087770193,0.09165555439064657,-0.0015409029801586782,0.00023086859326395536,0.016251076047697422,0.030823462199608076,0.0011663252905326018,0.0010039699872912413,0.011215313400658487,0.06133204138699772,-0.006290679404040889,-0.024912638384804557,0.00167150823391864,-0.06179526797723569,-0.00494855782964216,-0.09297328025699766,0.04838369638683915,0.005108262481366923,0.003697793895863624,-0.004191904502401984,0.00034799446869625673,-0.010787959770423646,-0.0003827912827196815,-0.016644167309614846,-0.012069329222965415,-0.02881385150656559,0.0033550733326651126,-0.00038438256714641274,0.0005813752853920516,-0.0013973840530713793,-0.005860657914012028,0.0018197062098198062,-0.004427346242609852,-0.0010992273705959326,0.0013317255227719277,-0.01882911698014006
4_1,0.014833255524089477,0.012083678040778246,0.025933537566983866,0.0002264698019013619,-0.011253192618364197,0.03150789127525577,-0.014058686205517932,0.018744538593195838,-0.013178237189501493,0.028954273949169097,-0.06825810065600808,0.09510353490089449,-0.0007229572161629158,0.003512650515103679,-0.02156086276706841,-0.0331899196385364,0.0031719181617131604,0.0019670839110011097,0.01485023649855506,-0.06374768411456999,-0.00716323341948542,-0.007245792946888462,0.0019607220363577114,-0.07339303930569448,-0.0014830072802208608,0.05683310964283497,0.01817996101740768,0.003550897857711876,0.004322386016184847,-0.022377441958876063,-0.017629664026781712,-0.012648527671417685,0.0007746510138013651,-0.02139211917934396,-0.009085879484392344,-0.023091885758429374,0.007886063982360378,-0.00019523738149779919,-0.0014619396500607804,0.03160509047722055,-0.004591043746280919,0.0014392002701311168,0.034274896606491606,-0.0019772347693069333,0.003870206446188192,-0.014811484143370544
4_2,-0.007853603554208572,0.009601755402834155,0.023854944250872843,0.0011007978843876997,-0.00896229723394924,0.008519177848580126,-0.016652302380983922,0.018475907441678794,-0.012064310252712982,0.021362755473230233,-0.07011869931354746,0.09500094513137168,-0.0028289675110189875,0.004471062248562712,-0.010250889660234781,0.029697240447649497,0.0031832182994050683,0.0009073380468679356,0.014539400365352863,0.014276349271895306,-0.0038511875174015034,-0.010210394402495524,0.0020970691188500587,-0.07480535162383371,-0.002939678703231595,0.03144202368185132,0.028766039744360355,0.0007936269287770163,0.0054536366412389166,-0.020546499243997287,-0.01622594868054865,-0.009574315716779185,0.0011315800658727485,-0.015931822905523974,-0.009123301676655836,-0.0252347526657863,0.007943637805712894,0.0002973175596581722,-0.0029402115777509134,0.030851404580767135,-0.004343863034450461,0.0026288682679676094,0.0017585444542134615,-0.0003995382515096646,0.0032991680038581706,-0.019519385179948393
4_3,-0.008073441047650558,-0.005615999228781929,-0.0010432796357258808,-8.184209331813473e-05,-0.009213139493148568,0.01492235856550199,-0.01646389123044347,0.01723253747294681,-0.009946729066126567,0.011704844830342285,-0.0668109515673327,0.09286919213149276,-0.001996749799121374,0.004100813071881032,-0.023769981902184344,0.027854080437071507,0.004067892915893055,0.0003343158431782681,0.014464182000362698,0.02980676571576098,-0.005747430712088585,-0.014469992746834307,0.0035577451191808394,-0.06809717477864936,-0.003881161326982498,0.028347779371980047,0.03783401640629803,0.002231242184566369,0.005632126485899385,-0.023344890903287837,-0.01003520686532566,-0.008306710501815145,0.003992100043663435,-0.021025470979211324,-0.008094446866390513,-0.023464479643110263,0.007926962209020111,0.00040915684146119915,0.0003941433020879818,-0.004751571828659031,-0.00485416769401358,0.0022456555093614923,0.0016402510109882274,0.001730613982815969,0.002380032058848442,-0.016751426495443672
4_4,0.029689182646525095,0.00892418978217146,0.025432210398172794,-3.1254261885351495e-05,0.0501830808325544,0.04086206568193918,-0.01719988587645942,0.01887082666723603,-0.01214346659251414,0.032379223420067604,-0.06116356341067045,0.09713576967007487,-0.0020817462807918175,0.0033595372655878266,-0.017186827221377404,0.015394299452599519,0.003294622843504045,0.0008758064061613779,0.014107051167087624,0.02482031821019299,-0.004230039063882936,-0.013987874352405323,0.0029305719029690575,-0.07369286588837408,-0.0021472212994555645,0.03707112680809562,0.03698659942938136,-0.0005703888322708498,0.005002229351920372,-0.022167653811571823,-0.021234852102824543,-0.011461520412833513,0.002411358632529658,-0.015503946804179079,-0.007573113798158492,-0.022940727666920367,0.003971604800587463,0.007192394093359003,-0.0021820475285575466,0.030871880972427407,-0.004482689709141245,0.007266914860093935,0.03156465981869372,-3.2073693764453305e-05,0.002303292571741111,-0.013750829207862969
5_1,1.6634178892630273e-05,-0.0007418298366921451,-0.009442830978937134,-0.021927160390849566,-0.00398790844762911,-0.032913734952290816,-0.031450469024610836,-0.042369949540276106,-0.011091873286094053,-0.11637536877380308,-0.210248008678375,-0.2613723564433204,-0.010508962587842815,0.0022676013377562884,-0.040097664149878295,-0.056755891939415944,-0.0014001417780873091,-0.01898597503700273,-0.02499815551096847,-0.10456682607662977,-0.013531330354197348,-0.06938536293212633,-0.05028044312210789,-0.1658292231895315,-0.021484291712385972,-0.2445510945025717,-0.23604077281672617,-0.05928151921163202,-0.04790203189101581,-0.030203645826634852,-0.019090570941039164,-0.02160697200310985,-0.012908399581045817,-0.016301128988539207,-0.01042757591446367,-0.0112189741861743,-0.04826187465741749,-0.005028297511503767,-0.0004988008019098493,-0.005196038153307491,-0.0004626165958596872,-0.002946646862492433,-0.016513434575292335,-0.019678728553626883,-0.02303862658894723,-0.008243442706105485
5_2,-0.005665918423393685,-0.004657736135853595,-0.00017397054945732238,-0.023432616449982884,-0.006194737336892387,-0.020117293596464515,-0.01896757984204835,-0.024110726878174362,-0.009116503302444475,-0.10983435536114934,-0.2186955926533879,-0.25403866989938645,-0.021566861703366278,0.0011129404445052798,-0.043973794651687825,-0.06854604971847157,0.00024474021335401546,-0.014095844837155681,-0.019570017981098572,-0.12249349752811829,-0.013758438482071334,-0.0665789309887978,-0.04978137742238916,-0.16613260830015272,-0.02002779244399787,-0.23247107514766002,-0.13367860853254304,-0.05588339041805285,-0.04722107795541084,-0.01708356791334749,-0.017893045345516702,-0.002468373619265989,-0.00829384584049594,-0.015936295132062534,-0.03206808621214082,-0.012955941434672066,-0.04924234897364782,-0.0009131599255316678,-0.001839859087962175,-0.00293932291410503,0.006730052985893697,-0.0030342277850099455,-0.014320813979491111,-0.025016886025359838,-0.018558500428585263,-0.003051297000573865
5_3,-0.0010853265042325001,-0.0036923193704518314,-0.006161559793616495,-0.024937794772941658,-0.0052954356532564535,-0.033500482046562155,-0.034714724525767966,-0.04460406027760366,-0.01716653995302032,-0.11735533671371995,-0.21076079652490853,-0.26298391013956257,-0.008887389214771562,-0.0006253342641986346,-0.04105063885220919,-0.05732549790535891,-0.004838341857812101,0.005291601944008841,-0.02594868585162416,-0.102057234843578,-0.01683025817140929,-0.07493617098439553,-0.052743075632208515,-0.16244316364900488,-0.026355032898550332,-0.2508210264370874,-0.23719882765846867,-0.061577032242071485,-0.05516589735729271,-0.032620261145041775,-0.02381401703223893,-0.016929223186899243,-0.012936912509988078,-0.016414451867442864,-0.011752546082121158,-0.013373062464359953,-0.0487096379026358,-0.003565546345750569,-0.002673604220250267,-0.008182940717424265,-0.004100511781216629,-0.004472089285459112,-0.017839403026134692,-0.017213160950378163,-0.019994977525087457,-0.00902385196194118
5_4,-0.0008774472876788098,-0.001117570179242739,-0.007441638868738746,-0.025203392268743827,-0.00867593835244726,-0.02918626893908458,-0.0327188806232439,-0.035180991132062356,-0.015568077200017313,-0.11361243768210595,-0.2125326845112058,-0.2607907400086496,0.00011731820764221152,-0.01708120770118518,-0.04625184435668564,-0.06442320215226098,0.00038766350227750713,-0.018518817325374047,-0.02386842409716941,-0.132495161661653,-0.01632036323375957,-0.06581469526526777,-0.051662890986533615,-0.16149606343364548,-0.020986997295622763,-0.22687812352118863,-0.004702406954599346,-0.05405115698936498,-0.040832965244511306,-0.027126778822370592,-0.01883385486234976,-0.011480665040641031,-0.007840900058640195,-0.01669933598586529,-0.029445079875108072,-0.014611072280969877,-0.05185207587849422,-0.004954346297032086,-0.0012291737940799826,-0.006555950141577119,-0.0012925725137679087,-0.007210474031922558,-0.0169764907084235,-0.026217734724915696,-0.020118831508951013,-0.00719020308000353
6_1,-0.01322931458139689,-0.013072050906622334,-0.0010371848849479418,-0.0010552916053343884,-0.01494960239379764,0.013331665287306888,-0.004638006894868484,-0.0010947411207670988,-0.015138391668291586,0.02098332718832192,-0.08127702488504279,0.13284866750001698,0.010763379514698444,0.005369080490232025,0.016261661843855028,0.03351007074924179,0.0008996637688859997,-0.0020876516155251706,0.014453498167383835,0.06189846075917117,-0.007957901621195123,-0.004958816555264153,0.004041562392227459,-0.041478119808728356,0.012833591763361568,0.2699910631659262,0.012244698555013414,-0.01611104524853346,0.002617596891898796,-0.013149508649959358,0.014365733275303463,-0.0069936160034292875,0.001021383868735392,-0.02518096405075197,0.0004880094566185316,0.03027746215423229,0.018334273198389452,5.711103589886867e-05,-0.01669882693765053,0.0027542029727340924,-0.012275103189128228,-0.0027181006354569785,-0.000616386052366166,-0.0049802281352871285,-0.0113418284283941,-0.003678266369087115
6_2,0.022965328731818283,-0.015503977082844157,-0.001358675395520087,-0.00010070115879674422,-0.011132026834182662,0.01556972597616406,-0.00635217012920576,0.021427012516865608,-0.018935600790273236,0.024562588880745667,-0.07619867594932081,0.1440109960011454,-0.0034907050039514704,-0.0019895898069019263,0.015094918517557614,0.033206472686718176,-0.0003868476087271448,-0.0028263232493180132,0.012052677607880279,0.06033159543420977,-0.01329896851759325,-0.020190528307171742,0.0006664564470991199,-0.03784170793490963,0.0005012405684237365,0.18693015173010435,0.008807662508116296,-0.009198582963530596,0.002059582698753143,-0.03194367048793423,0.004245866079636555,-0.004083072802965696,-0.005709813024957183,-0.028010703132189983,-0.0030091436981693606,0.02351492573085625,0.014272508201875759,0.01204857069381157,-0.015338634357469587,0.001872679458605878,-0.014077141436506662,-0.00512923147930689,-0.006529468667113021,-0.005136191413228722,-0.008840408639887578,-0.005784347646668969
6_3,-0.014708634725238836,-0.014027491102067802,-0.0005729766942650868,4.949642093986207e-05,-0.014892265596021742,0.013782042197582613,-0.006482145084408579,-0.0019825766320792386,-0.018526740559349594,0.0323515544494658,-0.08562752288233642,0.14589110755752233,0.011729080944135866,-0.0034429251560058266,0.01871053325276299,0.030025173615517726,-0.0012651548322875513,-0.0025362236950054497,0.012002696580857702,0.06009489167619772,-0.013507257301358839,-0.024855036548760735,0.0012924286991073462,-0.03142791204505739,0.008190311287516941,0.19038236346740042,0.003843847452002774,-0.016433034858977225,0.0015508690508580162,-0.029470300051755844,0.004928198392216556,-0.0044895399904834364,-0.005639865862678271,-0.027784420478349853,-0.000818864154443817,0.027684974210739753,0.01528173178736947,-0.000391545944134642,-0.01670042347463361,0.002947815768639069,-0.012660684063757493,-0.002852966825003504,-0.0032900419133397377,-0.018413401925519202,-0.009874890667215641,-0.004090948096700988
6_4,-0.018424912371194962,-0.014300294214835467,-0.000620743527594351,0.00018990183658697788,-0.018446146571269275,0.00984957319535007,-0.013298122864903665,-0.004015893034525785,-0.018008399104286497,0.03356435467525842,-0.07832404772531089,0.15731000473128995,0.014470434639340926,-0.007206232533116865,0.017521210771409387,0.030160047329659278,0.0006904472462322725,-0.003193340538834011,0.010301572402352972,0.06328467853545765,-0.013300787237513417,-0.020488813633159894,0.0035045204892388323,-0.032938286950927945,0.010294558834346722,0.19378055117693574,0.0048716732077777256,-0.03005408537931586,-0.0007496079906220534,-0.0234392204494688,0.005549761931403415,-0.005545124808047743,-0.005430730899618185,-0.02675577171836761,-0.0019619358443996792,0.026598641786479256,0.01667748761999681,-0.0021615264161960993,-0.016675467386306847,0.002590985095455048,-0.012151521316060674,-0.0011010024336004943,-0.004005162667484282,-0.016591101657079572,-0.010770840424876811,-0.004263332633046605
7_1,-0.010878105098279741,-0.008743147211389059,-0.0027088755627609133,-0.0068731959613315555,-0.026319657146205534,-0.008394655135015097,-0.017763586811551758,-0.007180257131196762,-0.019550169905730254,0.027139524418450075,-0.07701852509603464,0.06036821365525079,0.012470504772942287,-0.006596584458941483,0.014343815250554504,0.029558777887968204,-0.001052932018760182,-0.004112255609211323,0.009020034696495394,0.06118502734714761,-0.013115822274298795,-0.01693106205008847,0.003501096109106798,-0.07368739237152987,0.007897117970230532,0.02376536611764423,0.03989653479484152,-0.02298397354644466,0.0029718989662276245,-0.03277556135574996,0.010257811991372252,-0.007888906582015336,-0.0026718876558811844,-0.014624220758062158,0.006927406554099325,0.006235476233567332,0.0005740062549472778,-0.0025729197034196484,-0.0037575106223858112,-0.007670008947287319,0.002093120585173431,0.0023043145140433734,-0.0018179337168201177,-0.02505980561125078,-0.014722052778058353,-0.020070622505302466
7_2,-0.010655192813663806,-0.011690449523758696,-0.0013857589334263212,0.002539111166888118,-0.025445178289337404,-0.008128015677105582,-0.0168703158376771,-0.005362880104843389,-0.020567974257018486,0.026627340727665587,-0.07035111353386521,0.07235129324463843,0.009646053502088043,-0.005769951920257995,0.013917589325138053,0.02628797713161247,-0.005596688129075919,-0.003301596681773729,0.0027844824630641725,0.060178482020675036,-0.011571000860134437,-0.019938676904499207,0.001681246018341511,-0.07155297765103283,-0.001048532909171856,0.008223554184200297,0.035007002785869226,-0.0067364365943709936,0.003761562978679945,-0.030466495981160868,0.006039733625637152,-0.008654035225135312,-0.0016047393645384394,-0.015275537575318455,0.0033267493832604615,-0.010409494368208207,0.0035077243744831986,6.104307983953217e-05,-0.00394936791652569,-0.00489548159498583,-0.004605825810476899,0.00023115355796078624,-0.0019956632735848787,-0.023839015406980243,-0.0011897263133673387,-0.020202772493310373
7_3,-0.014579270235379917,-0.010891493486085863,-3.542605223296689e-05,0.0019256050256112988,-0.020854867875634314,0.01408434868753653,-0.010508920816932037,-0.004830051945443959,-0.019754495346144256,0.03742725754104622,-0.07359655012037228,0.05982092873066818,0.007856003278919796,0.001495844143507193,0.013119572550567216,0.02881101037067549,-0.002096919827590699,-0.003444620478319803,0.010339458139691064,0.0639373393684211,-0.020090938827313345,-0.019821653692363984,0.0018842085159209406,-0.07075801292282975,0.0064055523238395464,0.013665383963581069,0.04010766034344322,-0.0046318411052976355,0.003743809147951023,-0.027541336105422247,0.00646525788961428,-0.00975261896903858,-0.0022760440410513716,-0.015455530244541094,0.005191803219196226,-0.006257036079250971,0.0009541117893039045,-0.001102804690111762,-0.004195355064376423,-0.002639995579382025,-0.0025995159953146425,0.005342978177716639,-0.001962407981106919,-0.022230197054910784,-0.002016083422791642,-0.02211646223833964
7_4,-0.011089782872523104,-0.009534239733864192,-0.0036032508476098696,-0.006476928516455254,-0.028738597452479406,-0.00738282442002951,-0.01809907895652694,-0.0073315059289449066,-0.01819987592804859,0.024390675206873033,-0.0811623262112766,0.06716464889955984,0.011006545604055427,0.0008837930433328503,0.014104257080697331,0.02906871356166497,-0.0019217367153720503,-0.004850838362049231,0.00934950330659717,0.06265927660094939,-0.010710533800093998,-0.01585268782336284,0.0016163361601913143,-0.08014684496626719,-0.00019791138450255024,0.02438465902353639,0.040403536380774534,-0.023342859083833264,0.0028818268377977987,-0.03130257366716127,0.0055713624243162885,-0.008544888228717198,-0.0031512148299944185,-0.01599652132782974,0.00543436393580847,-0.012470710580619661,0.003931161642435924,-0.002343250391616952,-0.005293676186566551,-0.00577868198396317,0.0013145287612548345,-0.0018378723309227748,-0.0025676549472032004,-0.024425783263772562,-0.0025575532257752784,-0.020853524781242066
8_1,0.0319631279721751,0.020364770116190006,0.03266289973820703,0.02118441838924248,0.06108432878197111,0.043459323670553975,0.06924363299597235,0.010007002178444269,0.0326181357987166,0.0527588307299092,-0.05323692256755439,0.18568853332860302,-0.0017817429374604983,5.560047625509578e-05,0.019144578184063316,0.039139079989343635,-0.000916056774909935,0.0012768894805599519,0.015218022242562662,0.07497497909349445,-0.018989451225346513,-0.012534644952214328,-0.0006306522418914237,-0.019121598926274866,0.0010035102356513391,0.27040874772887835,0.02171089423945009,0.00048727408109587215,0.002716355699366453,-0.0058530628491299105,0.01672120795706579,0.027996022473239447,0.007335098607971888,-0.005628997278161431,-0.012090040035945555,-0.0088961464051772,0.006751675921147153,0.014130342672564222,-0.00532776870815131,0.005573657681271046,-0.000746667057387707,0.016280278951536362,0.03469253580279369,0.07751402027264312,0.027309419947256035,-0.008824243252293185
8_2,0.032046298399463914,0.020473604764126064,0.032745661822488066,0.02220027160208157,0.06118427235794512,0.043886324950932636,0.0679324368620322,0.010791635021048962,0.03265676406789021,0.052959443132164476,-0.05137190726701018,0.18401889633181903,-0.001715389642606196,0.0002822869292930816,0.020105675704016487,0.03900360890098802,-0.00048587844969782566,0.0014247693104727103,0.01512340356504514,0.07483960221966494,-0.018341237571437272,-0.022830361804598236,-0.00040748985948777845,-0.017290992680554573,-0.0005316028281507694,0.26970863907416487,0.021054198257656226,0.0005821684397830198,0.0026598788335595617,-0.005511245015946591,0.015804006879547645,0.029425768233060753,0.007316832231307193,-0.0056155321542506005,-0.012098475376122606,-0.007682789066824825,0.006972655631032224,0.012012954377535365,-0.005257125094908343,0.006016899605587999,-0.00047288418042647305,0.01648058535580004,0.034844650633868546,0.07849467805520374,0.025874984591171043,-0.007001375684237977
8_3,0.0288246283432803,0.020126131257124327,0.03324003001195993,0.021485016111053083,0.06130375409745054,0.04298975155513681,0.06704807052987488,0.009645164978261048,0.03240605697010505,0.05113278188764903,-0.054767500546984586,0.18634291158609836,-0.0037447380884794513,0.00010928330175640219,0.01994082886336093,0.03675373432100771,-0.001042197797906981,0.0009002101961189454,0.01430808685046589,0.07477567034411965,-0.019015407926557436,-0.023203050826070378,-0.001248932570467532,-0.017010089923564797,0.005456677349707271,0.26817598913204554,0.020146910531404806,0.00014312719030150657,0.002287026195123232,-0.004606805503231738,0.016430745906591705,0.026224287981619115,0.007556090684606734,-0.005826541122701474,-0.013087094019015075,-0.009511691264699983,0.006458377158819165,0.013050741806274855,-0.00554675168654944,0.005962002020688455,-0.0017194051956844444,0.015851550437086727,0.03341820303096259,0.07845604301373552,0.024231504347348196,-0.009000118984871679
8_4,0.02896977763668244,0.020116330857468688,0.032730676110311385,0.021348324926283257,0.0608865646474739,0.04351571845993076,0.07353303316544721,0.00896063859534602,0.03276943702967363,0.05156175994344759,-0.053346756398023866,0.1852305939111355,-0.0017638750592211532,-0.00012128022973630143,0.019155116358066566,0.03859878351557535,-0.0004646639286887181,0.0012240187924453503,0.015509473042974814,0.0748234529088507,-0.01960386281639451,-0.01902374040397568,-0.000847933366251543,-0.02061979082173075,0.004461203291737498,0.2688070255041696,0.020121834084003625,0.00047338393904937875,0.0027859259521184785,-0.005627022284733605,0.016578311138303943,0.02662355635881941,0.007826120374986223,-0.005784893937096897,-0.012695425871855771,-0.007603880374737185,0.006552177133219862,0.01224218654518741,-0.005356333283118273,0.00545010263463026,0.0026850555482960717,0.015950975716490918,0.034176762092593516,0.07813619296186414,0.024835563216641193,-0.008965303307952168
9_1,0.018498857955162047,0.025550791769754392,0.040217598200875816,0.02419182030453376,0.06770523495533293,0.050152515342211136,0.0768934440024946,0.00476924358898959,0.026713777689544044,0.05203926910199558,-0.05441611752001859,0.19504367275889392,0.0036404000662473655,0.0023438488577725287,0.021862016417621293,0.04131441531035254,-0.0004120335112355322,-0.003408425615139984,0.015498381191372635,0.07750931403714206,-0.019519743412421294,-0.014535665941141685,0.003614643743041041,-0.015523163103180299,0.0009295879441348682,0.2687310369371025,0.0286057202922903,0.025604846196344858,0.005184319932731325,0.009107667194397453,0.017890592399373163,0.029034468989307668,0.012137112826427415,-0.009833167008311411,-0.0031515664866444415,0.013749473917855966,0.020381576904403193,0.012610263444728782,-0.0013230561739144956,-0.0019582033806395723,0.0021185041910403253,0.019279768179198544,0.043250488200959794,0.07427167645650361,0.03009966323608451,-0.015618235666537469
9_2,0.03126745055940542,0.025392019824960622,0.03904978364833498,0.022633001963261654,0.06696991249556755,0.04822835057185274,0.08495234011148314,0.0043506563517849,0.02814456021624132,0.054861100889629644,-0.05400925438151576,0.1905948740122683,0.0032379959469112304,0.002892011762781249,0.021622960694531516,0.03518681362085194,-0.0012389613441214698,-0.003352394991643227,0.01430357162840154,0.07763326869012191,-0.018960118533780008,-0.015069969921420106,0.0031041472809397435,-0.017436046667360004,-0.0011151515216963528,0.26660646828116563,0.02498717876441071,0.025221388229417545,0.004590325315913008,0.008473928147490541,0.01880168642170625,0.02942629530727876,0.007840408524574478,-0.009873985477138213,-0.0035169054814195863,0.01401174525582951,0.019891636503686305,0.011805440333525402,-0.0014070992866450365,-0.0025493519115742636,0.0007221836418366595,0.018243038248554586,0.04221493266528932,0.07395331366114953,0.02845518713514358,-0.016512484616458635
9_3,0.02869883926572908,0.025939066075053994,0.03937954256664513,0.02250029691206259,0.07138224776890366,0.04795142627231223,0.08643462291713601,0.0036999637565492487,0.026789002137852017,0.054534713139377564,-0.04880111804953142,0.19487774951937778,0.002027022867504444,-0.001948695541364401,0.021437620478652754,0.03219641214087633,0.0005255311722461932,-0.00296609195041268,0.014641015127747967,0.07729236294599029,-0.019740306712715257,-0.014736720594322178,0.0031343097213644127,-0.017589472759330982,0.004347652097281346,0.26616978070159913,0.025429455667545918,0.02465821424692961,0.004609290358142664,0.007625515538635102,0.0205028841502648,0.027133836959946454,0.0076471999457785,-0.009775447504935402,-0.0039058298385576985,0.014504228490384324,0.020347754677447583,0.01201309183885798,-0.0012501403905724616,-0.0022866325244465854,0.0007620621886039313,0.01804498849799836,0.04166853478798646,0.07559408483269149,0.027651106308221225,-0.01623468842864118
9_4,0.031855478860012026,0.026171876761064555,0.039170462057406166,0.022661798560973393,0.06946472574594967,0.04833575396088296,0.08584219004780085,0.002734119963747718,0.0006721576586451496,0.0487178684873155,-0.05435009430566818,0.18977590326559254,0.003702883546240236,0.001573859589257539,0.020934621957415498,0.03488655639442765,0.0011575335124499036,-0.0030112150788297316,0.01469609899799483,0.07783897514479284,-0.0192277115546216,-0.01449225208312372,0.0035482211531695177,-0.017260910592431063,0.004832559802649934,0.2629269332458342,0.025603025977280574,0.03278654523647391,0.005080276522693347,0.00744394115618139,0.02020815460229948,0.026944546186946004,0.008248037555035156,-0.01371653311482179,-0.0036241035899400305,0.01485016150907323,0.020530398151703568,0.012411223561584323,-0.0006402804972325868,-0.0019590458946879812,0.0011534704262739911,0.01825583156582888,0.04638589834844577,0.07569297417522079,0.02788520527156489,-0.016037077658847782
