,0,1,2,3,4,5,6,7,8,9,10,11,12,13,14,15,16,17,18,19,20,21,22,23,24,25,26,27,28,29,30,31,32,33,34,35,36,37,38,39,40,41,42,43,44,45
10_1,-0.0128785756130128,-0.008986271468724681,-0.009923291375437628,-0.00800793054506585,-0.0050905845468065865,-0.01327123113480299,-0.008235417066098002,-0.0037273569401333408,-0.003380684971459379,0.9458143973790403,0.8162996424199258,0.05364704704490716,-0.014655578990330022,-0.00037976882147499886,-0.004240579996825792,-0.006227370552318925,-0.009380346903380875,-0.003363723471873019,-0.0017883804109218374,-0.00395980712254225,-0.00461378477741652,0.028090179178748804,0.019813348225564846,0.3259534448193658,0.010716495563833247,0.08166401025824938,0.7348440783913194,-0.009936489186615154,0.007996783252245702,0.015395800022771555,0.0015490369841791292,-0.0009730291679549386,-0.00032302682012748726,-0.0007408223707343065,0.022490800454986262,0.03831033426583866,0.05884308553076499,-0.012050202889151197,-0.010189094326271879,-0.009295118974201075,-0.009794882051510353,-0.003806931864178651,-0.0055905805866415465,-0.004059476379960693,-0.006275711201233463,0.022117774706581588
10_3,-0.013747989701435622,-0.010432537099043125,-0.011302274068480224,-0.0054152082943544335,-0.004543514244269055,-0.01410563017963001,-0.007897239065604711,-0.004019137290239286,-0.003992279767839817,0.9421459195304844,0.8076128333137385,0.055075818463784024,-0.0004393297027607139,0.004514147357014925,-0.002340048471627508,0.001785008132824811,0.0017464808614194016,0.001934011142596521,0.000388932385230468,-0.0006818989327698052,-0.005043631757322425,-0.0006986423081851547,0.01769647542352609,-0.0027761148119517767,0.020174379966328378,0.11008459940047761,0.7434509403368067,-0.009663570874530096,0.006975787872860628,0.009714601582116154,-0.002701968232402449,-0.0037717334710820104,0.0007169415998531281,-0.0007089439914723673,0.022688152042385897,0.03201971432081942,0.06398083477136089,-0.013510342576275286,-0.00891135233802793,-0.00997325099542654,-0.00477274436076092,-0.003267714851533614,-0.006854159214324109,-0.004855564489853935,-0.006631782950750552,0.016908286588957173
10_4,-0.012457053635268079,-0.008992454900429348,-0.009321379038508947,-0.007895948323134555,-0.005074367073546058,-0.012748825963014201,-0.007903980470902393,-0.004202644209470219,-0.003388465821564393,0.9476862156336023,0.8170436046385019,0.07640324833058201,-0.0011138486699217923,0.005019068581935022,-0.0030953570679452874,-0.005694787258149327,-0.00016162805895471923,0.002029062816128649,-0.0009506214480859325,-0.003182777992145926,-0.004777441948231163,0.02901946768865114,0.017544877351649668,0.32594786113753543,0.017931254913799495,0.12600398266681645,0.7281436699190817,-0.010222803913265618,0.002144879809975072,0.019861736432505273,-0.0007173523657440652,0.0005069322323949621,4.4211361838127726e-06,-0.0003849317968834368,0.022245628408361088,0.03834751059303533,0.05959889431719695,-0.011494340643548212,-0.010545535116862395,-0.00900948481083792,-0.010463432857432965,-0.0034884186012248885,-0.0053818448458794015,-0.003999281149548609,-0.006508435434539208,0.022057558301952943
10_5,-0.011882234906431473,-0.009611225795394102,-0.009637358735198975,-0.007157514380522185,-0.0051052480711526,-0.013178486403944879,-0.00854331685069728,-0.004445246368998081,-0.0034939194646910724,0.9335534765649628,0.8043677621382394,0.08556955406238191,-0.0022003999507088762,-0.014640428938298842,-0.004034573390608801,-0.006770167103855996,-0.006999065621260762,-0.004553952378523701,-0.002096218964957644,-0.003823314144492398,-0.005506607521892515,0.028012532419985425,0.0016229103154784918,0.3196915214262692,0.025509300988710286,0.13830416579021473,0.7183443658971629,-0.01102539796626266,-0.022945014824288318,0.020125299876987083,0.0019383705908473012,-0.0009082443156934685,-0.0002708922719683359,-0.00030023732306267987,0.0211070224451266,0.039172410803613014,0.057559127665763495,-0.01145706265556008,-0.010825711994289004,-0.008944787578146051,-0.00882622658633944,-0.003278706219950106,-0.005659594087824094,-0.0055182512716717485,-0.006191315991508056,0.021759286500916856
11_1,-0.0107059844683989,-0.006944766356008248,-0.007721213506223839,-0.00023092153186718227,0.0006735159705114119,-0.009159658595080172,-0.0012363557298639704,0.001069209022918889,0.011746918593907727,0.2766452621624788,-0.00888381702700396,0.03716583958139926,0.0020165918416042354,-0.01600123170412997,-0.004346382171610013,-0.004967039988501081,-0.001467638069204383,-0.004349432537623254,-0.0036890595335589494,-0.005352477869859372,0.00627003015577279,0.005030974735941139,0.007905125051007208,-0.05533210117649833,-0.0038840092311543993,-0.010998797825784501,0.009567047876806099,-0.005944865468116623,0.007664979246672175,0.006370184595084575,0.014749252911370058,0.00642804339960388,0.014000419347270296,0.0051192819959392484,0.008544625341680996,0.0071849303385360256,0.09207429611252646,-0.007722013105010298,-0.004778745247317468,-0.009253597447470707,-0.0006034386653870085,0.0012610383307753758,-0.0046934103100505,-0.0013356334610172696,0.0008519437809203497,0.0027627928515932625
11_3,-0.009448460368201624,-0.006470494985308288,-0.006382190592263153,0.00017112783544293215,0.0009493230177571091,-0.00829486672250072,-0.0005423883830029711,0.0013146074775194447,0.01145816126344744,0.28323663796072623,-0.013812338169097315,0.07393441638361174,0.0003549739060853079,-0.003651503212644359,-0.0038870230750334958,-0.004657016375949721,-0.008833798971355417,-0.0029420937541645422,-0.000671265659341771,-0.0046342643143680775,0.006346306102898951,0.007096311927533785,0.003938048381481555,0.0013324135217769107,-0.010515502003789458,0.013263195102017934,0.01407529460381923,-0.005111138711737479,0.005321192812804967,0.005710825307418258,0.014283537855077888,0.0065190995190063565,0.013483539174094008,0.005657731434150465,0.0077179867435584835,0.01158932492637688,0.09786263972323496,-0.007279584692881525,-0.004141100700234565,-0.007653892677301892,-0.00045068456218788004,0.0009115601133076292,-0.0029877433457213423,-0.0008019672419960266,0.0006045256498237702,0.0031172695515394836
11_4,-0.009820747837249217,-0.006020130230740862,-0.00652725397037318,1.6453389204184655e-06,0.0010381703719344266,-0.008817570639689402,-0.0005802897743732672,0.0009863126374635516,0.012568313288867913,0.2515817481457035,-0.017552881337915986,0.037282537190777856,0.0013968292184720142,-0.001717032093075395,-0.0037515806310105737,-2.8013638995736177e-05,-0.0005264098823297909,0.0004202713228890488,-0.0009732392420254706,-0.0009853420086195163,0.005845924003181429,0.0068743664028962795,0.003771248180734584,0.03835146060762638,0.005240381450408759,0.10305588730579533,0.01033631573332936,-0.004960940873692989,0.008124340160823484,0.006086481857870758,0.015168108510963558,0.0060314502628532945,0.01376648002202522,0.005083759529050723,0.007557618997305521,0.013482390754179925,0.09535928156172846,-0.007705326868723302,-0.003935967203580025,-0.009031848456428302,-0.0019066680055752614,0.0011432738816823237,-0.0036454533953779213,-0.001818014710257531,8.610153049374711e-05,0.0032676686928637864
11_5,-0.009618600776294454,-0.005604557096558233,-0.0065075130057385,0.000420972224581569,0.0015057903540640304,-0.008665397358241175,-0.00024171500014593593,0.0015500317202985722,0.013227305623755186,0.27004299727941594,-0.011743309495675551,0.018158789371262953,0.0021960243269468008,-0.003003680845350225,-0.004200368377061899,-0.0015904623811294695,0.000504374028587557,-0.0012031443714825426,-0.0008453367905230966,-0.001312694532904807,0.006407872630248127,0.0068395748180764375,0.008081459061101302,-0.05409198573842904,-0.003963093557608694,-0.009675729910874143,0.013068820635082136,-0.005668935590951064,0.008713505114153924,0.005709116046726593,0.015388963223946856,0.0064912343943679795,0.014772996150572159,0.0053168619368078335,0.009019420004302224,0.010754790786791731,0.09404627192553787,-0.007032463298906947,-0.0034090608119720874,-0.008526960670806999,0.00033126552863611646,0.001786666123494991,-0.00326199683773846,-0.001045511923447918,0.001157377385329076,0.0029473651114922434
12_1,0.006306007684730325,0.005796680628714629,0.006638207534764606,0.008013267826883991,0.00346576058983815,0.008876375345471641,0.005232749956342104,0.003876316464708749,0.00507832188405724,1.0532057621575637,0.8853006187277732,0.1058451291821045,0.0020251758349603952,0.007309747715910586,-0.001656431569864025,0.003959188651556275,0.00346419839950369,0.0005819619146373349,0.0013371109163529242,0.0005078240136015691,0.00949448845758474,0.05110371422429642,0.041811200140979374,0.34863245590535175,0.03201933140879224,0.17265728434174393,0.815168444272544,0.009679466201085615,0.014437553446670384,0.040535975668632436,-0.00313894697711987,0.0055055592600253824,-0.0015632962537628513,0.013829343702237002,0.04164592139546448,0.04804867391486075,0.10009254511773986,0.006122991256434556,0.006043327970003795,0.00560408568761449,0.00763183830365315,5.900843398281865e-06,0.0011898843067449196,0.004562655913072783,0.0068126096466572085,0.05212000922969956
12_3,0.00698101700733621,0.006654798393894775,0.005189767650671817,0.004289479985675064,0.0036597312839895435,0.009213089647202168,0.004124676535143942,-0.001626735497126055,0.007930199134370918,1.0543360892910434,0.8882272291817378,0.10528922450682242,0.003221611579120563,0.007987148336205865,-0.0015112867009609964,0.004234008826686543,0.00470678245662093,0.0024372230161874265,0.0016719511355714801,0.0007438893577869654,0.01010073836506273,0.0511063663367825,0.04250776580711865,0.35505228130136707,0.03307238604891177,0.17197264374535365,0.8164349954185068,0.0103402292682755,0.01016279775355006,0.03996517920418085,-0.0026154026228707933,0.005639404839151552,-0.00020704695895190165,0.01515134025280093,0.04159058629864789,0.04854864842636236,0.1005937216425292,0.0067676768845206315,0.007007905126325441,0.003783461561632887,0.000772023268388735,0.00018687055168887737,0.0011560599706022035,0.003511518651797246,0.004419084690968161,0.0525272317889909
12_4,0.006721257679990934,0.00658844762246299,0.007069663756756316,0.008062328427682735,0.003434501555702039,0.008985243807957016,0.005115652421140844,0.003906801850147879,0.005310477996887204,1.0531417034750914,0.884897614513519,0.10569714884838992,-0.0015751677576298028,0.006445900040192789,-0.0018676548868779422,0.003089822845101005,0.0036553239833169928,0.0004527667387780674,0.0010277391490940413,0.00033327636234226315,0.009517308432568245,0.05120308790091954,0.04180848848957843,0.3505747797814612,0.03269525639753756,0.17290011361453114,0.8125439065722543,0.009934721583193298,0.0136339483939746,0.0404259088235211,-0.0030575853873542,0.005301204902960659,-0.0011062201986570183,0.014752475871990736,0.04198600441241824,0.049616021763094036,0.10021969859947531,0.006394694820235629,0.006635574896796045,0.0059075237991091725,0.007535688800683467,1.557254997545488e-05,0.0013406661585961901,0.004459677843802877,0.006760445034476309,0.05162829173850844
12_5,0.005583856791693489,0.0057177436084228875,0.006964600380711367,0.007639622844735795,0.0025013414861679408,0.007388361764412774,0.004327382019039555,0.0034189304479689715,0.0040118499585183815,1.0545873487916193,0.8839647654192677,0.10443147259210911,-0.012921730989974943,-0.0001994630856535019,-0.003516825039577203,-0.006388033060325206,0.003568153309965567,-0.0014225309719420765,-0.0019344637380573693,-0.0025290308697784466,0.009415251254485045,0.04976065413256242,0.04073075742524753,0.351202284038931,0.025844656244968598,0.17238548485959646,0.808628861217303,0.009629718213544572,0.01337480959294081,0.03844632620886932,-0.0025432827687737482,0.004794684936952055,-0.0019879053283038076,0.014857545897294306,0.040711277761106265,0.048397325801722124,0.09962104060364377,0.00548444828308278,0.006156568260488553,0.005790570056992663,0.006931135502906025,-0.00027751840580789167,0.00042147933025802573,0.004332419533985985,0.00634320302550777,0.05057150438672587
13_1,0.006459028892178927,0.004782886296054895,0.004911987574720654,0.0014757929502734815,-0.0008128812267283729,0.0055169694189457635,0.0011892133313925722,0.0008036035477330163,-0.0046069356404546975,0.35171832226864114,-0.012091765008418189,0.008856330575152796,-0.013391914398239443,-0.0034994696978211453,-0.0039686935861161735,-0.003290646841943701,0.0010911188260990924,-0.0037447054409254256,-0.00014820992508599295,-0.002041475611595532,-0.0029800095294314575,-0.00555980380899034,-0.013412355625288442,-0.029774254915088602,0.0035693768819700118,-0.010871414291315577,0.042866833908829526,-0.0025703370695988915,-0.018790627915350414,-0.0073008278002719045,-0.00896808827529408,0.0008051132023258199,-0.010112660506919434,-0.0032923346601068746,-0.011353295512592967,0.007731174461398479,-0.07541768403721832,0.003935878776200755,0.004574782547415619,0.0055534058905474136,0.0016684759116427986,-0.002310748012002583,0.002916487450689902,0.0015883467459192348,0.000625514456210199,-0.006334478438408101
13_3,0.006383303722638219,0.004904020644266204,0.004703486522939638,0.0011208158858830814,-0.0011175542950368732,0.00506884075901368,0.001270223546333891,0.0007523553040296247,-0.0064262489802298026,0.3544421429461699,-0.010544391998071471,0.00912327307650893,0.0011393441889857839,0.0002888350012328085,-0.0033401318271893358,-0.0009490416674198101,0.0008581206837584911,-0.0020341201265048955,-0.0007922929181560381,-0.00024965852049749053,-0.0029292354935009845,-0.006404868871297504,-0.01258490908857697,-0.027928550995704845,-0.0009748649486439911,-0.009403619381415497,0.04289015082133175,-0.0028474243610837058,-0.004365505835373907,-0.007259210538001132,-0.01569579372472414,0.00031364879834734746,-0.010775383724686283,-0.00281196636380865,-0.011975287243487898,0.007891051798829546,-0.07838961463600258,0.0038774205952603275,0.003724292290211194,0.004539809167908008,0.0007099754559015048,-0.002045913804794408,0.002790651402741715,0.0017316918308587896,0.0008356709679707234,-0.006758010002989306
13_4,0.0069816732939870655,0.005165581785993719,0.005257408612780137,7.834827712821095e-05,-0.0006415955048870378,0.005184798003792127,0.0015384668551003714,0.00022217097433365157,-0.004594437209829995,0.3815180197928733,-0.0012297774962294532,0.012258563935214227,0.0015326752298951143,-0.000491055821936937,-0.0037110216175280275,-0.003413362199951267,0.00155784590082086,-0.0008086501817749951,0.0001603566677767278,-0.0021935858645219723,-0.002768454826404457,-0.006086968003444515,-0.0019791498681684437,-0.023475167829643814,0.005437936385147154,-0.010359927155285319,0.053684811076424165,-0.002993949874748294,1.4422227494511888e-08,-0.0068575723763028016,-0.010924576162657913,0.0010247323081118169,-0.009969481890451853,-0.002813895114671415,0.0021116258034242956,0.00759676385180385,0.08757644898359418,0.0046932066674046724,0.004107940062810456,0.004972159993065516,4.0293111231661504e-05,-0.002351028977969452,0.003896317550997673,0.0012988618407977922,0.00035063314903099424,-0.006231488750933832
13_5,0.007048731878582281,0.005134817731332158,0.00515669196448433,0.0012434955072878641,-0.0007846261165695578,0.005275240340208767,0.0015192058819697458,7.056418269292262e-05,-0.004916713849021302,0.3869574901466472,0.00014944773782557628,0.012272766165946379,0.0019582813240953964,0.00035858896198520896,-0.002948138290417858,-0.0033122542562686397,0.001387478895649853,-0.0007170337888918187,-3.824336087124467e-05,-0.002469537450856495,-0.002723183494269197,-0.005957954477145089,-0.004578411569485796,-0.025215993888522595,-0.005417042490515996,-0.01640167678406742,0.055445980884550425,-0.0031651227376302523,-0.0007717091854958486,-0.0068292837203492145,-0.010413077752914399,0.0005322390152035994,-0.010200248505587239,-0.002849691508136771,-0.002081036245444035,0.007879792510015703,0.08363911967888087,0.0045796367270490405,0.004019108173731089,0.004723166471752118,0.000605717936026966,-0.0024032071424193906,0.003491225769575633,0.001217523868307032,0.00026348873452112685,-0.0065985507916049456
14_1,-0.006735197229041849,-0.0020483856693931787,-0.005751000992256347,-0.001625991881908875,-0.010664539496737792,-0.012251511529771726,-4.160247381827578e-05,-0.0022318123139854324,0.0005634425451584894,-0.7859659862965394,-0.33630388453069454,-0.057841069410409215,-0.00306738191280922,-0.003251362730420373,-0.010495697333106842,0.0010216740642537269,-0.0005136614079953623,0.0019210750803569168,0.0010247217414461702,0.002243205162607471,-0.0019134304722112985,0.003402736711195523,0.005055984750212186,-0.08309917662770223,-0.02072456432733491,-0.04117428944955433,-0.26196165806339533,-0.0020316748792437935,-0.004897687921114724,-0.00860228187898424,-0.0010497490347076556,-0.0047525030050270325,-0.03379693169469033,-0.002069770363405252,0.00721374889516915,0.01058670715755411,0.04418873537522363,-0.004863710417504611,-0.0016975771061586572,-0.007009820500108073,-0.004826798563206066,-0.016116593437721757,-0.012734959044695349,-0.001923861349791812,0.0002799072614785517,-0.006288549469714171
14_3,-0.008330045260313806,-0.007273634581412211,-0.005916966548615966,-0.0021213514714874273,-0.01257956261553122,-0.012517247930381632,-0.0027145235968698473,-0.0023971369633285825,-0.0185112682787934,-0.8169613029602181,-0.3513104102815706,-0.04894947039257827,-0.0030231292375906007,-0.002974434225314434,-0.00909463822714529,-0.00027877921312090964,0.0005087981177679975,0.0015278196647234821,-0.0021880580876286306,0.0005812297443252539,-0.003413954760780075,0.0035341864426742366,0.0041333865554726585,-0.08114262803855865,0.004602014274119393,-0.04163146654161072,-0.278722930044134,-0.0013482898029674158,-0.0040194274884664425,-0.0012590640213024278,-0.040660804344745276,-0.0054811479373069755,-0.03303390305598657,-0.0029511424944878035,0.0030994238001894148,0.009934951781665391,0.04574148497564738,-0.005554613840432255,-0.006879022878661941,-0.005818074746697462,-0.005026410460969354,-0.01853712401114191,-0.012654446317644017,-0.0020968756938053263,-0.0009569919383804916,-0.008000207473541488
14_4,-0.0016237398004624684,-0.0006366745546632173,-0.004999065901130821,-0.001487233331895295,-0.01007462645125231,-0.003651642027903809,-0.0015586446489239316,-0.0017902833483955164,-0.013428985972462497,-0.8454570868662163,-0.35245386466246775,-0.05887813473242286,-0.003544776746825905,-0.003212831780501928,-0.008802381316165142,-0.000487305066840799,0.002167190438646313,-0.013356843281079856,-0.000239330410556088,0.00021966909558703604,-0.0015639626659915743,0.003417535571383811,0.00564406517310805,-0.06762538153491085,0.00598884332142322,-0.03985967297053524,-0.2804670930115818,-0.0006735160487665779,0.002405177457361961,-0.00022274572774548486,-0.03801777694046436,-0.005228919742078205,-0.029881096023450564,-0.00033192073222150823,0.0036470387900474884,0.010223515663880047,0.051565092037228255,-2.890503911846502e-05,-0.00036573841720259886,-0.004461871935001833,-0.0031804938195125433,-0.01581382158649969,-0.005004184080677948,-1.4096039024432545e-05,-0.0008213181103336863,-0.006549189139458045
14_5,-0.010160752636219827,-0.006339459926487854,-0.005599002949422886,-0.0026662232422026157,-0.013199185962475216,-0.012462938946962508,-0.002618675166642705,-0.0020998798917850675,-0.011115324505379607,-0.809325218219074,-0.3422438585395003,-0.04634939448689633,-0.0057055108769154825,-0.007900492319821815,-0.009706186121535247,-2.6982085742678582e-05,0.0014878493608332984,-0.019534983706345103,2.095718905455498e-05,0.001736241216883711,-0.0014419897909121698,0.003814491422238409,0.0040054511635339305,-0.08052508730961855,-0.04314812396118792,-0.03716673025786435,-0.27233295643625294,-0.001641719097583875,-0.006167825580126536,-0.0013000235959188347,-0.0027903719612812246,-0.009923227093881219,-0.035985625139769335,-0.0010664241716707434,0.010232638470957033,0.009788044811750843,0.04152597530164506,-0.005807779960528021,-0.0071534651584356625,-0.006553706685006354,-0.004860820959090602,-0.018558478440959692,-0.012272708619540398,-0.002481895915709277,0.0008216878425792213,-0.0019817760193226153
15_1,0.0073647843759248625,0.006401147892929017,0.005786136390998303,0.0017096480864285072,-0.0009993147953856136,0.006291124492191732,0.0017078597135585989,0.00037181006677819444,-0.004743316361031771,0.3681101909057268,-0.02284176417749861,0.01155990236545368,0.003947964765059712,0.00047407653480081185,-0.0031141496242011292,0.00017084015698806462,0.001430903743529752,0.0006830019379521043,-7.14647457324813e-05,-9.977516584662671e-05,-0.0015455640128549885,0.010744457662565715,0.006119505915512376,-0.024151266297339,-0.004293772908331642,-0.007741398242007549,0.039516963436122134,0.0026016524616590663,0.00016854047738815793,0.0022534342886653463,-0.009393273586030778,0.0003705922547853198,-0.009183950538699111,-0.0006180158722969235,0.012892314019283296,0.0062268044284460615,0.14853684045504859,0.00569799027793512,0.00496585931768263,0.005186374774847605,0.0013157337370970647,-0.0018880833641919455,0.003799855583087741,0.0019785140172648686,0.0005153044617544476,0.004942963179699502
15_3,0.00762921965340189,0.005781181699828405,0.006051236536885256,0.001198839726892549,-0.0009368902485325905,0.006707869130973088,0.0012531767786399788,0.0008597505920903039,-0.003347681757010158,0.3916921833124558,-0.01333080658860901,0.009524845621569692,0.00025704034082779816,-0.003081532602029798,-0.0026170326552687737,-0.0033730178312923833,-0.009510826480228152,-0.006707221316094254,0.0007190671977681873,-0.0026006233964697744,-0.001355434159244509,0.009622776728860381,0.006750914143714726,-0.02567256189064015,0.002910606021015647,-0.007885951699262064,0.06479863468849151,0.0025684161012140935,0.001584115673027489,0.0020436449495491683,-0.00845705726064509,0.0005832187592021521,-0.008947746585382794,-0.0006208856984570219,0.012572183040196465,0.006146787908512922,0.15758558515294716,0.005740146296832369,0.004525877717514162,0.005087900062851042,0.001142040811160611,-0.002012529317797527,0.004256574076476129,0.0017941483802349277,0.0005744292419135487,0.003828935957707175
15_4,0.007509867293036346,0.006420399304361086,0.006066047003736798,0.0014423871775298763,-0.0010825811623229207,0.006415008422672179,0.001576931888039616,6.001177734480846e-05,-0.004308170174144552,0.37238147620458617,-0.015128451317462517,0.01129154388787032,0.0021257665187555323,0.0008286472599860743,-0.0031727434092311056,0.0001855538148042871,0.0018740782908082676,0.0006434556655714635,-8.538275826690601e-06,-0.0006567579345388011,-0.001575728436356675,0.010152048586505785,0.006345247980553275,-0.024352277304316022,0.003610068911411847,-0.0080074671024163,0.04578665350813116,0.0013012601779755868,-0.0032280207387845833,0.0043502402416049305,-0.009861030393289174,0.00035433726457901433,-0.008990326544349472,-0.0005647106764713891,0.012916550397975974,0.005613040796506955,0.1538508311543057,0.005780461610416495,0.004473429907883862,0.005251097263569525,0.0010282345659739897,-0.002500090986527789,0.004036802316871525,0.0019985179603456823,0.00032374226841098747,0.005864255603522867
15_5,0.00743015255112863,0.006066213666092172,0.005849908894341745,0.001064510163701886,-0.0008896050582772411,0.006475971652639483,0.0018309550010797977,-0.0001705800841565172,-0.0003227310746281315,0.3644711775780645,-0.022804316653730852,0.011697253171871876,0.003227769978340131,0.0009919383134061903,-0.0023525751884004246,-0.003461731995747768,0.0016676366631927769,3.8441120721518794e-05,0.0010689426874110522,-0.001693820290586389,-0.0008453520971672801,0.01211875240735819,0.006280611795160548,-0.0541631819484054,0.005247406515796444,-0.007518469989270295,0.038908806060566056,0.0020079509121014305,-0.0034307254429472066,0.006052881320179766,-0.010474876850178156,0.0007080484124966929,-0.006723227211309233,-0.0012653796830985513,0.013932314726487267,0.006446714243547208,0.15134098701525214,0.005454188809263832,0.004785632875941622,0.005157492494228763,0.0007647166949089495,-0.002361661812657323,0.004022746541103419,0.0029890221741277587,-0.0005643513621057147,0.008444862808436761
16_1,-0.0010768345869625042,0.0034663420449309707,-0.0025746256132785895,0.0009743498230448605,0.0072413734995274755,0.0027788024164206553,0.001093767148360512,0.002333022488152825,0.04360766495164118,-0.4407543421032561,-0.17210275627774507,-0.022390146852951636,0.02563880437859199,0.017251962977377067,0.050464339461113165,0.012064589029345043,0.007734250484591636,0.017390249936458203,0.006565316502150821,0.015591877888555393,-0.0009391294792400422,-0.0071733062855283145,0.007585625668775053,-0.04180383762805698,0.007163268558716484,-0.01977977905436107,-0.18663974026003188,0.0019055818525815947,0.006972672534536197,-0.006839205285653719,0.04416523151146008,0.01574352222025208,0.027390410510073144,-0.0014305083672023558,0.006755806525513928,0.02086946786956783,0.055730677860030005,-0.0027982139881160897,0.004245851599458868,-0.0037752511023891907,0.0006109263307176769,0.010554542003788879,0.004182957001226958,-0.0006424712965836929,0.0012111287929063021,-0.001049778655289101
16_3,-0.0015394797432621654,0.003467017895532255,-0.0026233310079057967,0.0014915060589508723,0.006996419687519024,0.002961411552056493,0.00023269202185099416,0.002277233512001844,0.044888091042136924,-0.4401626866071919,-0.17205877325737717,-0.022178498335638615,0.024992724638503726,0.01757036967786195,0.050471824182782156,0.008909277131908587,0.007638246796550481,0.017201620690572992,0.006551573670468893,0.015653157409354617,-0.0009161079709486428,-0.007110674163988467,0.007576605523224445,-0.041789673778873625,0.005488851711647316,-0.01982134496474429,-0.1874777554692958,0.0025776352210541234,0.006975075246528609,-0.0008096711215217498,0.043802632656508404,0.015494277130087247,0.027615554592574643,-0.0014893018741318287,0.006707544488673848,0.015122432379228156,0.05553136440709587,-0.0028367050290287045,0.0048151331593136,-0.003982678395761609,0.0014700140229437194,0.010558057656012438,0.005063556603616679,-0.00043250400049449854,0.0012238832232000162,-0.0010588445172385623
16_4,-0.003882987635336616,0.0034191799735809564,-0.002532044250393667,-0.0005367047548598934,0.006944890181041742,0.002075636312914105,-5.369241026712077e-05,0.00031976396074645915,0.043034939753364844,-0.44781841489525814,-0.1740578090759642,-0.024028782041233574,0.030119227750616578,0.01830394335890596,0.05178791720049628,0.012611877581720898,0.008989081505074763,0.010423152092193287,0.005980612496044825,0.01524467586072265,-0.0008885040940790006,-0.007179993681300686,0.007319631730977315,-0.04237386570020389,0.007266892220569896,-0.020042693650799175,-0.19961019850452402,0.002537031664292026,0.0069807902000023105,-0.0032302311420773725,0.04275112268234019,0.014947388707754297,0.026634798577319804,-0.0015622008561651803,0.006598289118598264,0.02029604212090086,0.05522562453908672,-0.0030866179246175213,0.004552816530246874,-0.00387175920920171,-0.0013306020954512816,0.01097712510853751,0.0034861688299641265,-0.000926501266622413,0.00016242637398903952,-0.0012326494342017544
16_5,-0.0008950088428273092,0.0012254748232350793,-0.0033471260319985975,0.0015554593200262712,0.008787336809985431,0.002502474660739369,3.792491929054554e-05,0.0022173896737077625,0.04201393789030161,-0.4419476118015783,-0.17251042629806473,-0.02110339789738461,0.02801840207025598,0.017903845730677565,0.05178319914268817,0.01270964077375985,0.008592466616629612,0.01566961158133108,0.006392631255613575,0.015383587325231948,-0.0008410783676676331,-0.0070927121516541234,0.0073844876384405,-0.04201172507285717,0.005001739782865952,-0.019593472416841624,-0.19802075501102556,0.002508586234743702,0.007155823820637641,-0.0004126553940549231,0.04242966123372057,0.01523372880094856,0.025785982818278392,-0.0015505546580100997,0.006775555905886236,0.01739401643303538,0.05547548350230119,-0.0029394540714323208,0.0026770070968923474,-0.003924741139313925,0.0012984174016344961,0.012384112993770362,0.004079212689381381,-0.000740573985042916,0.0008052544968863945,-0.001161980804121246
17_1,-0.007340472962820207,-0.006769971240167349,-0.005773757553195233,-0.004312641565509048,-0.008210518383839814,-0.01033704539264703,-0.0025529185057215934,-0.0005867722356397502,0.012693041361330896,-0.5415224065068428,-0.21456348332249356,-0.030538965421488803,-0.0025097029813272585,-0.0007162526950182088,-0.010178269409108747,0.0018882452405638037,0.002471606522986941,0.0035445428878557515,-0.0018850980396463819,0.0017191460071041922,0.0014989148377594823,0.00521266219566927,0.0025221953801097866,-0.0492350399616617,0.008326808864847407,-0.028986626942134133,-0.23568030116638625,-0.0016794723345077954,-0.0023820176581457997,-0.0023519882101051158,0.001855976702332379,0.004981869064449527,0.021575551924987675,-0.0012496917614069406,0.006989425232336808,0.010683696148741487,0.04789366040379668,-0.005520080300146811,-0.0068862156035790255,-0.005885866091030285,-0.0030432055259570693,-0.011314250956429416,-0.011564522821427014,-0.002361617418578033,-0.0012268421544012354,-0.008475301140694814
17_3,-0.00800872174462602,-0.006551268433231042,-0.005494568450842633,-0.0024977897555458024,-0.0019479913045689645,-0.005429408766823846,-0.0031951136342812823,-0.0009947926564207476,9.647707259646618e-05,-0.5342482580024132,-0.21451250302607672,-0.03355863083063585,0.019411677497558563,0.010480907658755045,-0.012389686968661814,0.0011569410818210882,0.004547283092249752,-0.0025604285419399742,-0.003254600823753488,0.0006276054491376138,-0.001041532428074105,0.0057853800940716816,0.0023380251239152935,-0.04991988001577745,0.008615245502858528,-0.030051821987146815,-0.22732740834612028,-0.0015654055569086132,-0.00503838469990453,-0.0026985717503882666,-0.002108683481840856,-0.0043210411012861724,0.022612825728514422,-0.0014108191218061821,0.005323101866125248,0.011861256733616748,0.0478153392302122,-0.006835335788426733,-0.007150208227923448,-0.006876087863535073,-0.003936861281438374,0.001110532033302639,-0.004417431470329113,-0.0028509395297649114,-0.0010409595480350676,-0.007861324909194955
17_4,0.0025378171871242305,0.0002476308827562119,0.0025905146436483763,-0.0003691710231885171,-0.006443865615185057,-0.0009469833824186089,-0.0005752074177347415,-0.0008954555382377091,0.002777644359861012,-0.5979381289046313,-0.2267425422044332,-0.02740522809928395,-0.008328932499640371,-0.0026038863635666296,-0.00867876891914966,0.0026845098304990396,0.0002598873353373793,-0.0022765963819566886,-0.0016572865372899161,0.0015215050525444493,0.001110691033710719,0.005766985786812334,0.0033538273035732067,-0.046760173140713686,0.007768696260962624,-0.028400867943683097,-0.2515092642914092,0.0026381342590162784,0.004392281263927152,-0.0002855135468754716,0.024698946939318605,-0.0030216957261816457,-0.005201149477346939,-0.0005598172340811415,0.004640335076561194,0.010903154036426861,0.05980684843868203,0.0020299141146519206,0.00162108023407145,0.003042709049427296,0.0007232505649593465,-0.009546687757365828,-0.003101456016317632,0.0007760326391087544,-0.0017954584323945845,-0.00888604148623119
17_5,-0.008616892809693869,-0.00723851368762795,-0.005147674795983061,-0.0009997765491597187,-0.005921304523725539,-0.009132524040637444,-0.003197879252413275,-0.00191379943850916,-4.307931331324344e-05,-0.5404080260816589,-0.21299520427017243,-0.03693707703642878,0.02137761345153139,0.011576100329149809,-0.008386189827560467,0.0030884468420937943,0.0042342146092398435,-0.0020198913094096097,0.0006414209911173587,0.001022752340465765,-0.0020830566156659577,0.0028090237830966907,0.0038214406660048938,-0.05168686112405866,0.0065078161859185735,-0.03036866359104296,-0.24019673078153753,-0.0013108750172174883,-0.0004849643276037605,-0.0010647582456370362,0.0008709914024560925,-0.009595496381194897,0.020077213658610787,-0.0012386930772550556,0.00357180228781932,0.010982184436434787,0.05037637895928465,-0.006710304258974855,-0.007508265685607221,-0.006336051531580744,-0.0007671051472303386,-0.009721189624249916,-0.010851763742909611,-0.0026999529147328227,-0.002127500084726031,-0.008907158106136506
18_1,-0.006309727265254447,-0.0029587717602812653,-0.004133983128101416,4.357041042375785e-05,0.0039797682774230046,0.0010579471229323206,-0.0009165768579153704,0.0013968783435824598,0.042661500054529844,-0.5841058863162556,-0.24675944774942674,0.009323867349521729,0.022504484584178076,0.01690819139326417,0.029844685928884458,0.009373859321570055,0.0076942996478892595,0.002734927444795214,0.002517705078095488,0.007988613774024551,0.006131184963582844,0.007711671351601596,0.0030266022412580025,-0.05934704289781474,0.009679446293572766,0.003461724053686155,-0.21623906927763714,-0.001555696635730641,0.00032461856211142434,0.006157356995193877,0.04290925463271108,0.026746370687548968,0.031059558253994122,0.0009224106679003965,0.00755521249640726,0.017887204565148508,0.05127689844399602,-0.004664742699084657,-0.003761554648555362,-0.0056848926927553865,0.0006964091361165178,0.006319570905507654,-0.002756585686808546,-0.000793149662461056,0.0011534645813350702,0.004667897040569382
18_3,-0.0032889788029048382,-0.0035443108356585824,-0.006405570995045423,0.00024330674782063792,0.005521675276097984,-5.911482424974563e-05,-0.0017229840336048631,0.0020541749961240628,0.026911793337618124,-0.5579305639518604,-0.049172929251425565,0.020042826011046788,-0.01677718121009973,-0.00021278008457502903,-0.0028761673333816302,0.0041688022247403185,-0.0021058601271360024,0.0002821648399621775,0.0018812038178129186,0.00508599809559342,0.00866339225049747,0.010471584050287086,0.004137521998059131,-0.05359219984898906,0.010231390325279928,0.023162563626132792,-0.20890090380798476,0.0011791669740294126,0.0014580881320325877,0.00588790528811208,0.04274709396665221,0.023016542620233206,0.03051894341466668,0.0027948316825210013,0.010617955009759976,0.01867705551721971,0.06714272271611409,-0.009967021400183728,-0.006369668105375653,-0.008531933827971868,0.0016948381267561196,0.009209749900041711,-0.002250427011445973,-0.0021756350784234717,-0.0012352618180450157,0.005101355861457202
18_4,-0.0068746279117655774,-0.0005661329671808007,0.0014179556789443617,0.0005703840831486069,-0.009891805477809636,-0.009629616570916927,-0.002342131831312005,-0.0008721412779533142,0.04712669182698211,-0.5118232495166143,-0.21399064570526313,-0.02591078970233134,0.02620733546049925,0.01906605805862158,-0.00349513480722532,0.004373611730545358,0.006688815327281945,0.0016576901251376286,0.0014510330339297674,0.006029179598993813,0.0043993357513805505,0.0067273418954352055,0.005633962761009678,-0.04907247778223646,0.009835844346456481,-0.008704914863948926,-0.22097079983111256,0.0025525042801618756,0.007143977658335712,0.003894889107457438,0.04682366471319214,0.013231884839417033,0.025515031340228273,-0.0010899674057744933,0.0064941228967761895,0.01483156766265049,0.055651722746448376,-0.005340204055902917,0.00021362662674430065,0.002936814989334894,0.0007401681665206924,-0.016279598305450494,-0.009228359648708537,-0.0012766012448022248,-0.001089429371874381,-0.004223063672091508
18_5,-0.007841914495662534,-0.0035219476000870327,-0.007075165713895241,-0.0006407311081541847,0.003979798274849546,0.003037889295444637,-0.0015435367939888916,-0.0016202587376904856,0.022278409954257113,-0.5940759997159097,-0.16143190007742084,0.01905638732925291,-0.013533380630073076,-0.004633539490961155,-0.0036553062367508026,0.0038505365007691066,0.0022141930310598666,0.0045231400840634655,0.0019037115727658172,0.004699350849375676,0.008103159232493015,0.012074299401690644,0.00594741576450806,-0.05418584001800577,0.008924508169962726,0.024794471183743748,-0.21997014879979038,-0.00035545131400571456,0.005575721069790592,0.006040110342865454,0.04466741947186867,0.022385006949434554,0.032227703621711005,0.004711648216525567,0.0059664677525952435,0.02285033593967278,0.05966083964872612,-0.005702503188543611,-0.004369328877007618,-0.006528524273804772,-0.0008243852103864324,0.007659753068798127,-0.001955669856967069,-0.0022976360043002564,0.00016447911834821343,0.0076513010201939725
19_1,0.0007418847113733712,0.00022527278371578923,0.0024490042834212585,0.002753430744962968,-0.004593922363280672,-5.296670136171797e-05,0.0005374003511023577,0.0011724214857872898,-0.0035399284791661173,-0.5633646071519609,-0.20637310543825912,-0.022626792501540614,-0.001355821259530995,0.004713857333563722,0.021629156996089107,0.006956682632842408,0.004720509851825349,0.004975032951488502,0.00581119853288672,0.0055592970994057505,-0.00029485436839278974,0.004965146646668929,0.00965483281273833,-0.04221347250172467,0.005829656109980679,-0.02125643610862012,-0.24458191820607703,0.00797903249201293,0.013106315613298523,-0.006403186491251803,-0.01757629888114486,0.007535725002875912,-0.010080257307198368,-0.0018602640477654786,0.008293909720644138,0.016390446730803004,0.06289997277560294,-0.002769519811063254,0.0008698926863086403,0.0016342936109660013,0.004288548405694744,-0.007144760170671831,-0.0005025201583310331,-0.0004009705284554687,0.00023986327124580142,0.002752126724403358
19_3,0.001315578007339263,0.0005524265613318897,0.0028433662715094963,0.002517788694752204,-0.003939145637222617,0.0006051644429922211,0.0014684439701517704,0.0019469599443741068,-0.0033728932173537765,-0.5667126618150388,-0.20928596990306528,-0.021419630632372032,0.0008543005907452223,0.008916125304469015,-0.005936168782622689,0.0015915159659345571,0.0072544703563557,0.006727319494787675,-0.00029944666529832894,0.002684922461126899,-0.002087833647893629,0.005899826062006494,0.009727520258410536,-0.042480045366870944,0.004631718935664451,-0.021316716115155884,-0.24646870509276905,0.008694163618326688,0.013154386263180677,-0.007319509549582981,-0.016375281585758295,0.00929117828019685,-0.008670119081538774,0.0007988045162812202,0.008425299345479767,0.01597843604911799,0.06412311716899294,0.0012785151427823947,0.00175856681742287,0.0024259155003918246,0.004603758134136327,-0.006349300816129061,-0.0004460573303589218,0.00039662024053358717,0.0007880513294146178,0.0019271627857897484
19_4,0.0011847426453566684,-1.043480660940135e-05,0.0027200045540463486,0.0027403575755265324,-0.004697929160364035,0.00032747780186490467,0.0004756664731682781,0.0008971898751348875,-0.0035131782332740143,-0.5657578163576016,-0.20683870729129833,-0.02267927380899126,4.543746853211769e-06,0.002178075896516106,0.024890124825231407,0.00706019357225018,0.005069035918915726,0.004687165802494021,0.005813517092805733,0.00554658677743892,-0.0002032460289441455,0.004877080098901813,0.010208191123650023,-0.04225804433265845,-0.008731809832009824,-0.02124360403515156,-0.24463159523814781,0.008088298834065095,0.013190960009734892,-0.005767421454870464,-0.013715183896494162,0.007324946508610218,-0.010966812218002046,-0.0018824434706157384,0.008329136975755576,0.016247385147104693,0.06268342573453087,0.0011576957767275708,0.0009550774942879499,0.0016634061960512372,0.004238206818206292,-0.007026841977040509,-0.0005455650853969519,-0.0004493867460395061,0.00016312467718906806,0.002302425042295891
19_5,0.0007495170014028374,0.00021941019584394532,0.0024843649426003556,0.0027049806615745994,-0.004526715996259415,4.556267214963392e-05,0.0005678600181218764,0.0012742718341200534,-0.003918971424857069,-0.557983380361282,-0.20574863625368467,-0.022445455482614663,0.0009197497984205679,0.007427203063831261,0.022235741615918455,0.006981411374717381,0.0051288698311218565,0.005316292342618542,0.005803879348304987,0.006198620776354233,-0.00022235457558889265,0.005250871140308852,0.00969562548592583,-0.04205874678053249,0.006103483049878272,-0.021126974610430782,-0.24339225158471503,0.008100934399178167,0.013248164900277973,-0.006470236085226401,-0.01527554444029126,0.006813838140050889,-0.01151528614566827,-0.0018440281412920759,0.008118419154867712,0.01643703003004089,0.06308632314037188,0.0012874665572061522,0.0009033206791293229,0.001664705683170394,0.004237066198730558,-0.007159652508793997,-0.0006173142772882082,-0.0003316940179383871,0.0002618024025110395,0.0028251749302140453
1_1,-0.0026574527716146904,-0.003821082849687667,-0.000644841159033339,-0.0007214231094635973,-0.01323637467877189,-0.003065199325355828,-0.0010045138116458183,-0.0018220031735682561,-0.0994360894505076,-0.641127554485464,-0.2863690751578432,-0.0375573894049443,-0.003261631367801078,-0.008667876736197098,-0.004093682346409642,0.0001529535070637829,-0.001307103565744216,-0.010421815892520189,-0.002196558547871128,-0.00048791614430196255,-0.007044409981052863,-0.010416830090524026,-0.016017325013678474,-0.05589516956448665,-0.013557725253554632,-0.02972749128152929,-0.23122641495130222,-0.004480984602053967,-0.012443818638145237,-0.008823896805827675,-0.13744913243772577,-0.05977051603604555,-0.09884935611735614,-0.004357860393079126,-0.01063902887430299,-0.06860352267073122,-0.39401269318390736,-0.004031610637458357,-0.0017552405941604992,-3.924433812749961e-05,-0.001209589954417173,-0.014325588076673414,-0.003503439027241269,-0.0009488986806492543,-0.0014654960153930054,-0.008911182457354274
1_3,-0.0004832376890223522,-0.0023685404793774272,2.529873656195821e-05,-0.00019040600159631524,-0.01155404779244807,-0.0024524046262993887,-0.0005815651014150673,-0.00045890314146465177,-0.09814072422811146,-0.623938233110312,-0.2781006414725809,-0.036440940557702334,-0.01018071864009385,-0.006224508815062762,-0.003992012610266073,0.00020971135455908225,-0.009504324759053804,0.0003981716135173563,-0.0011598665533473036,0.00011612757091391366,-0.006086112606266416,-0.009817624919026451,-0.014929241628910099,-0.05560186845422569,0.004579560725860985,-0.030134737426429078,-0.22092892550100265,-0.003686569369234588,-0.011253353028214423,-0.008239192419494855,-0.13806287923610364,-0.05847806852338445,-0.09599905864421718,-0.004166437243813836,-0.010220572227942563,-0.07240773152291959,-0.3894286504666408,-0.0003394790391267998,-0.0009678571404362887,0.0008416774088484088,-0.0006746239402246301,-0.013249509739034384,-0.0038203978184502183,-0.0007931396608235433,-0.0009699713768851676,-0.008604576563650119
1_4,-0.0002229201921499647,-0.002276124172241924,-2.2631699542080947e-05,-6.677734527427769e-05,-0.012142309294141562,-0.001953335626020777,-0.00041940361509936803,-0.00012612304417974803,-0.0960721646654156,-0.6173915123765761,-0.28041940384664343,-0.036325954929869536,-0.002344847856727952,-0.008897482132317254,-0.0035672714468229726,0.0005460076629652387,0.0004234989700546546,0.000604914895244121,-0.0010542259269850024,0.00042449110273400195,-0.005717669515989034,-0.010374647866705873,-0.014115507687172783,-0.054689916346107106,0.00593382629799565,-0.02147012501666868,-0.2235916419528189,-0.0034846502547741048,-0.01442802160841491,-0.008178648168983267,-0.14111889590789514,-0.05813711993004788,-0.0960388882075996,-0.0044205167012051705,-0.010189205165646802,-0.07318540706838386,-0.3906600534254819,-0.00018542395690338088,-0.0002721300691962259,0.0007244601189816941,-0.0005207151748802542,-0.013244736068150029,-0.0034420333702350307,-0.0007473077109672565,-0.00044880985680404996,-0.008510557401467545
1_5,-0.0032070002999907304,-0.002458381613287471,-0.0005836102736153745,-0.00033089277852649203,-0.01185296534472169,-0.002377854634533582,-0.00040457824224511953,-0.0012601050625960343,-0.10400826462994874,-0.5827521994518935,-0.21840840454341195,-0.032060726017809224,-0.0008855924432303227,-0.0013248988137019937,-0.003421870779423284,0.0009711881192574919,0.001034251285407638,0.0008359584683570622,-0.0011709856301534507,0.0015958618122803934,-0.0043846829216799,-0.011128707201609682,-0.007056831801262036,-0.05509220143878576,0.004360372400871343,-0.028419043128116037,-0.22363871447170275,-0.0031586946453741487,-0.008793964357394114,-0.0073569569123726735,-0.14561025090579435,-0.05891045047152369,-0.09847006705707964,-0.0036427225348963557,-0.009212866965296341,-0.07458242038909084,-0.39530281297985953,-0.0036983257128531707,-0.001633744181827943,0.0005477939238134714,0.0008371587306173896,-0.013591307477823876,-0.003814019257306569,-0.0010129578611741655,-0.0009030682338372519,-0.007675575111658682
20_1,0.0023909759268733784,0.0012884570023753924,0.00212124212372029,0.0005212891122715582,-0.0022843185413505243,0.0012233369373221181,0.00023801328614553267,-2.4132369869512468e-05,-0.004426398228719899,0.09980086285476537,-0.08643918639954372,-0.0005886833706415638,-0.00024940303811150276,-0.012907817717479507,-0.00345631443158402,-0.001007350681489071,0.00035417145997727266,-0.0012961986135833754,-0.0006353218614765096,-0.0006148962349144714,-0.0026779533618652026,-0.011151221351872118,-0.002420329680865881,-0.06586537001998456,-0.01119666679297127,-0.016263613066963247,-0.03189042707259635,-0.0012789480395913712,-0.0015346106623547958,-0.0075312928288826485,-0.010334087152409951,0.0005731317928521892,-0.00908632482961142,-0.002740738824383444,-0.011562211751768381,0.006709033830251172,-1.0899892835137561,0.0016740965748653493,0.0016342921564837134,0.0018964551634916837,0.0006013722051464957,-0.0034749284330926554,6.867328173057872e-05,0.0005328959329419878,0.00031369063637877854,-0.0115540423192705
20_3,0.002439465488749202,0.0012808088862189765,0.0020354112275473,0.00045544821228942953,-0.0020193395239661324,0.00124066532657897,0.0001942219545012254,-6.637804750426161e-05,-0.004374999183402192,0.10084938529758776,-0.08698559449142874,-0.0010184821056954613,-0.000509099462140572,0.00011590355803544658,-0.003446443059782575,-0.003455474526062089,0.000715174966465629,-0.0003141072097047482,-0.012234899888351969,-0.0033843346584427588,-0.0027143400273984763,-0.011360432145372353,-0.00254940624942786,-0.06596732250369328,-0.01142476726124685,-0.01644991259413472,-0.03468908488601213,-0.0016322452464118862,-0.0016285161597746306,-0.007714880938655284,-0.009981766664305202,0.00034797180262856667,-0.00880156713214029,-0.002754281257867,-0.011421598820127145,0.007383438562908902,-1.1122000892399653,0.0016811786737397408,0.0015599688891863213,0.0017770929221483755,0.0004346194785901706,-0.0033307854158881856,0.00013560724991052797,0.00036268122841453794,0.00015443337878278548,-0.011402609622323647
20_4,0.002435809953873284,0.0011310251753338916,0.0020754460530819697,-2.1885901365406442e-05,-0.002277258644313177,0.0012336022654551501,0.0002898755094346095,-1.036981089227974e-05,-0.00478322148467876,0.10165038514302137,-0.08678665850741783,-0.0004889799205509865,-0.00134155947557648,-0.003453795436265614,-0.0032201841709345426,-0.00046534106385733996,-0.0004960463888520621,-0.0017304928458777079,-0.00038394192261563624,-0.0007443411067866293,-0.002670406585199464,-0.011491871725035933,-0.0024695958468145492,-0.06598106108331268,-0.011343184395888174,-0.016477594389960323,-0.033187816923221626,-0.0014386347477903312,-0.0018770226477872792,-0.007745949654723937,-0.009986608446559977,6.657273378183969e-05,-0.009415721572963954,-0.002739331499284549,-0.011524238219985493,0.006880219677669899,-1.1046214625277038,0.0016705103895729915,0.0013994632694536867,0.0018585370318645405,6.56519846086997e-05,-0.003448209046220133,9.844430056829852e-05,0.00043123358860500615,0.0002854133201522538,-0.011521519990219572
20_5,0.0026333392332656873,0.001311579207735044,0.0020080082634008484,0.00023206583581825558,-0.0019437138813253162,0.0011872679027029637,0.0002461837004474264,-6.837738121488014e-05,-0.004543678128084462,0.10121097020448067,-0.08491311112885477,2.8712678451444644e-05,-0.0005554152439172109,0.00022322341121105836,-0.00406154935963263,-0.003250317537223979,-0.002981317983345613,0.000772846981195673,-0.00048574206144109993,-0.0025684967166753636,-0.002645262215821185,-0.01142862335668343,-0.002548792124864726,-0.06556646242241967,-0.011572998285838467,-0.016193213378776775,-0.03112546952880405,-0.0013504055021433968,-0.0020630600427477127,-0.007734694869554333,-0.010057383891763217,2.5750456469409576e-05,-0.009169707482072553,-0.002791093272191737,-0.012141522596901735,0.007316400770680829,-1.0974544289664956,0.0017539147433972212,0.001787923547090119,0.0018169004665614277,9.14818254956816e-05,-0.0033394065216330302,0.00010233297657844445,0.0004120347476409298,0.0002771272110881951,-0.011467985614073084
21_1,-0.00843291861952341,-0.005359747997528212,0.0010509148336630871,0.0013233827726841444,0.0001598281171761696,-0.005256698157721751,-0.0014789419124834878,0.0009742123259235712,0.020156412877627882,-0.4995218231791611,-0.2008763313720725,-0.025677022708433576,-0.0020691866705501035,0.0017553726478795333,-0.006730288869787583,0.0033581546810492312,0.0038508364273183624,0.005219920122128786,0.0006700371682031947,0.002668273312325602,0.002879631001280069,0.007016435095180959,0.006716691186487076,-0.046989439404564654,0.005949646697310103,-0.019170375934129,-0.21130442201561955,0.002962226936863384,0.006703870485096541,-0.002920852661622057,0.037222404171655975,0.012012332069941224,0.01886269158475424,-0.00012213434076631673,0.006297924798472152,0.017098484768868875,0.058144684124780556,-0.00719838850137109,-0.005956926425008444,0.002533407144305481,0.002749207312984217,0.0015506579774348527,-0.004208644028032474,-7.699371072986003e-05,0.000651138079841431,0.0004760256357018819
21_3,-0.0006719297873878122,0.00047690726366263973,0.0020248959390477598,0.0022807135878341682,0.00037150562127974407,-0.004282341944677897,-0.0018327530410197264,0.0017433815322655222,0.032082517869056984,-0.5177916341619792,-0.2068858894171937,-0.026587715431687538,-0.0018469576209373102,0.0017322499795110317,-0.007802645089372093,0.0033053780831835762,0.00408880502318222,0.005924991290978308,0.00058230260166815,0.004007729882894866,0.0034668031021322663,0.007009854845046327,0.006746288332773891,-0.046761497650693346,0.006023167053670621,-0.020801352559067385,-0.22674619215685468,0.0035613467122916497,0.007180729413297606,-0.0025158663726801123,0.036612375952720634,0.004685080988716644,0.01793137093413085,0.001020514411752844,0.006522756420716502,0.01827520010966946,0.05913714753771707,0.0001614104221036897,0.001960267281263433,0.002509545459576599,0.003007163345938045,0.0018029347418351254,-0.004717925725439174,-0.0009131138103874848,0.0015919171597109242,0.0003848825038352919
21_4,-0.009027166974320981,-0.005409974188457243,-0.003941527624863643,0.0012752953850359752,-0.0002497291507649117,-0.005453999435318017,-0.0020430095407806964,0.0010832682908176571,0.011710512001776006,-0.5035762054058447,-0.20154672191534023,-0.024955293550865666,-0.003542044861566436,-0.0007254446617800196,-0.008593245147862229,0.002585339978012957,0.0033686654386919698,0.004804107492015758,-0.00028335587473532877,0.0011368886861463333,0.0019071007027444337,0.007319191464205903,0.006505474117475347,-0.04858876903375016,0.005939235090443103,-0.02362555253982677,-0.22002172021349345,0.0035965671462976174,0.006494178037292813,-0.0031837769768950706,0.032001246738666,0.01177707127993292,0.012040174738588526,0.0015799753203958136,0.0046233244860367445,0.01697213115120318,0.05589705954566122,-0.007652466320742552,-0.0066697088274567514,-0.005254066317495171,0.001190082772985594,0.00022904876709153006,-0.005960008133000226,-0.001012549098627478,-2.5669451541947053e-05,-0.0010138870729422206
21_5,-0.008318691348480935,-0.006143042800661124,-0.005440513370537689,0.0007354298381257848,-0.001493357772909412,-0.005840533470369875,-0.0030418646242212294,0.0007121053934580208,0.007556392348907246,-0.5429546244173623,-0.21479493702332275,-0.02907999063740526,-0.0047505458625563355,-0.010529870789373189,-0.02162297776141908,-0.019460382707675604,-0.022853303003914416,-0.012172346146734112,-0.005932946093902395,-0.0247115232307084,-0.0038800282581321023,0.005208112631982647,0.006014609348845012,-0.050480244934777506,0.0039847084570073625,-0.028469902266497937,-0.22708835823184298,-0.0009308338787366656,0.0019431428833879758,-0.00462654711582442,0.026723571192434764,-0.009190548751478565,0.011444997692501676,-0.001089992788472474,0.004817813372741819,0.01537248032517013,0.048726102006252284,-0.007013299682207537,-0.008214779524446637,-0.006296947007273858,0.0008432704193197802,-0.0005395007494376419,-0.0057915259067371615,-0.002648580806401177,0.0002737648126144484,-0.0017422379254403487
22_1,-0.007877754703458311,-0.006397542324575789,0.000658403077651417,0.001960160140697205,-0.0016763428941989806,-0.009212814779021833,-0.001771473053106447,0.0015367365541739681,0.0025311823711922717,-0.5376932110004248,-0.20780628103591045,-0.022561736804531773,-0.0018015165307072375,-0.0005226095491730457,-0.008579381291319558,0.000994854151272551,0.0021484093398705423,0.0029931468236588338,5.777477646660895e-05,0.0019133802295193414,8.118277961948131e-05,0.0028507993748106797,0.007075554865074409,-0.046423123662556375,0.006223076177766588,-0.02312107015229606,-0.23430240014418527,0.00457011717387144,0.007723768762758419,-0.007881366270828184,0.008077035932881766,0.010740818172461784,-0.01351275877275297,-0.0017123287401914745,0.0045774562243025094,0.01553448035621961,0.057560294968425435,-0.0069745381963194205,-0.007294793799569757,0.0008822517076821397,0.0017267568529997037,-0.0016606480608477151,-0.009342779527354359,-8.036786073729551e-05,0.0001860662653322511,-0.0030034166958854574
22_3,0.0015211656981954389,0.0015145833416574488,0.002506025399088925,0.0014386019165056484,-0.0017027561089263338,-0.00922521038922318,-0.0018552963524510581,-0.0005656484205699538,-0.0062334941890206785,-0.5699600378051932,-0.21635719346055568,-0.024291037326222262,-0.0022855376396786085,-0.0009225296830531058,-0.0091112488745031,0.0007886946701725315,0.002014354085372546,0.0020393798724476077,-0.00041629052188535344,0.001761414366569308,-0.0006494235030053586,0.004415981470577468,0.007978668524078034,-0.04640733346903984,-0.013818934566161383,-0.020971051174274984,-0.2410729771943929,0.005470252209599071,0.006541728130711313,-0.007718314364176368,0.007777849165041818,0.01008730340000546,-0.01426365991319189,-0.0017794584762690913,0.0056319021974329826,0.01231190500202907,0.059058394145892985,0.0022213135372320557,0.0010907627062672826,0.0019500766746683273,0.0011600187856049171,-0.0023306262016593534,-0.009185157326077753,0.00041152747774394615,-0.001084831308010074,-0.002107535695459263
22_4,0.0007867554993531429,0.0006169454624527278,0.0025972012480363093,0.002288391609258605,-0.005652261845669511,-0.0010853669675275008,0.0001276088406883104,0.0013567786514876985,-0.002313632323918783,-0.5711581689159009,-0.21247349826508363,-0.023404608575454313,-0.0038472997885215256,-0.0007186104747415938,-0.007597868584713005,0.0009463450032094131,0.002089896974879882,0.0015624759851015518,-0.0013243656360722778,0.0006515585965333981,0.0015400719467384668,0.006547043932013508,0.006506617270963542,-0.04384596383430007,0.00610152691038983,-0.020409898629479492,-0.24028467534238124,0.0066990799261229025,0.008764008195322465,-0.007049435764845889,0.008333716232139934,0.010661826397919388,-0.01282339423478719,-0.001274737712788855,0.0054057008237241265,0.015111317303479421,0.06261393809181227,0.0007249622410539317,0.0013048471977266955,0.002337072432119267,0.002317557071506886,-0.007992011446501345,-0.002532951916462217,0.0012231774937578883,0.000732954300566981,-0.0013579971213988097
22_5,-0.007701660093988476,-0.004733130614239857,-0.004903799807134537,0.00013556002581482758,0.0018768718616693656,-0.0049085064243142035,-0.002204954077143986,-0.0009164756631154419,0.01650086169452511,-0.5154453915066602,-0.20239023379380977,-0.024961901060810882,-0.0019227733874072474,-0.0056936740148810245,-0.010435408294056528,0.0006429515468447809,-0.0001428481566762447,-0.003234607326978754,-0.00195780787555391,-0.00129548918320295,0.003022646236394235,0.004838796497964515,0.006814769154162902,-0.04813141497261222,-0.009138365949062838,-0.020249063923161004,-0.21326522680081805,0.0033782516294591303,0.007101674321649284,-0.005786780838950758,0.019313018724161208,0.011883816459703442,0.012684136916454099,0.0011623907751081818,0.006497117451378277,0.015413442931137089,0.05634669072421778,-0.005937912290277286,-0.007138677021409333,-0.006274372357951739,0.0008459157689677383,0.0019747214253253505,-0.004745567731829766,-0.0019648154907837764,-0.0012891317413676908,-0.0005656665552361564
23_1,-0.0028564355881498717,0.0024904721764552286,-0.0033781292014804505,0.00010210358507641099,0.006043133469283976,0.00044455649079910755,-0.00045876604809520126,0.00120010942207293,0.01780217445924221,-0.5373726065703509,-0.20974428219253566,-0.02869151758060177,-0.021973077497727343,-0.012651427657644694,-0.023985924476115375,-0.019596727317034827,-0.019640740792815633,-0.0025308838553512753,-0.005833585805381375,-0.025291590022039977,-0.005081493325530094,-0.012645113548453333,0.006476144408764572,-0.045668401779947146,-0.004156519013481426,-0.0261910145070096,-0.2259599967858483,2.293698224792398e-05,-0.00012633439972616016,-0.009066426354779902,0.02756838228061816,0.0052263818150413465,0.01620667247763481,-0.0032580385625809198,0.003790216210672252,0.011309287459591937,0.048510268333851525,-0.004207070841086043,0.003621065601001419,-0.005273018087912948,-0.0008035744978624402,0.007318350773073501,0.002429832656630873,-0.0014676205768809176,-6.169766506829273e-05,-0.016394090996078522
23_3,-0.00528276147967395,-0.004581162021458901,-0.003944291935475075,-0.0022716801162725765,0.000570151785590997,-0.004276721358948753,-0.0006966578724088261,-0.0017922920361861216,0.0169913783917838,-0.5562943506809218,-0.21474023756410515,-0.029109043187240127,-0.011603199888353281,-0.012623122300010978,-0.017273649347361617,-0.01890856120156349,-0.019798953490787377,-0.007750003900363472,-0.004482584136436122,-0.02072190739878355,-0.005199943616917117,-0.01276326507441704,0.006588620308042136,-0.046054877557686745,-0.0017884793661787552,-0.02709239961932149,-0.23157250230208767,-0.0006255896213405001,-0.00037975808922095853,-0.0052802791904641485,0.028272248223871817,0.0028836344473335074,0.017027452819663436,-0.0032708481378214676,0.003957370687904559,0.013178113026832645,0.046983509018464376,-0.005047887887718835,-0.004980085132810649,-0.005259810922922314,-0.003555928057490879,0.0003601908473518126,-0.0034558002287007625,-0.001741111123151303,-0.0009930744399010935,-0.016920694639770573
23_4,-0.0052735207888948196,-0.004766129452028606,-0.003256428046854013,-0.0019431033775035782,0.0005066323462038165,-0.0025454735715012885,-0.00045468627148372286,-0.0016627356604661419,0.016938865478885512,-0.558897115663034,-0.21700623658482543,-0.02976497968562794,-0.01131787309134087,-0.011634630844721223,-0.02464985384043905,-0.018333342284465037,-0.020608178465194877,-0.014331478366698852,-0.005407779664785854,-0.025502113898693442,-0.005134337794501287,-0.012755570412622768,0.006427770140471985,-0.04614019732163289,0.005666806464495423,-0.026968686648252197,-0.23376802373969757,-0.0009815672602714084,0.00010576787068746815,-0.00823584642974605,0.02756420002794897,0.003392402998422304,0.01605266077273211,-0.00305928396981224,0.004022602980094289,0.015740252722582046,0.04629572599013032,-0.004252277924434241,-0.004395332648810711,-0.005262559452048911,-0.0035172650305334914,0.0002373445339606505,-0.0010865919222643203,-0.0017356019792568503,-0.0011096515751027112,-0.016779989320950768
23_5,-0.005385112807200283,-0.0046906567228785865,-0.003907730902780163,-0.001242043609522953,0.00021766178278626193,-0.004152095643455977,-0.001221084693064476,-0.0005865651522876833,0.017659219561901265,-0.5566086146908072,-0.2171331090864132,-0.029532724278694765,-0.007673772319225422,-0.011854740076059685,-0.024217807502831527,-0.01977323009262068,-0.018815091189565283,-0.007432278638299395,-0.006753440764406445,-0.025330605476143735,-0.0034338248435291873,-0.012626558705739825,0.006627057088864811,-0.045774472531678344,0.005267105145277117,-0.026900980214599232,-0.2322794342552546,-0.0009728827173922231,-0.0002822090083990208,-0.005383191688945393,0.02742930889136076,0.002125594420752909,0.016536641640567954,-0.0031115371406390457,0.003914817436102154,0.010137454048755823,0.04664674175483746,-0.004217352044889209,-0.005386054818412402,-0.005279829259511871,-0.0035354947343571785,2.2432363980242178e-05,-0.003189324061784578,-0.0015556524098030182,-0.0009622463380480321,-0.016513535158135497
24_1,0.00811007490151966,0.005973823259789382,0.006299329145418139,0.0008647132949157774,-0.0004281231814561719,0.007197861428977311,0.0018629853207666252,0.00041079639786368975,-0.002090190594871885,0.43721228746512936,0.005650942836297438,0.011574726053340444,0.00212067625770717,-0.0031743887561374094,-0.002168274044051157,-0.0033903303684916456,0.001515090345876764,-0.001553806640219947,0.0005114418946803438,-0.0024882960679663783,0.0005111548970918319,-0.008417879159510464,0.010599246083630635,-0.011237618771621539,0.0037221687385281662,-0.00889378568678248,0.09664164374292805,0.006579204543556805,0.009556977839955828,-0.006356090424516737,-0.007464831305460598,-0.013489648136327491,-0.025600380294888866,-0.002828287236305429,0.012998027540779823,-0.017151445015202615,0.1639033092625678,0.005744382281216699,0.004819953086871034,0.005687756609264371,0.0014853362491070241,-0.001443779200076475,0.005123589603046892,0.002275530176807009,0.0008633506939307448,-0.006753609668776282
24_3,0.007997948051852326,0.005674170718813563,0.0061814562944935165,0.0008609185975610173,-0.0004561378856887948,0.006978318765984689,0.0017991718742826441,0.00048777634227193225,-0.0034452169340612195,0.4081968178005836,0.0024580489702811592,0.010308559537188127,0.003160217520860295,0.0008112308712000447,-0.0027047338287349097,0.00030652340957108127,0.0013619185139679667,0.0009240887304470331,-0.00019366779127239387,-0.0006252857938486608,0.0005482638636956665,-0.008874667019002575,0.010580878225620599,-0.010646289923074667,0.003778007780044723,-0.00891477903929594,0.0872084007477117,0.006409578304642526,0.00938721969707773,-0.006262009565133318,-0.00800097497068031,-0.014328056758651076,-0.026710148478380352,-0.002800342838631867,0.013051366228079916,0.008914668101109958,0.16233775444341994,0.005740655473267149,0.004603321672735609,0.0056831258326953535,0.0015338781515562363,-0.001700394282422287,0.00509298702263263,0.0021619800116312662,0.0008272386035336465,-0.006545755248412102
24_4,0.007943788808158037,0.005773952036564004,0.006341815514972296,0.0007953828938881498,-0.0004515545258014739,0.007222710463469346,0.001752803943421648,0.0007856464575258584,-0.0031878674730186924,0.434713549524653,0.004829166536523523,0.011141972006502443,-0.0013433853256313597,-0.0036744809785595797,-0.0022984981330054434,-0.003378805419607553,-0.00036836379692157763,-0.0009419257484374362,0.0008222245872259481,-0.0023333466270610273,0.0004123757596282873,-0.008649441463349594,0.01035200047382688,-0.012369912942845458,0.0036271639980212595,-0.009232410504208227,0.09523741770042525,0.006459338237660322,0.009318251144638332,-0.0063937588604619025,-0.007620756688087475,-0.013707876430252754,-0.025882983191798794,-0.0028471627549724867,0.013043261746221637,-0.018002434657967664,0.163192502754117,0.0057142282667861045,0.00458266580069898,0.0056186747590192656,0.0014377707920724357,-0.0014902039374936732,0.005013167717853571,0.002232935695404096,0.0008434078917369193,-0.00728062677410631
24_5,0.008101200188017344,0.0058040143245646925,0.006266527376080787,0.0004101295347954348,-0.0005760435384324484,0.007109521599292823,0.0018500631360899812,0.00043725903052127904,-0.001985844209129371,0.42058577056068824,0.00485968162893758,0.011199444062456721,0.002342796597885442,-0.003581084067936788,-0.0024481014611737223,-0.003587650584738239,0.002140908901368615,-0.0006912801549053248,0.0003769620936165193,-0.0024021109934300785,0.0005146348157160989,-0.00866523462819081,0.010533587742410273,-0.010097050179713088,0.0037907524252027594,-0.008519998286057323,0.09149016631708122,0.006504284196370725,0.00944508270630878,-0.006254304955263962,-0.007583782684865736,-0.013742614589976573,-0.026054695803147336,-0.0028408927075792654,0.013127548852188722,0.006269144705988385,0.1632783420437986,0.0057730703030476034,0.00458763010993872,0.005679161503869654,0.0011497703180334176,-0.0015566482820868872,0.0053771120593458805,0.002227858435069146,0.000833699825010165,-0.007045224587917219
2_1,-0.009284968111977758,-0.005912551065161902,-0.006381075989919551,-0.0036671144961286572,-0.002065428400877555,-0.00799429445376796,-0.004837867694552799,-0.0015180272164597888,0.0003274743745000868,0.790318645176818,0.6432356140272938,0.042778462107495675,-0.0002894450196068727,-0.014595931427059134,-0.003235429778794503,-0.00604152354624658,0.0003611470046515922,0.0002083758169664901,-0.0016455995046914958,-0.0031423548105777204,-0.0005899944487297661,-0.06449465007838451,-0.048123588761235306,0.2587538034307062,-0.052685265274464106,-0.05520032145192191,0.5947181679229697,-0.0019948156775915758,-0.029650279243139444,-0.05197769233470693,-0.0064663142544772656,-0.002128270132703599,0.002787363447888486,-0.016342590488189906,-0.056166024159105085,-0.06094635101106552,-0.04058713742960025,-0.007094684253170617,-0.008384814024600108,-0.006810673028282611,-0.004560368471958203,-0.0011583355324410868,-0.0049814066478759324,-0.0027219601010465464,-0.004346711099845623,-0.06876374237586023
2_3,-0.005975686298853422,-0.00354163596098645,-0.00423620087658724,-0.003048657071689295,-0.00100717592024948,-0.005228383554268873,-0.0030220538776674307,-0.000123712300063912,0.0004936799718012512,0.8422347215099941,0.76841014772682,0.015960889122548918,-0.0007606207691402303,-0.015183587634924587,-0.003616461627389742,-0.005452292725337176,-0.008133959088088236,-0.0012111959212824854,-0.0014374967170706849,-0.002892727304136397,-0.005615298489453864,-0.0659477540109036,-0.048158721674379866,0.323167884839838,-0.04901005491963313,-0.057624882477468255,0.6997113809194767,-0.0022535414526157157,-0.02074266713112344,-0.04999794906212432,-0.005997723265297698,-0.0015993838581794028,0.004228827664151328,-0.016975382155369836,-0.04852746555842447,-0.06248848732086736,-0.4939415489204275,-0.004968952152174516,-0.0065558251046024425,-0.0041327567499455774,-0.003877154885107003,-8.131774401636189e-05,-0.0026061648659662646,-0.0015429467109693785,0.0005843095889750148,-0.06879725743404318
2_4,-0.00909838853448691,-0.005749831504784786,-0.006494037817103149,-0.003890732619471862,-0.002137626031882727,-0.008884638891779614,-0.005100020081556051,-0.0014921575204229593,-0.0012555136541019267,0.7945610153823299,0.6453032539663613,0.04333330405846628,-0.0012258069862302228,-0.008167356038970485,-0.0032496200228501865,-0.0060877228770073386,-0.009174753069500304,0.00025634061017616695,-0.0013334213322614657,-0.003126960227806034,-0.0006780208078783375,-0.0642545856134665,-0.0481509593964822,0.25893125427877794,-0.05210281968212097,-0.055266023598279,0.5903620437430099,-0.001809655637552835,-0.029765122976390314,-0.0518721680770924,-0.00703054029912059,-0.002362263530826924,0.002408454768765187,0.0020194934173442215,-0.056155414463504964,-0.06062634813665179,-0.01966924953088273,-0.007661336977409857,-0.008419319276845404,-0.006689829611578318,-0.004436275118721605,-0.0010768642625151078,-0.004957313179448551,-0.0028546247591328014,-0.004057010994585433,-0.06889539434367772
2_5,-0.010292234886068596,-0.006354764632867795,-0.007039884328541123,-0.003470346528778107,-0.0025057474817916097,-0.007877886786230918,-0.005062263262477127,-0.0005922763632957044,0.00021365451230718878,0.7871792296413908,0.6398238255418297,0.0032944178501393253,-0.01324058966006806,-0.015168074849799835,-0.003527530504623388,-0.006303934082756867,0.0002671784780216823,-0.000800236271471507,-0.0018843009231253008,-0.003045438693680729,-0.007271715540312139,-0.06589445669972079,-0.04888212150507434,0.24930197551755107,-0.05309569880725273,-0.05511833212104997,0.5883737935335833,-0.0020008934508708403,-0.012773907043891647,-0.051052625706003156,-0.00700505825266396,-0.0028656636478670214,0.0031910710151598002,-0.017640660217610044,-0.05470710216053776,-0.057219101595382946,-0.02478254545828214,-0.008114201953941837,-0.008451485456019609,-0.0071329181821832574,-0.004293118577719894,-0.0015927174944682942,-0.005210932370941814,-0.002922208015593598,-0.0026572005180059213,-0.06922637520789662
3_1,0.0061069856368119015,0.003729953688833685,0.005003433990048434,-0.001299011207537711,-0.0013891416919543295,0.004330965208298234,0.001228491263549824,0.0004010147629035774,-0.004646022782352357,0.3548854809140554,-0.020425417795206464,0.010509728521758627,0.0007388636465565684,-2.8903593990722837e-05,-0.0032851620474686973,-0.00012978425471548785,0.0007140176483591858,-9.707228066461714e-05,-0.0005200588511522833,-0.000509978574864664,-0.0008640559340872027,-0.014123037786024742,-0.0037097075129413817,-0.0560681307771118,-0.01198492738701049,-0.012637777865674542,0.04849304891824249,0.001789542344861269,4.549259156272342e-05,-0.008401457782464984,-0.010019432277427185,-0.0003538331502414454,-0.009828579970694756,-5.72258449099703e-05,-0.020577939272904796,0.008239540869492065,0.0958990412419152,0.004278268731868086,0.0030155532549763202,0.003899309013673922,-0.0004672297536051253,-0.0028120772163471976,0.002368537347209659,0.0007413425877517367,0.00020140040604460434,-0.0017971598396064586
3_3,0.00562142992629809,0.0036823112761498727,0.004382185297027524,-0.0014435511841357712,-0.0013749928390211275,0.0038783287278017307,0.0009686924286189446,1.0021917691878192e-05,-0.004990789701782491,0.3558949910274239,-0.020490346400388514,0.009816534648065185,0.0004528877898305764,0.000323268019349423,-0.0034974083045610496,-0.00017189180066607142,0.0007213168245475565,-0.00038827573070623173,-0.0004911933940200758,-0.0008765921241101876,-0.0005985206732480385,-0.01506386239836331,-0.0055809390762228805,-0.056053654133695965,-0.011876316992749552,-0.01041379886712249,0.04283458866946235,-0.0012285946258150026,3.282536035855123e-05,-0.008707824323330542,-0.010199472379791368,-0.00025779914488319666,-0.00983271996525247,-0.0006937088216820536,-0.022771489409422262,0.008135453707693096,0.09763357905931508,0.004032484384952409,0.002945381756858812,0.0036616915514650736,-0.0004590367213711389,-0.002793044667650673,0.002267245335813,0.0006556615593320274,0.00015603524340024053,-0.01233984461719648
3_4,0.005871077095373721,0.0037917953745973468,0.004233563763137643,-0.0007464199458757518,-0.0011959191739076217,0.004361803062997033,0.00110647355394262,0.00035311590883578634,-0.0030223229287489497,0.34881381808317286,-0.023736755216513562,0.009886045799353425,0.0002911469885008118,0.00012862137124813362,-0.0035503323648449618,-1.3606201767654752e-05,0.0005379001235761481,0.00011987517031300209,-0.00039843094913125077,-0.0008094482931242931,0.0013949490880655292,-0.015302619699666167,-0.004884753485994307,-0.0634517575895665,-0.011277028499593536,-0.012357902172781253,0.033862801386748013,-0.0007890045406761651,-0.0009341269116481177,0.0017596476927527244,-0.010778951403623093,-0.00014581142182407407,-0.009464201189366351,0.00023564310015611428,-0.0222442696392514,0.008359624999838,0.09658663444037781,0.004180574568973795,0.0031079233828301108,0.004038723476781585,-0.0002911051864210662,-0.0027513154923171196,0.0020479173972578063,0.0007919209646619758,0.00037792572491459096,0.00010686444451185449
3_5,0.004541046850006101,0.003172020761700852,0.004508446760420321,0.000733117932348636,-0.0019796751139845065,0.0039857995783592216,0.0010425547948781375,0.00020796157767883795,-0.0024598624945386285,0.35518349991144943,-0.020245294644350625,0.009890387451725897,-0.00025671122668657583,0.0006266770453110302,-0.003878465983856179,-5.132698882555952e-05,0.0007742250243320397,-0.00012220407361428228,-0.000682896100896329,-0.0012335422194260357,-0.0014355683853462748,-0.01680909068871754,-0.010402097826870238,-0.05989809867136053,-0.011665669994411819,-0.010615622485128689,0.04592278642240223,-0.0014082702929512831,-0.0014735468721909172,-0.008189439979483348,-0.010559162720208492,0.000483899788332705,-0.008745656630757962,0.0003281950562189646,-0.02228892302020007,0.008337402529412525,0.09716551878863489,0.0025056081383080186,0.0029678871241973002,0.0039023192024931104,0.0005402847881028349,-0.002998526373149741,0.0023068288170781793,0.0006722267318475866,0.0004990853511524881,-0.013588395390981325
4_1,0.006224392690050648,0.0038346035333501113,0.0047404127933465285,0.001990324685127682,-0.001057429034752082,0.004772221642434984,0.0012832172320098524,0.00041498788650808294,-8.987604783517632e-05,0.34871796349078016,-0.022669703902609296,0.010997404505287857,0.004839427673378187,0.0025301213048357324,-0.0021226005142194874,0.0021957080321048177,0.004066134421808481,0.002327825677191956,0.0017028786606256088,0.0016364735140403208,-0.0012912359458420912,0.002085228026776239,0.001165608439244193,-0.059048032470703116,-0.011344996608572591,-0.008643861328717152,0.033950953304059756,0.004164494297194584,0.007851597483596522,-0.007895076339991215,0.0010853029426742954,0.001078963199555519,-0.008064842074930072,0.0009477504779685135,-0.010089492937063136,0.008665677593710739,0.10640155221893029,0.0039005340892319827,0.00353439136845544,0.004504853074785794,0.0013358611176824912,-0.0023972070464812977,0.003195177539842683,0.0013630608318021319,0.0009089344037328319,0.0006888260687348591
4_3,0.00668409771515214,0.003923432410062951,0.004335285022734475,0.002067279174419536,-0.0008643893739758254,0.004814995853359944,0.0015634776875472843,7.85668422384025e-05,0.0024689431318183526,0.3329769889958626,-0.023509307998063823,0.011888170698770838,0.004634843162468653,0.002560072506132031,-0.0020919731091610734,0.0024941706910452913,0.00402601686363669,0.0024361169677882765,0.0018048449435747172,0.0017548131495682567,0.0011600296370220119,0.0013128901797868347,0.001349763760420166,-0.05831025936324147,-0.011242440285455443,-0.00789012541454016,0.03283065045259441,0.005135438803859818,0.0075993981497335175,-0.00798491396888976,0.0009318781357157596,-0.0017554026395434636,0.0054330949219355855,0.0025641384059641604,-0.00981446577259094,0.008631010729124085,0.10477223034704557,0.004832615294275683,0.0036839942548753542,0.004384249904106836,0.0014761929632695577,-0.001872153856902377,0.0030163416148410393,0.0010448715317986225,0.0005796598923576264,0.0005188700563882023
4_4,0.005013441608472994,0.00404791569667444,0.004692213624782202,0.0022187951532334337,-0.0021647420774902116,0.004901036807150002,0.00118436011796376,0.00033538810530072224,-0.0012782338345447384,0.3510777649982863,-0.022310983356999076,0.01082817775443002,0.005078443064517152,0.002483140002750437,-0.002099356943921462,0.002330093407222063,0.004177394742878801,0.0021819440196007606,0.001415777976069819,0.0018827206569523808,-0.0013760353156254427,0.0020727062498677395,-0.00015008969332063683,-0.05963377579849817,-0.011319241256527564,-0.008402741988854052,0.03410610146707754,0.0019838205460958177,0.00532430501557398,-0.00802292688939679,0.0009970622733455055,0.0010901243193523332,-0.008271158474109874,0.000476419468087884,-0.01502202602393361,0.008713322023865358,0.10535738481755345,0.00275738636843244,0.003695792293908106,0.004389486753952738,0.0014022470846850568,-0.002422336640267228,0.0034448604819209473,0.0012929501264269331,0.000834203962964591,0.00022272775398783493
4_5,0.006430470040116715,0.003806473163007508,0.004685550117355992,0.001290884326461679,-0.0009590203817884888,0.004821774822434125,0.0012915263981771751,0.000412977594959399,-0.00013388772099602012,0.3474485177974766,-0.022604983055949875,0.010872971671377239,0.0047789643178954445,0.0025437902786599868,-0.0021625748963339186,0.0021951212870175703,0.00405962521838266,0.002325245058452047,0.0017018443534575188,0.0016237648178239973,-0.0012310083714610755,0.002101928642655503,0.0011462720506551702,-0.05949269273795893,-0.01136059802324146,-0.008666938597719427,0.034026979705882206,0.004424849023404103,0.007966477550868597,-0.0078957728249671,0.001139983317620287,0.0003669886867658653,-0.007565208587278644,0.0009510375190286241,-0.010403950110065459,0.008657689743697558,0.10584548474679983,0.004297436789018681,0.0035257428232114696,0.0045160897353856266,0.0012581407716190012,-0.0023764800859720886,0.003230311385188132,0.0010913818797863835,0.0009019982676400044,0.0008340431718808711
5_1,-0.004071581962719901,-0.0028341968545739535,-0.0031182899902242223,-0.0012303976840909226,0.005034032714704948,-0.0012651596611269183,-0.00149292119820323,0.00042140214831713025,0.01634849461375506,-0.22532152391157578,-0.1265529535470315,-0.01567453483420948,-0.001258920569851636,0.0009750566501507312,-0.006307062931214968,0.0032275497818938046,0.002550330271990444,0.004022765179618774,0.0003502178951639574,0.0030580492785783346,-0.0012497614970538207,-0.00800751258368064,-0.008199773986905521,-0.044688023636897896,0.008244193621239572,0.0015234265469112659,-0.13915978798516382,-0.002079906245314684,-0.010301017885879348,-0.006302295739956562,0.007622353951179717,0.011950189084532964,0.02901380468741623,-0.002468126519463201,-0.005536277168367313,0.015959162951892113,-0.36117441490621655,-0.0029197816155325748,-0.0036300261082886447,-0.0033285982412442554,-0.0019275582942995396,0.007649198194473696,-0.0005539704913619996,0.00010248913537950669,4.128269899195097e-06,0.0011014023056698293
5_3,-0.005913821120747584,-0.003588310979829391,-0.00365113162056555,-0.0018171412335154578,0.002797169634492385,-0.0019066155448352144,-0.0017074143565605467,-0.0004631906656586365,0.011361207005531193,-0.23286126439290314,-0.1334672556766392,-0.01581280471740028,-0.0016547294700675038,-0.000480009103795764,-0.007638548886965738,0.0025907839684285432,0.0030586207134047595,0.0031751848984394233,0.00047435831164439977,0.0025224432675786477,-0.00047862363286687367,-0.008916918359488622,-0.008457842658814083,-0.04518429032278629,0.007929218258797775,0.0009481442308537791,-0.14093246820279312,-0.0021953536733228113,-0.01053988443960773,-0.0069976777452556704,0.00983557220996221,0.010583257731836016,0.027676378940771254,-0.0024688872399568134,-0.005707885511041387,0.013890965714379352,-0.36136025677968103,-0.004586404213936277,-0.0047271660538816315,-0.00456459729611097,-0.002312062805586832,0.005880080364938212,-0.0006059786830570905,-0.0005952729597717243,-0.0010904168111351034,-0.0002400928645424251
5_4,-0.007933686753679064,-0.0047313118533943025,-0.004455719601276234,-0.0018588210882364265,0.0019445339293969117,-0.0031412094193200126,-0.0026090744101418257,-0.0003861456092806969,0.005285671736207844,-0.2417945195609651,-0.13730454588837723,-0.018163806644484092,-0.0035878185842303724,-0.006395260211349238,-0.007235777038850936,0.0025973311232652635,0.0006606913002846209,-0.005834493976370901,0.0005637478337518485,0.0018217230649758167,-0.00221137132174881,-0.008513377407644225,-0.008759214061915807,-0.045074365648676215,0.006826346158373874,-0.003050243812047421,-0.048842208664831806,-0.002802195885962724,-0.010967555666102488,-0.006749361866066108,0.00496713271763976,0.008718768473145396,0.024883053170171636,-0.0024984995911429683,-0.001610759307563318,0.011184972391838887,-0.4664006752289147,-0.004751481204385735,-0.005344151978789827,-0.004279854781469057,-0.002189376914934496,0.004444068420334531,-0.0018863624331263997,-0.0023469140931002257,-0.000958587584587972,-0.0019943264843757186
5_5,-0.00438580626691645,-0.0030785825973159665,-0.0033377350765804443,-0.0016994370044134907,0.0042536085617227905,-0.0015498940225373507,-0.0016020586282821873,0.00027997237000768326,0.01608647287807585,-0.22827092313225875,-0.13122558765998474,-0.016426994566676036,-0.00289055102584947,0.0006800682399593303,-0.006791992402438237,0.00305542396549162,-0.002531714546134694,0.0037097887020265436,0.0005676254930867138,0.0028776816168861216,-0.0014512229494591296,-0.008206677284387523,-0.008288565538781005,-0.04468521209392048,0.00825872815642813,0.0012335979008541093,-0.1395953785624592,-0.0019863950404329133,-0.010597169190237277,-0.006291516132080311,0.012087362633195776,0.011505446064066673,0.028599258452260985,-0.0023200898758331417,-0.005835834658929998,0.013206152140738054,-0.3595200576750336,-0.0032538944710417857,-0.003747147643976266,-0.003623278653255066,-0.0022945455952167967,0.007187562676144615,-0.0006300569236863226,3.820942197003738e-05,-0.0002496864438102068,0.0010185308066035046
6_1,0.006409565874396739,0.00398622889129619,0.0046925404458902946,0.0010996881098262006,-0.0016333050766316522,0.004453079623335964,0.0012110869611804086,-0.00027824695145986934,-0.005468749714128416,0.3430647793014638,-0.018821692249683674,0.010844434487228006,-0.0002915689639733309,-0.0006585980100753319,-0.0034469071098925047,-0.0005547419583850136,-0.0010039819793906896,-0.0016904995996729175,-0.0010517364396249594,-0.0017373896512605435,-0.0032809317813047184,-0.016084582729133327,-0.011191628481135063,-0.06252690110967075,0.0038535412285651454,-0.01157353331074919,0.04227535580347663,-0.001949709996601317,-0.011173679467587417,-0.008318830876322967,-0.01014199990039933,-0.00023567498553209328,-0.009898056126216229,0.0015435548881861238,-0.004145454679244829,0.006207574117675461,0.10382492528096922,0.004247651107408315,0.0038663217003308166,0.004180823771849173,0.0007410895891334015,-0.003128018830493062,0.0019896472001718016,0.002345420535647924,-0.00018179152411245065,-0.008120600921497719
6_3,0.0043715206289474924,0.00474344029778015,0.0034333154913287057,0.0018442311865578501,-0.0022620150091190246,0.004058368682271697,0.0008897175906947405,-0.0002438065008315194,-0.0012895371397614647,0.3633692327018567,-0.014754327538276405,0.011949466885802078,0.0018472700953051772,-0.0029367034863517086,-0.002814571408373837,-0.0035733931659159292,0.0012337024186617317,0.001002287809156485,0.00092860293587285,-0.0022247722856746166,-0.0026404121923728923,0.0036194671941889105,-0.009542319562620251,-0.05427008183730681,0.0047476915377502845,-0.011275863390832842,0.052265232615929205,-0.0017887693126029465,-0.004656960092457854,-0.008326279954916183,-0.009769124537597535,0.00213619162614396,-0.007480450192280115,0.0033320688593657657,0.0016186522675863016,0.006770733674823388,0.11673195520370376,0.0017484511208856145,0.0032763192827174755,0.005311039227265788,0.0013081671735110034,-0.005396356221957884,0.0015663471832056519,0.0013894716557176934,-0.0008626207735293029,-0.00740552757304367
6_4,-0.0034236474663143987,-0.00014119681924876793,-1.0462107304242512e-05,0.0002135527280425526,-0.004474063397159869,-0.00033114773730012217,-0.0038493512017962355,-0.0005748414900426022,-0.004924835787654362,0.3344729154125864,-0.021460421458899197,0.01183606173339063,-0.022965382385411015,-0.0033219764583419433,-0.002594513760360359,-0.0035614488962924552,-0.007109695239062445,-0.001660481059605319,-0.00010037811842337368,-0.0029791420175409784,-0.003752072195499111,-0.01350512848143143,-0.011167927168914621,-0.05942090393473604,0.004287027913627006,-0.010997946890399086,0.03896740038204304,-0.0014474265131067256,-0.025173689435382722,-0.009073857989164002,-0.010841330478526786,0.0005462710185569157,-0.008568803599438674,0.002301610001621468,-0.0027736060108942092,0.006432551199241154,0.09973053015374696,-0.002314391625912296,0.0019078658519128314,0.0004418830155498273,0.0001527033189965905,-0.008364278659559823,-0.0014672757598792813,-0.002152325174756299,-0.0016738744028923925,-0.00779530351702125
6_5,0.006117141359174073,0.004182226540679463,0.004658739390909833,0.001028768810186542,-0.0018889816986059015,0.004241518016656958,0.0013040255603450925,-0.00033916723690182035,-0.0051087146012895575,0.34489112453054865,-0.019742058439370578,0.010898273633520398,-0.0002281101997403827,-0.003912806713724004,-0.003345611816867671,-0.0001161085168470737,-0.00010731013442770736,-0.001661881287540552,-0.0010247865395071457,-0.001341614390291298,-0.0010792484521970137,-0.016718852837360493,-0.008495194472348528,-0.06355271049738871,0.004354563223407054,-0.012265132998382229,0.04260023403771269,-0.0024106760302123713,-0.006023420542645097,-0.008188237335709113,-0.010901597766554036,0.00011996587007317171,-0.009922665831596343,0.0027974638011059125,2.314637770305426e-05,0.00689700780621854,0.11219452888757875,0.004534743550593141,0.0037323540266474024,0.004165768551103827,0.0006983171143339257,-0.0029821563976566725,0.0022147031719073947,0.0015740034100683775,-0.000134415230295172,-0.013535849230847734
7_1,-0.023844702570622045,-0.018895036467379545,-0.017169707669874686,-0.0011425950388195222,-0.009914264570552021,-0.024073690423126654,-0.008417397058821344,-0.0023512686149941065,-0.004032628319298324,0.2993775616522581,-0.031235607446469624,0.0014763591610441767,-0.03469633776966352,-0.011265289007303243,-0.0037581245066976667,-0.0034888126167224183,-0.010133813933883715,-0.003347694648474878,-2.2110482615829343e-05,-0.0023616606144963984,-0.005563796997183429,-0.01260309538888723,-0.013431202700110638,-0.045457014670295205,0.003994875829659249,-0.011621444703397744,0.03046220032799302,-0.009206553830557284,-0.02799897860682126,-0.008922227908281791,-0.012284254867009388,-0.0028399862454506946,-0.011914198797253832,-0.005725917782012905,-0.004618809692404122,0.005414787533191843,0.06381815148692667,-0.019403479485571817,-0.018867013454341292,-0.01978901903320758,-0.0017422261503207063,-0.011402598563165554,-0.02102725744855487,-0.007243444465841328,-0.002930985059291686,-0.013350019736775513
7_3,-0.02804804255897127,-0.02123425469687011,-0.013119622173368803,-0.0003485215141186941,-0.004286144004543465,-0.02273114861246658,-0.004369901174019458,-0.0021756120128352666,-0.003893948968393572,0.3107202201901853,-0.033489250284758014,0.0011889919905337036,-0.03905156859583051,-0.0021714088730738334,-0.0035332083323446795,-0.0005089746192470891,0.0017927924029058563,-0.0028290494579575544,-0.0007597938108993221,-0.0009891376656036128,-0.005524282832349706,-0.0019558149960750373,0.004929832568894084,-0.039476453660804524,0.0050002675271002255,-0.010518453524802882,0.020940060327133123,-0.0024145844403992527,-0.0004154561091779799,-0.009593634574780832,-0.013518600080957371,-0.0016310642387106417,-0.012056199652039757,-0.00591029243336297,0.008538239890092595,0.004150902554282154,0.0847135495854766,-0.02216023874239286,-0.019481951958832438,-0.01618535051502671,0.00015889353765625766,-0.009255708560590664,-0.021663950651828842,-0.0029006237564266437,-0.002755810982985059,-0.012416483762049322
7_4,-0.02493491715118395,-0.01942145684628308,-0.01758407896996134,-0.0013189645819006717,-0.010035065266649074,-0.02462103266178184,-0.008632205165686723,-0.0023849340822110813,-0.004817551397146422,0.290231029357727,-0.0376078573838054,-0.00035755476422767284,-0.023872081286595483,-0.0038950717948894025,-0.003667142121293313,-0.0014843372746872736,-0.01150002842719679,0.000617409466397875,-0.0008350538354831605,-0.0009782801472520105,-0.00482918288971609,-0.0031001020650872632,-0.012403639705829033,-0.04509964911676874,-0.005457638857502924,-0.014632865267283727,0.023538526043010745,-0.009479162750739513,-0.023786875743746074,-0.00902416952602266,-0.014573162057646858,-0.003152158803036398,-0.012308222413005427,-0.0055941123059305665,-0.0014066134913884943,0.00418149770178886,0.062450957408477774,-0.02039344973912095,-0.018830379888750068,-0.020057635800160314,-0.0018356915212517887,-0.013032770474710461,-0.021960769441662354,-0.007856152975808162,-0.003575616151069095,-0.012329664118138706
7_5,-0.026275003511551247,-0.020824613031762692,-0.016526420530562747,-0.000427758314440006,-0.010561943372381397,-0.02565113054119444,-0.00922199619216766,-0.002426030865988002,-0.004476665142773763,0.3055918178499003,-0.033374259560726205,0.0003481959219296905,-0.0008989554402259625,-0.004459196392486506,-0.003913624243352711,-0.0014068188007737043,-0.009557039977340491,-0.0028765494541042615,-0.0008015284153549761,-0.0017442355683308887,-0.006517138112861982,-0.010625470975737223,-0.002772753817775235,-0.04034044440153338,-0.0035664045291368286,-0.011504108876062133,0.013636429089331902,-0.010668909440695352,-0.00793658872568408,-0.00920540374832768,-0.013957543477520868,-0.0019006114380776427,-0.012507566685937953,-0.005837482716672537,0.0038865183029863897,0.004528455813920193,0.06392174373990231,-0.021076298006245008,-0.019695634541712238,-0.019960449338417154,-0.0003444367034822098,-0.01293298203017823,-0.02180616419616185,-0.008177284028389258,-0.003054743927733349,-0.013857297288676962
8_1,0.004953195418181099,0.0032128838818636946,0.0044054400268133415,0.00011145425136380275,-0.0022490476253990716,0.004483561404074851,0.0010126603161988651,0.0003356689243081019,-0.023667134157913734,0.3893094254583304,-0.01201856787857283,0.011418833673218321,0.002169797315386229,0.0005825499344788332,-0.0032669604014016382,-3.479551792096616e-06,0.0018265075355570306,0.0006544880743856787,-0.0006009138991121438,-0.0009179892283553412,-0.003035847451215799,-0.014736100334019484,-0.0018818570940677146,-0.0625754764082249,-0.002363774004829325,-0.012881846191996883,0.05185194732756122,0.0014124245429274214,0.004761885038008273,-0.007919947283771905,-0.040262119088642356,0.0010725655653559426,-0.010438462936981417,-0.0028514310010685777,-0.013704957350737212,0.006697299174436511,0.0937798920842697,0.002183864986886138,0.0032190709749282576,0.004095710704726896,0.0014291157014984437,-0.0025920207351451487,0.002558210161871648,0.0009529809040529104,0.00037250335710171804,-0.008818421071543504
8_3,0.004479381358161417,0.003086863126293222,0.004047138583842941,-0.0014870584433193494,-0.002323108844681202,0.0037902084015010123,0.0007521020908644767,3.59935540433945e-05,-0.005970952776219372,0.34315613615456686,-0.017860720073854957,0.010898444563583793,-1.0231556810755348e-05,0.00024100463363126536,-0.0031780384166456874,5.844610349509166e-06,0.0003265430075393052,0.00043913924699954886,-0.0004915008083795083,-0.0006698287193763111,-0.0032660519675893874,-0.01591543355806477,-0.0018769168520222873,-0.064669260252352,0.0036460163799219686,-0.012045527993937152,0.04428736767156799,-0.00025792900751509044,0.0010868625020040558,-0.008055673088690008,-0.010823727014589769,-4.6386622113770966e-05,-0.011280474677555432,-0.0028972047002761604,-0.015398220920000908,0.006518576524199885,0.08766527949629788,0.00202294714017376,0.0028465817119396023,0.003584108089795812,-0.00023563091166360723,-0.003103576472525718,0.0028020574315994274,0.0006362073564470947,6.870948640508884e-05,-0.010615298862586916
8_4,0.00449478121486322,0.0026572836097680536,0.004060991121206296,-0.001163169223738912,-0.0021187287468800377,0.003998062594683594,0.000882067506211033,0.00010416509818247328,-0.0077247332873743085,0.3468455463353966,-0.017251638773699025,0.011041245942679969,0.00030888137161514924,0.0006848986999315044,-0.0031570079891982857,-1.3899883984687731e-05,0.0004912718870753359,0.0002460694876668518,-0.0005222103180848735,-0.0008631493028671465,-0.0032853120735556927,-0.015657183076815066,-0.0017252891619802745,-0.06448298856879688,0.0036557171483527326,-0.012319279164338226,0.04454857166882592,-0.0002719951710146447,0.002731511601524668,-0.008008386044427305,-0.015801828553243,6.85375098883138e-05,-0.01116912956773039,-0.0028579348911026764,-0.015010544276660214,0.006283996762740152,0.09120786471441149,0.0020267175079640765,0.003091214757038854,0.003673371533763273,0.0002650111639630862,-0.002862179062121021,0.0023971495618747736,0.0009682777139137352,0.0001396616772592864,-0.011029153200595075
8_5,0.005695494366645254,0.00282142158495542,0.003912941723671441,-0.0016551553680373189,-0.001982756016328502,0.0037591705209604575,0.0010205003581057303,0.00034180627373768074,-0.0053541020566120106,0.3421287799793872,-0.021541846782939064,0.010956616667860623,-4.3386018972031534e-05,0.0002530333554623722,-0.0038296813557448604,-0.0012967435901622367,-0.0013705824997655497,-0.00362682303138527,-0.0015451754826889934,-0.001651741201596375,-0.0034278508654991668,-0.015790594330019746,0.0002966779936706374,-0.06650286225443208,0.0029322287622917027,-0.012362048415809925,0.04464546519701915,0.004289223264245026,0.004731480341251676,-0.007681314166046806,-0.01077966248333574,5.85769258630608e-05,-0.010991078318230537,-0.002887013447238899,-0.012516909822224039,0.00582847065289256,0.0993404307948752,0.0034782515855268665,0.0027974557977941787,0.0038421872549072866,-0.00046422317053288587,-0.003162729273053206,0.0018823166474951857,0.0006951072052286979,0.00021075445575926587,-0.013186817606605993
9_1,0.0053679278642018305,0.002133329340253021,0.004637012102166731,0.00047215506746703986,-0.0029002266367032384,0.003964244845707949,0.0006144937885692434,0.0004492664880693558,-0.0034365551162892265,0.3351704237407426,-0.030581785802414985,0.010757891738831099,0.000871095930100066,0.0005390884226544801,-0.003088102809809856,0.00014515857909543517,0.0010813933227855912,0.00013811113650524657,-0.00020219663843644035,-0.0005681668700557812,-0.0029784946548618244,0.007064690829844249,0.008530686966734759,-0.07173593159433819,0.0008888863545963903,-0.013266413713981146,0.03008159460383388,0.005277543728588231,0.008764957037105425,-0.007676371468941888,-0.009478953263925645,-0.0019048919176884408,-0.0088914049469812,-0.0030300949930419903,0.009870364045974175,0.008106418624697565,0.1403246833793067,0.0025765327761603334,0.002660197753982945,0.0031991405703108967,0.001570667725802407,-0.0033257192590662485,0.002486045573299506,-0.0006203528730291775,0.0006456747849388397,0.0023491991625493205
9_3,0.004959883955842652,0.0024923490749509574,0.00498699058354691,0.0008885146964134924,-0.0020510689959851716,0.00402429805949159,0.0007964545825748905,0.0007363729384293896,-0.0025883087952969703,0.3443096864943066,-0.029737998631777923,0.012495877058214205,-0.024197575400961315,-0.005459100997164687,-0.0029736188539818257,-0.0037252617269109543,-0.007735038050370197,-0.002575088856834279,0.000341242590008401,-0.0031140113999868287,-0.003182212640284676,0.005143474564983646,0.007865456130065292,-0.06903058783688484,0.0031765468100721163,-0.0133221901965188,0.030261247824608133,0.00498161970312994,0.006236875404734588,-0.007889442105885672,-0.008375323277063723,0.0013534326441867123,-0.007769591764508187,-0.00324301378622054,0.009005153706602723,0.007749463562027848,0.14191006214503513,0.0018904487455684291,0.0033309505327351004,0.003922394872521747,0.0018814991446580772,-0.003177400716464713,0.0026172495272698136,-0.0003427848221432111,0.0006990898516945601,0.0023954700701605447
9_4,0.004271176783033319,0.002245348934552899,0.004722716394491043,0.0008976550165434114,-0.0031144191035033762,0.003947789846339657,0.0008297211156652765,0.00031508611917504447,-0.0031847336393137516,0.34492291483956333,-0.029772597615519026,0.011111514146782719,0.0012167547775139818,-0.003506904221390238,-0.0033817785156639232,-0.000458312052437362,0.001059025150665353,-0.0005191144833132802,-0.0009079190254469453,-0.0011001793627319284,-0.0029964107217644153,0.006553215223820309,0.007935179190232244,-0.07069917389106412,0.003233333485476142,-0.013570594082599788,0.033138115912875195,0.0053426472281701215,0.0063277477525118895,-0.007740490945499637,-0.00935999443825695,0.0010329925935574826,-0.01293533866704802,-0.003007954813897542,0.009869219456399536,0.008069751665494505,0.13978857886463453,0.001436210830641455,0.0027218273339352267,0.0031107044965243387,0.0019741939658604276,-0.0032906236596657234,0.0025476268394535456,-0.00047504708905079466,0.0006816130280419908,0.002543422231821393
9_5,0.005014664383906649,0.002045200659889003,0.0039603299817504755,-0.0001409196053127557,-0.0026956855782019782,0.0033791961098094485,0.0004364214767764345,0.00039322551924891137,-0.004331807238286913,0.3370796829273639,-0.031190746841121705,0.011377397348574675,0.0008791834217227963,-0.002100983163383129,-0.004669277236167331,-0.003629159567790519,-0.00779456618407316,0.0005437420454220523,-0.0011112803927416078,-0.000934450379441978,-0.0033493488569533427,0.005446665412023904,0.00739687424883363,-0.07380696567974789,0.002586217289739293,-0.01472657418726989,0.028225012236875,0.004544852084650149,0.005822976284660407,-0.00793654638164233,-0.009457868467182086,-0.0024142703465210593,-0.008449940781769449,-0.0030504466244161204,0.008773881301545322,0.007699708901360921,0.138085809459295,0.001651138368096144,0.0025638665630102735,0.0021211891326860725,0.0008342597335822106,-0.0033572402186223585,0.001810350669375078,-0.0008430569230121212,0.000506812726666889,0.0018181710754566216
