,0,1,2,3,4,5,6,7,8,9,10,11,12,13,14,15,16,17,18,19,20,21,22,23,24,25,26,27,28,29,30,31,32,33,34,35,36,37,38,39,40,41,42,43,44,45
10_2,-0.0041453652557315035,-0.003381368785584214,-0.004834069273029194,-0.0057222359041572395,-0.0031833730475938856,-0.007468566379627557,-0.0041763682195477755,-0.00033259945282380346,-0.024526233737948214,0.10034384811530385,0.03881744954542718,0.09797001111240816,0.007649428955102478,0.0002729366482125726,-0.0010060068452266311,-0.0037784570619718762,0.001995024452276685,0.006046118754655157,0.0030320454320032094,0.01207724368362558,-0.005799070794888654,0.00044652037717645435,0.00024364967940186842,0.03039796325858608,0.010429114326346136,1.4165009078298036,0.0017642618526548918,-0.030762753659078438,-0.03883606930156507,-0.0016323525672666574,-0.03211892085493467,-0.03568493271030215,-0.014922446696333316,-0.00020360973895619685,0.22356130931100904,-0.016616257980877208,0.26265852305875526,-0.002073391940087793,-0.005319278143417248,-0.003920986956843753,-0.004786423290466951,-0.0036466861764125388,-0.0020322040196480116,-0.005113827878074725,-0.0024647037780109685,0.0017420983847735115
10_3,0.0036116886380840913,0.0018897990985757608,-0.0029061406966860845,-0.0033916364943793755,0.0007395426181766103,-0.002644250967443761,0.0006321106665228938,-0.0013512442122815785,0.0388125001308986,0.1611745054788448,0.10724994877962754,0.0909480274609731,0.037473104717191195,0.19531679307432137,0.09357496874316454,0.05327709339129831,0.07033353729438009,-0.001893250372603154,0.03906181029943273,0.07199738810024636,-0.009148941470207485,0.014935732674992869,0.0977329002525409,0.036492459450655663,-0.004609106001609123,-0.12029437485825896,-0.00789531551885474,0.036390384064575954,0.01761299799392667,0.014143204890405938,0.00043021103533658463,-0.02510099869465544,-0.0029992568948645987,0.006082357556968312,0.2501855520066453,0.006802145860465261,0.26589060840779877,-0.0010824180711990806,-0.0008482241428503225,0.004479725254798367,-0.0045860706253188135,0.0016399092400692556,-0.002712219526976904,-0.0005230596001419657,-0.002373216593012784,0.02642371790704668
10_4,0.0009800185331164668,0.0009678545569426648,0.0011987953178651946,-0.0020901400090923136,-0.0007620493399392692,-0.000597436868772142,0.0011575366152587906,0.0003283268862597073,-0.0229342431116772,0.24408448419516365,0.1580032619155534,0.23846272115718037,0.005886352820615413,-0.0013585587211654383,0.0012411850988378922,-0.004742943134507143,0.0032404146245038107,0.0054528718467033365,0.0026634748787235643,0.01308208548717627,-0.017850794988702935,-0.0005995995617252642,-0.06390405895442265,0.03264840520263487,-0.008423630055592591,0.916039184909835,0.18401490213564783,-0.035593670872543726,-0.039225632455460645,-0.0017273396154478839,-0.033619348109197325,-0.04290665233211812,-0.022491693725077668,-0.0022138006493829894,0.18275871793420195,-0.019902677538220375,0.22751767692044197,-0.0016217342584074206,0.000977387602472973,0.0036477144013322077,-0.0015671322681932367,0.0009758348361162254,0.002595936777005019,0.002200163028902885,0.0033225098214597747,0.00701328348952053
10_5,-0.004221883880896074,-0.003006459030350716,-0.0036184948464953915,0.002655095201056525,-0.005527638029121183,-0.0031576074244607315,-0.0041514829764001185,0.0006404446897314051,-0.006554139545612771,0.20142685777631342,0.12490084745905364,0.2531754534432735,0.004011713332110845,-0.0003628991502687463,-0.005919012049458936,-0.005358942563261127,-0.0001015483063630966,0.00561988684332775,-0.0026664607016549887,0.0017638668779620423,-0.015951672047472623,-0.0029285301457857935,-0.049931444302058425,0.030263420124019808,0.009328754901532314,1.5487354093508265,0.1976378586732753,-0.03523003486242414,-0.03402378474165035,-0.035043368455487646,-0.032999699350284156,-0.04046961184280772,-0.01840927945084778,-0.0012865284050393448,0.20560464711270304,-0.01250488046354727,0.2642635817990116,-0.0024840466355236313,-0.005561576478033886,-0.006194612500322166,0.0032060801338357377,-0.005121330983134019,-0.00482461917930029,-0.0012180980925988647,0.0037177184961568834,-0.0035651726709161036
11_2,0.001581159975910668,0.0010551087853192418,-0.0017298467033444124,-0.0025025390538949833,0.0007437159623039244,-0.005228706266537436,-0.0008434816083480532,0.0012866075275419179,-0.0021183248076365115,0.10684848373348929,0.07720253143371648,0.08570265285976326,0.013851950439061372,-0.00044099001519790646,0.0045358190196104755,0.0008144513691702798,0.00628373208592584,0.011480980081443187,0.0050495908960710364,0.021321643884440824,0.0029910317165961933,0.013502211575252778,0.02982070406823457,0.02000171035007858,-0.004417088071566083,-0.0015454484574525672,-0.017033821492599657,-0.010877643427320163,0.027174215660890243,0.012151077048327323,0.01567913210491875,-0.018501834056404206,-0.005347019352538587,0.006928943180199996,0.23393667672134325,-0.0029265578003958162,0.2571204174943161,-0.002234631137523554,-0.0012271049862571633,0.0002074900503473872,-0.0003827768653297627,-0.0008451757079839976,-0.0020162098308212197,-0.002606950481275236,-0.00013888001483245888,0.031456517899692796
11_3,0.0006083395111497758,0.0007387640398732358,-0.0010897318349577959,0.0008487235461953974,0.00281076903282151,0.0005225600657104916,-0.0015403225875205383,0.0009377463577454045,-0.009689388376859447,0.1096462018081703,0.07475782466076393,0.10536916327040075,0.010915353212304706,0.009581764792529668,0.002581434417362226,0.006795099533907413,-0.00026111724572719776,0.015496955620284166,0.004524136585892111,-0.008749254996745507,0.006448336461025354,0.009251732966926985,0.014885532165364009,0.03411562212192835,-0.016909621566684584,-0.01151379597521297,-0.008432145816192341,-0.014986435924701098,-0.04494646038969361,0.01073598940287559,0.014127983994052896,-0.02018702006532436,-0.0073320186335346935,0.006907161893531001,0.22348723977206655,-0.007251114296368974,0.2533711387254777,-0.0016112077972687733,-0.0008110003948795019,-0.0002676296796917789,-0.0011332605379337733,-0.0011200253476218007,0.0009379316422715849,-0.0017975799809034068,0.0007942764960129875,0.021382663609850118
11_4,0.001503514559542374,0.00017596909121178478,-0.0009146728360137376,0.001064004702476731,0.0036516311525204314,0.0014906108057156436,-0.00017376415398658618,0.000762753448433352,-0.0008842720435289871,0.1032921313916667,0.0694963243149756,0.0948958294602466,0.01150174715731695,0.004501417944593414,0.0005840055560737692,-0.0004313787047579887,0.0018409031563407982,-0.024026119406253432,0.0044870215247730565,-0.0003997438762768873,0.003285942388698453,0.011583824362374503,0.08476948017831873,-0.00895092999051808,0.0010773867330401922,-0.04279958589105259,-0.016471109481632662,0.029908369930551706,0.04598985312393701,0.013498894806437681,0.019867949551407985,-0.013207041531808083,-0.0022453600319711046,0.009878228401031898,0.2381388510224657,-0.005924662724099297,0.2609022425122481,-0.00038567895888765795,-0.0035888261503772695,-0.0015242062154829461,-0.0021310971034333385,-2.1473369595410818e-05,-0.0001468002763328049,-0.0002396878335938033,0.000759955616236483,0.025245444075793346
11_5,0.00048788471347958895,-7.231711899002414e-05,-0.0015597268056495432,0.0007724455889518191,0.0010064547528353155,0.0016341465114194584,-0.0012405774115555569,0.0005963448946508156,-0.01039549362991332,0.13987423667382218,0.06504076772571067,0.08715137192284848,0.011866925344682132,0.008215892192220854,0.0032457367821266724,0.0030946897356652165,0.001850204068105213,0.015196083841870026,0.0030115895725020534,0.012225229796870388,0.004689496754983055,0.01193211126748366,0.03404700524323114,0.0195943479822811,-0.005193318112778993,-0.010638221581213273,-0.016966933348173778,0.03853277275919368,-0.04524166222616686,0.014422433714757328,0.011777072914431844,-0.027114096489424973,-0.006349564686397401,0.00030739319512502393,0.23439393596367497,-0.007282809969524412,0.24202206697703973,-0.0009638252410826216,-0.0019880955694213144,-0.0016349854156962628,-0.00020097101966020273,-0.0014636343930066094,-6.733653068573617e-06,-0.0008779554503906456,0.0034622799852333107,0.01701326202889902
12_2,0.002290053578011877,0.001181543156299829,-0.00021293844409479384,-0.002325553716104159,0.00038918284178558293,0.0018034057618278693,-0.0007553822442978081,-4.838316425337103e-05,0.0021495819384671176,0.3124385820341191,0.24704213729284147,0.30595628324789387,0.0035720104558666045,0.002585682017470243,0.002154371389975161,0.0021026534148519778,0.0029362071261449917,0.006219086327423776,0.0017312183068723252,0.011799156742771412,-0.0031588157924686963,-0.023248241184218848,0.022095238676155694,0.07712296597070259,0.014972066565760148,1.7351740210583808,0.2837831959095433,0.006358752289631845,-0.02843995730935418,-0.022474268596710686,0.010502572903742841,0.0014208321147045056,0.013341887910009918,-0.002041881907193331,0.2362170577037026,0.0025193784682714907,0.30698395098636805,0.0002455846042497011,0.0032395855489202384,0.0001621690866134744,-0.0029991652752091513,0.0013339706830488734,0.0026890265160174802,0.00035879714559959667,-0.0006855055990343958,-0.04812792876470029
12_3,0.0018013744247138057,0.004057278562540868,0.004169595678319338,0.0030923239567136516,0.001134565855918082,0.0033579063875331847,0.004450153427890522,0.002603689470409168,0.010005420786451509,0.3163864794967684,0.2523856027518789,0.31052980534502334,0.0069382628850899975,0.0004867985750685684,-0.003242701583896365,-0.003122383827216542,0.002332157507869916,0.004896235271529393,-0.00014231937648066003,0.003376760722305392,-0.005449024103402477,-0.007026890946911526,0.020444896764908287,0.0735930189450302,0.01099209131071451,1.7680959578815254,0.29776957388051767,0.03460863071691745,-0.029067172102096896,-0.1252264468941764,0.008834026772240768,0.038560919333139876,0.014296504476320636,-0.0012687091637366202,0.2207331148824827,-0.0034546460177729975,0.3014003394995868,0.002302809829949471,0.0031820142736169567,0.005297941175521217,0.003212678244294594,0.0006133071183027839,0.008793249695232335,0.0027382185099015656,0.002268154533154144,-0.038556008758696386
12_4,0.0008928482431692841,0.0032375978311035484,0.003997881475006851,0.0020830492973168704,0.0006643130082483545,0.0023920366795046107,0.0039019918115711836,0.0016091693434863532,0.009694438078263505,0.30388245152391613,0.24074062986015535,0.2977491198412189,0.005620087466095849,0.0003107223300855568,-0.00129290028818662,-0.003443596046156701,0.003257482008473467,0.0048269822198228965,-0.0004430332135242972,0.0036978695831303577,-0.006725881489949324,-0.007784747863574342,0.02223411225556959,0.07001329688983914,-0.004732033796503336,1.6964641563605571,0.28329038379626886,0.03507780190661728,-0.02821096294989775,-0.028411936338069658,0.008841929332752602,0.037152864860865296,0.013787129156205445,-0.001818720903208032,0.2204003470462937,0.0023080757563686926,0.2920550733064251,0.0007908227156479957,0.0026684647259935528,0.005156108578836278,0.0023724866022496547,0.0011944903996873382,0.003340644000217514,0.0033182157553470143,0.00031131086935850107,-0.04106484899232655
12_5,0.005377998279795831,0.007727477067604562,-0.0003418481204564926,-0.0022697141293702644,0.004660628730197367,0.0022952200077055646,0.0029763166682245166,-0.0009810025523156992,0.006348200090506035,0.32377892250675205,0.2553494566574256,0.32452731116091577,0.008655118941591898,0.002156214221706144,0.0008732453957404162,-0.0015466847566152438,0.00419392199401898,0.010506259709463948,0.0016248982258812742,0.006752095434478665,-0.00434045329021405,-0.0022301532836097406,0.031230915231868467,0.07939804275918629,-0.0015347482990091888,1.810696639969212,0.29994919353190264,0.037967817176458585,-0.005754638759885085,-0.12116266686902813,0.01359131938113463,0.040079939192240115,0.01684086583007751,0.005111173806974289,0.23718248054076174,0.012027252766107789,0.3108098926184882,0.006451698860532036,0.008898625916059229,2.4736797017861386e-06,-0.0016828454318213405,0.0075030310100986175,0.0031893677378438197,0.004646307508940433,-0.0016016801767008836,-0.036775173207830414
13_2,0.0009555676034922122,0.0029656093494742266,-0.003534518876453811,-0.0030663560915006756,0.0018017389049778362,0.0012170803962641987,-0.0009316532046203402,0.00038003149907161083,0.008531143724157017,0.13503820797743002,0.10326440202312477,0.10826660166796741,0.011695389209084911,-0.004512673019513291,-0.005621165935831729,-0.0038480970885799966,-0.0014857416081036129,-0.0002498281572193594,0.004718369770968276,0.011817649068048037,0.027034570096603514,0.010205435052333208,-0.0016992294239304496,0.015448714224494106,0.06094906306993036,-0.13215443680078376,-0.023530005557259464,-0.01573264920899027,-0.04177564687230456,0.01159147236032632,0.0025757736584296953,0.10075872550389162,0.007653733768247989,0.0166233646234341,0.18394971209041355,-0.003276385425713268,0.22286168826834743,-0.00043507125989966145,0.0025259857806155844,-0.0016813446781475572,-0.0052260799204901015,0.0026299418539334945,0.0008903966864370263,0.001007587100974152,-0.0003400784064453943,0.11285639305971806
13_3,0.0014281370247481494,0.002453150146883601,0.0021093031397111323,0.003273991757672396,0.0030834408039284475,0.0007226998021588243,0.0011185907237057642,0.0017206061789975663,0.02544045889046852,0.13531270449144256,0.08901714149957272,0.10538069094611836,0.01414703875549549,0.010078472778305779,0.004198776470367221,0.004619031903949877,0.0018675050367427334,0.016362699179237175,0.0072489089855395485,0.022715166257635155,0.024484641851814665,0.01670263008234855,-0.05971648571693987,0.02009615398454045,-0.007990845157440014,-0.1206426316029776,-0.023105396389793545,-0.04338059436347321,-0.03663350018604072,0.006889387663413984,0.006914145235500815,0.10425925270697838,0.00680505135230065,0.01350624558329431,0.13565549254186882,0.013503929994942671,0.13868746766783455,0.00038339638076184093,0.0018922009598480876,0.003650190144082975,0.004193507667506544,0.0035289953511512357,0.0016646632313652874,0.0011333527704400267,0.0029554190973984096,0.11845554635900597
13_4,0.004181563090478973,0.00640533717976573,0.0040552521852269315,0.003915997620121515,0.0025245702216509487,0.004272602742653443,0.004653587571887784,0.0023322049038170525,0.027762505708456297,0.15110699617517784,0.11475610004917462,0.10763455414765406,0.013955830344322654,0.00023992664174020745,0.005095754233889931,0.004624148935038505,0.005033319137865857,0.014710821122606719,0.009772656762876744,0.032324741131942294,0.03312837717538959,0.013186837747214027,0.014552243240281981,0.01943835503596895,-0.007375265977714163,-0.1250161813540104,-0.021175770077133876,-0.004297964828655546,-0.03590043326374579,0.019546825873450184,0.004594201179389988,0.1006197350377866,0.01148304803458275,0.02143314550091613,0.18781601103567808,0.008340904126299986,0.2452188849714106,0.003693892093847799,0.004176547097347143,0.005213396893116705,0.00523635767368953,0.0005045277619490705,0.0021046165248487683,0.003086760807358263,0.002495085718292297,0.12660745688320132
13_5,0.0019755870642424677,0.0018987913918572755,0.00043020006588511046,0.003050456791568867,0.0011719244009359348,0.0012285241993002297,0.0017612872559272111,0.0010456121823565383,0.023520906052185875,0.15236077589941874,0.11371105297718168,0.09676471702464852,0.014064883550551214,0.0006811251950071994,0.0041066307501544195,0.004963433240702095,0.005002770539549328,0.014296027058454742,0.010265047228006816,0.030280364891498022,0.02988263939813934,0.012103361935918412,0.022436828642727752,0.01454441156624023,0.028943679011124795,-0.12611312103080674,-0.023111968637141083,0.031097544403996535,-0.03803903414379141,0.020158637565874202,-0.0008870515702545685,0.09445291006949187,0.020180805295622297,0.020828248833337133,0.1911139850160114,0.006446841831822496,0.24517259167372923,0.00022910436518047686,0.0022115227364155475,0.003857337535391753,0.003845738596842289,-0.00010370098493552057,0.0013521004357776153,0.0012405228133210292,0.0024979564466174426,0.10922026495700944
14_2,-0.0036882922982129393,0.0013312005847675677,-0.004819312246840796,-0.00045774264320202227,-0.00359507766467299,4.633543618354903e-05,0.0009647388586828609,0.0008866446084014312,-0.09119247707979677,-0.4587651754061232,-0.2657899974716198,0.05240176401906082,0.006952546663351447,-0.0017983139149463628,-0.0020057220820319226,0.008361400449132757,-0.001697996504600495,0.010570507608534233,0.002952901456550337,-0.014222532487196862,-0.030532612016325462,0.00984076921740686,-0.004204047008913535,-0.014226954688248847,-0.043679576676197734,-0.18355883684273328,-0.030277626032746537,-0.03875128890662972,-0.10608421896772735,-0.2866781400108937,-0.047115283737392,0.012256601271410176,-0.035426009982329046,-0.02791782939501294,0.14362937129565295,-0.017019379214919916,0.1347854755986332,-0.00962073902117828,-0.0005379563647005278,0.0031801754850117195,-0.0006024702693728404,-0.0068535929535021144,-0.001195036706123076,0.0012942426599628052,-0.0011790081960836364,0.010056168153677495
14_3,-0.0033858954653705133,-0.0009017666860322119,-0.0043776872373010155,0.0002282466121024182,-0.00321811789074313,0.000913637592850995,0.0017348313956231846,0.00036560239196715917,-0.08879763485879132,-0.48959643933530844,-0.30811892855412876,0.010572803132761226,-0.20215481998129298,-0.01789219302454789,-0.007802582194679591,-0.011287187102554686,-0.026977299387288545,-0.2586950228245539,-0.003852572586742385,-0.02556161909009886,-0.022338722175876922,-0.04946504799165765,0.0029404898040713517,-0.015295927181850275,-0.03773058740088913,-0.18590825724464044,-0.03098683736394588,0.015489882435035072,-0.09511491311446839,0.0027075872906037485,-0.04741046431391764,0.02212642274120543,-0.022609056338469734,-0.0022567744156871284,0.13539698631822858,-0.013921081115748942,0.13715312944882338,-0.0068099226530188295,-0.00014478013364912313,0.0033858553866232648,0.001950302684116736,-0.009040777864974881,-0.0003076967976626051,0.000986702809135853,0.0024402335159139214,-0.08624534947094191
14_4,-0.0039148271163632845,-0.0005741290503713925,-0.004124480848078833,-0.0035530657809813015,-0.002589380126503027,0.00015371307495186932,-0.001376314810697068,-0.0020288830484431405,-0.09102976591638391,-0.4675388584485581,-0.3026012953972383,0.029552449153533274,-0.25504177131029304,0.029567653268790264,0.0019321412898507554,-0.006991054472354927,-0.03933636944469453,-0.17187135994753525,-0.0015493478892209941,-0.022085596371180547,-0.022184199780517673,-0.11651185861960536,0.017384697357647125,-0.0027175641600434043,-0.025145646207683857,-0.18771138533882817,-0.031005859839162934,0.019967594703860142,-0.09705772915668331,0.003235136804721846,-0.045462350837955294,0.007475789756423086,-0.03125444318850321,-0.0023107024241888737,0.152415006497191,-0.00409072526454509,0.16779714741240415,-0.007457982314955578,0.002324628949570918,-0.0037041231441533548,-0.006993101754656636,-0.005685598397172852,0.0005608617779397426,3.5185989666616076e-05,-0.0026830803321208495,-0.13188117159647655
14_5,0.0011850666036254123,0.0013572928203792233,-0.005059239337774071,-0.0035218715303673744,0.0003312724061779281,-0.0012713377464526263,-0.0013760406056199687,-0.0015940050878028452,-0.08896451364932598,-0.3985322532593024,-0.35537499965519387,0.03901847107093666,-0.0069127900112830685,-0.012017913330632662,0.02319295933027552,-0.0019092718674804522,-0.036786795971994156,-0.20080287383929074,-0.002683676839529165,0.005362000325635361,-0.024978849138712015,-0.11960485348922237,0.0038294979935787157,-0.019571841872762504,0.01082576481131123,-0.18645905879747543,-0.03227859949337424,-0.012751124419755849,-0.09978479193853884,0.0013830546362929542,-0.03675781109688598,0.018446162018876857,-0.028826607457638844,-0.004343695763145272,0.15930983682178756,-0.004205408147355716,0.1696843734809029,-0.0046981668401145735,0.0031020722264913747,-0.004897648995270256,-0.006972649093928501,0.0021702048571737563,0.0008091806330646785,-0.0012036748741414687,-0.002093347914096739,-0.1496786970993041
15_2,0.002190690541007874,0.006424363442641072,0.0026596749920571442,0.0018650893223309025,0.0010814758230823578,0.002077581583580289,0.003001761485690336,0.0006874776967209712,0.01659020304200266,0.13419144106265826,0.09258336583940346,0.10063782475048899,0.014706652472867532,0.005582108973257943,-0.0034430839640669083,-0.004040818549112123,0.0034400503049487603,0.016388149595752976,0.005855564915673877,0.013423505694094633,0.01864758021303777,0.00820049526463339,-0.022410123340960538,0.016620056062305186,0.02921564192274128,-0.1251668291502196,-0.022207742217303792,-0.01564442287350946,0.044856991259192465,0.005252605395189057,0.0006492951073905994,0.08377600284699806,0.021753922040499307,-0.005373495882973914,0.17374977620246115,0.01795599387381675,0.24347499619363427,0.003067201818613426,0.003038781086116375,0.0038618364560423094,0.0028188475522830225,0.0005251259821939223,0.0018563423190413242,0.0009197193660412157,0.0020103910942170806,-0.0037495159924622527
15_3,0.002308070315269707,0.005246389719280044,0.0018754347219971346,0.0011980403551814399,0.0013216361283629216,0.002372470368167944,0.0025781840255991078,0.0007131313669445202,0.009617056763585688,0.14321452171667173,0.09735692717659326,0.09222391149098724,0.01495759314733011,0.0011835435815625663,-0.001354795491610008,-0.0035535066537551903,0.0047025643844995964,0.014545988802397299,0.008028837415170367,0.017509096236756335,0.02533351532846518,0.008450752459481825,0.022440167023123906,0.0147923744986152,0.016375492088298485,-0.12965394476139314,-0.0182185262156838,0.033162220244530395,0.04010810877692608,0.008340518713843378,0.00296998038042357,0.08447754791683051,0.022588495600279902,0.006108248250621911,0.18667283672834065,0.021937499649441198,0.24312802551146998,0.0019198468283376639,0.002831078278692876,0.003542278089446482,0.0021314262834879237,-0.001307029110379349,0.0012825775357849188,0.0012110975536103953,0.0001100016629499343,0.0030950630476600433
15_4,0.0020425570487960765,0.004207034090953276,0.004793237670169946,0.0018275599962319358,0.001362171268400594,0.0019542043384169505,0.003981533610156461,0.002003330015118539,0.005711700987023141,0.13768387179016514,0.09774279292312339,0.06761345730657366,0.01492734223282469,0.012305450555089468,0.003960256052138669,0.0023273633801285916,0.005274401887453094,0.016034238602628027,0.010452092940501076,0.023987470893065205,-0.010982278507139913,-0.05759440278940751,0.02321406932018457,0.013585197234935478,-0.0011626313860885868,-0.13949257396364736,-0.020604203075478732,0.03766119570330291,0.0402823842802649,0.007956307268115937,-0.0007411833501784754,0.07571306015866189,0.019704469235644957,-0.0031892545246152565,0.18635465840711074,-0.004092561832825957,0.2500502486227597,0.006149343681157365,0.0031700601936574856,0.00372025259539654,0.0041739878208795,0.0009887012863324012,0.0016390833660784587,0.0016121584435023146,0.0005049823122237509,-0.08233887847478132
15_5,0.0011011066591211757,0.0027778149303308917,0.0005607448711799483,0.002697447157843273,0.0019763249169829984,0.0017351217314220172,0.0027038514984172105,0.0008175909975864966,0.01684105300545586,0.1367753679247227,0.09373637764460307,0.09046309844490548,0.015029573478697367,0.0015029859482362307,0.0006158579473235506,-0.0028103228926049596,0.005187962667923567,0.016906226111604594,0.0076475621423819605,0.019367444315737375,0.018600816004118472,0.009047463622016126,0.02487510235613675,0.012026262450304848,-0.004286692191104852,-0.12846233549228564,-0.016462204605137965,0.03641473592353275,0.04214833212386062,0.013390300076499403,0.0020271971156220958,0.08169700804964403,0.018523113323442565,-0.005032255544721909,0.18916775184891058,0.00832205452051885,0.2506908697753157,2.159088325900019e-05,0.002402063420375056,0.0043385528345170985,0.0036814873894182023,0.0004736703898470543,0.0018964581666674292,0.0012564035116577263,0.0022118990146243515,0.012103552507221404
16_2,-0.0006121359807198874,-0.002062921058889754,-0.0013153965302035652,-0.00046874162833365773,0.0019262066126005876,0.00036862876098959216,-0.00010559589892531803,-0.0003083201469712554,-0.03671430205058469,0.07697544812786929,0.047654878856868546,0.0935351654356883,0.012332518049378375,-0.0008533006992266401,0.0006044064639225888,0.004281017199715853,0.00192844263307696,0.01009047634565064,-0.004369734018893644,-0.01723351837880618,0.012408140813755122,0.009276440208495685,0.03866222353010686,0.002360208001572665,-0.008983286363831526,-0.14165031706983836,-0.011871808209786935,0.02144681117252553,0.030153633639017224,0.015308191934786192,0.007236449250420875,-0.041884909932189095,-0.007371083476031329,0.009749527216504865,0.20795960767473914,-0.010347908851288489,0.2718157797022692,-0.00026401938067399975,-0.0008402298772842821,-0.0020913438649281676,-0.002486706939776045,0.0023629993199167296,-0.0009593613242239883,0.0005250728171814775,-0.0009001876698690538,-0.01963731136893783
16_3,-0.0010057314688734483,-0.002460031707711018,-0.002434306796513625,-0.001036891713453728,0.001970680267860304,-0.00010146190892715285,-0.0004497782158597844,-0.00025262265187043923,-0.037226483462464835,0.07636803588076715,0.045666213374252355,0.09263826232957573,0.011868028032390029,-0.0008567521913784114,-0.0001944052378747617,0.004107742743804187,0.004267733553125059,0.008521707719892802,-0.004972809253330724,-0.020651601733615476,0.011716661829159425,0.008299633934760853,0.024250375556444242,0.0012255909555681289,-0.016714721685003948,-0.14521213721007425,-0.01305251910714158,0.01940394303261648,0.02678056592128253,0.013597826373848211,0.005912490983902491,-0.04440365460604679,-0.008267602401553107,0.008333802953081703,0.20601918276197365,-0.012985202658806025,0.2703914944893268,-0.0015141201312780528,-0.001424808318264005,-0.002091552313594095,-0.002995200499140256,0.0016787605497757133,-0.0013000689753239415,0.0001731433859430604,-0.0004915758004299699,-0.017168598301266165
16_4,-0.0010352296973236066,-0.0025353222249976867,-0.0015826437413866256,-0.001160661792794627,0.0012171255526741355,-0.000637527478292197,-0.001126750567948221,-0.0007567807794270341,-0.04031958354097173,0.07410630947417368,0.04399059325052356,0.09172140778015683,0.011486976202040656,-0.0025824282903868503,2.1250453171665613e-06,0.003999926651889242,0.002884383803570311,0.01140626124139656,-0.0053837430316995075,-0.01895442826719807,0.011361183609376805,0.008963559999020623,0.02385761553038154,0.001928440056865905,-0.01440071161762723,-0.1449785338277415,-0.013431364531828527,0.0198669339423206,0.025012970114841788,0.015167358348262633,0.0039268258676074565,-0.04449732761236675,-0.00899044443110733,0.00935214448244842,0.20525264355335285,-0.012087476348324832,0.2683346137699105,-0.0014532189109433273,-0.0013706146959556985,-0.001983792178753184,-0.0032461528010319343,0.0018170365600024092,-0.0013707784614041328,-0.0008729587738130858,-0.001520091546553662,-0.02036776196592866
16_5,-0.0007007334502369238,-0.002037568234691689,-0.0014585131566360403,-0.0007502327530940325,0.0020512578908340796,-0.0005466228593810029,-0.0005618005204261896,-0.000167409189569431,-0.03614852666542221,0.07539533272085587,0.04607861575559069,0.09243942332536731,0.011635968603180573,-0.0012982844191271976,0.0010190706239971382,0.004665237480916902,0.0006075614810129001,0.011241584491180174,-0.003822228341916513,-0.018715113185985406,0.012058545516540311,0.009199297359350926,0.024622929781061332,0.002010806152508768,-0.015261396652478073,-0.14328060746224375,-0.015068076569932243,0.020778270967865456,0.02798826070487706,0.014950326143668192,0.007310158887040512,-0.043526065724904965,-0.00825627221379549,0.009333235700829421,0.2065341170371752,-0.01033197412643612,0.2723413926548111,-0.001161999373603529,-0.0013340906128654576,-0.0021682447625834328,-0.003264906281963026,0.0021848106915283317,-0.0012127626938953744,0.00037045964956564987,-0.0007030580020021659,-0.016713631176068715
17_2,0.00031637169554646246,0.0017151248562742088,0.0003715253757753605,0.0022046149348023654,0.0017844600609230907,-0.0003551295931662718,0.0005853699519983462,0.00028675988344396066,-0.010060421086653202,-0.321406218557794,-0.20747556636182335,0.03892627241764371,0.014706194501731221,-0.000455808627977429,0.036315136963597845,0.014484636054851232,0.002985854975728614,0.015014295101708342,0.006064786765793825,0.011931425638204513,0.008231698428488018,-0.04077080669950075,-0.004519342752935026,-0.0001995093481764887,-0.013886703881102148,-0.16391700512569826,-0.019293253981028737,0.02166792047322851,0.02788654195015691,0.00639663178423382,-0.00677090997895203,-0.046384863223703436,-0.008769348055047208,-0.00549998623410831,0.1665189053291726,-0.001628462059941982,0.22443350180820834,-0.005567749458365236,0.001078919610335773,0.0029569847819332275,0.0028534313950490994,0.0031267533301992403,5.235160695887891e-06,0.0007540450171558034,0.002804469886143704,0.007366081298318781
17_3,-0.005655549566929814,0.0015641006961408359,-0.0011219579104583338,-0.00134025658192828,-0.0033380092860707637,-0.001317413372110055,0.002166374946075678,0.0016273597666354427,-0.0023708250092041878,-0.32997278315658973,-0.21488886957164213,0.04133516210047512,0.005158806205914043,0.004261418414696821,0.03491017222835923,0.013800671222606559,0.002071739946800771,0.011931522024589882,0.002744586931174085,0.01468381888623099,0.014915993133294055,-0.07766895484792492,-0.003882453663410696,-0.005488827789922957,-0.007585690660443249,-0.1699546063270592,-0.023679988260048232,0.020872146073828465,0.02492954442527395,-0.022608422510993757,-0.004966819447121564,-0.043890135375286105,-0.007909332572855641,-0.003599149985347155,0.16676151534746708,-0.014374983921250428,0.22571539017852943,-0.0075555143007830896,-0.0021067425655773566,0.001687488582314383,0.0038436657446894226,-0.010870308213373377,-0.0045994623908143075,0.000728083553409324,0.0021414139427832395,-0.07127485598538642
17_4,-0.00497756434917449,-0.004013532368771301,-0.004550311528698363,-0.0034681600030268323,-0.004746359286443026,-0.004761711249343939,-0.0026731320033252454,-0.0012018426197954986,-0.005741562430438603,-0.10231233324855003,-0.1719647378804416,0.07275151978414574,0.008068319274915468,-0.00025018040621753516,-0.006074511010538314,-0.00535187426593534,-0.0002802557272382386,0.010287633597458273,-0.0028083022230720295,-0.025786091670857846,-0.007840023611684477,-0.07053511864000196,-0.005387132768348304,-0.012874815242900047,-0.022034300101290972,-0.1685250815476805,-0.02343820187257731,0.01573883189322213,0.021613229907991877,0.005443692739745543,-0.022191803481319185,-0.05634300964396971,-0.011766697390832376,-0.0064613064019974215,0.19225096580134404,-0.014315136100142649,0.2672058544097998,-0.005250477266361326,-0.004105812256321122,-0.0046257164095312685,-0.004648659514582525,-0.004275126215468806,-0.004707754720090764,-0.00272350301299811,-0.003343621920521353,-0.003835510291871232
17_5,-0.00016288882357631568,0.0021472695392688065,-0.0027222704952051986,-0.0036255748264019693,0.0009315380459665682,-0.0013626453117769805,-0.00017399770995074414,-0.0008863626055782114,-0.013797238852334638,-0.2545882309007933,-0.16096970655694895,0.04554596954399523,0.010748238113512025,-0.0003665928286316401,-0.0011223709714669968,0.002464018581770236,0.0011660388874728841,0.0106166048148411,-0.004227539269649206,-0.018350683780611277,0.0061268809270540415,-0.017688562848813524,-0.004589050175958918,-0.0011807747689252081,-0.019821245181407862,-0.1683140092605899,-0.017283036177643714,0.021949898713564345,0.023381804651023675,0.00956891314177868,-0.006910161483159874,-0.05150182197552042,-0.009663166510775055,-0.003083932337497642,0.16968340986407246,-0.0006440336405990629,0.231979297444475,-0.007101333317335766,0.001328994389241926,-0.003145312998968693,-0.0021986816025034834,0.0023934277152370207,-0.0016401924479369366,-7.452753977721548e-05,-0.0006710807032798067,0.006826696118397745
18_2,-0.0027396518869653398,-0.0012103082622839738,-0.0011873904353360025,-0.00285744856619477,0.0016270261442897014,-0.00033619107036056477,-0.0011373074650576178,0.000901878695135139,-0.043424681271347944,0.08711989492812575,0.0512056372914187,0.08465635511566766,0.012844494079572798,-0.002192041560754697,-0.0006280409775057808,0.0034713034324785953,0.0037173848551466998,0.006921540488268637,-0.0073411659343205725,-0.02619855281110684,0.006860216410941633,-0.005283958850081006,0.01698590316437859,-0.009339502646652679,-0.013021902916551748,-0.1521367243992357,-0.014690477455041248,0.027547238630941377,0.021013505888325974,0.01091669320589146,-0.01084054270681312,-0.04966732058767194,-0.01700465323408527,-0.007518305324426432,0.18982604244329376,0.0027885727611950076,0.24052326110573682,-0.0023154127885867274,-0.0033343293225247717,-0.0014732130289163855,-0.001397997653062106,0.0027493992402594604,0.0004133998313106204,0.0012049242192389686,0.003230350808574659,-0.0009131618551006574
18_3,0.0011396435695141577,0.0017829758416083204,0.004595137182065409,0.002264359796273612,0.0001743237343467865,0.00082489283870522,0.003572791284453625,0.0020211784064112183,-0.03767930056518734,0.06957719333020809,0.04222531169568506,0.06020354174645723,0.012499226912033463,0.0038069962262043625,-0.00034420324631807635,-0.006191734064836274,0.0039831562082287535,0.014557261087656804,0.0025901513589106943,0.0033165144677595945,0.006528539940343037,-0.04598060809649394,0.01803775035774795,-0.009089127467725876,-0.028570522764114484,-0.1577500632553639,-0.021404398440980642,0.03340511998568617,0.015123477739282049,-0.04013572938120414,-0.014447559784449296,-0.05095100480398942,-0.02191986828262763,-0.0056766329572377,0.17263149049440765,-0.01678595975157177,0.22950265277780665,0.0027676980699020393,0.0009306583001325028,0.0028791783346837478,0.0019122478671709383,-0.001476081054559241,0.0007348288069384604,0.0006325900086014023,0.0009180048680534428,-0.07479345844276654
18_4,-0.0030819978006914263,-0.004037840061309846,-0.004324096809063771,-0.0035652890674799315,-0.002463683854894543,-0.004916273635780737,-0.002474393928193597,-0.0008708262699561323,-0.042498478671553715,0.0866978267293661,0.053116689970532496,0.07375198466733203,0.008307961885704906,0.004324960112913765,0.00018540767195609635,-0.0007843313193216972,0.003153449020740435,0.014378865699649,-0.012055042423727026,-0.0183767345590249,-0.007360833457673726,-0.04638807027711425,0.014919879753418885,-0.0130318158213367,-0.02633437446537337,-0.1522403007124654,-0.02081211217965805,0.02687000014039405,0.020091006825698386,0.003975599509487597,-0.009677100682419082,-0.04564231620711623,-0.01882748590507091,-0.006105961233467779,0.2086135246407499,-0.014152842765732974,0.274706087280309,-0.0023832971114729866,-0.005256931809564916,-0.004310579088867783,-0.003872503699673349,-0.0027755911527646733,-0.004037748504851449,-0.0022022636130002078,-0.0029245507134581026,-0.07010938031621562
18_5,0.0016067797480804453,0.003799168169215657,-0.000999048993318069,-0.004088502041819808,0.0015680661545149016,-0.00032270161409554015,0.0012311989430489562,-0.0016371793784487262,-0.0392113294946833,0.06550353708179864,0.03549589066427865,0.08428938877261753,0.012449534962484759,-0.001467746844472265,-0.0011325144860032104,0.003397399545330905,0.0033635488992179393,0.0124412095147272,-0.007499115166929064,-0.023378240957725695,0.00836730186185304,0.008481517025662315,0.020654168026692673,-0.0008771062684602661,-0.01928773963251422,-0.15414548531370384,-0.015072017562007382,0.02327566823551994,0.023064298182760967,0.014542240391228482,-0.0034906863193881693,-0.053727467865919115,-0.014630214429574072,-0.004001504405690903,0.1810992542804273,0.0008460922780429557,0.2328847946660812,0.0021959116155622106,0.0008985221135269987,-0.002659651570924515,-0.00448705692794591,0.002410693784418409,0.0004270054228354863,0.001496723719341502,-0.0041681830731588355,-0.007605195746329628
19_2,-0.0017002262216587768,-0.001472305138976718,-0.0011349394467739591,-0.0036399003335905573,-0.003085253045700906,-3.623699857725702e-05,0.0005184174595210282,-0.0012693710049303925,-0.0062056668166189394,-0.07565677469589,-0.17760060541116343,0.04980586405628359,0.008237658042768433,-0.003461672767477906,0.003044999824858561,-0.0004545901948729115,0.00019869132515314432,0.014128108348459982,0.001024383121121742,-0.001862847768532511,-0.005596718316494392,0.014843510127774394,0.022692527193333242,-0.0040375093937516605,-0.01864068544117311,-0.16214122320966284,-0.020494880611434053,0.017531257743721006,0.03137191941326642,0.010504606922804752,-0.027226543119084613,-0.04732400648778343,-0.0043246979995383095,-0.005637067136493144,0.18160005041243968,0.0017870909207713483,0.25060120960650606,-0.0004464327438518151,-0.0015013026651586555,-0.0014082094244605209,-0.003278047165203997,-0.0031367381831121526,-2.584105644305717e-05,0.0010426041920510592,-0.0006934399088208798,0.00854260656168631
19_3,-8.773872336425372e-05,0.002327706981282966,-0.0013229165071037504,-0.0027659712814267537,-0.0037705126980517576,0.0006407346808901056,0.00043760154147059576,0.0003847997266792616,-0.01518319981310897,-0.155184688831382,-0.16894675070312629,0.04603509558860121,-0.21286322731828664,-0.009203699437018206,0.0011729829072529958,-0.006144747729999166,-0.006685079777867882,0.013774974321541976,-0.0041438937308378885,0.0005749891441836477,-0.004086662021175485,0.0076827750619668745,0.020226014557689104,-0.005084414268324726,0.023008721468048242,-0.165571129894664,-0.016321675290054644,0.01579276566758273,0.0328923604431948,0.010739318106398674,-0.018039651705164302,-0.034047992667691825,-0.0029259663726841226,-0.004720563109679176,0.17488374119471148,-0.004853087225316374,0.23680005686787609,-0.0008944889173578838,-0.0007375321942626815,-0.0018651936451320416,-0.003401801578860271,-0.0015094865305923025,0.0005478756128388573,3.750966746539385e-05,0.0029020564714289545,0.008074536655661655
19_4,-0.0018827649865591329,-0.0017426376197977817,-0.0008997456096435775,-0.0030135080315478223,-0.0031688786174706085,0.0004100798108633733,0.0003506088001580096,-0.0006040291674164564,-0.0026524763161203243,-0.08106452399399136,-0.15552003268332687,0.05208762397977278,0.009188053439572632,-0.0018614256761606866,0.002407795348605202,0.00696277676546695,0.000729624437364542,0.015157987711571699,0.0038855828314508225,-0.013651574079664752,-0.007895413994577476,0.019744328006212033,0.022831725242571817,-0.005353721222774143,-0.01298934129632782,-0.15882393792070235,-0.017072693005287177,0.024002556989030772,0.03595686188028326,0.011288763870178594,-0.027044770460771674,-0.04706001396107952,-0.0025729578290394654,-0.005383314750419273,0.19107242926600915,0.016627724247137207,0.2520272842862708,-2.98279121194999e-06,-0.0029636483282644414,-0.001355883148379986,-0.002975342554566094,-0.0016019917911136202,3.0335258339877926e-05,0.0018920212094960993,-0.003222667952161226,0.010401464381176158
19_5,-0.0019121803785815033,-0.0015902945050507314,-0.0013464489876783762,-0.0037469449340982413,-0.0043964459032977,-0.00034213508322574496,0.0003002311444959602,-0.0010857951638967975,0.018238767684781984,-0.11097944735423719,-0.19143503156823852,0.04916080205197376,0.00896732956156799,-0.0034389563704608703,0.031686529529364675,0.0005879891858488157,0.0005740938821909223,0.012953606478873898,-0.0019834348348728575,-0.013353655262505568,-0.00828702667997761,-0.009134075426952644,0.023136689946018554,-0.003302959623471621,-0.016823945897690394,-0.16146281178028357,-0.01604165707418165,0.01444595686136204,0.03620694335781721,0.01088304706232903,-0.022199545871663028,-0.039920467554759455,-0.0013344012735847864,-0.005964343459489503,0.18115330957737574,0.010051808240561198,0.24749288093733504,-0.00038994201195116586,-0.002006259431616345,-0.0016272806956562442,-0.003132280838450359,-0.001563987267404846,-0.0002276701954219517,0.0010761653589454942,-0.0007101199419226886,0.00687663134070836
1_2,0.026401336733534685,0.024855237025393113,0.02221989999523348,0.03080249047889482,0.023087992922109807,0.017011588608111597,0.0172610718828804,0.02346578588770484,-0.015246699795347466,-0.06839762414455695,-0.09460210540295434,-0.3102520515967489,0.009968790813506418,0.006205102378703942,-0.006966361065955045,-0.0070780530826150875,-0.0010906387601132281,0.010854372807879488,0.005819979913833948,0.0261551095206409,0.0030909866617443303,0.004459732190200966,0.0025790138010631587,0.030695427063269068,-0.006355135083251348,-0.08096115622966416,-0.023351540852956054,0.013484250865129237,-0.04875520267700503,0.007430484750522886,0.022160165999927806,0.05368478405052437,0.03572906918228939,0.008091493308780843,-1.6911791342860747,0.0542050913755617,-2.176594863172862,0.01606179416078729,0.021006546334293566,0.03687051548410435,0.026165703077281728,0.022982732815081158,0.019156667650980393,0.016531822749256336,0.0362660325299013,0.06651822994652043
1_3,0.026395329110297232,0.02564730625803747,0.02992571458365509,0.03559732676223074,0.02438626624991028,0.021949999074853687,0.02094687489211903,0.023799045488524403,-0.010595866694434745,-0.10864497382282545,-0.08499841965895204,-0.4979447677283541,0.00897387839524778,-0.003039683832076654,0.01649940138891995,0.008238779013715008,0.005419925370874575,0.005998492654972424,0.003815542085333422,0.01236899580787947,0.015309874811934939,0.009553486161914536,0.008582763771094015,0.035309244505734354,0.00369939473906773,-0.08687638403952662,0.00035624259866588867,0.01587610423413974,-0.011210216207128356,-0.009304806667091882,0.019844110767949417,0.059265594545248004,0.01820104228444391,0.0020566332336190286,-1.6136269258823577,0.05336444948679685,-2.095787170370208,0.02251490440492891,0.025322216703149568,0.04316165674503993,0.028927955027161747,0.025870373432020224,0.023709359928923035,0.017044753855134574,0.03943119932086653,0.0656035521765036
1_4,0.027591392361495645,0.02571084716166675,0.027448819368427673,0.03681688864443949,0.02536546058754785,0.021802284962318882,0.02080314708975743,0.026993070579312065,-0.014747930300819572,-0.1037392555962326,-0.08042525328821182,-0.5495122064891319,0.0047004535493475426,-0.004593587472748438,0.019966738516168283,0.006746993453395063,0.0018310444583728505,0.0027735758550116755,0.0036036252455848867,0.025964179395458906,0.01879141685568457,0.005746451868024824,0.01011914042603824,0.0357142679098027,0.006120927647462582,-0.08518224063620625,0.00108155022493787,0.02163700229992978,-0.006489356823948002,0.01632653059670315,0.024967263380397637,0.06683784176088166,0.019752887848199664,0.0031134723742627483,-1.6236181059055694,0.055109613413855174,-2.0879610922500738,0.02202778843788283,0.02556891550254866,0.038739260855830994,0.03109215439121592,0.03340930768015923,0.02446847456874452,0.0201601060857698,0.042242241442742405,0.06192758508402737
1_5,0.025886092128583227,0.024800564014669072,0.026612028561775324,0.0345295437037028,0.023545956555133977,0.021410871167296123,0.02018386295806651,0.02701709392985419,-0.01038255677736795,-0.10646823997643919,-0.08512455950492687,-0.5577491802020927,0.009056287999204946,0.0032507328455583153,0.010141621736306979,-0.004513137681136192,0.00031049967873582123,0.007883345225921011,0.0053443122301865525,0.025235519139733546,0.02267957407990303,0.004736596069417478,0.009921187559465748,0.033038932374502235,-0.007127648438825209,-0.0758524393068847,-0.0005375627335209098,0.01833494329201817,-0.007699664554903592,0.012456652239779827,0.020379233593398216,0.06468493689401118,0.017476938170235216,0.00712564533223584,-1.6424953790146466,0.05391373541689846,-2.0974452250640647,0.020130303164316427,0.0236842987038829,0.037996365659783794,0.02887313115213073,0.026735824894408775,0.023305913033151906,0.01948860298248763,0.04153209183023552,0.05954010807544389
20_2,0.0012163360021874479,0.0009047310049296194,0.0007798995940941706,0.0020148967134818773,0.0002301775341545982,0.0001242916092808259,0.0009400216126915188,0.0016004175882837165,-0.006434496890417238,0.11084671271656518,0.08108178148597958,0.04405282295947687,0.009082726203350683,-0.004341950350826652,0.0014729015129973208,-0.0023011321762653474,0.0020025085396021196,0.009759223534804698,0.001443050836044982,0.006580308878998731,-0.01980361638764291,-0.0004769638148835803,-0.015510706540565482,-0.060161679465404974,-0.020109623242843,-0.16509155941652334,-0.02835065812212226,-0.029504145003170373,-0.05226187781044276,0.002746557411439532,-0.0028010399385153904,0.066679271274634,-0.0007767184704030441,-0.006794508278367166,0.09898015544529801,-0.021419556580144574,0.07921865146408305,-0.0020422177088555288,0.0009975579446801597,0.0023684579186353675,-5.972988229776376e-05,0.00040851767893557064,0.0009728244019899367,0.0003113615311648739,0.002209641643335214,-0.02472915034610874
20_3,0.003036586710037566,0.0014248530210815304,0.0017986859242522981,0.0014658657597514072,0.00039201409045515746,0.0016484496937340934,0.0021045962681274745,0.0025206825647252538,-0.004616689423240259,0.1099981435545389,0.08173362070077883,0.043783389333133846,0.010609794989639347,-0.003655734046936558,-0.006908311558562098,-0.004914704237419225,-0.0013188344795990149,0.013077542071995182,-0.0012366971599160521,0.003851368438142308,-0.01857805737475224,0.0006324462248594799,-0.02531222901598726,-0.059262415399426956,-0.017352227798252805,-0.16330203147421252,-0.028443228357781864,-0.02829903187058095,-0.05244230944180293,0.0008294724560481149,-0.004080801122403568,0.07518449689759309,2.135068720129459e-05,-0.0072103091013178714,0.10297958209126742,-0.015325202359043813,0.08731361780570468,0.0013472197586540551,0.0013489527803078473,0.0034645728698947747,0.0014506259983477433,0.001041363796436666,0.0003096119396993706,0.0007257008763604211,0.001408710293327857,-0.022678146196016446
20_4,0.0011112879233990739,0.001128930055046962,0.0018617530431255126,0.0006203903542564373,8.540957102096633e-05,0.001007506231788796,0.0013718381565062652,0.002130043107375505,-0.007750027491225263,0.1107889077578157,0.08740598666566235,0.04406132466728665,0.00974718536193188,-0.004690888984016367,-0.0022539924199173915,-0.0065882171042539305,-0.0012359916879267994,0.010514931259140102,-0.0004002401822470952,0.0014839866078911175,-0.01747658204403981,0.0014230742564103516,-0.04336695328392003,-0.06404581148672743,-0.020932121582086998,-0.16285512488439974,-0.02863838041835181,-0.025200463361164355,0.003389031271327297,0.00012718467887033155,-0.007884521844091264,0.06895904735661298,0.0056529194456576655,-0.007110580306949289,0.1006882270207117,-0.019698441183860032,0.09376660115107456,0.00023046213228533944,0.0011532823373214885,0.0031436038228476234,0.0007722128548689133,0.0006734950630997326,0.00047768237647037505,0.0002068954188154396,0.001905092920321925,-0.021459711199372906
20_5,0.001593159347932183,0.0018635357492203116,0.00207658496811757,-0.0024158735775966058,0.0014643281955107146,0.0009735764591884091,0.0009850921920668233,0.000967381874245696,-0.005181584860986954,0.11612413560337373,0.08307540835725365,0.05009946556622473,0.010952936675977944,0.00042425184802090556,-0.0007419516450233084,0.002476003645076324,-0.0007738406967538626,0.012020042036240488,-0.003287233318345555,-0.015356384668753876,-0.018574513104555178,0.009621694444981451,0.005531152175500466,-0.055363697721777176,-0.017529232919895787,-0.16010027612013183,-0.02886017666456467,-0.0006213418693118783,-0.05081046512263109,0.006909523286096014,-0.0034607510959561993,0.06422312806663664,-0.0010456675946281446,-0.006407335780240905,0.12156579976939044,-0.0177748508842814,0.09332015500439951,0.00020477901544687288,0.0018434641224177482,0.0026587177625267398,-0.002113784680791217,0.003450504994700873,0.0011323501990237821,0.0021938699798999596,0.001787172612070968,0.00041670594617422736
21_2,-0.0009716378063080538,-0.0028951848726383265,-0.0027025920813744586,-0.0016367387273387216,-0.0013983917258579865,-0.000809363617997835,-0.0004605251998307459,-0.0010804903096101907,-0.009606506259525716,-0.2315992045438627,-0.14589422706884592,0.05856895133850239,-0.0042910279464149405,-0.010144971126524972,0.0018859879219266446,0.004248886822861197,-0.005966626384865013,-0.0050829651266936565,-0.0032947316436341334,-0.012778091922687824,0.008308629071996783,0.01653203881343779,0.01936223021506007,-0.0009077991939071635,-0.009211821565260554,-0.15817427873861353,-0.019185205724840695,0.019803071960272933,0.027547183536758287,0.01090488095102851,0.007255144922970267,-0.04381607801163065,-0.005144587114718087,-0.004591034585437502,0.19627287818291414,-0.004718232348464459,0.27141013544644776,-0.00024978671273102914,-0.004229877864859181,-0.001684361559056764,-0.0038551193769857006,-0.0009677794569442607,0.0005599273891757387,-0.0013579289970477998,-0.0027482613111171933,0.03590420376697615
21_3,0.0004543848138627829,-0.0016535775714541334,-0.002373627961427953,0.00017394177085558623,-0.0009605953132059555,-0.0005172675403609483,0.000483121215759919,-0.00047640888641035494,-0.002680603170850991,-0.2219448315823418,-0.14222535345313442,0.06333911531537631,0.010217218550731723,0.0029916355641069195,0.001483000090696106,0.0027887487416346974,0.004442039661913094,0.02275122117118295,-0.0014268581046426845,-0.016632154863189422,0.010758877163188615,0.025442086753324683,0.022812207347160846,0.0012430414179902412,0.009968348232718527,-0.15017446520021102,-0.007433652786530158,0.021748644667881328,0.02849744516023489,0.01285349002301366,0.01275605080919355,-0.03875213111643367,-0.0022699390140397497,-0.0007946637168305801,0.2006593495437926,-0.0049884917590797715,0.2794699392531494,0.0004677323313462142,-0.004500366783388741,-0.0020336216377593256,-0.0030201718649167375,0.0005527629093154714,0.0019249801779192594,-0.0007072139293380203,-0.001169882337095421,0.04053464141197473
21_4,-0.00034847467746720797,-0.0029573445163537226,-0.0017561932985955375,-0.0006174615534158347,-6.43915619296508e-05,-0.0008503936701936457,-0.0010969532682725245,-0.0002143811281175724,-0.005676623812014351,-0.22823739961255374,-0.1467022636169897,0.06035677189606481,0.012696385107398844,-5.9915433902460645e-05,0.0020821664749830484,0.003912904025597915,0.0047653205437396306,0.012516756226090478,-0.0024772349540614466,-0.011805084320136328,0.008228249219425148,0.020117639720032103,0.021245373566954523,-0.00035336603474847756,-0.010629411232591283,-0.15444330149006297,-0.014351308278618805,0.020087299585780437,0.02769203582795502,0.011466488108287506,0.00988537064880431,-0.04002417355355387,-0.003992161089901957,-0.00482322563762864,0.20126820848406923,-0.006903268580994945,0.2780082726720051,0.00010807186248913476,-0.0033174211651962977,-0.0019145634561678385,-0.0021883708664650462,0.0003498722014909416,0.000726420839849678,-0.0013505109580739052,-0.0010963791007045044,0.03574361821923918
21_5,-0.0008181221564691845,-0.002132780631886214,-0.0026247189029379903,-0.003518710049231778,-0.001963529980586732,-0.004481054844453625,-0.0011198336809552197,-0.000777170910739999,-0.016673918751603203,-0.2403449252553526,-0.15755104863374544,0.05971456017945434,0.009032852874057199,-0.01126549034580136,0.002194795713121793,-0.0057906732922419525,-0.004012093111697747,-0.012582308353711057,-0.004616535664303532,-0.015927901951874008,0.00708626694983048,0.014741485631075281,0.018771227824241773,-0.0007773691136737509,-0.0009494923121787201,-0.1595699814095482,-0.05040758722721883,0.01900509564486771,0.02511722371255345,0.009686901415468257,0.0040335408019457255,-0.05151642939920814,-0.007626173215304953,-0.0018595415393931705,0.19322132530313424,-0.011158169305572454,0.26958537355010137,-0.0006751771631212153,-0.004796994303350579,-0.002357874729061735,-0.005550977859082796,-0.000688543701343628,-0.005752008986846582,-0.0025287951727680034,-0.003026747748545182,0.03763778060719307
22_2,0.000271677683252795,0.0010039010887584838,-0.002073086979422226,0.0009428636606128574,0.0006466627738761705,-0.0032599464726584286,-0.0013489643411815173,0.002704858419194725,0.0031922104334277442,-0.40320781026126373,-0.2436134344845102,0.05723628456511972,-2.4603870895178796e-05,0.034239387929096324,0.03144740959384703,0.017908634641140724,0.017658682175004145,-0.11261487487008785,0.010304848952675128,0.02152686377461004,-0.004489545373544537,0.018359086088585743,0.01926188614532572,0.000836780410391243,-0.013200680414495436,-0.15059184367235331,-0.04948172669518725,0.020417581108192962,0.030850577588729697,0.010056837102121106,0.00866161270092635,-0.02576950203968453,0.0012088415049256642,-0.00387431273886293,0.2053174577127501,-0.01133064994713984,0.27472628459614323,-0.0005637249969539819,-0.0034613840590647853,-0.00047176531847921974,-0.00101186123275633,0.000700115621071349,-0.005041576147201154,-0.0009695010836928797,-0.002119037138501512,0.02823150835130957
22_3,-0.004960221426590689,-0.002441854980718605,-0.008102329385445868,-0.004993722300353216,-0.01063254679962107,-0.004230622984204032,-0.002544403648803526,-0.0010231749216228299,-0.003976198386401402,-0.3170075571918002,-0.21239599304017542,-0.4975325944081147,0.0070235089359538564,-0.0013009925233228989,0.03503116176345861,0.013428397874164125,5.5529624734524126e-05,0.009255072784590567,0.0047246648315035925,0.018242913040855863,-0.0015019523721490075,-0.05205262773085286,0.022822859641463404,-2.0851960257667484e-05,-0.018055850040437842,-0.15428877357570184,-0.017419036188558286,0.023856513711846366,0.034648850388632906,0.013106162473489792,-0.0059410394033403,-0.04570072086907855,-0.00954341584740004,-0.004579411357428358,0.20122194130845386,-0.01742663247233234,0.2713843698682009,-0.002540285571620815,-0.004940251210826725,-0.004701818610617598,-0.010764444400036932,-0.0026843184900011505,0.0009839141834606755,-0.0030004738214450197,-0.007491002193053334,0.02172572603935571
22_4,0.0003832912077029758,-0.0018337897757315965,-0.00206553854957211,-0.00224028413187769,-0.0005494074411397159,-0.00015788264458754337,-0.0004971887281739612,-0.0003958087129211988,-0.0049552140766740095,-0.22831605470321956,-0.14863284313566547,0.06164503055008378,0.010464733857812651,0.0009746570414199013,0.003033639588506339,0.005148910060025989,0.0039473124901590615,0.01408522858056672,-0.0017553177336024843,-0.009217399796857397,-0.00805038637961358,0.020918164861487596,0.02175204714565693,-0.00016013908776370684,0.00600392664487156,-0.1517327885174433,-0.013127117747176993,0.02137258325270233,0.0374685190029498,0.011420048266480444,0.009261279247927499,-0.039569670481561674,-0.004702582234512961,-0.0020011362483980132,0.20061390764205636,-0.00045083621081405385,0.2763190251256571,0.0003451653890825824,-0.004353040269750353,-0.0018999222262421006,-0.0037431073451415593,0.0003893400503182651,0.0016484349360178505,-0.0025273140389250608,-0.003076490660434158,0.03821026735600624
22_5,0.0013890563004665755,0.0009935757217370029,0.00010979014943609096,-0.004057512724080871,0.0029940455065047126,-0.00047639473314711354,0.0003184181174844039,-0.0004361447703422568,0.0095603652490459,-0.24862591224666244,-0.163253932981982,0.006754099618022332,0.012777851833517364,-0.010256469393306928,-0.0011317203297709756,-0.004042168453892733,-0.001890987919832502,0.008090896679175655,0.001337598288460533,0.008213057247136992,-0.012999781060528296,0.017874600013581952,0.019072380168645257,0.0016326855263847006,-0.01759426668444811,-0.1588115500868021,-0.018323961689882762,0.02614378709818258,0.03776853051316556,0.010343294179294579,0.0026272994388988214,-0.04239489469202241,-0.006628299992119744,-0.004375972913602097,0.18082423067328,-0.011580200723168716,0.2511927274142241,0.0025042157404905822,-0.0010048340462820574,0.0022373405729728593,-0.003653195752390438,0.003486112273683766,-0.0028361089995143605,0.001029735532284328,-0.0007302154365486105,0.030378340831452747
23_2,0.0010564862300601397,-0.002511040449977595,-0.0018993665237631765,0.00017591247409884462,-0.000674382168905533,-0.0004342681218474105,-0.0003667521334194728,0.00031193388441386763,-0.006644193228009601,-0.23119195483928356,-0.18896778635351502,0.05954203496237826,0.012518340586340666,-0.0005657456955647787,0.032310485553257814,0.0138917221697448,0.004000303097646406,0.012938920044884969,0.00667494998446352,0.014449736673903963,0.012798842003461338,0.019246485481583614,0.024181402717986918,-0.00019301481378346342,-0.007238245448434276,-0.15228525092957915,-0.01169052122389714,0.02058188869428323,0.030046239281458796,0.011630324047203012,0.008286122143971545,-0.04232598674272139,-0.00444346156630974,0.008991838290559367,0.20311988063335842,-0.009044652994784227,0.27469921303272254,-0.0005749886850005739,-0.0018705656542983883,-0.0014769038297802921,-0.0037019236259136982,-0.0009113766714149333,0.000530658841250681,-0.0009319121651919312,-0.00038979975283348595,0.03625291700706845
23_3,0.0004011692416106839,-0.0029102386211012055,-0.0021175954341360586,-6.890979360512998e-05,-0.0014980966090383976,-0.0006012899750584418,-0.0012756793346306477,-0.00033577409046777525,-0.007708892330491026,-0.23749008655522588,-0.1921809773520128,0.05656021632137843,0.012257384490604812,-0.0014006053561329147,0.03248663403891011,0.013155971410315444,0.0021020777477054847,0.011924535943954163,0.004781332747032253,0.0135273038481718,0.012329801111620142,0.017061540218369455,0.023200425475986854,-0.0009242684105514004,-0.00841594218713288,-0.15358150850196586,-0.013221119822040224,0.020167321437327423,0.02876274166929392,0.011020947188493486,0.0068441122337204495,-0.04521185667902708,-0.006293890200736554,0.008555765519686736,0.20060108079089561,-0.013029584991552094,0.2724127577412972,-0.001296146288684235,-0.002800609556352014,-0.0021216047443108257,-0.004031959294054001,-0.001072004779075204,0.00018908538648884177,-0.0014845437234814812,-0.001453407157169885,0.035888762886184665
23_4,0.0005741153606909855,-0.0025610918889594834,-0.0022177266287059195,-0.00020517719920117852,-0.0016646638358119824,-0.0006678194721252389,-0.0013290941124146738,-0.00014730456198071764,-0.007141994671189802,-0.2372006454083599,-0.1908929941221964,0.05480575988899063,0.01162004427471936,-0.0014769056337480975,0.032206288432678074,0.013105661448671323,0.0032802243731242567,0.011966409509034234,0.00572759450756058,0.013708772117615028,0.012019493406693447,0.016839406854736276,0.023097768826271122,-0.0010914013254846246,-0.011737376812478844,-0.15415471875962414,-0.013658477861013341,0.020149589177432398,0.02926528062807365,0.011064463197090365,0.006188298068754625,-0.0447163360257593,-0.005954848720644487,0.008639193688347644,0.2000479684630194,-0.01538722609890431,0.27242175793015433,-0.0012269350788501091,-0.0021271968449578607,-0.00222235851740058,-0.004054424627798759,-0.0010907566538625507,0.0006078320007640182,-0.0014545874238560833,-0.001454164307133334,0.03433451079317041
23_5,0.001370464606166726,-0.0024321902858604025,-0.001011781124729618,-4.4639375289346966e-05,-0.0010323238645828998,0.00012394099289010757,-0.000432315925528811,9.455355470172696e-05,-0.00665907953882999,-0.23235357662213862,-0.1869022480549689,0.0570315515975643,0.012516698680728702,-0.001449210865784723,0.032885009820268596,0.013755833404233857,0.004554480740151295,0.012567654554478261,0.00566321221566711,0.014810941838073688,0.012637003540372765,0.01846327283096561,0.023908089566935502,-0.00023774714428193114,-0.007900397811429935,-0.1525485065392423,-0.011260056913590345,0.02152036079806787,0.029319165627891476,0.011357113804146194,0.007594836488297488,-0.04239649173597752,-0.002681321766041935,0.008924127168145416,0.20198275906093036,-0.009206802388823317,0.27417909094789866,-0.0006511181470119688,-0.0015049265794024563,-0.001337339856726166,-0.0037267275699986967,-0.0011310050893569223,0.0007944325949932994,-0.0005037285433086902,-0.0004728904871537987,0.03617935934423481
24_2,-0.0025881108164462012,-0.002060002637504028,-0.001721625906689141,-0.0013265284584497794,-0.0039117644347045994,0.000571946604641581,-0.0007591642539921356,-0.0002902755377480653,0.0036353186276045822,0.09474183458802313,0.05880263758005384,0.09829557399766993,0.014870108169041458,-0.002680558013778737,0.0011154880372202585,-0.003205180353189563,0.003421657989189385,0.016258477726678006,0.00719319212270197,0.021449761080263464,0.032544006639859444,0.014914041548704198,0.028974510299635086,0.007919235462645257,0.15034952454293293,-0.12123560496326947,-0.013027456083476618,0.0362964098474926,0.03706458888401839,0.02102788398104814,-0.00455497492082639,-0.026492680509506684,-0.005415593132875775,0.02003607674512362,0.22617912480964752,0.09559735955704417,0.2880458930428986,-0.0010366727697173974,-0.00428133290605307,-0.001043107394755255,0.0008179838096914619,-0.001687119210269478,0.0008396497901259494,0.0008690319757224952,-0.0008956339032524513,0.11872220102509322
24_3,-0.0029891852795571635,0.0052703356712557005,0.0019163363793029513,0.0029529903572076805,-0.003135972575701781,0.0010713564122701205,0.0014045421614912064,0.0015174219117909278,0.008416841349357078,0.09409270997366306,0.05969903697151282,0.09596856665076096,0.013348327810712334,0.00012190227108000272,0.004063143464627966,0.002533208139888948,0.004200042475256299,0.015077615211231486,0.009546122302196132,0.028027100819800036,0.032386730079595985,0.01540515248813547,0.023216605574506794,0.009462525797748584,0.1461120347585689,-0.12183280046346312,-0.013309067043750738,0.03602184880259965,0.04062025023677958,0.020420394400814675,-0.016989587363894155,-0.029605768463289377,-0.005598731272372147,0.02003114825201169,0.21108043841539928,0.09175764361306389,0.2655311123635264,-0.0012046651542279632,0.0026543851733240903,0.0037423347928069433,0.004070458771548836,-0.0025969959672501293,0.0009044381477182586,0.002658180797762146,0.0031598108796177483,0.09507924315030011
24_4,-0.0030190124959480857,-0.0015304930093986463,-0.002001180265667534,-0.003432850505740769,-0.0039927344977643345,0.000756887717757658,-0.0009203008378887267,-0.0004204437354846541,0.0077305445536367395,0.08950043977890144,0.055436380473735995,0.10550250512069129,0.012549723495952887,-0.017563979384693895,-0.004189481495223431,-0.0035240157425940315,8.383841130342394e-05,0.015360849228759162,0.006795952275119963,0.020871097927954493,0.03173817076542019,0.014683075056765431,0.02869664627761843,0.00663291002675133,0.15394886684008036,-0.12307307882193143,-0.014098396371239087,0.03594532731111247,0.03922988589812268,0.020375754518264858,-0.022178698502320886,-0.031184630660339885,-0.005981346376714562,0.019727724079261925,0.22476263308534664,0.0964113734444521,0.28821705040747647,-0.0012740436609513619,-0.001134801805663486,-0.001417049492517867,-0.0031267637189084222,-0.0021661431630119387,0.0007631991687883583,0.0006747674289590908,-0.00339006264355644,0.11542492980501948
24_5,-0.00331888180267835,0.004596706650005483,0.0019244117869125078,0.0027838620486808933,0.0006117701522267147,0.0007942810456650587,0.0014128266735786434,0.0014794288311448837,0.0111568032538256,0.09411142815333784,0.05863770399832284,0.09243966048759726,0.013950484155976857,0.00045320995532682084,0.0013821491917875347,0.0022987176829389533,0.00416283912876753,0.01401733293363899,0.010097967936217369,0.02684655260240008,0.031588434004702466,0.014897589693420444,0.02207138416467483,0.008608059557825752,0.14435464948328428,-0.12107050817037406,-0.014241371249161737,0.03599589501924815,0.03935551716983179,0.02005764109653681,-0.001392226752855291,-0.027272210131968545,-0.006201396210784573,0.02036300563291567,0.20932758200866713,0.0916648042708407,0.26390637725378796,-0.0014038694780660005,0.0025699843619067524,0.0037061654475579946,0.00366094238807644,0.0008933335887960897,0.0007597667230958613,0.0025547694381119978,0.003131093953395263,0.09563577265432874
2_2,-0.003384058134517374,-0.0033873726137882212,-0.005804621988995698,-0.003507048756816922,-0.0044725917679794966,-0.006272931384681989,-0.0030375080381202105,-0.0015175092100746703,-0.041650023191472395,0.10010493187343526,0.027239525080797678,0.07099870522900166,0.007384970356614061,-0.006135665216868398,-0.0003264259637828901,-0.005381016398847383,-0.001798225973329523,0.0022887284880777547,-0.0007300385110650401,-0.01832955377476605,-0.01675493027557519,-0.004623270926089178,0.021812790576590673,0.015250281571781188,-0.02431419924003727,-0.17371660235750594,-0.03427776386990965,0.019727975025741723,-0.06682387928840917,0.008484711153194303,-0.036567819266549416,-0.06521898019693514,-0.018159448544466408,-0.008354138001435614,0.04406494169232153,-0.035791373091755126,0.1325111750716529,-0.006115798302326971,-0.004127774134346729,-0.0046902177018140695,-0.005132556495057982,-0.004673842215870282,-0.0048186418775465105,-0.00615164919457473,-0.003215392452837228,-0.03603301426657291
2_3,-0.004356057883342159,0.0019142802742644893,-0.003486559152156512,-0.004203707050263692,-0.004987915939462088,-0.001483712549527208,0.0006761175596522333,-0.002104885597844967,-0.035014602058954604,0.05500886508631572,0.03409022911012083,0.0853065070529937,0.006470845983340738,-0.006048263987761595,0.0006683376786034682,-0.00876320382165039,0.0005288573022598455,0.0033520620124568804,0.0005010120833893903,-0.0007651556276309776,-0.009713723333946132,-0.002945504570046433,-0.06574906175774166,0.02482660683575261,-0.02743143354976526,-0.1787417237280358,0.015735602255878427,-0.02683097495525173,-0.06556470778820286,-0.03792945427709521,-0.033362693434540916,-0.06384123023861793,-0.016094516601532164,-0.006156551388507201,0.0990914663484631,-0.027539761680968083,0.15085639802180315,-0.002827078477237424,0.0018161092748891867,-0.002253786436419078,-0.0034012198925137665,-0.005261399214650267,0.00022997428926316207,0.0026695852747933373,-0.005468915877160675,-0.04359162107358004
2_4,-0.0038701946216749155,-0.0001453607110616216,-0.0018861286279475249,-0.0032263880236803612,-0.003987104298022563,-0.0006440371265679868,-0.002514394450998297,-0.0013949674165137308,-0.02613921934572205,0.059604328455427805,0.04072638575976445,0.08838012413894362,0.007286271847608083,-0.004285555376786455,0.0007222388320027064,-0.008619944744589308,0.0007169684031666626,0.00483007496420919,0.003595221103248337,0.003707417732982399,-0.01574926935464476,-0.006041011188613627,-0.08113018234874199,0.02777641290589226,-0.023904292387843206,-0.17224586384708426,0.057437114253474295,-0.030159029536883025,-0.059979154589864345,-0.038467146023820724,-0.03167834807181033,-0.0606246654471193,-0.015688119131864367,-0.004259836251073024,0.10690783784900401,-0.020699188594890117,0.20222107530249142,-0.002579338442835715,-0.001502536841943012,-0.0020409598599371473,-0.003073390710615206,-0.004651858771299625,0.0002573617635819318,-0.0002337685512667614,-0.00422600490810496,-0.038232642939904325
2_5,-0.0034596546837148065,-0.0021959485188823937,-0.004520357597753336,-0.003364901767875896,-0.0037718175390280793,-0.006162532116675318,-0.001738844288848026,-0.001687725464200563,-0.045080184733774814,0.0970956899784694,0.028955736018572938,0.07310522606248836,0.006184674537327657,-0.004678851554252553,-0.0010250918320270045,-0.006951219489691277,-0.00728907216109775,0.0003718639452946657,-0.0032976920613110223,-0.017942100323032492,-0.017055606638619564,-0.004704552373035304,0.07296811944910307,-0.029890280005755252,-0.020738294357010276,-0.17488986381177762,-0.035848773648508234,0.016372171951631927,-0.06793735975484978,0.009270595629400418,-0.033715936519251026,-0.06603047321357552,-0.01685135601203528,-0.008112231458757703,0.09950590346191023,-0.034790070894582005,0.13064828486388874,-0.002325222822567855,-0.004054059449689285,-0.003153305284397031,-0.005312198095660058,-0.004551008022489568,-0.003877040815983857,-0.0024886092235045774,-0.003602743694172595,-0.03709499058150831
3_2,0.0015998393779113006,0.0014681034746710777,-0.0029885615287176697,-0.002848161278811657,0.0035033120727019917,0.0007573910586470092,-0.0007033286123483825,-0.0007674062169410791,0.023286589977665473,0.1303858485438541,0.07767425846627429,0.0703592086596997,0.01554081549907378,0.0001748404262530977,0.002991854440365165,-0.003343191559453214,0.005261516863199739,0.017921578439535204,0.00635449969538777,0.013526775511649212,-0.0027427848113958596,0.012905728042139153,0.022489927046777082,-0.0019445329364346094,-0.014918586080124587,-0.1295634727383148,-0.02614588035472397,0.041063931843113924,-0.04408671746959126,0.010028902585574966,0.0004956432000258431,-0.026061793346868735,0.006879454179195221,0.001667348241043109,0.1488262777168309,-0.006777725643659602,0.2661653344303371,0.0015285361264764812,0.0025559471377592656,-0.0033239782145685366,-0.001764388892996022,0.0015954008917435439,0.0007589612828762085,-0.00014662249453434515,-0.0024217179932576128,0.02050525176120282
3_3,0.0011794272165281494,-0.0008018147608584353,-0.00320809195419141,-0.003976960439241704,0.0025930230758236766,0.0010971210976476063,-0.0010082477259627115,-0.0009497675180593243,0.005213585592083645,0.1338913351782154,0.09014822052144048,0.06736013272463133,0.014006767810286399,0.00021871867590478235,0.004598299156268668,0.0032932238692139465,0.005585549469038497,0.01563527300360736,0.006505482095564861,0.018654896598567065,-0.00497441465290095,0.008017577765119042,0.011105113583569718,-0.0017402145988742641,-0.014398183156880505,-0.1342316094038089,-0.025503168680333754,0.010678153943675061,-0.046290564784874755,0.008502446056261291,-0.0008703955224555135,-0.026518453282968625,-0.0025483532418675175,-0.017265130901747344,0.1279248153417981,-0.005719079679991129,0.20842641161383307,0.0009655593046430273,-0.001225265999212131,-0.003242641112702942,-0.0012613575958455216,0.0012051291688807292,0.0003051261280335698,-0.0019946661748835464,-0.0035987789815174263,0.009676063914053202
3_4,0.0008208042264602243,0.0005215442113369567,0.001444899532223845,7.470230765601849e-05,9.649590875114542e-05,-0.00010655838383528097,0.0014229857119903147,-0.0029140432507587773,0.007025333309128811,0.13400050921234066,0.08312284565943286,0.09458247185470577,0.012059468319332415,0.001858594226561619,0.0005065664805537546,-0.003936354168352749,0.0006238516975122586,0.014729290352433111,0.004594562070733511,0.010073186356808674,0.02442706012303278,0.003914933364790528,-0.06553911103667293,0.011954149462728922,-0.013598845336100179,-0.12392020633074158,-0.019860221073272323,-0.014335211523523395,0.021337689203789784,0.006746472786884739,0.00033593224276177216,0.09181256199104322,0.009916724503116306,-0.009611660551668894,0.11826215973942464,-0.016402789747835066,0.20226156431908549,-0.0016461218976378444,0.0011599088369852026,0.0028073305043859525,0.00023560367962313107,0.00019884347418205393,0.0010950374888464888,0.0013836278836952434,0.000523432563065935,0.06401491065248724
3_5,0.0011559629405795075,0.00224707859186094,-0.0014957725736941196,0.0006864695954228713,0.0010912916538581945,0.00023368513441807609,0.0008700572632164453,-0.001469995738723069,0.003733373868228628,0.14197795062947993,0.10364556870258554,0.060662124300433495,0.014126728235778763,-0.0018192860376374726,0.003285714035864012,-0.0034094174445657745,0.0043843884302585175,0.01754108140376309,0.005745183137757599,0.01567248408730791,-0.006946724790506451,0.011764922679788804,0.012765820143392819,0.004946511952768712,-0.01574229900061676,-0.12999484084729437,-0.024423438001342033,0.03444080916150938,-0.012541425950479617,0.008878057121178166,-0.0011978173393926985,0.06295735046270774,0.007858343244651149,-0.030323970762689174,0.13618920860950495,-0.0070937181598888744,0.24067623131652344,-0.00037267926706219864,0.0027521224911607875,-0.0018402070855851529,0.0016783385810540154,0.00045199705501785045,0.0008012632395095119,0.0017031468649134492,0.0008142840086490217,0.013629283844661545
4_2,0.0020206589685017326,0.0022319422570248153,0.000796815845825913,-0.0035069390452446324,0.0006873875224655287,0.001637509951520129,0.001122167130245825,0.00011529897668616438,0.007963051707990828,0.1334132199435438,0.09308491405213391,0.06489658793707359,0.0121640311497219,-0.0001175802305853891,0.002877759579658371,0.00032240658233638724,0.000343197100024867,0.014341382609115326,-0.0031091267199372884,0.021711345108769237,-0.008265030605482556,0.009832755675196462,0.022548205766626278,0.00410289509103885,-0.005034823367066371,-0.13624665244061923,-0.02406804081778886,0.03381518727192532,0.024691369146137693,0.011529174949011994,-0.0036784729014821367,0.07715308371337633,0.010987506394994281,-0.004413835517937269,0.19090891205123006,-0.0125538414233359,0.25587445563685063,0.0001644921382819957,0.0024930898915648363,0.002867435748256878,-0.000942528989899056,0.00027738965538179144,0.0008876703700953111,0.0013915819084021604,-0.0014224722663956498,0.013996811906517352
4_3,0.001861300611807101,0.0019653546398611266,-0.001550664468943043,-0.0017354507389377165,0.002924312147757421,0.0011921705992506647,-0.001345787033289329,0.0017163303017197911,0.013957048085090601,0.13618566464866794,0.0966855410636229,0.06781200184294922,0.014273855678186495,0.00017937114848123778,0.004188020284143127,-0.0015011588730476971,0.005618902195598866,0.013979445276618438,0.007613959538543428,0.017336359251683905,-0.004168662435269197,0.011914934226867971,0.022422242489790228,0.00609924829935731,-0.013998148273239032,-0.1228124168685422,-0.02418768885579351,0.035243680117401845,0.008845471082921965,0.011505284479166584,-0.0024987662423598344,0.06788374980297275,0.01105428192497634,-0.0024112366570420486,0.1555814881850209,-0.013123182032685915,0.2667067116994262,0.0007015977219839431,0.0025860546092768655,-0.0014820497177122263,-0.002870770217222466,0.0019402373982551936,0.0014904525901410298,0.0005183225338813392,-0.00037289568571918476,0.01592009569142896
4_4,0.0006025310265992723,0.0018865139818692634,0.0006974076455021,0.0015166917414538436,0.00047970371024462407,-0.0004914973933581675,0.0020653327273346426,0.002129486399530788,0.029655791987491128,0.12042299474785463,0.07998093109950208,0.05978750186667602,0.01390738677950052,-0.0005016722708779945,0.001710196546773136,0.0027637400759327473,0.004821319168147119,0.013183978958412664,0.008965283003238038,0.021412262587159236,-0.014755866148453933,0.010164634929200542,0.023667132484243108,0.004173643389682253,-0.014582483190412958,-0.13433016488783486,-0.024971796921179103,0.031017028614672412,0.03835575383304609,0.013902165775414258,-0.0013535969640893501,0.038450664341085405,0.010581310320954941,-0.004179659556130002,0.1834670641246152,-0.012877573401186697,0.2519943675732977,-0.0010475651900871946,0.0016250236206381467,0.002912298483078081,0.0022360012933320566,0.00014824330352812527,0.0008271933486457584,0.001144093015364375,0.0037928881294092753,0.011948627095580474
4_5,0.0013084745222466604,0.0011865930078367125,-0.0013856314898476145,-0.003426712148471313,0.0027541507906290795,0.00028768004637118544,-0.0008105532992411195,-0.0002681564797437228,0.012366079479279994,0.12399378053909405,0.08022162919969499,0.06625704166317549,0.011998805561107594,-0.0017699840661143942,0.004175518933917798,0.003055776720657914,-0.0021570988926054545,0.012059954528985914,0.0072483165592864066,0.02221629807542666,-0.005642137017899106,0.002061320634122352,0.022062171060512482,0.0016897067293378722,-0.015263277723719292,-0.13706591976587487,-0.02590484955497064,0.027145061251131367,0.034682219592659685,0.007632858868970882,-0.001173885451442807,0.06874085304886579,-0.0005463800374921696,-0.006785837672582862,0.19362170725884492,-0.006479887958054722,0.26436294491529444,8.48554085193212e-05,0.0022631099112896116,-0.002128963658824674,-0.0014484760134824955,0.0020096102217350854,0.0009218112031735032,0.0005141859121408318,-0.0019202044423448732,-0.03339034238732523
5_2,-0.02742801527519085,-0.027989180762110676,-0.03966780038474885,-0.04092769735838495,-0.02959923498795619,-0.026983283851761224,-0.02220240905632836,-0.019347217979854524,-0.01886526011159955,-0.1526481186856628,-0.11231161537947675,-0.9493279659698886,0.00956411286868128,-0.0017116128578842332,-0.010081519619901017,-0.005084175319753283,0.000542923804397258,0.002383678619713168,-0.007948919634066822,-0.018862504653090105,-0.007857482316658851,-0.00012728826444032985,-0.1495924426234486,-0.04379665958870939,-0.016425408840368208,-0.08477989556932904,-0.03509407781945561,-0.16561915372378466,-0.08553816006569649,-0.007378090873142109,-0.06498448861307345,-0.07298339044736399,-0.05153812190173961,0.00013477524883388013,-2.2817258265092395,-0.0434951738727027,-2.949812086128093,-0.032101081060221914,-0.032953253690972,-0.0389600504338408,-0.047424752636983,-0.028340324991012376,-0.034552189839112256,-0.018825421467208336,-0.03873044995708981,-0.008528347406316044
5_3,-0.027314388299085595,-0.02826316618055891,-0.006162602213566314,-0.040969532187996434,-0.03061816709107776,-0.027124500680225993,-0.01768909344787819,-0.01952309649012567,-0.019823026199444614,-0.15163662774474032,-0.10967155760274751,-0.9456845153610719,-0.00013121239366063113,-0.005954537620392525,-0.024180096426949772,-0.007784481891593347,0.00027628314057559603,0.0017968879923564644,-0.0075272692500727165,-0.018655636951940186,-0.006447202173610767,0.0004744632635796742,-0.15202380100122756,-0.04379047287834214,-0.016190267115015273,-0.08453607654846619,-0.013722996892119626,-0.16740385338666713,-0.08566978961652637,-0.007408737958841423,-0.06424478192642728,-0.0727503700867293,-0.05123463818324545,0.007501822396627594,-2.290043923494081,-0.043201755177898066,-2.910816232647488,-0.0320501296656436,-0.03351030687823982,-0.014868626171561846,-0.03667891196202957,-0.029380963290224615,-0.0352778326873895,-0.01415156696955755,-0.03987729419804773,-0.00865406846078066
5_4,-0.02747464131807348,-0.028286640942940942,-0.038914467452260744,-0.041253797363452624,-0.030921570287567975,-0.02693394002666643,-0.02122461934027067,-0.019254712094423337,-0.018768859152103946,-0.15273806524517594,-0.11229043343108822,-0.9355938708414133,0.009257595126384023,-0.006457637815021451,0.009377497046029916,0.004908626934661317,-0.0009826171348804131,0.002243035859262386,0.0018326642910104734,0.011863731296709432,0.007036842294807033,0.005558816732350547,-0.1482802116366883,-0.04406931669074466,-0.016316604204668874,-0.08519936993530275,-0.03522901977103836,-0.16632916927247485,-0.08540719595050512,0.007135350614492508,-0.0654711966213273,-0.07310097502304538,-0.05189593028844359,0.006463135260096731,-2.244391902509387,-0.044852139475795944,-2.8992665124993584,-0.032026329820015645,-0.03332388863362778,-0.03713062905749872,-0.047801326543077914,-0.029892071931499276,-0.03500619526014105,-0.019069488237137864,-0.0390737989655017,-0.008100498520086374
5_5,-0.028674966631722972,-0.027877306802327792,-0.038812208500551816,-0.040979565538951754,-0.03076917698554746,-0.026969350709813482,-0.0223081062110172,-0.019246205046482934,-0.033676562905671205,-0.15006580678762496,-0.11102675806271504,-0.9509150915936091,0.00019239657941583135,-0.005955496527190161,-0.023982048679505565,-0.004139494165785939,0.0004416993295822316,0.0016397076208078106,0.006154499659681863,-0.017819779058240833,0.015035721772877948,5.6336964123407694e-05,-0.1522461558883073,-0.04428014895390736,-0.01654568243989653,-0.08482164610861236,-0.014757476536085721,-0.16556950843574123,-0.044484897979272416,-0.007298166292615386,-0.06680278993523754,-0.07179839955366976,-0.051453360235101935,0.0001548594417258154,-2.2877548181067278,-0.044722647933784755,-2.898000793540885,-0.03225359610581884,-0.03328156810664795,-0.038280785610148506,-0.047568371556345995,-0.029571170226275794,-0.03497447740620264,-0.01907858069415623,-0.03921672103245743,-0.008746874119368926
6_2,0.001534319379545443,0.0020661128811287465,0.0027933445222476944,0.0018626563369382927,-0.00025628469776125705,0.000812537583982903,0.0025000778859523686,0.0013799231179561578,-0.0038452531175939718,0.11134486004689222,0.08096227734075995,0.04724309927439404,0.010357066142893195,-0.0004636679796935131,-0.005024305233214792,-0.0037308791255428347,-0.0003085438895894229,0.013834401703812914,0.002156777934073591,0.005118245554707681,-0.028172302552016908,0.004816976945859546,-0.07116562832187764,-0.04410653130595314,-0.00581618420016031,-0.16710057310424245,-0.02845950870076496,-0.04163044065828623,-0.05100324855735722,-0.12223078567844128,-0.0026523637524118603,0.01770404555795682,-0.0024275700240709904,-0.00015214099685809313,0.15542577875687155,-0.008301372108543353,0.21019451520791652,0.0026246448584783706,0.0016595186864996356,0.003974278909081452,-0.0004988427070320072,-0.0014927817866453971,0.0009273404297784198,6.197734858445596e-05,0.00032471759567955,-0.015503298166933561
6_3,-0.0028006968925839456,-0.001835560227956455,-0.0038659500265911238,-0.0020852816873383876,0.0017827803317932058,0.0005687610096827677,-0.001879288993062102,0.0007261117623974479,-0.00354532350767684,0.10636225493450534,0.07314815109938161,0.05711868524861324,0.012623318178672058,-0.0022514175286955144,0.0036040041810025303,0.005406185901453047,0.0032796584846911253,0.011819333466030956,0.0069838576920339054,0.010859795057912432,-0.018367015472355985,0.006654597310757789,-0.07246987591767905,-0.03991019771394784,0.014497274890551535,-0.16230632515071766,-0.0290436461004513,-0.03341540154731987,-0.05810947256714251,0.009851393371982759,-0.005488802856955262,0.0070306026488352845,-0.00998230187867541,-0.0073614445170976425,0.1754177086053485,0.0025384530148825774,0.24805543049888706,-0.0027357029839172615,-0.003836773385182088,-0.0043816998095064135,-0.0017964730440198054,0.0002367850673219795,0.0004507122576735035,-0.0003908615931401127,0.0025619865617638,-0.039582875925930655
6_4,0.0014315049775750753,0.0021704234563154766,0.0023364434575615816,0.002213183814502114,-0.0007617684117002125,-0.0004676141280042012,0.002140536083032835,-0.000809631443028663,-0.00992926198454699,0.08663012318895738,0.06234773407435759,0.042467637205504304,0.007831403518175703,-0.006657918307886926,0.0007271643548271414,-0.005764278098047943,-0.002815580058675653,0.004409858441774783,0.00388654817163244,0.004932662041652518,-0.021434577470290858,-0.0034363299209893413,-0.08981854701331021,-0.047085675959029634,-0.016556356348977088,-0.1783700113392826,-0.03384172405072939,-0.05597410626401363,-0.06521404475164533,0.005656045972009379,-0.009445793571476613,-0.04665967904075485,-0.011577047212040824,-0.0066493864318280865,0.09597061013409985,-0.002085459580680728,0.17061738236772714,-0.000797637893329814,0.001276691354506604,0.003174485567306791,0.002437367036739397,-0.00214642598189191,0.0002568087805417859,-6.783840460106283e-05,0.0005745156710272384,-0.039111433422904254
6_5,0.0016838996821035388,0.0022048322929972258,0.0023329636192684364,0.0019412705524278694,0.00013554497902147712,0.0008926311815941616,0.002787130308144824,-0.00045826138485353013,-0.01015925641740701,0.10689029658821327,0.0756168395718502,0.04432199020226611,0.010496159081088974,0.003632829968556586,-0.0012380955367109806,-0.0029072632295521045,4.1817857019402856e-05,0.01606159041901536,0.0016418496725858715,0.003948671345924145,-0.011831207684895663,-0.001403500255572345,-0.06977662866785915,-0.06109226135576372,-0.011617616532863861,-0.1341544168355279,-0.027196500059300452,-0.048828760598466574,-0.054086665091000116,-0.06833623505337515,-0.004636739117780094,0.04754417403929793,0.00012011597658611846,-0.006343524960297721,0.1113430319216741,0.0012582702223893254,0.18028939438636535,-0.0001902276799255129,0.0009159128935529079,0.004307527329865069,0.00020149433702174008,0.0007512523028148383,0.000710027958279182,0.0008559295737750496,-0.0007713828290914637,0.0018107298301188823
7_2,0.0014074291726646204,0.0016853288737466252,0.0022422949754366383,0.0020903249601655844,0.0013841341954394782,-0.0004566265878177711,0.0010690264982335836,0.00021534158162416595,-0.02626572566301916,0.07777022904187819,0.048585371931937384,0.05049685113445118,0.010015325608401954,-0.005150478645146931,0.0013480500561327182,-0.006849222146451912,0.0042510784437170745,0.00791707185084443,0.007843962611555694,0.005355183048829856,-0.019832240255219517,0.0008958469615219498,-0.0938882539551738,-0.0033955509570439686,0.03554236897931537,-0.16794720708169922,-0.03184018270808942,-0.04720204902027961,-0.07207355910363734,0.005441087758616395,-0.04271590265171241,-0.08343482674926665,0.0021233956975438076,-0.0075313786522335415,0.1237340255255306,-0.002264172088785874,0.16667376617605867,-0.00040105135251627434,0.0018969471886486438,0.003499430599150575,0.0020299646376543946,0.0009251640978000655,0.001151969566462964,0.0013884919467420968,0.0008650159385873663,-0.03551884442645913
7_3,0.0010295656940686067,0.0005196969799448303,0.00030872238805889854,0.0016906591350894595,0.001609124104977942,-0.0028935533684713455,0.0005033273761853041,-0.0006569105640123309,-0.028437877261295576,0.067387143907481,0.03824125921793693,0.04851205646772049,0.006108706171661263,-0.0065304496066520695,-0.01303804461704493,-0.012404978749087638,-0.007186097395455336,0.00282973934623959,-0.005240051739492592,0.00014950221084530525,-0.014297229246848423,-0.0017334170801490284,-0.08833741341223153,-0.009202875688696432,-0.017850091717232494,-0.16677531629223774,-0.034712996761259086,-0.05605857054510969,-0.07032939763364342,-0.0441950550986964,-0.045389517183522965,-0.08624477973296887,-0.010432027014353761,-0.0065798681233407135,0.12375731316565505,-0.020286415746234663,0.15635862734521747,-0.0003554860627693074,0.0010935347323210002,0.0029687341511449262,0.0005583489104355032,0.00011663505531783999,1.4995459640496875e-05,-0.000727386670471244,-0.0006486509884520345,-0.03394097494299073
7_4,-0.004286899761777359,-0.005017033515061518,-0.004629538615042035,-0.004240741091244518,-0.00713421962056663,-0.005431533233151145,-0.0019909901864060375,-0.00209141601360662,-0.02724438443534518,0.0714061671882505,0.04587787650096212,0.06537597371134289,-0.024329547712259487,-0.03156604612331324,-0.060285224525120605,-0.016576383030758167,-0.00618682825776043,-0.0075546083287511044,-0.008803125466520243,0.003231795513306086,0.004469300823885603,0.004951316370009349,0.017629884352649665,-0.014671580922476246,-0.023636338269278134,-0.16682700183554383,-0.03809952469331514,-0.046819264219630945,-0.07639330388395946,0.007452872620971083,-0.048517403716337414,-0.10014306642700038,-0.015016337739571135,-0.006480427180355155,0.19804125728502106,-0.015268089251612044,0.1921152324393106,-0.0032238621793718248,-0.005397472606595248,-0.004472470104461702,-0.00610084152501757,-0.0032977198539489005,-0.002544382720850248,-0.0034089619268380003,-0.005011453113024524,-0.053841785422419255
7_5,-0.0055352717398482005,-0.0055537161088973774,-0.0050819125361625025,-0.003640995851177434,-0.00475964900858996,-0.0057335447869699884,-0.0022397435740327174,-0.0018744359816224858,-0.021530971240741263,0.08216405762738972,0.04861632091684536,0.06588233711112877,0.00579092543606382,-0.005405387107419105,-0.0008040334451926736,-0.0053781853836960295,-0.0045144843679981615,0.0050837639786578265,-0.009201115934052633,-0.03173694847236572,-0.017906846162213167,0.0024771896504324686,0.016869660308757126,-0.017047136428304608,-0.025295523727740927,-0.16226362432165234,-0.035728479767227726,-0.04411973713682211,-0.07045485186796517,0.011143073696038203,-0.046062118919212976,-0.07859154454777459,-0.005015623321496241,-0.010750060952410415,0.1870239698154885,0.008440676571586527,0.20552595159912884,-0.0035025110875726516,-0.0049902886308108895,-0.0056873986972644655,-0.0063607442564540245,-0.0046967733290310095,-0.004613947887755621,-0.003224875495363584,-0.0054050125290442015,-0.00915021905358937
8_2,0.0013205274051643655,0.0016184708096893313,0.001897179306113168,0.0021178149290818266,0.000750573562022615,0.0016055134690712263,0.0012548662577329805,-0.0014455276873897277,0.014272903423431568,0.12483122822407479,0.0933200719982783,0.055094114749393186,0.01482147239024492,-0.0005422076146896146,0.003768786017721792,-0.0017000907206508235,0.0054212336147391234,0.0152529626352312,0.0067480709164985855,0.014071360466317158,-0.006271337211764668,0.008473833115761263,0.01207910167363457,-0.042360171639843375,-0.006886641983667163,-0.15166380767704934,-0.024385827408848294,0.04122337654486415,-0.040721533025745986,0.015247388338322784,0.0014280955207924757,0.07920517916273316,0.007438664736868768,-0.005242784234699267,0.11052998953962861,-0.009425021473262303,0.1925281287839371,0.00032271265588201326,0.002806634831815501,0.002529950810672274,0.001969220630836073,0.0011266463439556845,0.0010632986998949843,0.002666461994083438,0.0017600976062448327,0.010247883779321296
8_3,0.0011784565727957763,0.0009006702425719546,0.0007567029827924186,0.002532817478424748,0.0002702888921291077,0.0006295313341282845,0.0016969692477895053,-0.0006918324680796953,0.01720414761579229,0.12389707480575292,0.09223130428128207,0.05289062461272019,0.012509191955442499,8.168271351410012e-05,0.003964587597845658,0.0028127913139913254,0.0041721204395725065,0.010815613947176984,0.007120373133329675,0.01585754671588609,-0.010479620937669232,5.964653209179154e-05,0.012030979121867371,-0.04996665206121014,-0.015548939158061817,-0.15558780263714952,-0.026479817200326064,0.03827454841085151,-0.042480013925040874,0.016916845242954552,0.00033911059154711923,0.08500144454715937,0.005695391910552884,-0.004446283423341169,0.12080055747158806,-0.013759810264310467,0.1948069819325155,-0.001972547793855042,0.0011562176865320135,0.0034604090608742703,0.0016459770564036448,0.0005632836657969102,0.0012192596223450738,0.0006070529546710315,0.0009073099412192133,-0.01809485843192129
8_4,0.002259147415376593,0.003501177228198208,0.0019090633157673761,5.764284088585246e-05,0.00011669908257016204,0.0014660437166498434,0.0021926753476108353,0.0007289091838117262,0.0179230459920219,0.1254208205825407,0.09353659835155624,0.05381195294693284,0.01039377288854895,-0.0010833583222645852,0.000266066677568357,-0.005110673278391199,0.0006027746884600895,0.009553222890231583,0.0012394400663590236,0.0076140910520679,-0.03054164366089441,0.003781591696521974,0.010383616163017355,-0.04925633157797907,-0.011876372653833983,-0.15449288843458112,-0.026833313331143485,0.03467110074401282,-0.005998920496833113,0.012598454138059932,-0.002485815716175749,0.08279147968940062,0.01381453751555234,-0.0023380522973629665,0.11808985771054913,-0.014686316934631965,0.19816241508327748,0.0019504085381922328,0.002127211360658365,0.003730038358676952,-0.0008390828686749385,-0.000444594492287972,0.0019945523308733796,0.0013467849647544904,0.0018584762795810811,-0.02418864188790203
8_5,0.0006732985967148782,0.003220362858479668,-0.0007740158381860045,-0.0015169215361495439,0.0022196283995941208,0.0014186779514590167,0.0026587505844813883,0.00020290645921640192,0.01955962738008054,0.11667120054695472,0.07862895257520591,0.05913712984450353,0.009712483895262681,0.0007441317627568649,0.0011037843285418378,0.006628864242864858,1.4642352209595412e-05,0.014184608333856555,0.000517306688571681,-0.02020527873720476,-0.01566647481534343,0.007460334691274998,0.0101738570979719,-0.04454025268853603,-0.013338436697818009,-0.15736362090872436,-0.025526318126252206,0.037719556889953244,-0.044997318907226455,0.01733964651088024,-0.004764459358341123,0.07960465926827537,0.005741086348183462,-0.005679172735950462,0.13252158057572488,-0.009147116422582147,0.20929043041918663,0.0016678664836917948,0.002945440651253218,-0.002084818138192492,-0.0013380736628146252,0.0017447029866938212,0.0011315328173252333,0.00247417364776643,-0.002309272606267561,-0.01832999590342668
9_2,0.0014319775938178298,0.0023957721563188364,0.0014112898297295843,0.001449995824985471,2.8802547432457082e-05,-0.0008711244047736367,0.0007825091322796833,-0.002149486594704666,0.012737170963209922,0.12439175615729987,0.09197136470203708,0.05363035001228329,0.010779473537364446,-0.0006446343677014104,-0.00042582457945313293,-0.0018648342610844272,-0.00018850359082073798,0.015476632380230932,-0.003527773099971177,-0.017476071218149626,-0.01406970802744463,0.00320191713788718,0.02537888793949303,-0.005731422891830354,-0.012861980642029319,-0.1529000291861984,-0.025640676101210406,0.022432943327751236,0.007744529482941163,0.014982041842663578,-0.007645501939207825,0.07167484024076823,0.013146340961467377,-0.007647779707724846,0.17758241645821765,-0.0008070830642892557,0.24168057344014304,-0.0005411139509380521,0.001825704394355777,0.0026097895111056,0.00058967436942809,0.0001087632503601354,0.0008916851333319904,0.0010300010484558609,6.472491196405375e-05,0.006151890190533065
9_3,0.0017989392273194502,0.002605173703601107,-0.001467163700069917,-0.001969795397301799,0.0004241360640042884,0.0007956014564554447,0.001079485198154276,-0.00013227393583056232,0.016097588963022415,0.13091652449126331,0.09853820525684628,0.06058455781070734,0.014952628479434054,-0.0011231978946020882,0.0023890203680258944,0.002603588884281007,0.003335571960204706,0.01514850614423449,0.004944479789509062,0.017491937938821072,-0.014606087660842539,0.009059427955934046,0.02899512792487412,-0.002940366115439718,-0.012750706323372751,-0.1463782870526654,-0.025043329279763344,0.030659675091641247,-0.009021393314131482,0.01454417294649126,1.2918810793567689e-05,0.0795571101556895,0.009373038172769695,-0.006936060978652576,0.1952730750911234,0.012383564284409246,0.26227415081465616,0.00041755868116000487,0.003031349542953417,-0.0019693416860517964,-0.0001620235006174109,0.0004262520318767694,0.0010672947653703824,0.001492925581323166,-0.0014028203762606343,0.014122703308550998
9_4,0.0018381655598320994,0.002234862100636143,-0.0017219562759715325,-0.002207340909226407,0.001357471103411921,0.00017528877512014874,0.000733789542713399,0.001663748899636379,0.009669887196146263,0.1264669255301224,0.09603135952939232,0.058865315837822695,0.014753975164142239,-0.0003673024331664382,0.0029246960767000904,0.001738961379697805,0.0036379814223213396,0.016390464954751615,0.006307346503805795,0.016321855809616623,-0.014189194023419045,0.004008315434916109,0.027829423136471243,-0.0025473375220195853,-0.013249876544357072,-0.14434111733966876,-0.02416445419527903,0.02607592261571988,0.0004625611984701592,0.015386722080005532,-0.0020358072680018444,0.061631071159122246,0.011773352981030818,-0.0063757171373628385,0.19138308832643816,0.04372287983198081,0.2543270333137544,-0.0002361186764262984,0.0021991902324853883,-0.0020239772263686926,-0.001729300863338588,0.0025768854577241885,0.00044765183306901473,0.0014083050004305639,0.004825620595686536,0.011262310683452976
9_5,0.0017187094836484539,0.0025633965548997363,-0.001718929610303569,-0.002547968132018856,0.0014704187750276194,0.0005519583167072372,0.0005984290657004821,-0.00026701982630762455,0.0026906165451186194,0.12594446247371066,0.09366888753174402,0.06104077201606182,0.014678562272694547,-0.0014971664834182513,0.0026766895004310246,0.0014405050380117883,-0.0024652290661759894,0.01503957511377208,0.004729164037399394,0.01773161698307795,-0.01389045037666405,0.0034030250780952387,0.02889217772267683,-0.00011359919263585676,-0.013174804418104232,-0.14831357176591137,-0.024915238233498192,0.027966781359950517,0.011925503747519215,0.014916817563859406,-0.0013232615142693884,0.0699744278256218,0.011322477711155392,-0.007315460621742958,0.19848489525427487,0.03213784352044351,0.2636051506427092,0.0002341066284430903,0.0030866368184767836,-0.001918067133019147,-0.00036977724670331214,0.0025917455954632303,0.0002606642714297502,0.0014582267489469762,-0.0017346209251782568,0.014427211710325412
