,0,1,2,3,4,5,6,7,8,9,10,11,12,13,14,15,16,17,18,19,20,21,22,23,24,25,26,27,28,29,30,31,32,33,34,35,36,37,38,39,40,41,42,43,44,45
10_1,-0.0021627112123790383,-0.003328456612320857,-0.0005881984857895709,-0.005399404994730869,0.0012927467332126301,-0.0018855141230488955,-0.0052293023645746325,-0.0043179907378426505,-0.007464565259598352,0.27775162931746855,0.2729607279810998,0.23132240516166394,0.003695447370459467,0.006701474023813489,-0.0013394334993257358,0.06382367082468866,0.012628776912730412,0.012157115029373776,-0.000585459966890459,-0.010516037008933445,0.007990094014326663,-0.003910160360261808,0.009550739066004446,0.2447843721611165,-0.029810861755386178,0.15798871926065186,0.19888818840554925,0.06350535503905493,-0.0139937042122813,-0.0014418252781358352,-0.0012737489018363878,-0.00643509295172065,-0.00850133479289879,-0.01573990240770221,1.1229712573636872,0.011835542230427171,-0.01685510864536759,0.0002959779328401818,-0.006468908211915921,-0.0019476963423138735,-0.0034262072184920566,-0.003892804921040851,-0.0015312797614614984,-0.003814671792431509,-0.011482611710043483,-0.0009647632301599343
10_2,-0.001877372233783323,-0.002574056182670457,0.0016714875237757113,0.0016568466572037535,0.0018536713449674614,-0.0013368452184786333,-0.0020096259128186728,-0.0024347891813191326,-0.00661517719923426,0.3053249253990088,0.2723683629127354,0.24815826567011218,0.004571315171725309,0.00758682181777736,0.01343071536119015,0.06631889732391433,0.030569308771719563,0.031024496122806697,0.012681908573839442,0.04756546274948954,0.014451497405854167,0.008707900000106232,0.05427442783033726,0.26539966349437777,0.1038979563143023,0.15799590712633096,0.22813310038687842,0.16117743529987602,-0.01804055108024005,0.015932759281418265,0.001213766401209302,0.0048379569330297065,-0.00480618052402821,-0.011625428538092742,1.081840945614219,0.012661116948776177,-0.009766640741001502,-0.005211161571425292,-0.0011524241135016894,-0.0013494206240833747,-0.00380931737859239,0.0001291584072578563,0.0031808097835279454,-0.0026273970809953624,-0.00913736399677062,0.011210773317138335
10_4,0.0024161157819889,-0.00019245260856910932,-0.0017591461671558478,0.012683057688621864,-0.002719032581186482,0.0007555761078157553,0.002509038172268171,0.000832464652498336,-0.0012101778771103043,0.3080730188926431,0.2846470873586192,0.2500114276204229,0.003739541059022196,0.060774046500189735,0.010905152048464,0.07169203723532244,0.01200948483439233,0.019069941877733462,0.019786009079864803,0.0546937955671277,0.01447416529698531,-0.0011574958743897448,0.057345692078203246,0.2549152259271534,-0.01737763544187598,0.1509481490344409,0.24209849100491376,0.1576374654929564,-0.006205535010116533,0.0038382176814586192,-0.0014909196086907938,-0.009586072562376573,-0.005787207247223717,-0.015436569957066394,1.0688671731571306,0.012305352162825184,-0.011135072893072919,-0.011400122144669336,-0.0014768484177522326,-0.0015457645373129182,-0.0023360355665495804,0.0020923171291046872,-0.001350158304349119,0.0013164054505415488,-0.007318084649903846,0.005642753940461084
10_5,0.0007676633337847761,-0.003944003463867109,-0.0008791590034172952,0.014890557653829331,0.0012671471384758167,-0.002634674620473912,-0.0028695231475243093,0.02192942676980253,-0.0008234879914542152,0.2870449081351771,0.2882256617635449,0.24456760627008986,0.006040228967102756,0.009542997929565334,0.010744814776661189,0.07835154082994404,0.016781074189318564,0.01514059622224872,0.02040720935857383,0.04832730193277702,0.013323059566692863,0.006906463667607209,0.06508504840945398,0.2614422630706747,0.10286866407378902,0.17703992030237012,0.237344780177703,0.16435404967137604,-0.012992255137862974,-0.023483167486477777,0.005471935261083169,0.004373100430346107,-0.004629481374872458,-0.013129624790510826,1.00228446202534,0.010584748836518132,-0.019741330947444298,-0.006440576113950761,-0.0011821257693169452,0.00017603167760351661,-0.000972424849034631,0.0016920157095020498,0.0013137341448895706,-0.00330497338596011,0.06953626805950913,0.01198854047826202
11_1,-0.0011644527029781163,-0.0032433679634678533,-0.0011462539280608212,-0.006964923464731973,0.0040647687557554164,-0.002850616178056208,-0.002269113492418662,-0.004376886364103029,-0.0075492354079321,0.22035557673885153,0.2407546851187614,0.20923415800329095,0.03265586174015965,0.056399715827199715,0.015910287465104,0.055570491418320635,0.028448738691640024,0.053878166200919515,0.013040358427951336,0.04245566850892838,0.01103222479569244,0.005918232659847778,0.012327818584577625,0.19384310327758508,-0.025186787050903197,0.13756477042281015,0.20717026504667904,-0.1454086629502457,-0.023636128966172076,-0.020764085669716683,0.006324842891172176,0.0031741978605147676,-0.005253976614573153,-0.012990950848551923,0.968934113012067,0.008684142084729476,-0.01994293759219899,0.002381247518732503,-0.004870641216867185,-0.0014242859491705089,-0.002712573386247254,-0.002274893935905206,-0.0003135155829855138,-0.003201785648655008,-0.008214474444855575,0.007047317419712559
11_2,-0.0009639235507176179,-0.003601347546152131,-0.0021243636809198225,-0.005362587447781134,0.003272688082451923,-0.0014218873742346315,-0.0027343943795939264,-0.0033579750222077005,-0.005182656457013078,0.20168124736398027,0.20557915841361232,0.1956986768773466,0.004162599935013816,0.007836814729187931,0.005328009780915208,0.05602248510073709,0.007612804660198241,0.01478343168178304,0.014412211850727018,0.028345130761660123,0.011598606705735074,-0.006855974400298032,-0.039536479930847634,0.18796948684248851,-0.02537789510637629,0.11311244182253052,0.17627320605310287,-0.1293989993473135,0.01866016881627438,0.004712021039727652,0.008215751467341883,0.002028137616121333,-0.0025207590481533503,-0.016526443721172162,1.0300462129538337,0.005502265759910188,-0.024922456574564638,0.0034034378296596965,-0.004498793916364001,-0.0006032624128101087,-0.0022864806031486946,-0.002417376409430232,-2.244099306939753e-05,-0.004440902086769178,-0.008671993517225805,-0.005786160605228373
11_4,0.0016703150606430196,-0.0028358566436758738,-0.0009652221120292679,-0.00273303666314454,0.00558510437786311,-0.0005095997601265358,0.003928128696342345,-0.0013285171019796255,-0.005435655108728109,0.214636931497057,0.2226748505808242,0.21298507367352731,0.0027907888461255297,0.006986626975929695,-0.019058315520058,0.047746394909096636,0.011553990334951606,0.010868845978391571,-0.0006317367952567549,-0.04450225522639122,0.011674996700535272,-0.0037772292391377083,-0.016781204023049143,0.10932452340246851,-0.01575639193255787,0.02277109491384067,0.17469739512785115,-0.1089413002698403,0.021612808155873763,0.006119918797151705,0.0244577845211006,0.004442433449356632,-0.005792125885777908,-0.018684098277211198,1.035367139639772,0.007856396670242526,-0.03458972720163388,0.0045323345887351915,-0.0025278001267892585,-0.0001257744574777061,-0.00408803563343722,0.0012125134302134262,0.002577796377399755,0.0002592981672836274,-0.010030064764523386,-0.0006103446009972239
11_5,-0.001537856725583436,-0.002847537979678307,-0.001288964181704713,-0.004073580026042316,0.0015158439937594968,-0.0011747285302744549,-0.0019570503020508675,-0.003164079520202034,-0.007389588525255861,0.21023382848264746,0.19059506519942598,0.17235456554370487,0.005776150652074529,0.005759327490814829,0.001368735369825283,0.050437692619527644,0.00935071938303358,0.012249135475429971,0.007480511600124603,0.017595533514177204,0.01096776704472659,0.0015297048065249104,-0.030028806729204226,0.1439378528170262,-0.024825193461183215,0.07419522975809431,0.16392841373791286,-0.09695153344943935,-0.026494179121743112,0.004235848947760677,0.0053338713276643275,-0.0010935051634749023,-0.0036546648277458447,-0.012025575766353415,1.0249603253024815,0.008831179062477311,-0.027618992566155784,0.003386876659354285,-0.0020544319077499085,0.00012015787804860328,-0.0037939242743577567,-0.00019761945010872956,-8.782592593267185e-05,-0.0011694674167278165,-0.010504947519679723,0.0017850978166184888
12_1,-0.00046265480003024453,-0.003168044755164235,-0.0026252208091203317,0.0009360817804873354,-0.015736733235586185,-0.0029049650337253314,-0.003104890912727905,-0.005443605262870556,-0.0016157221720205536,0.32166093957882375,0.2823331948119926,0.2316729276739341,0.0032053469123053827,0.008345341070622892,-0.009264648216848704,0.06448134188035998,0.011272285754283792,0.013829210441614287,0.001765331906995496,-0.10066830900787334,0.008790584477203132,-0.052290968184910656,-0.027380742806078103,0.2352057565751026,0.01737394904016601,0.1411639447533277,0.23045426403364888,-0.09954146598900751,-0.03659188660129226,-0.3037962111442398,-0.03739924149337192,-0.006526931934767922,0.0005128287758556643,-0.09579532818500822,0.9680892491285124,0.003653910519956355,0.0014155010188201377,-0.0053704728230373,-0.0018685038625812038,-0.0005959225234735044,-0.0024657345682723916,0.00043337459295878227,0.0008386629659287829,0.01347130584642371,-0.009415590149752563,-0.13310122392893448
12_2,-0.00031525165892038945,-0.011514895181323571,-0.002664397566139986,0.0021825509050869937,-0.0027938561507013363,0.0008803836997090797,-0.002432326231549816,-0.004303542916269049,0.005373024236710048,0.2638296678371721,0.23471695814499324,0.1558213002579561,0.01854954484991783,0.00849965287886879,0.005519397332320855,0.06933055537701903,0.007967054970244436,0.015426335315459032,0.01358982285482122,0.03528973568137871,-0.18240344695622523,-0.0631983372329172,-0.027857244650362597,0.2256301903452788,0.0910486113993084,0.12704922402531926,0.21275264825224235,-0.1229957520903302,-0.021385697871413038,-0.02865005567426159,0.0011474482909694505,-0.012495938576156268,-0.00510249006216214,-0.013071024216386038,0.9547347950598966,0.0028919238333890616,0.0030899032449616015,0.005772185393431283,-0.004757410887888046,0.00025228339067042674,-0.0026248713267632597,0.000500482143748616,-0.000493417036965787,-0.0024712945467721395,-0.009951168889464256,-0.14338698420536988
12_4,-0.004270311850127155,0.019051095805082317,0.0026621325680601144,0.011921109530869072,0.0007610509627500918,-0.002046290205180604,0.005522936581201698,0.02477367254705181,-0.0032054109280608705,0.2587529707257521,0.2120466584048536,0.13736209620370043,-0.007241741174107263,0.005445424003633131,0.006328640799542845,0.06645051593864865,0.007518245633851185,0.016464241673711064,0.011932300089996444,0.03669396117719285,-0.19782373433907646,-0.06358578649576697,-0.04304492717639376,0.17541791101052082,0.007753640907696874,0.10432645916548201,0.16812217834893206,-0.10941095175154916,-0.03808222869734469,-0.01919422847273362,-0.017330388309321224,-0.008508286513270956,-0.0013950204158822157,-0.01319660015845278,0.8147558527438118,0.0018382564755878216,0.0027689130487342363,0.0025967775337160824,0.008631717694615017,-0.0006216368068835888,0.017902037330077926,-0.0035512656777178042,-0.004146644601394989,0.0034379697747141664,0.06610259613100135,-0.14494911502282884
12_5,-0.001457869292203778,-0.0021336586009602612,0.002368505290323397,0.002521188648953625,-0.003551854031286594,-0.0013045123842995326,-0.0031009426447263784,-0.005097959933942456,0.003254242769087647,0.33299068404672183,0.2801693878602883,0.2361025624914308,0.03464097857041405,0.010741604767525559,0.008344086491686508,0.07030602627442334,0.014175549418442596,0.05600108923470124,0.012221833462383754,0.04037208719811446,0.010808182511460535,-0.050411788890134424,-0.028885505978685416,0.22727187019457393,-0.007885302709487212,0.15045631116925615,0.25732607081977354,-0.09717127288727137,0.03016079531479871,-0.30552263512404915,-0.008198507193809688,-0.004380700801355656,-0.002880119741696229,-0.003946864993789478,0.9496368932721595,0.00879153494233026,0.00586191667950787,-0.0015039513255293922,-0.00214823652440297,-0.00033305040700423564,-0.002520074164876497,0.0006324181857860791,0.0010592953332039742,0.0015555701465889524,-0.008829156106590049,-0.13392546277562875
13_1,-0.003955778596160681,-0.0029462112631280955,-0.0018020755773526095,0.005072512509199888,-0.005903109897286423,0.0012810391273713223,0.013175997321732691,0.02557613557892888,0.016231081693294187,0.03312637194313846,-0.031837008946398335,-0.0058669808445148625,0.0038893222026024875,0.009793463532348947,0.011648404662899396,0.05850290247708158,0.028754236789111026,0.018543883072127534,0.01822882734707779,0.06344594278245781,0.03843494689269618,0.034159924142141584,-0.013580574331996562,-0.01776009255474841,0.007061007692732705,-0.018463473301995378,-0.02460633298164377,-0.041958909637395854,0.017950858869744353,0.009224350239645029,-0.004664465915958566,0.015704502362478598,0.03423835025092172,-0.005461312719317733,0.8181652125261211,0.010682270187674286,-0.01741887884390173,-0.010437146309907235,-0.001072403109538987,-0.0024771178057806345,-0.001192323365050707,-0.0006605485399867119,-0.0035973075417324936,0.013365505197083502,0.0657381964928876,0.047985689160455904
13_2,-0.0014636832880141892,-0.004958941490097468,-0.006910566298091287,-0.00454075207599308,-0.005813551490356749,-0.002574379823356258,-0.004647710219535472,-0.0019159338922251688,0.0070461115973619575,0.012097386005465586,-0.04636068024836512,-0.010042082813717072,0.023200699206744647,0.05898140205698484,0.01855028199821429,0.0586314981710969,0.03196685374788834,0.053818515118252336,0.015663244420670946,0.08334004018269282,0.03796249822737753,0.02604545317612726,-0.010017515742331364,-0.038944857253977366,0.15411811897597946,-0.02956907579908017,-0.031720868118185655,-0.06269780117504697,-0.001845431805895182,0.0159337050828311,-0.0035044387880335997,0.001506767838927166,0.009437956017214276,0.07701078020098634,0.783548160520449,-6.693403190844769e-05,-0.02700467844414862,-0.011892267449720295,-0.004911950221762304,-0.0008081598912569807,-0.003472140118323672,-0.00015403255057677397,-0.0042677371871887,-0.0034913736385958896,-0.011491411632540484,0.04451667108004689
13_4,0.0030502113875835596,0.0387411373104434,0.007308916665123238,0.011688998139291994,0.005792547053500547,0.001785458727046593,0.02052367534894672,0.0251632658209998,0.005662576583946236,0.0419935218582624,-0.03097114924440504,0.017087467855954885,0.008763392661202296,0.012789520838245172,0.015160844973656799,0.061216307484297634,0.012836497901543516,0.016818341374388316,0.015363503263042885,0.06089919563219806,0.03221772221121147,0.02330980539362306,-0.008056708557068432,-0.016198000687132005,-0.012043247001601502,-0.006724395245170012,-0.021345347653188452,-0.03714990755245236,-0.010203788579979856,0.0134492637293443,-0.007588885228464961,0.012703873701855785,0.014843612115444278,0.07630897773580025,0.8464518438664158,0.015863996984242287,-0.011442303464292704,-0.003464315000893163,0.038899979063510996,0.0010906028229812886,0.018865688280408972,0.004545840854120201,0.009101268216475214,0.018033308790840946,0.0669016818581388,0.03970195377039645
13_5,0.004610159933440709,0.017072724129155833,-4.1131472882054284e-06,0.009212509203187183,6.802600653141727e-05,0.0016667564703213619,0.013165617155147417,0.0272806404816971,-0.0003539459218124593,0.034795836799731396,-0.028562922013068662,0.010093663463427341,0.008554565438331437,0.011817311828049784,0.01070029505543279,0.059105367559331747,0.014437099397986606,0.015438344236891692,0.015180737455861753,0.06091659432089799,0.03284514089620692,0.022948842679823302,-0.00913934025373532,-0.014910440174513234,0.14358510857318307,-0.006675580039203445,-0.023405905947556784,-0.0360679910057075,-0.015939720995875335,0.012739957407311762,-0.010712951689085945,0.010682087592721642,0.019761906707809272,0.0849739445751728,0.8082355261006533,0.015171965403101038,0.006093736717598269,-0.00391115969778078,0.006360897145608012,-0.0014519878595236966,0.018300404377951253,-0.0010788023748995778,0.0017812333799355029,0.014382469036451491,0.07037672089582075,0.03195083311372714
14_1,-0.00182589415636242,-0.01741581732023116,-0.016216679434255983,-0.008721834682126,-0.016651669502306916,-0.009881476411296972,-0.002481765629167142,0.009815545061301405,-0.05142064978675231,-0.16484345444309265,-0.05821089178454625,-0.011010848360224184,0.01766517586614258,0.05631886731823646,-0.05633846179009637,-0.41242174738106974,0.02040113587814162,0.04727549313146378,-0.10345202399070978,-0.16890250372180954,-0.4604937421767857,-0.0021229594357240608,-0.02660350377894651,-0.07229475958645418,0.18515665514987498,-0.04534205944197953,-0.04374039358043274,-0.17787669283784835,-0.046864705790971906,-0.10069873152957698,-0.07373673289452207,-0.05162054905934309,-0.02148446982446007,-0.024398626992063386,0.5804947466667578,0.0051923175362626256,0.004616827550785947,-0.02593604970952678,-0.0034250798601487085,-0.011561581404160637,-0.0018144086962761173,-0.001215947502521805,-0.003605196384248832,-0.004194612029279659,0.06582578483529214,-0.025786896620808356
14_2,0.000775498027586514,-0.013756356409270103,-0.011834352116254786,0.00034937198772723427,-0.013541309108700234,-0.0087263757032483,0.002925559927414933,0.024938784468863023,-0.024938751330681595,-0.2081984907636322,-0.0745112774814368,-0.01414204556243317,0.015998044493930955,0.0033305655772811913,-0.051516147916622596,-0.3920365491957261,0.005577494377488705,0.00767215505978457,-0.0900650003923774,-0.11649661295479602,-0.3807935646358757,-0.0017502972466176534,-0.02598779888814154,-0.07530232826721245,-0.019279814061494597,-0.03331757443814809,-0.060000845048847125,-0.13642989132250533,-0.02920681181314842,-0.6667038532871862,-0.07177619264096735,-0.04143362058060724,0.014520041918128194,-0.14945342091870684,0.684335169158779,0.0071977935690925214,-0.01347040741536496,-0.037777127544756615,0.0009803413826553224,-0.0127171243060441,0.01994941690025014,-0.00025064578323302344,-0.002465203255468043,0.0005208680095957701,0.06603108985566836,0.0009595792667904546
14_4,0.0011001594452254232,-0.007533113699310127,-0.0036707492506022257,-0.0017471176309369913,-0.01710476661487763,6.361535112117888e-05,-0.005381909431186291,-0.0027252802910932073,-0.021814597952657437,-0.18557448361570453,-0.03842142311448634,-0.02036828316008925,-0.21492034799707121,-0.48194623921343155,0.0005086702980286324,0.02706610539440988,-0.49087331063977313,-0.5050743865244077,-0.004246494848970091,-0.10209596975646094,0.014957956966063078,-0.11252864703944399,-0.0011707673188479728,-0.02827814668876596,-0.03628934565982809,-0.015999884940937518,-0.04195330884779598,0.0008640213160903161,-0.025558932831894993,0.0022850671981413766,-0.06879269055455044,-0.03182145996445871,0.01718563824011542,-0.008546110866698212,0.8202126337164412,0.01156218327434249,0.007811071152785583,-0.016405762540408323,-0.004662606911045787,-0.0002741172372651811,-0.003323672853058277,-0.004313486004554896,-0.007290720832263465,-0.0025975553220381085,-0.011667267875829479,-0.03250211036264544
14_5,0.002729986689642554,-0.009052495674694887,0.0006122662194114107,-0.0064273174641798865,-0.015001392284724198,-0.002193638219113821,-0.003417027873941485,-0.0006666592833476594,-0.04135495783794236,-0.16960447782648802,-0.031929574391966295,-0.022269503595844804,-0.12261214020583229,-0.2798757938182145,-0.01939925401154345,-0.2733434912155557,-0.24830560886636294,-0.38706812812994856,-0.01159754197437922,-0.11976095881620069,2.6082718628858872e-05,-0.11987599517959065,-0.013121284759607757,-0.036091137411975435,0.021968677877467584,-0.019386434078714095,-0.03200764098619852,-0.05635140771384974,-0.035785597681516956,0.004603663452885163,-0.08012522305813433,-0.03759731910004946,0.017777797959935806,-0.010239076264372773,0.7778825148853727,0.00744986374355554,0.004147893806519478,-0.006629076499384244,-0.004041731147451419,-0.005078611735530658,-0.005152969594442326,-0.002158251428409278,-0.0042440636797590695,-0.003149748926089962,-0.009351435612133705,-0.29749586654992355
15_1,0.008737582708497754,0.052073105318197095,0.007725318078068296,0.018985346580392415,0.012231078886356484,0.0028553490504672745,0.020484656251465127,0.02879072564833679,0.025425105410961577,0.05298025805856538,-0.019371197025463215,0.0158928403803557,0.012969331688801057,0.010892367427041924,0.013001417193736722,0.06506040248399422,0.015544819365997633,0.01768975919659934,0.021768985890249958,0.05398884202274214,0.009763477259585342,0.0009191296782394725,-0.00654719693756759,-0.02010685146606703,-0.015143672804144196,-0.028660254086555658,-0.01586185000948265,-0.04695690066835299,-0.011585726319704677,0.014334939360677612,0.009597809015856686,0.0035264745868536,0.01916896762532591,-0.0008770459586611474,0.8621936247221197,0.010392009025718343,0.02409535824628994,0.00015483117342948418,0.04813639289089519,0.014868376238610143,0.024812899070603644,7.803529737803817e-06,0.013035730044783377,0.018077053946553998,0.06903218556008583,-0.018879644773420943
15_2,0.007053223870811028,0.033644351630186524,0.009392581001249964,0.013748670426963308,0.007619576255946725,0.002478103839312687,0.01512638164849078,0.029175451876119154,0.016277494382751057,0.028263829648095404,-0.011676679407778785,0.011536504840991144,0.00819933652827208,0.010957830247259673,0.03164941390364548,0.07731436192325092,0.013284595694670763,0.015981902078030324,0.020865049276120894,0.08862477972306326,0.04068595469020524,0.005883083367497805,-0.009634327339302376,-0.008126635423926255,0.17484235110151475,-0.0012823146760449437,-0.01582317425246266,-0.07078456094880002,0.005856523998631114,0.010206299959673395,0.005868273733383909,0.01680664773802148,0.03526173027610397,-0.004769944892835485,0.8241281837729132,0.029995763421736633,0.018369071854509263,0.002585721738532531,0.03179239913713841,0.003626589334620595,0.021290848124213564,-0.0005386464234692609,0.007717103907261817,0.012906593381716285,0.07100784363508636,0.0038734788945166626
15_4,0.011014351373812865,0.038847321602818924,0.010306648908618835,0.01832190033409934,0.014477341883492695,0.0022076795355212052,0.016655614141384,0.029777759263851077,0.017787757041714293,0.032620538895453494,-0.013448961311874003,0.015875917941106408,0.012269318564672966,0.01126707469408113,0.015706072684419592,0.05922964568862097,0.016557829555651663,0.016673725442383238,0.022714693720183112,0.059888616127616964,0.02868952926822407,-0.12740660900804135,-0.005134701064019371,-0.008529932816018054,-0.01554583879192055,-0.003633014133603323,-0.013623415625040401,-0.03789336382800889,0.006057022355143333,0.013894818038323374,0.006300855870361534,0.01518080031308503,0.034965649923186626,0.00034349678917586473,0.8549301459115465,0.00784824798438909,0.02521537306382977,0.002777474297245565,0.03693980445144353,0.012866503232683122,0.024227193875513024,-0.000141783695445767,0.006200425471825064,0.01968475243088405,0.07302228828290518,-0.026971839949641356
15_5,0.004254484654579954,0.019794574286392985,0.0076488388563183815,0.0161500964169287,-0.0016806138543670884,0.001972003505768835,0.011898025815098419,0.025973046007270684,0.016100781423085568,0.03984951573046651,-0.0137606195924741,0.012302851446527265,0.001684230560055369,0.020983254728399483,0.01708229688442266,0.0691865718326408,0.013496728760869882,0.02467580395794414,0.01989750624471813,0.06241265022229991,0.04388851853223677,0.00591789637422975,-0.007055812095065177,-0.0060204808171671256,-0.022524860454535046,-0.00454977934498807,-0.020852914470863643,-0.00017739230107870416,0.00647314606509538,0.010332350921471566,0.00831308602693325,0.02213067555786342,0.04131749997144424,-0.0019724538167642733,0.8552496909031627,0.011043415915897626,0.025813108160250273,-0.0015794193643587553,0.013281688453974986,-0.002083084351651201,0.022729989597349225,-0.0010322649803649459,0.0029856932746001766,0.021195816269717428,0.07247160015095294,0.0002832812694205468
16_1,0.0042713142830538555,-0.006128488711088106,-0.00113051022536777,-0.003352272852415463,0.003359294303956407,-0.00048606899193089667,-0.0012582339177105563,-0.0028721129780902802,-0.0061547538341661,0.00895785233751259,-0.020544154783510224,0.004968822156395273,0.006400797699650128,0.01172980122779754,7.700893303215305e-05,0.026471155389736573,0.013126582623428753,0.011839228545964036,-0.0030505196758028393,-0.015847228000165938,0.023951929492055015,0.0082959351288469,0.010008126250252318,-0.02277108645823475,-0.008736698346534292,-0.0117807920928036,-0.025270535263543493,0.05727153344688025,0.0036354172851493873,0.0185999365152064,0.0057493404363678745,-0.002758987085253424,-0.008686504498161735,0.07387764215079437,0.9650718290019528,0.010416388053800758,0.014607736368203112,0.005180929613636671,-0.0044491190348117,-0.0008786381795285748,-0.0038989781945910854,0.004419655885892943,0.002285537085939077,-0.002188742699120377,-0.013014117445105703,-0.0014854155354572767
16_2,0.005221949223978959,-0.005694952801365492,0.0008557471595036955,-0.0013625167248818505,0.004234141789956134,-0.0004531564696604438,0.002134760023049999,-0.002816577218828526,-0.003926531579696539,0.013588694012178923,-0.01832529581075756,0.006167657001814332,0.005970750554924508,0.01184250199439757,0.00069617096581493,0.02912396198081475,0.012807185698442573,0.01514276640403662,-0.0023767435637843137,-0.013715457224269307,0.025836330016219673,0.012256089448413804,0.011065784713442873,-0.020697058544807564,-0.020276557237562984,-0.009868956609362892,-0.01848711121314077,0.06352610142371638,0.007859127290078363,0.019869822792869436,0.006037359441795109,-0.0014407034074924324,-0.00708621887323144,0.07962490692707526,0.992942979571324,0.014955571755677629,0.016112534325667976,0.005854223719078361,-0.004259131284773415,-0.00021769900945134185,-0.0030941005090117414,0.005176026328346295,0.0018319746645449717,-0.000128476668872519,-0.011482372798816226,-0.0014178200440448118
16_4,0.005104049357515059,-0.006019549503583152,0.0007548302423983189,-0.003242205852264169,0.0038115418982967047,-0.00015551467781553817,-0.00034736463456417363,-0.0022953733437859137,-0.005782082270448511,0.015933512532282264,-0.01695541832185725,0.004108732035264616,-0.0002710394534916372,0.006577390994078283,-0.0006409588715494184,0.02854862005053651,0.01206794913357165,0.01609839067857691,-0.0033441799729065622,-0.015476628273941811,0.025855687723611905,0.010125678696817186,0.009466165488257851,-0.02162586635319886,-0.02448762554982478,-0.009846420570363638,-0.019817000568939657,0.0567395459297776,0.007946057260373934,0.019380075465082407,0.005609429195871712,-0.002737403911492493,-0.010039834435470461,0.07578040766812486,0.9874525525308889,0.011351634306607902,0.016300658103940692,0.0054259404025198054,-0.00440586962694132,-0.0002715074713660991,-0.0033059702927376944,0.004172696607408397,0.0013616002110310482,-0.0006661896459758715,-0.012853784644252351,0.004518600176905351
16_5,0.002253301508688833,-0.006129352164964218,-0.0009459296245593876,-0.0032986985958106166,0.0032474475302755944,-0.0003074155630032841,-0.0006399080176697423,-0.0038769992004860196,-0.007354121157468753,0.005695860568484838,-0.021807568387703858,0.005226917520056302,0.005752573816629959,0.009851705631250884,-0.0019909652245009178,0.026372882019598268,0.01070356340574373,0.010127418117645564,-0.004939047948511582,-0.015877255120758754,0.020232474574503372,0.006761229235855052,0.00920955415316732,-0.022884670088941187,-0.023971852969984643,-0.012728733169473169,-0.025893225062318545,0.05712689059935902,0.006880244368874704,0.01802152869362221,0.0060216168878304555,-0.0031024346528915076,-0.00908258885543135,0.07316255021866605,0.9853886325207105,0.012423163499563447,0.015519526870855728,0.0031149343178869734,-0.004894923523680644,-0.00013909743031811697,-0.004425249228949514,0.004823867771082676,0.0013155264014677618,-0.000804801777744069,-0.012792611215501617,-0.0013340969851255561
17_1,-0.005199520139694664,-0.01879742568073291,-0.0048902304223715914,-0.0047826184160087715,-0.00983729851548736,-0.003118431417408139,-0.0092489286553835,-0.002601063301678104,-0.010828959511849368,-0.10748563315381171,-0.05321515903909301,-0.017999096735292593,0.003738954253169423,0.008684112306622319,-0.0008218479128734586,0.04310918514019855,0.00853845763719853,0.009656006167242909,-0.004530723576234079,-0.02990715533342616,0.017424410785693317,-0.021397522958566173,-0.021358506699050497,-0.03289380332610312,-0.07465125379250137,-0.015587264381661737,-0.0385695913929924,-0.10181875146990632,0.004678018782569198,0.00010460590923579345,0.0023709722479711673,0.0018797682018473786,-0.0292990428283963,-0.03226491335992729,0.955478075804109,0.00472529321425191,0.004790298708046041,-0.0014366403084861473,-0.0068810866337098335,-0.0011942602995622896,-0.005325746183502692,-0.0015810775947664854,-0.006331015476598878,-0.003481529369360293,-0.011647282056333504,-0.01232575063741036
17_2,-0.011005379156978391,-0.012731671082763053,-0.018524555079993735,-0.0041461152003497955,-0.0123699641790441,-0.002339315756300966,-0.010436187620396071,0.011304265874776993,0.014466925453963143,-0.12868137784139683,-0.045145467938628586,-0.020878344371657948,0.025444152340324388,0.057070393832897325,-0.022293493220790484,-0.21860503481967225,0.026101317451991447,0.04840295616524026,-0.10376814774144098,-0.0742351397256626,0.042841759930143365,-0.006297038712415834,-0.02092780908568028,-0.012150131614811849,-0.05511854732178524,-0.0009352378726281694,-0.03138808051673304,-0.022114841036541395,0.013753546845506507,-0.0019140578848015888,0.016208079353779638,-0.00017038201539202783,-0.02141805210278993,-0.013886117036949173,0.6469388530743551,0.0037500767405211485,0.004257654826514444,-0.02171556861200567,-0.0034788346901168813,-0.013597890936224443,0.01846582527200246,-0.0015351566238101446,-0.009005547114549456,-0.0057034740692596024,0.06802278706504405,-0.004867828975774613
17_4,-0.012106605361727484,-0.010114351132002852,-0.003542983832951585,-0.004201248021539644,-0.00840097183786431,-0.005400148701178589,-0.00901681555875352,-0.005299045581690954,-0.019067440064708566,-0.03467125751612739,-0.04498838735119567,-0.02032941423158091,-0.002085655987230827,0.001629143792424467,-0.03151730697922255,0.03131603007756081,0.007723838248467695,0.009151753933578774,-0.01970351188858666,-0.0764862956080004,0.015327649086165206,-0.02448534003386224,-0.02965650603363204,-0.0416314914307776,-0.04958301097695897,-0.024165958118939217,-0.03614033685556342,-0.1207751175587371,-0.003939345815004025,0.005372890688769395,0.010366110206856278,-0.009427631733764734,-0.026957055187356027,-0.029133636529562617,0.9413248769369557,0.0017522033905778825,0.008313981435684849,-0.011151957263107401,-0.010885300327599667,-0.00653002026470284,-0.007727855412220278,0.0006394518001276562,-0.007639261915683001,-0.010596496781185577,-0.011841381816024368,-0.019304009633960714
17_5,-0.014243680633256995,-0.018105540333060284,-0.008534511146471788,-0.005022115951770344,-0.012175262243503975,-0.007030573041775927,-0.017254329154843866,-0.008237745989382728,-0.011946028287114796,-0.11739879118079039,-0.05522707757101052,-0.024207932649753218,0.0032016774029107833,0.006687421837401965,-0.03086328714988109,0.023006092734574646,0.009154736117917464,0.010433967261845482,-0.008686372023932477,-0.02672106465848252,0.012685797719401676,-0.011876319530727448,-0.02825183331785822,-0.03406752625009019,-0.07953734833313021,-0.02266732225743644,-0.03626143635481031,0.011210165241610413,0.007401712580484533,0.010694864692953335,0.006641353236288355,-0.00028466672597836395,-0.02286677719034307,-0.021818441453943852,0.9404723538079117,0.002927721556149469,0.0026184485199411923,-0.006382054717208152,-0.007997984196418936,-0.008551193812810191,-0.005009746606973484,-0.0019198005689743728,-0.011752788530274722,-0.00893175889474224,-0.010935643733041307,-0.00024315666325989082
18_1,-0.001082463588885819,-0.01204829913141941,-0.003608969000678108,-0.006860064136636399,-0.004856911974712557,-0.002850492664531297,-0.006535901475419501,-0.004079949378993373,-0.013487444964376077,-0.009418293294052185,-0.022674525128181473,-0.00042386784665849556,0.008316055870954674,0.011091628292344433,0.012080061503761088,0.03920154824533811,0.011797479497622793,0.015260249609573994,0.018130190502620557,0.03410296508668995,0.028110979469992508,-0.013832995790411752,-0.014311596156941586,-0.027363559845487856,-0.058175465555098324,-0.015195496437998064,-0.027963802528626423,-0.020460423707678605,0.0026552014650460705,0.009098291289429107,-3.1343579592823925e-05,-0.0071016625935267095,-0.020997569107815785,-0.013913355713819686,0.9691369506189044,0.009164499112362343,0.0170074991612827,-0.005642824429547231,-0.007231896675932498,0.0012841647510506411,-0.004259008378911975,-0.0004902656559905979,-0.0018064744146643556,-0.000998862778012249,-0.011544881134735044,-0.037439968474203986
18_2,-0.0057054253748120365,-0.011830943985656905,-0.00416366744549755,0.00041637892352464854,-0.005374276451372735,-0.0033891472900768236,-0.009718032632142562,-0.004462846967449803,-0.0161855005504963,-0.02207673298042903,-0.036896457646064466,-0.004852985368919407,0.027678688925685285,0.05424081002511002,0.00013293761204357328,0.032087929836347125,0.03314627305309833,0.05029559347791782,-0.004896733330783016,-0.027553245061711848,0.025293524733164867,-0.004759926078993624,-0.016271872157307365,-0.031146221787981564,-0.04300984619548722,-0.015127643889600882,-0.02827394142992401,0.001232357195861027,0.002680813621726126,0.0060566150445880455,0.004806166616132154,-0.010835009590132167,-0.020607115667745892,-0.02180254807597913,0.8193119110288137,-0.0015003210175327786,0.011221980435486447,-0.006605231008472941,-0.005226010150500989,-0.0011620963093563498,-0.0032487448124531733,-0.001225519574357369,-0.002285787014509529,-0.004718802586574367,-0.0070799863533671905,-0.009340345976753666
18_4,-0.007690012758179277,-0.013235936679102616,-0.003825046002959668,-0.0035030650333317636,-0.007689634435111619,-0.004553245674411512,-0.009640207063401324,-0.00446965737608397,-0.019647887460669183,0.0010824031413118882,-0.037906237687263845,-0.0025167214409674743,0.004147914673518129,0.008794034824260997,-0.003253737923372033,0.0359536528880782,0.005763296583998192,0.009622146283405839,-0.004209883993517165,-0.030169023766257273,0.01791548178763424,-0.01668013187655186,-0.023751368725246823,-0.032197764793721835,-0.030620360156157496,-0.01729648273278323,-0.02938219636381518,-0.11289431796417135,-0.004231182642030767,0.004514566828228482,-0.003365511346149468,-0.00977316256893903,-0.024040978867840485,-0.02337404060965839,0.9346783004113769,-0.00026265170678198713,0.010694181588170544,-0.0016510818971233947,-0.010277394175762204,-0.005915069359823139,-0.0051750518188281806,-0.0012859823729861391,-0.003357891460242226,-0.008993149801818296,-0.012402020207145625,-0.020066486956902455
18_5,-0.0050752182233897054,-0.012424237912919066,-0.003856947117124907,-0.002643318107450448,-0.004488624610995814,-0.0036573053674694347,-0.007716567046785198,-0.004639394097154896,-0.014614058897267603,-0.03278003821136329,-0.04138275287619315,-0.007817027675180185,0.026426367921237044,0.052481731575000815,-0.004024410740692592,0.02714008090785174,0.03223272288664959,0.04544591186335413,-0.0029565842412543992,-0.02634215010501833,0.014047691979712193,-0.006451723513585583,-0.010617128523697629,-0.02978212725872792,-0.03540935203332479,-0.019247128635552346,-0.0312919507882343,0.04587001133896109,0.0021517969364321697,0.015300770272477376,0.004009642125827077,-0.011202315723825736,-0.021098421325799352,-0.021781105673415676,0.8179402655913917,-0.0072208457574917725,0.010313865235508504,-0.008041342145602705,-0.007191451184094949,-0.0029337119046961677,-0.0040819930638227985,-0.0010175580128838836,-0.004101943726535355,-0.004805874513779763,-0.010230342938627337,-0.004402058772788531
19_1,0.0013556638769614074,-0.008094607488625402,-0.002865286103980476,-0.0022094669687755964,-0.004049855097359241,-0.003269191768785829,-0.008822878072073078,-0.0037319991110536066,-0.014708241077892531,-0.01996646428399912,-0.04289571569287582,-0.012736968349763018,0.0037551082806026224,0.009550899978869685,-0.02060476949661207,0.036298504265174954,0.012099013467507282,0.013455133489206895,-0.005285367112936359,-0.05434023678081354,0.018051879002814193,-0.009365819408392631,0.013393976916273354,-0.028779903712894614,-0.01778427666819332,-0.011640700768061266,-0.02679116257478305,0.052311276163203566,-1.86128112845217e-05,0.014372983798259801,0.013384654156960038,-0.019468553403137814,-0.018962725523341564,-0.016200618591498715,0.9384972298234175,0.00163463564928797,0.01321673068087368,0.001248520068127962,-0.006667527068231853,-0.0032418279318801794,-0.0039937303385180695,0.0012767110591525002,-0.0004662548961623279,-0.004047514966956233,-0.011002143719637631,-0.004050787343825197
19_2,-0.004434183215260718,-0.009070392657647353,-0.0033342133758235974,-0.0027187478663618482,-0.00125421379271119,-0.0035545662171018655,-0.00913041332055723,-0.006955465816566976,-0.008012048317461712,-0.01978770815231542,-0.043971349768042504,-0.02042882869670575,0.0010149103436950411,0.009515308191894268,-0.02249320163776786,0.02363238670495358,0.012843026215680755,0.014610092344473826,-0.006372123035986401,-0.05143960760415938,0.018748310025187894,-0.006687293542698732,0.009278001400776234,-0.030717390437384508,-0.06344618657795237,-0.016562289918629052,-0.028816531008123255,0.053323808611202214,0.0005056628927691939,0.013389016716944063,0.00941312895541666,-0.017826260779928004,-0.017385535510520463,-0.015513984780999414,0.951750183641951,0.0021269098115742993,0.007561985571956352,0.0013409641539619472,-0.007877514832271948,-0.004531245840412555,-0.004968944256506636,0.00036878291392371455,-0.0029949940716855277,-0.004905050932817738,-0.01348247993282852,-0.0027445478660156264
19_4,0.00482403252902414,-0.007202934411631157,-0.0022160099262022487,-0.007320656191619947,0.006510245384281517,-0.0032430174096064173,-0.005454937951366642,-0.003666335425016235,-0.01374398523140666,-0.01090031556897039,-0.03811810379142081,-0.010780279716562414,0.0055429540919680696,0.010982044117708369,-0.023837807235760674,-0.08152417097131381,0.01237529143372309,0.013555525366811226,-0.008916959016934425,-0.04944095047829964,0.03139777469346267,-0.0017269516149937447,0.015479979331802457,-0.026722895808660472,-0.024689023160822693,-0.0019580929990481943,-0.02161995946211684,0.046340022158297,-0.0037990627184306567,0.014465589442407388,0.008710192640110623,-0.01752872955258085,-0.01663952496113952,-0.012066593333955829,0.9514515287395436,0.010517512879916981,0.01422404007601448,0.0066709032858143415,-0.004433531104707492,0.0013232750986731376,-0.003542990523233405,0.001015360977874106,-0.0016219086969944323,-0.005548652390517997,-0.010237717129687773,-0.002057358302578044
19_5,-0.004290649145009309,-0.00886051015213372,-0.0028157901215316175,-0.003347094429594526,0.0013855089310348262,-0.0035624372429920387,-0.007036733931558383,-0.006096288295074749,-0.005496043155280542,-0.015263606156757703,-0.043034510255845586,-0.017776430720264278,0.0027778492014979843,0.009635777723198711,-0.020678337014595725,0.02456929840494536,0.013062664782376634,0.015089274209009327,-0.007456549144303343,-0.047751561706243686,0.018891924907464882,-0.00683394243315905,0.009979966678320384,-0.029329790763966634,-0.05941493744332394,-0.014239349609778273,-0.027016727525536438,0.05509023671659021,0.0026823211059709222,0.014313164257321782,0.011132048708523298,-0.017965157826670748,-0.01605083518966568,-0.015284546681838661,0.9521537601938591,0.004819237872040239,0.009705762599781934,0.002591342923953569,-0.007277885014205812,-0.004185390739191187,-0.004278276498527111,0.0010823882762837113,0.00043227096927071936,-0.003971961416494924,-0.013171821034508093,-0.0019959809876774655
1_1,0.009306257670103398,0.031956791531447266,0.031062062955211796,-0.006314479792806217,-0.004114134005710259,-0.0022597392719275605,0.03910297750336314,0.017807442712474933,-0.0023948814602216765,-0.03473402727700306,-0.013177612309436645,-0.2952743322997466,-0.026391172843856073,-0.04692006200325869,-0.003797131182087601,-0.1493097572134179,-0.018104268927055116,-0.02517264545814375,-0.03540617570218333,-0.05314938860071028,0.027631500530845086,0.007426727522539899,-0.0027909045989117096,0.006650795676682349,-0.07393005219807916,-0.0027719153253597563,-0.004668743158046278,-0.02352504057910954,-0.03924864177170094,0.013241169504319044,0.03370597826096234,-0.023984032675789375,0.014009379818678471,0.05983864534225771,-6.318240385078618,0.05730170421707502,0.0006855387074415836,-0.0009638933757122718,0.03813321571611015,-0.0035608209453212437,-0.02189423697699866,0.002038926720018225,0.00045107508585106394,0.0406003996600879,-0.07307629717938807,0.010005941239433233
1_2,0.005024886087182704,0.0313457487148921,0.03381273344030428,0.04334989957325429,-0.0009785188800871948,0.0002181414590012923,0.04018053359024478,0.2087586914628907,0.010081837795303333,-0.05017189408077748,-0.013973036803675955,0.005383901552415662,0.20710154160079045,0.3771658782215421,0.014036607122225667,0.0604439121758928,0.12354734397339315,0.2649016665181158,0.008714810216114421,0.035387544854806434,0.025062223322695556,0.00822261130891237,0.0004305005286818285,-0.0027391575886127426,0.34674367474634277,-0.00742353779461662,-0.01082753864144553,-0.03643670991777933,-0.005483143030077917,0.006844984547825013,0.035618134877508506,-0.010507709015904185,0.01214510972039962,0.0573326707418224,-4.664155732388787,0.04226232831169889,-0.0017356964009470578,-0.0012813435085725707,0.03767187297577343,-0.0021833911000238735,0.1627811797048266,0.00036295501535061855,-0.0021343803372094053,0.03742349072031231,0.5383748252053994,0.020722385532784115
1_4,0.009326533617568314,0.030456129528207945,-0.009169402707953488,0.04322995722176962,-0.0008726788769524576,-5.727797940673799e-05,-0.008246562656215163,0.022996417757518667,0.012503250283909252,-0.040113093596945044,-0.014479127914279152,-0.3101527157696276,-0.031154450506236747,-0.04278577749269269,0.006594869387674848,0.013661411453617739,-0.016796425841841277,-0.024577547655642407,-0.0006419348297837057,0.019397167053813925,0.026540940612135036,0.013799929940750758,-0.0074970760696721666,0.0017594075916842623,-0.08717906584119656,-0.003655736871690592,-0.007736334982257888,-0.026250607294608725,-0.0023623252712102246,0.007025765584696779,0.04396539313574623,-0.016836823702055432,0.013989078352075138,0.01893799094304643,-6.406401474389502,0.059987867825390194,-0.002105937668439404,-0.001537529490686883,-0.007930186019573314,-0.0007269278949236596,0.16305513622193402,0.002442219085832022,-5.486953397443366e-05,-0.006396032218491235,0.0658271476317392,0.02396870419062342
1_5,0.00970471759864889,0.033109504265391346,-0.00934017567581953,-0.002687158084741923,-0.00021686443707251416,-0.00015342176557505793,-0.006860253587215299,0.022990083614034817,0.003533579008651961,-0.0396213600102559,-0.011512690357779866,-0.2982600628699859,0.20463138389190016,-0.04350243942188358,0.011017270714482741,0.017374261207447828,-0.01650830410289444,-0.02287953946537147,0.007901542765377276,0.027578517897978442,0.024126297926979023,0.013115375986871167,-0.004284448465707336,0.0021826444276819073,0.11828216901714798,-0.0050412936845579855,-0.005343114249082529,-0.023312342536077935,-0.002160377395004097,0.007388568240271136,0.04164697097738892,-0.0120135061086344,0.014004306417446372,0.06527268543727521,-6.428139350849112,0.056501835478202804,-7.278075012477018e-06,-0.0006345309709143752,0.03756439721637371,-0.0004848771550647918,-0.020879470583607913,0.0024253903355979396,-0.0017068465008499185,-0.006347950094911316,-0.07267665189934258,0.022604687197465733
20_1,-0.0046340590343743986,-0.007390283891392269,-0.003778854230807491,0.0007382171724692899,-0.0024271825135256976,-0.0014723060728136217,-0.009648676059285271,-0.0008614212243848076,-0.0025235301016392872,0.0148979943692265,-0.04294285457224125,-0.012831413534468719,0.0028948503759727577,0.008246620574601508,-0.01096105827966971,0.0473650874902423,0.011900162368154912,0.010342952212631627,0.001994134344765389,-0.08604940943654563,0.005455022731054541,-0.0014745879095777034,-0.040926939246686674,-0.04335399277505518,-0.055243378881310694,-0.025536030169344706,-0.02718147732104791,-0.08651531393522154,-0.012323583956358474,0.01639178367042417,-0.030646775786755735,-0.0001744071969676805,0.010439978491962898,-0.02249210227351651,0.9186354719675324,-8.327181533452941e-05,-0.05076180106133154,-0.006936101448496418,-0.007319822665328256,-0.002149454858050601,-0.0014652602660422097,-0.0015056876247733677,-0.0025986681847440375,-0.004003393582259627,-0.007883403546689913,-0.0024890870651132877
20_2,0.004278835480359162,-0.0013883084974730627,-0.0019252474867454007,0.00955395564683921,-0.0036009556884535458,0.0012357601054957114,0.005299647903427527,0.021283480163035096,0.004792080167738957,0.014994892079566436,-0.048115398057210525,-0.015144346416207478,0.004787270685927858,0.010256554835459444,0.004324115902944357,0.03919322490191232,0.009803421220294926,0.010979007718420225,0.011829408526375458,0.04762745780128651,-0.004205042571445521,-0.01073244835798235,-0.021181968328294113,-0.05007701394797797,-0.0665159860510058,-0.02384567655408475,-0.0321908789251841,-0.074570023290668,-0.01352987296497572,0.00511685008369173,-0.005960737442037904,-0.006025141494446638,0.01712634695244974,-0.0372251468262465,0.7558448809839046,-0.004477333913603675,-0.05694508716802792,-0.004331994135620762,-0.002398684305720832,-0.001731628165836095,0.021021356442074205,-7.671912793596457e-05,-0.0023905249335974153,0.013417930839117277,0.0676132751430598,-0.003667447355539831
20_4,0.005413266065674803,0.0130949017634265,0.002640770289684368,0.009133642176620759,-0.0028385763001683067,0.0014241723230937152,0.005816253031129624,0.02247287499608097,0.006656435694069533,0.014415709398338793,-0.04612490230278497,-0.026680474201633782,0.006150132921805809,0.00771970914559244,0.004458619871749213,0.05703700942563871,0.012117914820860647,0.013461681526929609,0.00885378374886937,0.05471892522110977,-8.85508464588346e-05,-0.007078371472069322,-0.017593486215736948,-0.047660352538513785,-0.06263317851676171,-0.024703214072363033,-0.0354689110360426,-0.05757472035143455,-0.012116116124595582,0.009632031804831225,-0.017676373028541654,-0.0024133452169082643,0.01819402028152959,-0.03508705286116221,0.7766465009492003,-0.0030676227025595265,-0.059202550019924034,-0.0014976440215980584,0.012444384086049927,-0.0013970132619431266,0.020632099030555056,-0.001307392040130386,0.0036312292986278014,0.011227412700735894,0.06836475803413272,-0.0024311416174138184
20_5,-0.0032535536193829175,-0.005349633124507902,-0.0046559960912229414,0.0008703592718394938,-0.006515882181070581,0.0013311404560575073,-0.009667139826381529,-0.0007247279470939578,0.0038290061513085783,0.017339013424566386,-0.042122642806741405,-0.011696983280262032,0.003298530485643369,0.009125313945118336,-0.008856921962112673,0.052952325321056655,0.012135058422461709,0.011132062464311756,0.003459405772193747,-7.142218945272984e-06,0.012136044052785323,-0.00025671526703475436,-0.04226783437637466,-0.04334524181822448,-0.054004007755779494,-0.02683970837609023,-0.02896751834113198,-0.08532403550572522,-0.012504177040703087,0.0059975364922218105,-0.004982004444768625,0.00030177873133858165,0.013982859385111334,-0.02001241561587537,0.9231471882885903,0.0026988049734332294,-0.04857685789953689,-0.004819174193812241,-0.00749635319115907,-0.0023327982113643896,-0.0006436343168280196,-0.001773585954688035,-0.0016141559595048375,-0.0032132200172685357,-0.005363768102592292,-6.826113237798468e-05
21_1,0.00051851854988209,-0.005620998562260986,-0.001432890213080989,-0.0008809327977071752,0.0026992775931162197,-0.0010355336074103236,-0.004725406288772444,-0.0037071517861746272,-0.003751353799627785,-0.10693133506921615,-0.043091532232969965,-0.014745555093383817,-0.001874978665184126,0.05114493407871703,-0.005033622666263941,0.02616983504375893,0.027853882894722837,0.0480958848249805,-0.0050891476782508735,-0.024152360992632124,0.02435542935327912,0.0013929868939719222,0.00729908308440638,-0.024646647833355326,-0.009878184491347764,-0.0160785095341318,-0.029073301691068927,0.043635592478866184,0.007554358461862521,0.015462618255110548,0.011595770604176636,0.003937869073809894,-0.014085749575412025,-0.011645353304719589,0.8454865630300724,3.5879953721231357e-06,0.007297243073796817,0.007246923307242266,-0.005030973424210888,0.0016743354183007416,-0.003427599062969615,0.001031576044922632,0.0026619295512986104,-0.004817506876265283,-0.009474759062974356,0.02153190668764327
21_2,0.0005239389511466811,-0.00656308877449016,-0.0016679031373543528,-0.0024396426155822294,0.002425534988853202,-0.0011273593775001207,-0.005373126527406565,-0.0038190038956830625,-0.005706800758952795,-0.1130618126671147,-0.04545366279992698,-0.016514169933597736,0.020268142086253944,0.04836981356816689,-0.004748257989257363,0.01924983023084581,0.022978379703554465,0.043276515371041345,-0.006534369400530079,-0.022378902977548902,0.022004508275760688,0.0033909466147884473,0.0044437271213862714,-0.03225148065493076,-0.037319759482834405,-0.019162410335067343,-0.03334854536643804,0.037989275955257105,0.008750257378663836,0.014110680198775236,0.01151067647842461,0.0020538952890844175,-0.015417690821025284,-0.01473598356957018,0.8293317654611705,-0.00890306100796794,0.005814045900164426,0.006742093179704578,-0.005054129429773003,-0.0001204193172354064,-0.003675148354036504,0.0007729090458707013,-0.0013178697131090468,-0.005374138990761428,-0.010191281260304956,0.02159799976482747
21_4,0.0012749543484152158,-0.005050278248073301,0.0001510651170218835,-0.0021916569891907186,0.003908109554704723,-0.00017330954430722295,0.0014519332060252087,-0.004223830268470175,-0.0035959141510702526,-0.0993687720434885,-0.04050141744233362,-0.012940785075861603,0.010281786059705558,0.013435384546765985,-0.0020623577913025893,0.025642177222725184,0.010546234189871233,0.01390781905576115,-0.0023512570353213134,-0.022449535237108336,0.02902220250699159,0.0034430157091550613,0.008356720244543207,-0.023615694260865794,-0.021551735792355798,-0.01360985452608272,-0.026967794835995356,0.05583277316145892,0.010454459605709976,0.01597297537476823,0.011070674932753271,0.004991278165937812,-0.012045271222692997,-0.009229101126286707,0.9755283240013319,0.0227284356166243,0.008260489512705053,0.0076601223694017055,-0.00416577008124503,0.0008360258628253267,-0.0020548136264188976,0.0019299833482362067,0.0017420303593050465,-0.001150974130522031,-0.00968926898992065,0.02328651025480354
21_5,0.0005517679859739227,-0.005805078998939283,-0.0019137826090612805,-0.0023577942411921876,0.0033231323473185436,-0.0021883639244343342,-0.0041309203713322095,-0.003727075183875907,-0.0049964495995125455,-0.1070841517200198,-0.04284500223992274,-0.012414774789730743,0.024240078977428893,0.04978101385572307,-0.005057424385172196,0.021823084405107326,0.02959050477126899,0.04609896116309533,0.001157230713055703,-0.022371201270988603,0.027066908111123174,0.0047875120537119766,0.006131086804353322,-0.020619455265043916,-0.009170881839266428,-0.017150896904543987,-0.02562942803475297,0.043554663416110924,0.008019336693230914,0.016510745254193757,0.01270731195070658,0.003526661918515495,-0.016093926019738032,-0.013917484883894628,0.8046375741893731,0.0023269683176935763,0.006831885033349536,0.0072944940202752905,-0.0056596725091191714,0.0008588034322122942,-0.00354880859660035,0.0007918831407723127,-0.0019109711957643787,-0.005202821414867295,-0.010783338596519578,0.020827442226860726
22_1,0.0003667366806027691,-0.004487369674848434,0.0005926756506222303,-0.0025852487065011966,0.006878910144058262,-0.0011259540379086434,0.0031047496202608626,-0.003339835762487613,-0.002454377057256138,-0.08742977875841135,-0.03539125531926367,-0.009409454643832265,0.011261422968318927,0.010598982059984507,-0.0019139305729279467,0.03161643280727526,0.011717043575134402,0.013593344325719008,-0.002376255505646985,-0.017930142296099107,0.035009976981165356,-0.004556508420745087,0.011325080309603495,-0.02273393773693107,-0.02218878678105831,-0.012702137252957615,-0.01858923825576898,0.06042150637893168,0.011246346307893723,0.01895781930092029,0.0108673993412966,0.0060959354096654095,-0.010930986374297638,-0.011883640259871589,0.9798779502031414,0.024878789092670415,0.010132151177712599,0.008649599883078082,-0.003493360945605477,0.0008971079234970949,-0.003624642548328979,0.0016370302218189797,0.0007853796729912328,-0.0009102647889210529,-0.009563659380003316,0.018606901680570782
22_2,-0.0013192020562546125,0.008349846324504325,0.009298647497207107,0.006927695439231037,0.006029924880630959,-0.001222667860516528,-0.0007426991679542093,-0.0007176224688667679,0.010214138867418307,-0.0980489332196558,-0.02713844380550765,-0.018321204301424338,-0.12293423812857301,-0.28879560581235575,-0.017010350294178418,-0.06322072835023529,-0.2947001126543423,-0.3140915843048428,-0.02248441619521574,-0.059593899718072,0.03331671471426083,-0.0037264525365153776,0.0019252205847889558,0.009798011661266797,-0.026721664312968012,-0.003755937637411232,-0.01644138140795377,0.032083490195485655,0.018569740027687687,0.01943104145631288,0.06373258743907219,0.02730963099736909,-0.011664811524812307,-0.012354848682574865,0.9003931724507738,0.0098428212600126,0.005963223390696846,0.010940720267868694,-0.0035407880724211064,0.008491357697644076,-0.003305974255174001,0.014212966057054367,-0.004359303126884834,-0.007158337891180436,-0.009438399043618727,0.014928505207635575
22_4,-0.0008078475727893357,-0.00542840894329112,-0.0007046630456745426,-0.0025790737991972647,0.004130430705849833,-0.0022899217526152343,-0.002362392554469575,-0.003931651111497311,-0.003745420258843791,-0.09491731718344289,-0.0380123136602162,-0.010963504870506303,0.009791716514093888,0.011154988249866373,-0.0014265680464228896,0.034121889904983854,0.012653540386956316,0.014412693471701083,-0.0036125470772971884,-0.019817020084027605,0.02668366422173328,-0.004801427535281108,0.014103221147610203,-0.02415673223117272,-0.00397052311501319,-0.014383240670112414,-0.025621269157651987,0.05128003018523283,0.009907734288439518,0.017471358864645757,0.010261753907242084,0.0044440231768385265,-0.012037091038446277,-0.018851944401188463,0.9574589355402248,0.00528860488946806,0.009328864876466373,0.008399685960209987,-0.005002156502818521,0.00040615389083350606,-0.003518041573867138,0.0010691049931910754,-0.0004054728957068849,-0.005031559683170395,-0.009999855668194666,0.016786529363369416
22_5,-0.005939002448475709,-0.011653151075506097,-0.007588219952671897,-0.004058737470988167,-0.009146693886753031,5.653728538519908e-05,-0.006141216077599526,-0.008233578376991896,-0.009818501979531834,-0.1232225988972796,-0.03859200150304796,-0.015662442464540138,0.028664219410973527,0.05363720021697095,0.008254328249282575,0.02389622522110561,0.030948571576026485,0.04822372623308245,0.013914392604317816,0.04071101076161313,0.005792868303521313,-0.004514791826410833,-0.016349323155722687,-0.019005621479058862,-0.05144104599875733,-0.016488032227030235,-0.028788774681441875,-0.0060169178508109504,0.01080227365140795,0.0111975063225749,0.01089893581072357,0.0010365832846529512,-0.017839419828826558,-0.03408529382863794,0.8063330457594332,-0.0004685307466784079,0.003130797674840818,-0.0018551686017995955,-0.002889080499999387,-0.0071059417864473414,-0.0036916841484747782,-0.0007796685937814792,-0.004698446693263386,-0.0005896603133533009,-0.008761673410837107,0.015354114435692337
23_1,0.002648120621831812,-0.0014129722313082536,0.008879168913947286,0.012019840469707157,0.005678985749470772,0.0012297316505691352,0.00019899195585989875,0.00770267825307302,0.012482830258108734,-0.08540809080517535,-0.03657967681125938,-0.012275417794462399,0.007810935609598786,0.010936964458732611,-0.01256139683994657,-0.1497678812329132,0.00982132402792552,0.013171299011398924,-0.0444419332296915,-0.05955408081760857,0.04981897244164565,0.0167429015575894,0.007296200947898175,-0.003975941852980314,-0.016129431249965163,0.001824355729532973,-0.02136197177464827,0.05016663685308791,0.024314608742650585,0.024655433437810653,0.040045030854618975,0.0230737740052861,-0.011819958309487148,0.04839824912687055,0.9632151633451197,0.011405367621704143,0.006911988518529338,0.004776184050739674,-0.004419291786475758,0.008762001231054759,-0.0024393525831338764,0.003808700588064037,0.0020343664271169713,0.0013512713429533322,-0.009122359507525593,0.019191279138348765
23_2,0.0029893762476260284,-0.002063341906608251,0.008254007551792088,0.01207000542657192,0.0055204877555978795,0.0013945310474359105,-0.0004127727598375125,0.007750161161960948,0.012217323359587194,-0.08645697719434065,-0.03573012824222073,-0.009049384247070132,0.006361734080883129,0.012562548815673234,-0.011990840960189573,-0.15055130739121925,0.0104801736627886,0.011297426629602035,-0.04363463216868403,-0.06034873574377899,0.04975537759759336,0.01681635889402178,0.007182538373122918,-0.0036398418436600177,-0.017739196457902184,0.0009329423362460075,-0.022152390149276356,0.04990285626067013,0.023522775577046306,0.02483682891718684,0.03965841729720535,0.022780654385660654,-0.010762779895828476,0.04909774587132999,0.9512884299794174,0.013503262800502873,0.006538760978628335,0.0042173291511935175,-0.004943348547525249,0.008923166054676588,-0.0024402362455926883,0.0016487428296229432,0.0021302564816563577,0.0013333029542374265,-0.009285649499790228,0.020083645894459892
23_4,0.002694774066216588,-0.0023056060447833103,0.008367489793604707,0.012170600429530143,0.005354488033323192,0.0013269371371089852,-0.0004877372789512274,0.006326125431973455,0.011329810332736482,-0.08799296290654872,-0.03791693954846556,-0.011897955027451829,0.007798767684190425,0.003504201671355689,-0.01394321757884081,-0.15224507576261184,0.008928825451950966,0.010029820190368915,-0.04469174965092517,-0.06519880313953826,0.044739030363673604,0.016244517111755452,0.007196307170615173,-0.004046617550779558,-0.0172085609859433,-0.0003483698377609848,-0.026308590910219934,0.04564318829634247,0.023306798771529445,0.024013116119113564,0.03943472352463024,0.022484216869279015,-0.011491164275847506,0.04817904335510213,0.9598460945829727,0.00240150586405916,0.0039534570046933755,0.0036856358914921137,-0.00560692160548634,0.00876641137781766,-0.002572272627714265,0.0014504933843396406,0.0020684386664461887,0.0007900863520903706,-0.009128649191807487,0.019021044786304415
23_5,0.0020143497916884417,-0.002867834483204925,0.0051460217042349436,0.011585622678205319,0.004538377351626255,0.0008723999875568537,-0.00034524946755218507,0.0059340437389822035,0.011966272604935614,-0.08895459319634728,-0.0381492059991727,-0.012543191593120472,0.0005455326793620966,0.0005534310640036298,-0.01364978358616644,-0.15397801975328618,0.009280494599680781,0.012189568867325069,-0.04481114749010468,-0.06697782368741671,0.04850055909119295,0.014404567407670934,0.006386507802657502,-0.005160293908670069,-0.018342625646156265,-0.00030577160182768625,-0.02555912940813323,0.04785094297828792,0.022918200779602986,0.02358701138594401,0.039310240479602854,0.021392184077239498,-0.012440916793599014,0.049250715547577484,0.9602687809898103,0.007424071929590171,0.006959894457556598,0.0037752833029069954,-0.005244351511842386,0.008108691187475122,-0.0026048652772716744,0.0013043212112097487,0.0025862382452023006,-0.0013007671786809066,-0.009320429726806486,0.018524399927378265
24_1,-0.0006597121194404323,-0.0038473901777946,-0.0011171758841063825,-0.002148439713652125,-0.0008936147363966261,-0.0018477752565468268,-0.0019443311165457365,-0.004725639786457958,-0.004653076194297453,-0.0007523440417608422,-0.017232413620542716,0.003952184094460499,0.03334020530411675,0.05892931144632346,0.008828506021409803,0.07045905813104732,0.03522925925536721,0.055261061625767556,0.02034217076277938,0.05603907818599539,0.04862230996617826,0.02379288906216529,-0.009541761440216179,-0.005902649131164671,0.3651897329431442,-0.004645470129083231,-0.015903236921808284,0.011542582594757596,0.007095162498932151,0.016626233127165126,0.0013050469665593103,-0.0005728873184471161,-0.006281878545190334,0.12981166256002385,0.8479836842828841,0.076424195058734,0.012740649230430489,0.00393035080043819,-0.003232769328691985,-0.00018211986961900485,-0.0027902182130852917,-9.090986603209126e-05,-0.0011589822351022916,-0.0015250250893120115,-0.00908038077765867,0.03433350531480494
24_2,0.0026212499796437988,-0.003746947308350922,-0.0007941704777767354,0.002992124302834356,-0.0006467152139871792,-0.0009763124399461626,-0.0013935228212933642,-0.005678523625420158,-0.0030860283003373385,5.7909772507343336e-05,-0.015555098533021014,0.0043758743960525415,0.03433142837576181,0.05965912887443518,0.009695335305587131,0.07062689259744674,0.0317209611132652,0.05488906492926581,0.0222139225357974,0.06003529754957031,0.049082724441512564,0.03467280420801382,-0.0044387955056479226,-0.004514612525763064,0.37362114177136,-0.00386172371131779,-0.015118845169774226,0.013038685564945135,0.007449823889749909,0.017522165610314024,0.0031254177224256576,-0.0001720738868184373,-0.004116033234230324,0.13007142971758762,0.8507627143525639,0.0779699304737096,0.015161855315609136,0.004162281849570156,-0.002788196533792451,-0.0008328103137354377,-0.0024157535432932334,-6.319513163883995e-05,-0.0016461773822102135,-0.0012656337145065377,-0.007817510660592041,0.03466209864123426
24_4,0.0021375841386737275,-0.003518071375944561,-0.0008467828983245002,-0.002188086524696686,0.001666097800783306,-0.0012862813556976695,-0.0012066775849964493,-0.00469535938291359,-0.0038296014063086163,-0.001400191437458258,-0.015870049260573057,0.004292598254012082,0.033440596447773356,0.05975493038783284,0.014958737922709093,0.07095515648379025,0.030974039576124376,0.05500945083863574,0.020799340998652206,0.05866387548011212,0.041516509857638204,0.03353514589164764,-0.005568863659231267,-0.006426113942314557,0.36616641752365675,-0.0033226466194554998,-0.015344405521964933,0.012373539942604348,0.007348886975924053,0.017002405229301503,0.00247308015521236,-0.0042013335817509675,-0.004514366579350197,0.12819597578273462,0.84826970703263,0.07761430267374705,0.012476459413142115,0.0033909748443224867,-0.003124654492800506,-0.0001276079291052556,-0.002760753058076012,-6.0700459978318453e-05,-0.001257580579691694,-0.001938180692158689,-0.009320436761548388,0.03314500397871906
24_5,-0.0019641054667202985,-0.007429466031283499,-0.004755260723326535,0.0038625780147916997,-0.0022762371959996123,-0.0020860007811111204,-0.004297209483352781,0.026327254296889386,-0.0050757351749044985,-0.004390206198379259,-0.01893966046839893,-0.0027188761455000346,0.009457074479762411,0.01302069958130209,0.011723804264168821,0.04033340320819623,0.012163099574641621,0.014598815376862945,0.018917163818537003,0.052673503677827645,0.037144511116679546,0.019405711607138488,-0.016176220717899592,-0.010278116889644716,0.3807132170781121,-0.006195966065393377,-0.015688455140778938,0.01857301540754591,0.006544106556006522,0.016221794284654596,0.00010982379103830431,-0.005421061813247361,-0.006161520907507867,0.1323811180887477,0.8807614621007787,0.025147636933247983,0.013942466689453321,-0.00024087748397136254,-0.005274952536494791,-0.0039781645779264655,-0.0017238090975409714,-0.0009582850817809729,-0.002754012945671597,0.0016671005929157143,0.07667372448952002,0.031744577424897225
2_1,0.004907307417084305,-0.012757324915897742,-0.008902381444910554,-0.005575257516470597,-0.0007035189587707559,0.0032389496062142724,-0.008268018649995644,-0.0249537961926579,-0.014377989519230909,0.07780624844481608,0.08469751126313331,0.08504698532275733,-0.036366727490260015,0.052902343186998664,-0.008864458605313078,0.07188053134014206,0.13536650584134802,0.08319310048847921,0.0021290764488125454,0.019281620735161528,-0.005762956742170456,0.0044311823130784,-0.005708084334528629,0.08308897395147148,-0.08789442855579292,-0.017878246895717917,0.0780282022904456,-0.05885349786210156,-0.017944517137504105,-0.0008316589366910362,-0.03016859415947887,0.003435704156274511,-0.008938662612716735,-0.03749179698758195,-7.562032646154874,-0.2371290677837084,-0.03993445936992443,0.0018916479511032547,-0.006327227358862114,0.00278606667639397,-0.020308050018782595,0.0006320887360862705,0.0033944840144685866,-0.0032741987639007247,-0.07834644430499574,-0.01847337859685526
2_2,-0.023935572582887154,-0.01494300874542051,-0.009906731878255498,-0.006415813892394538,0.00020686272219607718,-0.004157398028007744,-0.009187253033689217,-0.03248051077674203,-0.029485110025584557,0.028624367806117584,0.07570112242394728,0.0665568074782073,-0.03688736036713083,-0.05733282051739778,0.007239550139817913,0.00420863159249922,-0.020984334597699127,-0.02808064387279605,0.004509892246345129,-0.00612687368849777,-0.016104898770861405,0.005466401358993243,-0.02775917186462551,0.02534896872859353,-0.0800707507957597,-0.02219814622519254,0.07040237006329587,-0.017742122397823662,-0.03279521900902437,0.004884363815474231,-0.04077098876859157,-0.0284715247622402,-0.006908535950186799,-0.05226272492591847,-8.020224844920532,-0.2710966235934081,-0.05624165055302744,-0.009124724785886862,-0.006771731881149854,-0.00649241983062296,-0.029141874272725618,-0.006417773021605714,-0.0025373268267454697,-0.009022736629192611,-0.08550734286780859,-0.01258011137973996
2_4,0.009894117970302988,-0.014401740753498815,-0.008861586240245606,-0.005564686041866893,-0.00202770267188032,-0.0022820060126358334,-0.007072960008979378,-0.023704086643652294,0.0018627820482532188,0.10368581824684363,0.08197037212524078,0.099319893188769,-0.027066144640433606,-0.04516073522488624,-0.011056074582447475,0.0739207399316748,-0.018673135462997772,-0.025675221636804635,0.007703654637586433,0.022842178344660725,-0.14375245043060642,0.005729988434143419,0.02056748165986088,0.0922860527740431,-0.1833578151997202,-0.022375674675292723,0.09849574336670558,-0.06433832169350862,0.001596665937846206,-0.024616285712494988,-0.02815107679527813,0.006340450970024404,-0.0026820190280209587,-0.03220372047491493,-7.565403075252564,0.014551910187144142,-0.03946125522575342,0.00044269735891556473,-0.0063141334822038025,0.002200621877536374,-0.020432912944277196,0.0019525551458252882,0.00013920261341173091,-0.004710423202396675,-0.07801751381830944,-0.018932473498824837
2_5,-0.016969897391605707,-0.014729440505198196,-0.00777777597198593,-0.0067325815040928825,-0.000580731832100532,-0.002910109902324128,-0.0029155939155549645,-0.031187942885636474,-0.013777689827179192,0.05736070768938228,0.07596226402771278,0.06675985190883445,-0.024993431227644476,-0.0426402395037069,0.0038283345737536983,0.015753691261850996,-0.020096428266608683,-0.026546935648119593,0.0016439600030726798,0.0006916540052497908,-0.010909913156924108,0.0053428019316478885,-0.02074413900348487,0.03362485705843955,-0.0738946397299968,-0.02171551490025808,0.07587205167683324,-0.016408962463242322,-0.0271319475095183,0.004261273126498121,-0.034383386444308495,0.0030696688481351804,-0.008346785509059474,-0.03258708189620305,-7.90189036654145,-0.24402974183899312,-0.054337376423160735,-0.00595039977372703,-0.00677649556218856,-0.003590348671494282,-0.026412143402686425,-0.004166355357053482,-0.0027242211450076094,-0.0088789226540247,-0.08518229604364297,-0.012189310326480178
3_1,-0.0004569432576710181,-0.009334949195859159,0.006143057585966421,0.009502700819310195,-0.0023596555138595244,-0.000550425127039087,0.014126919194723834,0.021438188690993634,-0.018278068201188626,0.014383298304770118,-0.027361345783606137,-0.021392367351868617,0.005133983633387107,0.010728160028045147,0.004713612828990637,0.03820277675474048,0.010291628549791612,0.01604921028131262,0.012346034242082256,0.0501361562011306,0.023629647259148713,0.022956614961206986,-0.022077865620437433,-0.027810882377206816,-0.07894434814513752,-0.021681492191049874,-0.03639215307230876,-0.0716708296269377,-0.00214084227777002,0.007970248275234435,0.004845668193434054,-0.010955837748784256,0.005079750154174252,-0.008037878989634943,0.6611256252137521,-0.001651330432950723,-0.019825545191230476,-0.003145758160134578,-0.004513153028154085,-0.0023526859841472235,0.020458335379329298,-0.0006645002095393078,0.002159335803397524,0.01100650765426883,0.06660987457800562,0.006626928487719439
3_2,-0.004216646869671826,-0.01036887585472502,-0.0036010420511924605,0.0010616212691710192,-0.005060090184104327,-0.001640077145368715,-0.0059802010211855265,-0.004202219441214494,-0.007620519205089443,0.01968059101934894,-0.040007521451900695,-0.013961914714790151,0.03175328931121622,0.05726273399718149,0.006861234196466693,0.04150732688175832,0.030808223908250325,0.05745483904183023,0.01801626335100224,0.02602781346134042,0.01175180198324787,-0.0026025643433546857,-0.015945192659747434,-0.04142245941459026,-0.06446768764724287,-0.019415148993602346,-0.02755610482181833,-0.0769254080544829,-0.011233345044073154,0.013655054942576267,-0.0008417637868090283,-0.01697037376211656,-0.01458607624882091,-0.03230061444105703,0.791085846880126,0.00705206834612895,-0.01650349619315033,-0.003850469461086662,-0.007900450773136267,0.0008060122508894717,-0.002067502088456914,-0.0028949876410996923,-0.0010910668625243682,-0.002072276579174637,-0.009131380156592936,-0.0008754526247930286
3_4,0.006854887602865079,0.028183124600934834,0.006367284581064754,0.046816683491718136,-0.0008549384630374093,0.002350166551655214,0.011034507227959917,0.1383857527722662,0.010085483708624284,0.038787241490748914,-0.02619747719753928,0.001979024037076891,-0.009270110604097562,-0.015062512505345318,0.008399739352745987,0.038640943072956846,0.011483302420766187,-0.0015550122332333497,0.018098541146533566,0.06803979286653297,0.03143562892960015,0.03596541176356478,0.013827381253904618,-0.009556108491779243,-0.03767209422573913,-0.00387212082513302,-0.016172788507552233,-0.021882609273710378,-0.011572598852093946,0.006587788893277986,0.011023560597097075,0.005511815876008724,0.007826639115143584,-0.009848894638630697,-1.7035061609899615,0.018151789330268644,-0.02709864494337672,-0.0013399109193625632,0.018096288985337806,-0.00022690356945491476,0.14052775497636405,0.0014821724224487692,0.003182110494488828,0.05337188958555317,0.2153762376163077,0.04451570835695265
3_5,-0.0016438840818073434,-0.008701523574870416,-0.004173594331978388,0.00977934584654562,-0.0025641814246841065,-0.0011701895853094707,-0.004436385198612132,0.02335533796315711,0.006414874106006637,0.010194698084184944,-0.04192668586516884,-0.016031118126667444,0.03091462389976519,0.05884104595137914,0.00803638887310119,0.043711240850052714,0.027503801930985745,0.017473530486629148,0.014736732414202171,0.03114088259782913,-0.08017226001965373,-0.000757652221074614,-0.01732386072457133,-0.05178776973300338,-0.06145287800733034,-0.01751701633682316,-0.039759133929049006,-0.06605514805879764,-0.008100695588563453,0.01110939983300639,0.00032651934086560885,-0.005350615258389686,-0.0017281103867660237,-0.14102428797179564,0.6856213660926497,0.004185480523178859,-0.0207748013340764,-0.0002045049690483059,-0.006920358933266452,-0.0014099116265819409,0.019076706355380873,-0.00025224119364474244,-0.0037882183767921156,0.013516194300948725,0.06641879396766591,-0.0011614269496116763
4_1,0.006479477954965195,0.015512277317432622,0.003256071416824408,-0.002515763809828581,0.0016018623963653146,0.0019518068756614981,0.012368297256984458,-0.008879421551203871,0.014486879894542882,0.03912560968578406,-0.02874532926281682,0.0004216977684071743,0.008172050344085828,0.01124090193711333,0.011397179496802879,0.062365887190204576,0.01442145294848375,0.015134862943881222,0.008108514698710797,0.03345455359779696,0.019974966383290448,0.00035347802189463254,-0.009759981194847979,-0.028986565501702925,-0.03104250880876374,-0.02098625329193,-0.017031861687660816,0.02272410905788757,0.004772812928828564,0.007447779584814128,0.0059520907280809264,-0.002800489378150026,0.005394834490987996,-0.025576415853301757,0.9744112944450258,0.009910537419078377,0.018905529403222123,-0.0013262081274967744,0.017177310207339345,-0.0008617110509978054,-0.003540331986603203,-0.00012727723489570713,0.0025908916615336552,0.016141855917618995,-0.010164947919042504,0.0024446848396871314
4_2,0.004109907414247598,0.015486487482660497,-0.0006490841033173062,-0.0075765742122630465,0.00583043933142032,0.0014232097003939346,0.006072138903850704,-0.0036323402928343956,0.01270424526934579,0.04256541936771065,-0.0357231281741118,-0.002306053411626217,0.007540269595635494,0.010713458222933129,0.0041250782319974125,0.05904857981546627,0.011503888531603565,0.014856284298661489,-0.0009063184853860512,0.03269920811986933,0.006130681014653199,-0.0001035387581178411,-0.014158891615843383,-0.03177413903275035,-0.030900479784025724,-0.021353750881573482,-0.02356225443434789,0.02433346452789312,-0.0022974649504177162,0.00623300110651513,0.000734952339578297,-0.007346816133119299,0.001595645371297512,-0.02706585863437394,0.9647209127775043,0.007058615455678811,0.017030261718886996,-0.003022012471135823,0.009403610713202885,-0.002080342961405286,-0.004496753595239594,-0.0004352667426293564,0.0016759087299067373,0.014817254609872318,-0.01027324492317505,0.0031441658924697227
4_4,0.0011130602158416938,0.009572039959228099,0.002408811193741632,-0.002739310442526506,0.0014464649462486417,0.001235748866906259,0.010960449589949196,-0.004348285450366107,-0.012406147103610293,0.03543714354476125,-0.027392575440311748,0.001332480140562616,0.006443366062440596,0.009059643004037752,0.008580851358550258,0.05290508922600311,0.013314767581133658,0.017727357236733236,0.018584976515683437,0.036995161142978475,0.02885504975076568,0.003405402360029982,-0.011129536922522014,-0.028575020379570572,-0.05448646961008308,-0.01466978234872537,-0.022825166495773545,0.014633694192036155,0.005111309932803676,0.013732571584748839,0.0011821295119220595,-0.010920889105209738,0.0005436500917338756,-0.021859563080980738,0.9625582444181359,0.010806764761905558,0.01632629492429294,-0.004511192149550032,0.001769442028928965,-0.0021967328609002754,-0.002982403688243831,0.0004254078234315451,7.069843387704858e-05,0.013499187457872963,-0.010241450610322103,0.0015762199248049473
4_5,-0.0022433537473629025,-0.008615949190147364,-0.0032094778598064934,-0.005790215746502676,-0.007939626386517703,-0.002586339836561152,-0.005191323748736174,-0.002852572642027968,0.008791453943109092,0.0343403637005641,-0.025035084050656815,0.0023678976556680766,0.007788013300598038,0.011833305174510417,0.008017795176101985,0.051641506845945984,0.011750181444110044,0.014792107171883647,0.017435703799000786,0.03985376824707247,0.022306171217855695,-0.001741975538434227,-0.013182630817772847,-0.034029885017333034,-0.056276936878470366,-0.0117303360989554,-0.020710433040839638,0.047533747601547764,0.005599356405913685,0.00538516057106984,0.00030744215145637614,-0.007265125494024288,-0.0047426766810923756,-0.009935390244107794,0.9891945012092038,0.005794927987174322,0.01760436114843798,-0.0037660729620579867,-0.007543480622482966,-0.0012431608802733918,-0.002235494324820583,-0.0001891410979017382,-0.0016306675928009669,-0.0019211440776998386,-0.010853897780162072,-0.01042928958650815
5_1,-0.004970260203843519,-0.01325526072730422,-0.008035721900023645,-0.005708748436738673,-8.115990314061787e-05,-0.001009436048919592,-0.005218393192080442,-0.0283956849387981,0.0008813282650038067,-0.028728190213567158,-0.013433681977198705,-0.31406601765082715,-0.02255190011123233,-0.04892642683731015,0.0039069511407761074,0.011104604225211236,-0.018497906188999165,-0.02508819481261777,-0.002954961400718451,-0.013686704445365192,0.02513061399954698,0.016265814705631217,-0.005346376200168227,-0.007977852231508637,-0.07401151867879949,-0.004599434099520211,-0.009224774416963108,-0.05575631546567844,0.0050426305165612445,0.005777843181091344,0.0022581613964246733,0.004268428123062191,-0.006401793338607232,0.06742652705907062,-6.7657244145347795,0.030336765246768475,0.0022671961448090376,0.001364817979143773,-0.00717796883360939,-0.0007538932312796214,-0.021678089271775246,-0.0057974552081118975,0.0010580118540272922,-0.009726238756572195,-0.07524787391234472,0.028569731682957768
5_2,-0.02375197789918112,-0.013508949719814008,-0.00962761869549314,-0.005873401919936845,0.0004692246871093957,-0.0014457096824449854,-0.0031314998978595053,-0.020492736634141927,5.087911570237911e-05,-0.028664902717500468,-0.01244252553272391,-0.313444805406228,-0.03622813647909413,-0.04664164831077971,0.014574974471847406,0.015373078070005122,-0.018209896498360578,-0.025068142740596076,0.011380864471905191,0.027347393029859862,0.02625229984836591,0.00740173081734979,0.0015988176265911266,-0.005804182413198678,-0.07280881726665858,-0.006868027080743953,-0.007673595172888229,-0.03719267086125431,0.0056044996625854195,0.0037083358773522877,0.0017742589421063173,0.0033312023699487788,-0.007783675990879387,0.016754270307781722,-6.836926281762454,0.02912611165300832,-0.00029516415477792756,-0.011587465999071896,-0.007449574006210238,-0.004166997430703345,-0.021871071619616614,-0.006377040767095041,0.0011933537273809821,-0.009801983076677082,-0.07424985529929932,0.028595663889580233
5_4,0.009767240024441192,-0.013307183475521343,-0.00788183668600783,-0.005772961548168741,0.0015961517382177192,-0.000988745422293145,-0.005132978081175166,-0.028234839885352192,0.00445115676434153,-0.028151145396338846,-0.014129710071311957,-0.31090034733351,-0.022307332419487277,-0.04581740079896749,0.004296075289712889,0.01402897773105,-0.01808273537889476,-0.025315707970825118,-0.000201005738128519,-0.015117155138020604,0.025570609583042223,0.01571938720201546,-0.004898116182488275,-0.005893144206906083,-0.07232722499716442,-0.006719909696239874,-0.0070031129589308485,-0.05564241567466195,0.004491038165003663,0.005703989208380123,0.001876068526123839,0.004257412066227675,-0.007425807502909607,0.06738964937627939,-6.754024772879896,0.03020780819059949,0.0020171375907181246,0.0012614603981854836,-0.0071393242133105635,-0.0011259117958547398,-0.021722835189451204,0.003017530648685882,0.0012375161165310974,-0.00966217733726468,-0.07492814590858013,0.028059428482044693
5_5,0.010167161917099278,-0.013521161284034054,-0.00888299932045742,-0.005865462573083159,0.001073716423108253,-0.0014619897358868247,-0.004220125551137585,-0.020277468677512255,-0.029092771372743218,-0.030858188080554613,-0.013812833404048017,-0.31545673102360533,-0.0355117568157583,-0.04389866589419186,0.014774536701861483,0.014778263188807865,-0.016790793581710643,-0.02487554078269391,0.008064231262363728,0.02751292562151605,0.024078948771297185,0.012282008836843059,0.0014789685619483153,-0.0062764072833279465,-0.07134985719084584,-0.0059236844955471895,-0.008984807463757016,-0.03917777649097926,0.006384209559851972,0.003491163944855719,0.0026278067142166844,0.004042650151009717,-0.006523067568285148,0.01581747197035709,-6.809808760142316,0.02743098399590328,0.0004864152125987135,0.0014081661250431234,-0.007431540904702627,-0.0033260292975976946,-0.02181512641425737,0.0025435719979861812,0.003327731779707604,-0.009755200505718778,-0.07373930991905468,0.029797239074079336
6_1,-0.004419952989008019,-0.003444047807280407,0.002465874736417414,-0.0035136965583828224,0.007946686103446647,0.003609524281304594,0.006694500389791473,-0.0037405218046081532,0.012533410418397652,0.025077112436061158,-0.03476109962075768,0.0002941513586410027,-0.09090071333271478,-0.09202607764555264,-0.01747079130515625,0.05027948816872208,-0.14165501313812184,-0.04329085864257346,-0.013156339885447529,-0.05909125172263492,0.0017767432394446003,0.006132526915461736,-0.009815941891496137,-0.03452027173053949,-0.01958158503882217,-0.021960761068062606,-0.005470114795346152,-0.05387240185051499,0.008427900546146087,0.009959717963696345,0.010310961638772407,-0.01047235596163436,0.0005016138299902572,-0.019008541482748196,0.9295823487664922,0.018231920315082664,0.01642312954845784,0.0041873963926421405,-0.004587377938099774,-0.001430949508871802,-0.005971849748099692,0.002508798146062005,-0.0025352488064955283,0.029176402637865147,-0.011138892818674159,0.0009597850552006027
6_2,0.0025757583954853164,0.024458635302413777,0.003544448440097927,0.008730627247793835,0.0012398052749858408,0.01347363860047549,0.009350481091780062,0.03329222416067799,0.012367171551244602,0.016723625827305345,-0.04219129572181371,-0.025931497575615067,0.017955407564457307,0.006485660506299042,0.02067933142823288,0.06287891074032471,0.011357214028275928,0.011921390325250974,0.013290639833001147,0.07680120315576519,-0.243812398738627,-0.001879157014675317,-0.015035872575282123,-0.044155120555280765,0.03345556354736175,-0.03722375715576635,-0.033300531845146523,-0.061821278746847376,-0.0020703712815564536,-0.1353653413241907,-0.009522172010543086,-0.019658252738138215,-0.011952406355284093,-0.03513844055757102,0.7610894941007996,0.00610620426645758,-0.03272769893166216,0.020180785996327846,0.015493201469304262,0.004906462225772807,0.021837008707052078,-0.002540300538615594,0.00020623817671795535,0.010513842773134129,0.06796146828137203,-0.0012176469667883583
6_4,0.0041896411425034336,0.01625610881563068,0.003654335778022682,0.009186590458771276,0.008502011448260944,0.0020829974890287256,0.014131917078137816,0.023241214929925237,0.012555977833387383,0.012653352849124172,-0.04776384403831091,-0.019786447071070645,0.004738334812339052,0.010278183714240857,0.019700197284557054,0.07049265284639748,0.01312314397430663,0.015311761532188984,0.016941327487290884,0.06361410737395146,0.015017857286255067,0.021908104307906063,0.003061645121920566,-0.008273219397331425,-0.014075126478457793,-0.03162977515217855,-0.03124552527333791,-0.03813536505721057,0.011283916187592398,0.007987056747736058,0.009779739638267762,-0.014776813402443552,-0.014352479715622164,-0.020248778705344618,0.802657996894776,0.010229179019365488,-0.021874473895715556,0.011980298787048205,0.009932593014346187,-0.0018984896002333133,0.020214719965096422,0.00044155342739094313,0.002532383582696158,0.020649817699180676,0.06660372529817221,0.00842777295761555
6_5,0.004512395457158059,0.010495676808227205,0.0022912082162111634,0.011290946859936887,-2.7365529816186388e-06,0.013501500798717106,0.01074420453140235,0.033031860196295344,0.010936446476610615,0.012309446416416027,-0.050852537070513903,-0.022181685279848512,0.00518928995705373,0.008158694572771602,0.011709133189050355,0.06534298054362296,0.013538886755987875,0.015462582743269069,0.014966428982346907,0.07839388774948208,-0.0009379285436944051,0.020615238078228345,0.006456897742811533,-0.006714700218951565,0.0021201481667472637,0.02195160369430451,-0.0331263063006423,-0.02819690877402737,0.011756569906703632,-0.025618018380387197,-0.009838055545753297,-0.011503126687665332,-0.002207727077855361,-0.030439552534267885,0.77717177485863,0.01090820199131087,-0.037388212597653264,0.009333209020536479,0.010260309009802628,0.0024261536196131164,0.02148778658882134,-0.0002012553723902922,0.000952373360205857,0.017232919353738132,0.06758601352385915,0.009105202506901713
7_1,-0.009130743266452909,-0.009815332602798642,-0.003496534729495184,-0.002455913375560413,-0.004649830028735079,-0.004103860748241799,-0.009622377648219028,-0.004854934011966552,-0.017816814765207137,0.014009611430428892,-0.03779778116659951,-0.004885481821291229,-0.0029214441711363647,0.00884119517752669,-0.023870783112197817,0.03669929296335687,0.010765815745435756,0.01062386393028095,-0.0036702315709654433,-0.06552257734380444,0.018071395637326078,-0.0031057728857610566,0.006517701422290862,-0.032363360776767415,-0.04030269921069006,-0.018543230804756658,-0.026373430295738083,-0.10564748679229335,-0.01693483236785232,0.006975034270753168,0.00718239333229933,-0.017074373294844077,-0.019856725487805982,-0.023961485634342677,0.9470898010753277,0.0033750570396286284,-0.04776375786354902,-0.013359443292910585,-0.007716912277235284,-0.004577155216213103,-0.004913442835103313,-0.0008626100705780911,-0.004126268791920341,-0.006556419275141155,-0.010357476857150601,-0.006308511180454517
7_2,-0.0046738746180732095,-0.006644391264429734,-0.003733346272201488,0.00883138915601254,-0.007702501263981156,0.000761951131383956,0.001223170147708628,0.0222124444361106,-0.02166276778195992,0.003101797496726894,-0.055042465045352686,-0.02105483017724693,0.005294571865655261,0.007501387088786925,0.017022809963762993,0.03225690866905184,0.01091213300869284,0.013337277671508895,0.007124971985226266,0.05467821645301671,0.01534706391500047,0.0106413794878113,-0.0249649503922897,-0.05446047868691795,0.11982937375531616,-0.042699537709718835,-0.03667710908028472,-0.13273654235421523,-0.004155163241729611,-0.0018231021208920508,-0.00894658577160467,-0.0217354427419393,-0.004772266643951057,-0.019936695147302924,0.7319488001957225,0.0005409943575213396,-0.04814807644361039,-0.016178496630764354,-0.0030283163735269725,-0.003463203936653144,0.018126222576555145,-0.0032250418547425373,-0.004552132929823036,0.014045319150966698,0.06598013993955414,-0.0029974769068593712
7_4,-0.0034100285612164616,-0.012597950878831162,-0.005312715264236999,-0.0052798458600712035,-0.007571734586223208,-0.004120634072721702,-0.00874675651322466,-0.004143113102751612,-0.016170761489061443,0.013314895835761962,-0.03862243099990752,-0.011266586704940993,0.02566141158242114,0.05560631515049907,0.01085203657692702,0.04586848767577472,0.02882391056988432,0.05150613714855823,0.017882575725915294,0.04729243717152862,0.031845709058132346,-0.0017693878713607495,-0.023067823124645805,-0.03335014835668987,-0.04184566265166599,-0.013780750099542726,-0.0306731805559445,-0.08719010330279602,-0.01072111217296954,0.00832857748527073,-0.006731486331203265,-0.025095754955501422,-0.022149314184173624,-0.01404953763531764,0.8311409588369538,-0.003356492894022954,-0.048110585870850854,-0.003091581567919318,-0.006893993103054296,-0.007741369601268197,-0.004892432269276188,0.0005451150650307778,-0.005199587662642693,-0.008255639548651906,-0.010893795114720236,-0.00760995785872223
7_5,0.0012175868381748007,-0.013534231568689267,-0.0040894744903747175,-0.0045965991065451935,-0.0009157217370701838,-0.005101199768165613,-0.010701697796672257,-0.0026132979632871437,-0.015978844762025234,0.015931311433724265,-0.037483695285154724,-0.00976179951315011,0.004447624023475071,0.010980272754082436,0.006256065897728698,0.04270975397755467,0.01000184988623981,0.010549096474817554,0.001553481018592119,-0.032153145371620444,0.01433369217400111,-0.007264570128514743,-0.0317473454386864,-0.03457820299196573,-0.005350109318750402,-0.020031824746109095,-0.03247147089444203,-0.1103970864066303,-0.007915552956392664,0.0073297254998648505,-0.006081315561622119,-0.024169489459850892,-0.02362249139909524,-0.021093311233914194,0.9022363870199255,0.013390268464357716,-0.03301191902271715,-0.0013124679531636766,-0.007830794376387921,-0.007889756957176836,-0.00635778915358618,0.00016140255944502237,-0.004449744145301802,-0.009209217852843725,-0.011297953943896053,-0.005602616067638806
8_1,-0.005564257638789098,-0.0025281181548947626,-0.0038577372933682927,-0.0008579733287984387,-0.00524133127882398,0.0009024547468565943,-0.0012658805065353157,-0.000926919168217206,0.006628194420033587,0.04855433228348455,-0.035215098288701015,-0.0001934472091660385,0.0061386595810630105,0.012322317873243763,0.012919495622155754,0.0620333061835455,0.016583597100263626,0.02270092512646296,0.018652529984679596,0.04574628602866091,0.015290052298995672,0.007132608104799695,-0.012922523269485673,-0.030821473823850837,-0.013810663824396075,-0.020984104576270503,-0.02654972747722106,0.034644940031232425,0.0010843931419044959,0.021177683753383907,-0.0025476709146684856,0.011686802571804442,0.027560389744168717,-0.0073089938625256435,0.9742553033500989,0.01349806480126692,0.016490553956668288,-0.005086715122992168,-0.0029502029904225936,-0.0023953020692499163,-0.0017166047263809563,-0.0008114805863408263,-0.002296591637862481,0.0014022021858553304,-0.009414358103738576,0.0032783551112593556
8_2,-0.0012569369241263412,-0.0075854960952355605,-0.004213167646263042,0.0028865609849509735,-0.0027140302644166575,0.0007014311262042367,-0.003630204713847818,0.023917138170982625,0.008911896725408253,0.01915420924499841,-0.03757180631398598,-0.009601660497386756,0.031339068936965066,0.05997671902004777,0.006625695077794586,0.047961099813267266,0.012481051907502757,0.05769568745466662,0.015936482077599602,0.05188568956255811,0.0030583848862894775,-0.0019460361597781351,-0.015548715605406728,-0.03922405561010546,-0.05062602247716032,-0.022436667223823065,-0.022901541002077034,-0.06649369796068876,-0.004533640369053826,0.0077925484440701355,-0.007903289323025996,0.0023537196525893096,0.007267129129524303,-0.03059692499806825,0.7019045537591796,0.001732265367273956,-0.04402515030720629,-0.002787493892449124,-0.006052543939475257,-0.0010857382801073155,-0.0005647366717843174,-9.653572867691553e-05,-0.002713976376524794,-0.002889640847919291,0.06742424756158996,-0.0010038321393954614
8_4,0.0036802739861092303,0.03305977201111284,0.005428915979533398,0.008845224259696567,0.004041363007849299,0.001584480983112113,0.010505944434692707,0.02371609820829745,0.003546781998467837,0.014434552141148813,-0.031631774560159504,-0.019889237158417235,0.01877847598442987,0.010540450519963801,0.013410209790170467,0.05800113132256635,0.00999344631180596,0.013988712673374858,0.011023542967951865,0.05427005349791874,-0.2704079023754067,-0.001337282431543068,-0.018041983869105792,-0.03288805384476376,-0.009271270787389596,-0.0265567249326204,-0.029626793800795574,-0.03792040914989303,-0.009219930505940336,0.010443461035933858,-0.019374940120091045,0.00199531141862243,0.02765146255938461,-0.03449258769479209,0.7518708073951526,0.0024786625414431602,-0.04789623750721609,0.009150597899913659,0.025342469379409364,0.005008428075686901,0.021380494402934033,0.00033573817170635804,0.0017226576754866463,0.009871585020463432,0.06701041427595628,-0.0007303544072997004
8_5,-0.009153186469621441,-0.009256037279727385,-0.004915509365696277,-0.00452388819864232,-0.0038253338756933718,-0.004968977331394596,-0.01068071653352838,-0.004247811479936082,-0.0015502012191243686,0.012880724118974942,-0.041786572140377724,-0.01758404403711435,-0.0022211759556413596,0.005584495271160855,-0.020670367960202732,0.0413908540653525,0.008644710732687418,0.01050941185138538,-0.004068628594623356,-0.0565085215851653,-0.004123347993416408,-0.007505339038177436,-0.021328400528168142,-0.04333263945488601,-0.027371298347468147,-0.028052713544958176,-0.028394051500250848,-0.11309501285014656,-0.014772277012725524,0.004911587148284357,0.015939068290413208,-0.0016657240780659263,-0.01985172022674194,-0.025181850767562228,0.9214430873178902,-0.005398688510100748,-0.059101178537991406,-0.01059867919828835,-0.00681080532015671,-0.0023486094631946187,-0.007632726249435244,-0.0021932381057456094,-0.0023764804044706486,-0.005950172406419708,-0.012851382968056916,-0.0043125412275694195
9_1,-0.0010418773759033222,-0.0046262562086175395,-0.00399279833482625,-0.006158024951522994,0.0006082016123434485,7.868965825189241e-05,-0.007071955892665486,-0.00432372137347734,0.003884005172427872,0.051276997102108667,-0.02500940998252823,0.0034972599515027633,0.007292095445984493,0.05895361663070291,0.006826549232687129,0.05246323009045142,0.012898458805249811,0.0163921057380508,0.014560683053297838,0.044875647465350346,0.023899775884633063,-0.0016788669733513034,0.0021451914019830296,-0.0336624391203005,-0.047241908598487946,-0.019111603772542122,-0.02262977656354749,0.028130632262304646,0.0019248295400489705,0.016876468473984104,-0.007974856144314982,0.0069030492411017415,0.02237666155040947,-0.007710346115119985,0.9309920666487254,0.03917482392828508,0.01609370769525467,-0.004924117799554433,-0.005589982079737193,-0.0029779201361057528,-0.0019905326085882676,-0.00031493524804756504,-0.002549772156070774,-0.0047982139134883995,-0.01074055989091804,0.0029172436472536412
9_2,-0.002224642799634472,-0.0034620944468492566,-0.0033149199259138906,-0.0020465574322726787,-0.0021138827781504803,0.0011098203176406686,-0.0015525024470186039,0.019444266698733895,0.0033751536940074883,0.05129182758818212,-0.02899924103398619,0.002581465149768643,0.006285355783832114,0.009845922954443385,-0.014580074935760409,0.055557951763605576,0.0120762588731934,0.01307004104839783,-0.0015980465334688241,0.001953267562897238,0.0169625181435008,-0.002791283699206643,0.004180096179327107,-0.032518857024604365,-0.02972017659917812,-0.02448021384739169,-0.022041837783935418,0.03812626752822538,0.0019802033433063393,0.013611978955017607,-0.01364934544354208,5.521276400891841e-05,0.018337663717496774,-0.009467424191015247,0.8614349133616954,0.009955530035699718,0.0137664489994512,-0.007986994257428288,-0.00517820620194053,-0.0032152625446513006,-0.0031503780316100827,-0.0018123642825594345,-0.004012896963872874,-0.001236804585230709,0.0628522617146538,0.0028203529901750296
9_4,-0.001951988691812482,-0.007244418273096305,-0.004002428798849426,-0.006659880341262718,-0.0013197320225523108,-5.260684127442515e-05,-0.008861245272047591,-0.0022056401157517715,-0.0037036915714566345,0.047590651041657245,-0.035277198819957764,-0.0018630657356594534,0.0017047705347030448,0.05589855643374358,0.005866698421901134,0.054480230920928865,0.029637847234552466,0.054461870925384404,0.015303383904682713,0.042722393577452646,0.014493196345736101,-0.002183902743167404,-0.0010994562030533217,-0.03539619358416516,-0.02880492094718896,-0.022412335986037594,-0.024762611425746556,0.01891393740928602,-0.0028404905581036386,0.01282302877354697,-0.016801444343851724,0.0018722747067185083,0.01600726424675367,-0.010161436476776985,0.8734577335748083,0.013130964677565023,0.01217487898713472,-0.008162508528189163,-0.006296342858534676,-0.0028162198368879084,-0.004992531649465973,-0.000356464304647085,-0.003630855166859694,-0.00558339809752847,-0.010591217838634303,0.002007813499367568
9_5,-0.0009631180533512195,-0.005576699374604473,-0.003348735397795245,-0.004603148754043948,-0.00033033853313864164,0.0017116041256784594,-0.007706334525391901,-0.004004188860917171,0.009625325687260228,0.04636073130622563,-0.031014008729267725,-0.000457950408794994,0.032573474232783346,0.05600064802726223,0.008542698035872253,0.06307177312202111,0.030412288655228263,0.052089731859661884,0.0154310791502317,0.04925884737751647,0.014378579923350494,-0.0020359861740218226,0.003990621573271083,-0.033537025764791666,-0.019773593771071504,-0.021117933535824758,-0.022297340556729692,0.01477740400258634,0.0029821510012203764,0.01393636895018635,-0.005255888514615262,0.0077713243293969754,0.03058379923528276,-0.009396186530908629,0.8473554879272577,0.015485789945187959,0.01820861442317327,-0.004357521349494757,-0.004954990187172586,-0.0008205659085057413,-0.0030271117869817635,-0.00023285462436825223,-0.0022140531158614247,-0.00439001756270285,-0.010159830985554763,0.004266823792495294
