,0,1,2,3,4,5,6,7,8,9,10,11,12,13,14,15,16,17,18,19,20,21,22,23,24,25,26,27,28,29,30,31,32,33,34,35,36,37,38,39,40,41,42,43,44,45
10_1,0.00039513336467206575,-0.030025933298303373,0.0025130993705101377,0.0014819592084709425,-0.004973275458300596,0.0384306901513649,-0.036901846273015695,-0.060697478468817095,-0.2731752259942218,0.20498056679361198,1.3431477559620373,0.017797620913386776,-0.01416886956858322,6.560004325047858e-05,-0.0032162372812825106,-0.0036932419537567393,0.001599587478880711,-5.5060293465889344e-05,-0.0009552479412545021,0.004687201689574504,0.000994814754311955,0.06377915333488061,0.04684606910855293,0.2380716194338074,0.0001603143567407378,0.5923278869638046,0.6141778243292498,0.01838975348246892,0.11664208934082887,0.06822153357288756,-0.01597205995543416,-0.026754307647383777,-0.02799506521285929,-0.0005984831375672774,-0.022989998936707168,-0.0005739907599785444,0.01523428458224244,-0.023230277907173504,-0.022745291376872416,-0.014548909553897366,-0.00042144784534759935,-0.0031820949650854524,-0.016108784049912575,0.0,0.0004685077230129873,-0.0152152188620676
10_2,9.839715265463878e-05,-0.030025933298303373,-0.009357073340259692,0.0014819592084709425,-0.004968129059795689,0.039678710803040106,-0.036901846273015695,-0.060697478468817095,0.07498706249515458,0.20708627444720606,1.343665580457207,0.017224117564680813,-0.004376013162177445,5.519964924745259e-05,-0.0032162372812825106,-0.0036932419537567393,0.001599587478880711,-6.0197744677802935e-05,-0.001473669615933199,0.004687201689574504,0.000994814754311955,0.06369575351326114,0.046800713322273854,0.23837848600959996,-0.0002145829655374272,0.5984073024410386,0.7496814076051774,0.01838975348246892,0.1166228767068796,0.07022772492167288,-0.0194307370329215,-0.026754307647383777,-0.03402285275007419,0.01600001856350869,-0.005709851796140503,-0.0005739907599785444,0.014041898451296926,-0.023280880708607628,-0.022541812083463418,-0.0145792153473769,-0.00042144784534759935,-0.0031820949650854524,-0.016108784049912575,0.0,0.00044424576859582545,-0.015358757309303838
10_3,9.839715265463878e-05,-0.030025933298303373,-0.009435628796387017,0.0014819592084709425,-0.004968124717839662,0.03071569797178824,-0.036901846273015695,-0.060697478468817095,0.0753127565134463,0.2034501301327573,1.3411244065037022,0.017950335689903583,-0.004931702891873509,5.519964924745259e-05,0.0005847704147786374,0.0026622263028145392,-0.00039993127802433084,-6.0197744677802935e-05,-0.001473669615933199,0.004687201689574504,0.000994814754311955,0.06359342940033946,0.04679768026606528,0.23985650473251532,-1.2944284786838619e-05,0.6009048225314484,0.7527871412269855,0.01838975348246892,0.11649606520849425,0.0681992531212746,-0.0194307370329215,-0.026807613564017466,-0.03402285275007419,0.01690704007685173,-0.005381176798762766,-0.0005739907599785444,0.014041898451296926,-0.023280880708607628,-0.022541812083463418,-0.01461282559657954,-0.00042144784534759935,-0.0030223154632074527,-0.016108784049912575,0.0,0.00044424576859582545,-0.01512388520020509
10_4,0.00014009927497974305,-0.030025933298303373,-0.009357073340259692,0.0014819592084709425,-0.004968129059795689,0.039678710803040106,-0.036901846273015695,-0.060697478468817095,0.07500107095143174,0.20708627444720606,1.343665580457207,0.017224117564680813,-0.004376013162177445,5.519964924745259e-05,-0.0032162372812825106,-0.0036932419537567393,0.001599587478880711,-6.0197744677802935e-05,-0.0009552479412545021,0.004687201689574504,0.000994814754311955,0.06378053500828469,0.046800713322273854,0.23837848600959996,-0.0002145829655374272,0.5984073024410386,0.7489628161723811,0.01838975348246892,0.11663598386259758,0.07022772492167288,-0.0194307370329215,-0.026754307647383777,-0.03402285275007419,0.01600001856350869,-0.005709851796140503,-0.0005739907599785444,0.014058163186591218,-0.023280880708607628,-0.022541812083463418,-0.014548909553897366,-0.00042144784534759935,-0.0031820949650854524,-0.016108784049912575,0.0,0.00044424576859582545,-0.015358757309303838
11_1,0.00034227725948920637,-0.003089885640623867,-0.0004782225890208945,0.0014006936742560604,-0.004832405745156887,0.005439120122195552,-0.0039928265649912635,0.010358223350768588,-0.13883947487217468,0.03050454013256382,0.34212364241685994,0.017112582227854632,-0.005868454155688429,0.00018315075521486263,-0.005699198280605801,-0.0018836954201263884,0.0016011036941076004,-3.552458256971051e-05,-0.000657244497521694,0.004687201689574504,0.0010327600144446406,0.046166899431848527,0.13627650109285316,0.1494063701938085,5.800881599589587e-06,0.33494980952488757,-0.020632055033236216,0.008087688335079002,0.10996689825198798,0.0070816719314498846,-0.05683031304009314,-0.019173093851611298,-0.21287952017296569,0.29540596850956174,0.03760994429048943,-0.000571956960057989,0.005848641669639897,-0.02325897791213138,-0.005749231581676761,-0.01840255817020269,-0.0004336186036536212,-0.01929127718487815,-0.016941732644886034,0.0,0.0005790678275567004,-0.021843589888382413
11_2,-0.0006084846636002243,-0.003089885640623867,-0.004406623179757628,0.0014819592084709425,-0.004824137053354655,-0.03698430804178649,-0.0039928265649912635,-0.07132430132685996,-0.2580694631296574,0.23784980429363384,0.42829354380963985,0.017112582227854632,-0.005868454155688429,0.00010717257673256383,-0.005699198280605801,-0.0018836954201263884,0.0016011036941076004,-3.552458256971051e-05,-0.0013454716622488885,0.004687201689574504,0.0010327600144446406,0.047672989933282756,0.026367875038691466,0.2422682646347168,6.407081562667715e-05,0.3279445757918766,0.07225769996812441,0.008087688335079002,0.10609262323268999,0.00740343593199484,-0.024971123388289673,-0.01755741817949857,-0.20763036108017913,-0.09662117889329423,-0.018593879055423812,-0.000571956960057989,0.006957353672307785,-0.023230277907173504,-0.005843041145922443,-0.018431352697917503,-0.0004336186036536212,-0.019143508016022846,-0.047500037850156815,0.0,0.0005391936278233307,-0.024501029563115118
11_3,0.00034227725948920637,-0.003089885640623867,-0.0004782225890208945,0.0014819592084709425,-0.004832405745156887,0.005485189016441045,-0.0039928265649912635,0.010358223350768588,-0.1394850372237466,0.059858457158711825,0.2497736951386084,0.017112582227854632,-0.005712551871943624,0.00017157166645433977,-0.005699198280605801,-0.001878953575833205,0.0016011036941076004,-3.552458256971051e-05,-0.000657244497521694,0.004687201689574504,0.0010327600144446406,0.04601624848357559,0.02575049574335522,0.14040028255980144,4.8199919420544544e-05,0.3329424206296483,-0.020632055033236216,0.008019603736416636,0.10621415645165155,0.0073090852215210835,-0.0568983976387555,-0.017459853499741707,-0.21287952017296569,0.29545203740380727,0.01769796091047983,-0.000571956960057989,0.005848641669639897,-0.02325897791213138,-0.005749231581676761,-0.01840255817020269,-0.0004336186036536212,-0.019146224306106546,-0.016941732644886034,0.0,0.0005517305518497088,-0.021817099566447798
11_4,0.0015799986885875507,-0.003089885640623867,-0.0004782225890208945,0.0014819592084709425,-0.004824137053354655,-0.0023070166559108814,-0.0039928265649912635,0.01718959429099427,-0.13988893444438172,0.06067453795076927,0.3003191238873934,0.017112582227854632,-0.005712551871943624,0.00010717257673256383,-0.005699198280605801,0.0015223913963846353,0.0016011036941076004,-3.552458256971051e-05,-0.0009034282947137581,0.004687201689574504,0.0010327600144446406,0.04576660655625814,0.02571225205059299,0.1461961976465783,6.407081562667715e-05,0.3339363801376073,-0.044620799920396415,0.008019603736416636,0.10618364435010316,0.007413060662381577,-0.0568983976387555,-0.01755741817949857,-0.21328657221264397,-0.09514585502325078,0.01761815859260428,-0.000571956960057989,0.005802724474904566,-0.023925705334876857,-0.005843041145922443,-0.018465504085225147,-0.0004336186036536212,-0.019138303034054185,-0.047500037850156815,0.0,0.0005391936278233307,-0.021749931078794048
12_1,5.403503333929857e-05,0.08871006380186608,0.09042926618648518,0.0014750611664020603,-0.011116950877577034,0.010096038183709974,0.07434822764379549,-0.030462774971904052,0.06861661879708088,0.2461661739945692,1.5371630508144896,0.01785881571023163,-0.003375274291078899,-1.515956934878453e-05,0.00033283412559763446,0.0002169591506152842,0.00162218600387209,-9.359426474203755e-05,-0.004412173562541547,0.002785185130704115,-0.0010803820714931352,0.06647707068882562,0.16239023048714446,0.3014773887990712,9.500449632610661e-05,0.7004347938351401,0.8228101382021625,-0.018874328805077983,0.12434960743322312,0.11166772527682343,-0.017259722854412934,0.08680171971002308,0.08168307963867547,-0.043469593680715624,0.09924290418694034,-0.0005439703650706547,0.012847195880478165,0.0011545491992039562,0.07436283909446195,-0.006385809620975431,6.322784212404271e-05,-0.010688970644500336,0.004334759175009093,0.0,0.00028204974843658586,0.2819008043595956
12_2,5.403503333929857e-05,0.08871006380186608,0.09065572431074224,0.0014750611664020603,-0.011016221658398313,0.005035079746984169,0.07448474309800045,-0.02292632623760241,0.07240326037386464,0.2462448882242098,1.4601144314522152,0.01808332077007538,-0.0034048223787028114,0.00011018538032943033,-0.0018305876907869904,-0.002077538721168647,0.0016011036941075978,-9.359426474203755e-05,-0.004685463382918972,0.002785185130704115,-0.001113443158359689,0.06716405906425323,0.1619876603213598,0.2892190657966985,-0.00022518845494370323,0.7087168392100363,0.7623150266067745,-0.018705214609772033,0.12432794387521669,0.1118722094225776,-0.017033919027606592,0.08697115480105709,0.0675999938118359,0.23483218304292017,0.09916939191727558,-0.000571956960057989,0.019279067707847822,0.001241666684710074,0.07391529639860396,-0.014723728333701029,-0.0004336186036536212,-0.010761430815521675,-0.009404685343783883,0.0,0.0005656071639498792,0.28447154931186314
12_3,5.403503333929857e-05,0.08871006380186608,0.09042926618648518,0.0014750611664020603,-0.011116950877577034,0.005477863703391406,0.07435635724867211,-0.02292632623760241,0.07059708168292873,0.24538583211273168,1.4618404545785324,0.01699793488856423,-0.003930964020774963,0.00011018538032943033,0.00033283412559763446,0.0002169591506152842,0.0012512656865616648,-9.359426474203755e-05,-0.004685463382918972,0.002785185130704115,-0.0011141574085078896,0.06647671755142527,0.1621979291207242,0.2931345748650868,9.500449632610661e-05,0.7117047866476733,0.7568003172472143,-0.018874328805077983,0.12425556538350746,0.11166772527682343,-0.017292128514690218,0.08681507843262386,0.0672020907165371,0.2239645440487127,0.09916939191727558,-0.000446552337684202,0.019279067707847822,0.001241666684710074,0.07391529639860396,-0.015039078433634907,-0.0002476000203523361,-0.010688970644500336,0.0023007977434501507,0.0,0.0005946001216550715,0.2820186383892449
12_4,5.403503333929857e-05,0.08871006380186608,0.09042926618648518,0.0014750611664020603,-0.011116950877577034,0.005477863703391406,0.07434822764379549,-0.02292632623760241,0.06834288949789198,0.24646199411946834,1.4628521100792578,0.017798485366639742,-0.003234613862513087,0.00011018538032943033,-0.0018305876907869904,0.0016753276154423927,0.00162218600387209,-9.359426474203755e-05,-0.004685463382918972,0.002785185130704115,-0.0010803820714931352,0.06723563155158001,0.16239382612848738,0.2961304816763127,9.500449632610661e-05,0.7004347938351401,0.7551304911460576,-0.0186846263047775,0.12434960743322312,0.11168345097290742,-0.018014628235014277,0.08680171971002308,0.06679038718038449,0.2230711980056499,0.09928475778545323,-0.0005439703650706547,0.020389281210207544,0.001241666684710074,0.07391529639860396,-0.006385809620975431,6.322784212404271e-05,-0.010697212595282411,0.0023007977434501507,0.0,0.00028204974843658586,0.28195567290889145
13_1,0.00014382241352073745,0.01978637857301027,0.010094432760560938,0.0014750611664020605,-0.007883832328640211,0.016062504837649642,0.0077202649034258065,-0.02856220857613868,0.05974506640147836,0.20895422863275234,-0.04352362254925791,-0.0066146897330205245,-0.004249910306873282,9.613603468747135e-05,-0.005699198280605801,-0.00312011406793103,0.004323190152976406,-0.00023219193044895538,0.0017425192853310159,0.012588281589759715,0.017375537226307646,0.07943690326266396,0.09496019304453623,-0.035569110112178025,-6.423161912856058e-05,-0.12744278913337362,-0.06445733610273299,0.0692199996194859,0.09920023678554668,-0.032657929427876334,0.009552208150026543,0.038973403003470214,0.060803386600149466,-0.016903953070336143,0.044889442129287103,0.0037501592984718777,0.04039105695755117,0.004831185291262937,0.008705542318787195,-0.0055356778729071,6.347828589483738e-05,-0.02005265155356702,0.0030002582588825105,0.0,0.000266222760513662,0.009670673575971005
13_2,0.00014382241352073745,0.01978637857301027,0.010094432760560938,0.0014750611664020605,-0.007883832328640211,0.016062504837649642,0.0077202649034258065,-0.02856220857613868,0.059884105073091325,0.20704044277331474,-0.04355698092948843,-0.0066146897330205245,-0.004717618394429467,9.613603468747135e-05,-0.005699198280605801,-0.0031454991177659796,0.004323190152976406,-0.00023219193044895538,0.0017425192853310159,0.012588281589759715,0.017375537226307646,0.07898104290572697,0.09496349930874254,-0.023777038741113633,-6.423161912856058e-05,-0.1273323194292492,-0.06445733610273299,0.07002807258004339,0.09967610015891869,-0.03264747900607656,-0.0016571410266594056,0.039033410419629794,0.060803386600149466,-0.016903953070336143,0.044889442129287103,0.0037501592984718777,0.04039105695755117,0.004831185291262937,0.008705542318787195,-0.005501482521265174,6.347828589483738e-05,-0.0200253397744959,0.0030002582588825105,0.0,0.000266222760513662,0.010315333173043366
13_3,0.00014382241352073745,0.01978637857301027,0.010094432760560938,0.0014750611664020605,-0.007883832328640211,0.03600087184907783,0.0077202649034258065,-0.02856220857613868,0.059898167721872585,0.21478596424578092,-0.04131340005042059,-0.0066146897330205245,-0.004249910306873282,9.613603468747135e-05,-0.005699198280605801,0.002825697467835504,0.004323190152976406,-0.00023219193044895538,0.0017425192853310159,0.012626649051028773,0.017375537226307646,0.0784338144894989,0.09557529481769222,-0.034633315839398625,-6.423161912856058e-05,-0.13270643649215216,-0.06383827415773659,0.07899829492905554,0.09967610015891869,-0.03259724741560139,0.014035280642371448,0.039033410419629794,0.060803386600149466,-0.02073617977805768,0.04466565673135526,0.0037501592984718777,0.04042324382468314,0.004831185291262937,0.008705542318787195,-0.0051494210436631455,6.347828589483738e-05,-0.018321970974407,0.0030002582588825105,0.0,0.000266222760513662,0.009890908015487997
13_4,0.0001051911566273564,0.01978637857301027,0.010094432760560938,0.0014750611664020605,-0.007883832328640211,0.035106683076380714,0.0077202649034258065,-0.02856220857613868,0.05964803895695674,0.21478596424578092,-0.04589918453657605,-0.0066146897330205245,-0.004249910306873282,9.613603468747135e-05,-0.005699198280605801,-0.00312011406793103,0.004323190152976406,-0.00023219193044895538,0.0016813787993589478,0.012588281589759715,0.011045220644477004,0.08092609439267269,0.0827993129068566,-0.041468341139695795,-6.423161912856058e-05,-0.12422541646850215,-0.07701518239638162,0.07884343408724664,0.09879825252546169,-0.03259724741560139,0.014035280642371448,0.02682282417303533,0.05719986915237329,-0.01635819171502279,0.04187293671110264,0.0037501592984718777,0.014272824796569368,0.004306585239618908,0.008705542318787195,-0.007509295488625426,6.347828589483738e-05,-0.018321970974407,0.0030002582588825105,0.0,0.000266222760513662,0.008795104450542934
14_1,0.00017338586936815285,-0.0027333196038993104,-0.0036357125048807723,0.004977538775147076,-0.0016371632495626037,0.19602094742951942,-0.004237024849087395,-0.0656139001332332,0.018981520338752587,-0.23390621041143186,-0.45163995086029757,0.003316081621404812,-0.012946266123074885,-0.00027104449651015484,0.004729824520756932,0.0001001369240051632,-0.0026030708643379474,-0.0005781178280879953,-0.015641620456124425,-0.05715695161382291,-0.0003281572053013546,0.05355877092297448,0.07744610358528876,-0.12310902444767587,-0.0013803842924907418,-0.4745595257568309,-0.1663960318011438,0.02070069496218898,0.09146073061072943,-0.0005306315593201659,-0.02108771572054538,0.035077524840758545,0.010870676418628822,-0.04304177187065726,0.0227176299258915,-0.0009246544139162542,0.043274553214876235,-0.002959615889481703,-0.008161933480070594,-0.024420974043994417,-0.0007213861427418946,-0.031208428888767015,-0.005961474045852771,0.0,0.0021211202996087256,-0.010589654432552636
14_2,0.00048144196012813757,0.012770743332584874,0.010574639686091077,0.0038633116800578663,-0.010423453507074095,0.16980167316711908,0.007923335077415414,-0.06524887071436399,-0.010411435699939128,-0.23685607570253606,-0.4753961624429527,0.004078845284078534,0.008936708072578651,0.008837119257487779,0.004729824520756932,0.0012242599525386976,-0.013346394936398184,0.003272608070587664,-0.015641620456124425,-0.07052987538896255,-0.00032806352632510846,0.06541196813101513,0.08586159592525246,-0.12193114897609073,-0.0011689617328563256,-0.4628229494618742,-0.19529652684048268,0.02095321575675571,0.09303079927981821,0.001781790156265549,-0.022569525142175362,0.032676137598551695,0.002930281732059517,-0.042172288505102115,0.02298169210032095,-0.0006088474375471088,0.041380991311850454,0.0014299643020616757,0.007081584780697971,-0.022930128131644984,6.347752985085128e-05,-0.02830112164782058,-0.006398543101860742,0.0,0.0021211202996087256,-0.010049097205637528
14_3,9.839715265464312e-05,0.012770743332584874,0.010436349195111052,0.004337692211794538,-0.0015701738067490402,0.19781667451392382,0.007862449636437906,-0.06524887071436399,-0.002135056193183422,-0.23749901226616282,-0.4659759653083198,0.003198118263370308,-0.011340433618264242,0.00016661451247716817,0.004729824520756932,0.0001001369240051632,7.6264561470304e-05,-0.0010321334788826967,-0.015641620456124425,-0.06882983788752962,-0.00032576839140695886,0.051699087562412524,0.07703262719622896,-0.1256016138042363,-0.00036080881078662946,-0.4841470883693817,-0.1961294021205591,0.02070069496218898,0.09182840529563502,0.0011785240877376054,-0.01740104681173365,0.03205293102958473,0.002930281732059517,-0.03994431003451239,0.023189803574575577,-0.0006452133124994174,0.043274553214876235,0.0012353861660068036,-0.0037427303783291906,-0.025889720868458345,-0.00038086517910508903,-0.029891269422801094,-0.005961474045852771,0.0,0.0021211202996087256,-0.009722009698136795
14_4,0.00017338586936815285,0.012770743332584874,0.010581117507890583,0.0038633116800578663,-0.0015799167115531686,0.167277757430063,0.007728859817427855,-0.06524887071436399,0.01720656400227637,-0.23547425060388746,-0.47413243674345507,0.0037231821687584714,-0.012946266123074885,0.00016661451247716817,0.004729824520756932,0.0012242599525386976,0.0001331964023843365,-0.0010321334788826967,-0.015641620456124425,-0.07052987538896255,-0.00032791449159015867,0.051150162966917614,0.08662254725180861,-0.11949806218899559,-0.00036080881078662946,-0.46473776987132553,-0.19561052082397026,0.02095321575675571,0.09190928361874721,0.003325130802464759,-0.023013553416920116,0.02261759585777149,0.008974094224143636,-0.04524597459644747,0.022694432966352755,-0.0006535768629018623,0.041380991311850454,0.0012353861660068036,0.007623237681579486,-0.02404406431541844,-0.0003239333381910548,-0.029310832992680672,-0.006398543101860742,0.0,0.0021211202996087256,-0.010393936685625958
15_1,-0.0002489023826096183,0.013127124352060059,0.010117535582694952,0.0014750611664020605,-0.009326900956389612,0.021541977092044518,0.0077020201621810945,-0.02856220857613868,0.05709384725333058,0.1776216292061722,-0.12147204916961941,-0.02641871736851873,-0.006098357407383796,9.613603468747135e-05,0.000470799236339613,0.0038035776724797583,0.0016542106571308546,-0.00023219193044895538,0.00044091647316660265,0.0107323786153863,-0.004727819664505686,0.068345570095587,0.08165750872369587,-0.052385758260875784,-0.00043446067020062656,-0.14890371420981777,-0.08725936457057404,0.049643446778599644,0.0972351211204383,0.02393828359094288,-0.005340161565583849,0.010252967389669637,0.05562695333545804,-0.03937311875255841,0.028232034360412134,0.010721448126700612,0.020878156060231627,0.004253906592188153,0.008176796703707814,-0.014273046627453304,0.00011769990406353733,-0.02063194823400326,0.0030002582588825105,0.0,0.000266222760513662,-0.00883633608137005
15_2,4.267178222930649e-05,0.013127124352060059,0.010117535582694952,0.0014750611664020605,-0.009668913207919126,0.024407688285752623,0.0077020201621810945,-0.02856220857613868,0.07116596557815613,0.17795074410197145,-0.1248928059699033,-0.026987582179100723,-0.0037915495939520342,0.00021716012329961562,-0.0025893957998678694,-0.0020014336069226184,0.0036537294140359007,-0.00019293509003180795,0.0008997224387276535,0.010956585176415195,-0.004727819664505686,0.07423981093460018,0.0818924427413749,-0.06679371601661137,0.00014737138742619213,-0.13823841827390976,-0.08078512513871645,0.04529641725792042,0.09798775550893236,0.031190626701151424,0.008241932434742753,0.010586848955916555,0.05562695333545804,-0.03934439413877816,0.03120325301292582,0.010721448126700612,0.02281095036986327,0.004253906592188153,0.008176796703707814,-0.012356790583265794,0.00011769990406353733,-0.02036100582819235,0.0030002582588825105,0.0,0.0005450894819826837,-0.007574883198229272
15_3,6.052797466497644e-05,0.013127124352060059,0.010117535582694952,0.0014750611664020605,-0.009668913207919126,0.020647788319347393,0.0077020201621810945,-0.02856220857613868,0.05727967948503973,0.18201224012839648,-0.12030714760057627,-0.0265296391872838,-0.0037915495939520342,9.613603468747135e-05,-0.0025893957998678694,-0.0020014336069226184,0.0036537294140359007,-0.00023219193044895538,0.0028789276584142987,0.010956585176415195,-0.004727819664505686,0.07139005449027269,0.08182696650591981,-0.06779265725077134,4.8390987109369656e-05,-0.13937489231899947,-0.0863932775061578,0.05095726106248554,0.0974494996408165,0.024210935440848593,0.007653096026036397,0.010308360536115424,0.05562695333545804,-0.03934439413877816,0.03120325301292582,0.010721448126700612,0.021190330347483986,0.004253906592188153,0.008176796703707814,-0.01341851577806545,0.00011769990406353733,-0.020570741760395785,0.0030002582588825105,0.0,0.000266222760513662,-0.007574883198229272
15_4,-0.0002489023826096183,0.013127124352060059,0.010117535582694952,0.0014750611664020605,-0.009668913207919126,0.021541977092044518,0.007612954168281466,-0.02856220857613868,0.03875008895532438,0.1781890412231607,-0.1248521477177542,-0.03026608050475524,-0.0037915495939520342,-3.1934026512949343e-05,0.000470799236339613,0.003944377928843914,0.002570518489501135,-0.00023219193044895538,0.00044091647316660265,0.010956585176415195,-0.004797375300146108,0.0692122570740836,0.08181889331503861,-0.04418252624463037,0.00014737138742618866,-0.12576809432807617,-0.08802413416586292,0.05095726106248554,0.09681700104610765,0.0205343391218713,-0.004928647160885836,0.010308360536115424,0.05434767827648025,-0.0385411322521175,0.03099992346387615,-0.0031533670960884365,0.0155100144171839,0.004253906592188153,0.008176796703707814,-0.013646422067936518,0.00036873507088458837,-0.02045754559468934,0.0030002582588825105,0.0,-2.9397823403368942e-05,-0.010224284988347734
16_1,-0.0018738081731751975,-0.0024552479294906154,-5.0366171155676476e-05,0.006376106594800634,-0.004989405381844144,-0.057466412883292246,-0.003990673478943038,0.08103850727946557,-0.08353927444831342,-0.1982061225895024,-0.4098588557721629,-0.009496725360763326,0.028905603431446058,0.0016589195075165115,0.005241211549505014,0.0001001369240051632,0.0018535287406220005,-4.550695031439245e-05,-0.006601361022798783,-0.021782194545906623,0.020176271975169364,0.05188298996542154,0.09076456579200307,-0.1051594193268582,-1.708893390638816e-05,-0.4213262795032813,-0.1348343944511017,-0.023664820261476857,0.09278257059976269,-0.02929799294474738,-0.0016133324906403021,-0.12063493267009882,-0.04005822226149742,-0.045141079263644655,0.06674969763969921,-0.0006452133124994174,0.05205973895420635,0.003938371675061696,-0.0029088657909095072,-0.02448936048968638,-0.00038086517910508903,-0.02624745048295201,-0.005739255746634051,0.0,0.003181757957719848,-0.008619887085802962
16_2,-0.0018738081731751975,-0.0024552479294906154,-5.0366171155676476e-05,0.006376106594800634,-0.005011862818631517,-0.07630500255946077,-0.003990673478943038,0.07673141821370696,-0.08098037262237734,-0.19834550070344079,-0.4264008433296819,-0.009496725360763326,0.028905603431446058,0.0016589195075165115,0.005241211549505014,0.0001001369240051632,0.0018535287406220005,-4.550695031439245e-05,-0.006601361022798783,-0.021782194545906623,0.020176271975169364,0.05224168867757403,0.09215490741902915,-0.09355720176460368,-0.0005185440536124622,-0.4091176399845956,-0.1348343944511017,-0.023664820261476857,0.09279603305403628,-0.022415409107750667,-0.0016133324906403021,-0.07657677637159832,-0.04381581379746655,-0.04731177723524347,0.06674969763969921,-0.0006452133124994174,0.05205973895420635,-0.0300214006722576,-0.0029088657909095072,-0.02467611702612656,-0.00038086517910508903,-0.02608959136944523,-0.005739255746634051,0.0,0.003181757957719848,-0.008619887085802962
16_3,-0.0018738081731751975,-0.0024552479294906154,-5.0366171155676476e-05,0.006376106594800634,-0.005011862818631517,-0.07630500255946077,-0.003990673478943038,0.07673141821370696,-0.08098037262237734,-0.19834550070344079,-0.4264008433296819,-0.009496725360763326,0.028905603431446058,0.0016589195075165115,0.005241211549505014,0.0001001369240051632,0.0018535287406220005,-4.550695031439245e-05,-0.006601361022798783,-0.021782194545906623,0.020176271975169364,0.05224168867757403,0.09215490741902915,-0.09355720176460368,-0.0005185440536124622,-0.4091176399845956,-0.1348343944511017,-0.023664820261476857,0.09279603305403628,-0.022415409107750667,-0.0016133324906403021,-0.07657677637159832,-0.04381581379746655,-0.04731177723524347,0.06674969763969921,-0.0006452133124994174,0.05205973895420635,-0.0300214006722576,-0.0029088657909095072,-0.02467611702612656,-0.00038086517910508903,-0.02608959136944523,-0.005739255746634051,0.0,0.003181757957719848,-0.008619887085802962
16_4,-0.0018738081731751975,-0.0024552479294906154,-5.0366171155676476e-05,0.006376106594800634,-0.004989405381844144,-0.07630500255946077,-0.003990673478943038,0.07673141821370696,-0.08098037262237734,-0.1982061225895024,-0.4263749191016402,-0.009496725360763326,0.028905603431446058,0.0016589195075165115,0.005241211549505014,0.0001001369240051632,-0.012445923579465583,-4.550695031439245e-05,-0.006601361022798783,-0.021782194545906623,0.020176271975169364,0.05220915324486963,0.09216156243642343,-0.09355720176460368,-1.708893390638816e-05,-0.39574871832534875,-0.1346968017316563,-0.023664820261476857,0.09279603305403628,-0.022415409107750667,-0.0016133324906403021,-0.07646870042180365,-0.04381581379746655,-0.04731177723524347,0.06674969763969921,-0.0006452133124994174,0.05205973895420635,-0.0300214006722576,-0.0029088657909095072,-0.02467611702612656,-0.00038086517910508903,-0.026068063861008,-0.005739255746634051,0.0,0.003181757957719848,-0.008619887085802962
17_1,0.0007316934755052396,-0.0027333196038993104,-0.0025847882517140196,0.0038633116800578663,-0.0016921147547169363,0.14965919770077765,-0.004311215331861773,-0.0656139001332332,-0.08814994086013599,-0.22191158214715778,-0.48119142541123056,-0.015653125993977137,-0.02378256969687197,-0.0019717884173210158,0.0037506767796657717,0.00044505570355208245,-0.001398953336047677,-0.00015243508593955,-0.015641620456124425,-0.07052987538896255,0.0012009078787152804,0.05102861987498311,0.07563501756207654,-0.1388950236743528,-1.1433392699072842e-05,-0.43240256222124546,-0.13713160081150327,0.024879052893383692,0.09038022490622187,-0.017030716067712302,-0.02862120021566509,0.017148897765889244,-0.025062240764240323,-0.042790385063170275,0.0583112488765702,-0.0006433746421178332,0.042442729353440366,-0.00013457470914308577,-0.006151708558348713,-0.02513237919743294,-0.0003916851008620584,-0.03192339784382344,-0.006398543101860742,0.0,0.0003988182319114141,-0.012054066793288264
17_2,0.00023150635980249794,0.012770743332584874,0.00992249397392744,0.0013634611404739832,-0.02897979417854264,0.12856564928226358,0.007725226149096063,-0.06524887071436399,-0.005380615718805236,-0.2187210541491383,-0.4895589360573245,-0.002803288117024701,0.007891313889555947,-0.016464386673695368,0.00110833759278032,0.0015691787320856168,-0.06741117420239794,0.0008120356558156492,-0.015641620456124425,-0.06584572384640534,0.0012299039994618276,0.0670819829224994,0.07792546530902651,-0.12111508128337242,0.00018154023241185625,-0.34668886713182967,-0.19560187958879632,0.024879052893383692,0.09217103041456083,0.015668889558771226,-0.024117619003875504,0.019028867554868933,-0.02673128667514125,-0.031491377022967795,0.06199956032320615,-0.000619102199490712,0.03576186801377757,0.000790663606825363,0.005388045766422715,-0.023461441488673608,5.736548285951949e-05,-0.0302766477567057,0.0014909876144683521,0.0,0.0016748931638233943,-0.012562402365634997
17_3,0.0010632566675328695,-0.0027333196038993104,-0.0025847882517140196,0.0038633116800578663,0.0012212210671250188,0.15563341479493115,-0.00400149340070001,-0.06369562236603778,-0.08365201301228532,-0.20378867401163897,-0.4352529229306386,-0.0028019764521464725,0.015649676355982932,-0.014057262124265115,0.00110833759278032,0.00044505570355208245,-0.01303004765779822,0.0006441867368199229,-0.015641620456124425,-0.07052987538896255,0.0019097793519175016,0.0744285158807145,0.07853138744096635,-0.11642376947769338,0.0004957169762469377,-0.4172999787268877,-0.14848077725284378,0.02462653209881696,0.09265031051873367,0.015664591982152237,-0.028172644997540366,0.015906237455810567,-0.025062240764240323,-0.047410829485287284,0.058143229283916145,-0.0006433746421178332,0.04635227800189059,-0.022072417518485515,-0.004689349664769755,-0.022834343378460988,-0.0003916851008620584,-0.029596907599424425,-0.005961474045852771,0.0,0.0014668751584768084,-0.011741324600075796
17_4,0.0007316934755052396,0.012770743332584874,0.005426536419459279,0.0038633116800578663,-0.03393440087633784,0.12612273345782427,0.007713996761432448,-0.06524887071436399,-0.0848542406572218,-0.2036358952291726,-0.5205666781864003,-0.00852581577681921,-0.01898953005169898,-0.0004421278244084127,0.0009660125420797314,0.0011898213781302586,0.007532135412868224,-0.00016948204481135156,-0.015641620456124425,-0.07052987538896255,0.0012795050577731224,0.06888418847028463,0.07838536912680465,-0.12485332389867722,0.00043967645168419,-0.40652203730007874,-0.14969771048815902,0.020964067562029426,0.09262867902802906,0.03769837748263065,-0.025265640297349887,0.024190564862159154,0.010958317719109805,-0.045257315406914744,0.05841822200327074,-0.0008576075953028277,0.047209361052881996,0.000764545969283696,0.00526630663981537,-0.023869301698424057,0.00010485824398471198,-0.030382087699988885,-0.006398543101860742,0.0,0.004055112677942799,-0.012761000602342145
18_1,0.0036352640546073733,-0.0027333196038993104,-0.0025847882517140196,0.0013634611404739832,0.0012212210671250188,0.19751981459851276,-0.004311215331861773,-0.0656139001332332,-0.06890106248276635,-0.21982901128293394,-0.40152853764332247,-0.0028019764521464725,0.02543205795411381,0.01201046430768583,0.00110833759278032,0.00044505570355208245,-0.06718488460667535,0.0007296559031587649,-0.015641620456124425,-0.06584572384640534,-0.00029023192139721954,0.07773587349553686,0.07844510644735259,-0.1130471480866348,0.0003605504569405421,-0.298501097625956,-0.1226646877661508,0.02462653209881696,0.09350669700009842,0.02395592124345262,-0.01975084277870079,0.015036556598904153,-0.025062240764240323,-0.044498382760349925,0.02123948635124473,-0.0006433746421178332,0.04245715008168365,-0.0006808088488204104,0.007057206945848383,-0.022834343378460988,-0.0003916851008620584,-0.029596907599424425,-0.005961474045852771,0.0,0.0038470946725962137,-0.008147270163858914
18_2,5.403503333930291e-05,0.011864370451323466,0.009933990108293846,0.0013634611404739832,0.001206517893299403,0.05933333716272416,0.007713996761432448,-0.02856220857613868,0.016257105633352635,-0.21582171178647735,-0.14748248380809634,-0.008749667542930594,-0.007888413045403133,0.0019430081170320563,0.00110833759278032,0.0015507306631203236,0.007225890494823014,-0.0006704687929897056,-0.05110983700029006,-0.06584572384640534,-0.004590664551137345,0.085623370267086,0.08010216072905486,-0.057569428184726684,0.0003605504569405421,-0.1252765482714606,-0.21234909197334792,0.024860604824418382,0.0928068384516682,0.031007778404171585,-0.021048560353223264,-0.0037567681249516677,-0.027471692342919782,-0.023423947803987287,0.032443700354376125,-0.0008576075953028277,0.04946908898215054,0.004698532343178044,0.006806954733022703,-0.04097847266490073,0.00010485824398471198,-0.027985631747064945,-0.011680990357310315,0.0,0.00372917174106927,-0.010358633456838576
18_3,0.0003534312423469658,-0.0027333196038993104,-0.0007957725403172937,0.0014603294043280329,0.0012212210671250188,0.08846451907084532,-0.003948630054909388,-0.02700896022781247,-0.1456768757775489,-0.21175614812277566,-0.15047370283902406,-0.00434909520775755,-0.012782368293083785,0.0018875058257018674,0.00110833759278032,6.569834959672428e-05,0.007177399867168164,-8.854216766663843e-05,-0.05110983700029006,-0.06384859667461892,-0.0008166739221584997,0.08300480618426877,0.07871713235567544,-0.12411379122764386,0.0003605504569405421,-0.20956118131515372,-0.1666361688898825,0.020711546767462695,0.09262245464605826,0.016446609147266738,0.004310197873091776,0.003024296537054853,-0.028923043630641607,-0.03545380592727591,0.021135185758917256,-0.0009215549720766672,0.051397159772360194,-0.06842290586251568,-0.0007842663618084695,-0.023839597165817877,-0.0007427132797256514,-0.02974566308667813,-0.011243921301302345,0.0,0.003668763637174312,-0.006258627992668633
18_4,0.0036352640546073733,0.012770743332584874,0.0042338592785281185,0.004977538775147076,0.0012178810593844844,0.1780668226892203,0.007902419988087613,-0.06524887071436399,-0.07427118946734945,-0.2235293236808258,-0.4708953691673104,-0.002777112294026195,0.025413222320674445,-0.016464386673695368,0.00110833759278032,0.0012242599525386976,-0.01336731002572599,0.0008729242485259765,-0.015641620456124425,-0.05715695161382291,-0.00027990381426556315,0.0751343350296551,0.07887249703002111,-0.1118967661876002,0.0004957169762469377,-0.38932414147626176,-0.13920712330137197,0.02095321575675571,0.09286647649531192,0.01567237954003124,0.005365416411380277,0.01605664871760963,-0.025395765220048345,-0.046909403667779195,0.060197977806493164,-0.0006057974377254773,0.04761031184980391,0.0008286644167963364,0.008296586589612989,-0.022743955869502973,6.528085014368074e-05,-0.02791196634710937,-0.006398543101860742,0.0,0.0016748931638233943,-0.007099400671913072
19_1,0.0002107044381037368,0.010104952003964362,0.009930345180144923,0.004337692211794538,-0.0019186453710820584,0.12691352345192128,0.00772916183452572,-0.06524887071436399,0.027349926331340688,-0.23023778557169913,-0.5026510005733564,-0.01804719738144186,-0.012223253181775532,-0.0016986339720677273,0.0037506767796657717,-0.000681225302093847,-0.0024406957390291327,-0.00021337624020343997,-0.0079857807331694,-0.024766308587030914,0.006131569176390774,0.06344442300938438,0.07803440630099512,-0.18088678369228162,1.4541772385414167e-05,-0.5144463733899889,-0.20380321637794913,-0.0261060969694523,0.09139465352729892,-0.040247081083487055,-0.002690051210738169,0.032652267282081024,0.035113029902410636,-0.04139504511994836,0.06210233979100113,0.0021242067270280302,0.008029415909909486,0.0008863832537403266,0.010293166098859184,-0.026790846132616827,3.5879634652774724e-05,-0.037760714961338815,0.001157660165640272,0.0,-0.008044041081890508,-0.010474506154337145
19_2,0.000518760528863722,0.010104952003964362,0.009930345180144923,0.004337692211794538,-0.0019186453710820584,0.12691352345192128,0.00772916183452572,-0.06524887071436399,0.01759870984076394,-0.23023778557169913,-0.4976489873004792,-0.01804719738144186,-0.0043285369338572416,-0.0016986339720677273,0.0037506767796657717,-0.000681225302093847,-0.0024406957390291327,-0.00021337624020343997,-0.0079857807331694,-0.024766308587030914,0.0049938382639267585,0.06341781571891589,0.07803440630099512,-0.18088678369228162,1.4541772385414167e-05,-0.5149897855437184,-0.20358640184675889,-0.0261060969694523,0.09139465352729892,-0.040247081083487055,-0.002690051210738169,0.02982045592213127,0.035113029902410636,-0.04031775106197772,0.0619754752663674,0.0021242067270280302,0.008029415909909486,0.000805131784846284,0.010293166098859184,-0.026790846132616827,3.5879634652774724e-05,-0.037760714961338815,0.001157660165640272,0.0,-0.008044041081890508,-0.010474506154337145
19_3,0.000518760528863722,0.010104952003964362,0.009930345180144923,0.004337692211794538,-0.0015063713797949388,0.12691352345192128,0.00772916183452572,-0.06524887071436399,0.01759870984076394,-0.23000282860258606,-0.49625747705043316,-0.01804719738144186,-0.007340225229165017,-0.0016986339720677273,0.0037506767796657717,-0.000681225302093847,-0.0024406957390291327,-0.00021337624020343997,-0.0079857807331694,-0.024766308587030914,0.001163459414260859,0.06430036416709935,0.07791152339440814,-0.1730427946651594,-0.0005293329501412525,-0.5171821849580003,-0.20092362977025652,-0.0261060969694523,0.09152270137605203,-0.040247081083487055,-0.002690051210738169,0.03191694166905676,0.035113029902410636,-0.045607660488887466,0.06182386184240313,0.0021242067270280302,0.008029415909909486,0.000764545969283696,0.010293166098859184,-0.02723596523458852,3.5879634652774724e-05,-0.037784847362494205,0.001157660165640272,0.0,-0.008044041081890508,-0.010474506154337145
19_4,0.0002107044381037368,0.010104952003964362,0.009930345180144923,0.004337692211794538,-0.0015063713797949388,0.12691352345192128,0.00772916183452572,-0.06524887071436399,0.027349926331340688,-0.23253767931383185,-0.5026800541033369,-0.01804719738144186,-0.012223253181775532,-0.0016986339720677273,0.0037506767796657717,-0.000681225302093847,-0.0024406957390291327,-0.00021337624020343997,-0.0079857807331694,-0.024766308587030914,0.006131569176390774,0.06393960231936649,0.07802693939783546,-0.16476150814540802,-0.0005293329501412525,-0.5144463733899889,-0.20380321637794913,-0.0261060969694523,0.09139465352729892,-0.040247081083487055,-0.015271794397660401,0.03258739024247306,0.035113029902410636,-0.04139504511994836,0.06210233979100113,0.0021242067270280302,0.008029415909909486,0.0008863832537403266,0.010293166098859184,-0.026790846132616827,3.5879634652774724e-05,-0.037784847362494205,0.001157660165640272,0.0,-0.008044041081890508,-0.011956193476994895
1_1,0.00012137597600562718,0.010104952003964362,0.005851996331328947,0.005063081916066708,-0.0030362504694084773,0.17347634774082837,0.007723684855542065,-0.06524887071436399,0.016389910895365,-0.2542715339130649,-0.2428930654262587,0.0014185242638204113,-0.008455143022174462,0.00032901313439210895,0.004729824520756932,0.0007544331291214303,0.007730051343606706,-0.0010321334788826967,-0.0007242836528263442,-0.02326866372076113,0.0031403815960330326,0.0689075773353283,0.0802503546238169,-0.1438381278122696,0.0016127571690104803,-0.437507204040869,-0.16136250529497068,0.0230709004299042,0.09318613321484502,-0.04695551707893987,-0.0006328698148391054,0.03401096562517175,0.1926486174904404,-0.03880731515950788,-0.2836641238354744,0.0029638993385307207,-0.14485497384177543,0.0011270519627765369,0.009326473594105145,-0.022374791717270564,5.2871760328801996e-05,-0.027445926942053285,0.0015813895010489496,0.0,0.0015532271039409209,-0.013525183619449873
1_2,0.00012137597600562718,0.010104952003964362,0.005851996331328947,0.005063081916066708,-0.012564229048297338,0.17347634774082837,0.007723684855542065,-0.06524887071436399,0.015291515761328664,-0.25563008221433237,-0.22710519858811393,0.0014185242638204113,-0.008015526190275069,0.00016661451247716817,0.004729824520756932,0.0025948434789979696,0.005167354886024938,-0.0010321334788826967,-0.0007242836528263442,0.009854179897080687,0.0031403815960330326,0.07034203570927328,0.08019513438648072,-0.14473103147050712,-0.0006250870103296589,-0.4374793719640147,-0.16092737361829676,0.029665446865086417,0.09112829204889455,-0.050031577279609406,5.618885688791868e-05,0.033712883701413884,0.1926486174904404,-0.03880731515950788,-0.2836641238354744,0.0029638993385307207,-0.1919918953757813,0.0011270519627765369,0.009326473594105145,-0.023370265234795334,5.2871760328801996e-05,-0.027715479857315695,0.0015813895010489496,0.0,0.0011877249423894367,-0.013525183619449873
1_3,0.00016419931976287445,0.010104952003964362,0.005851996331328947,0.005063081916066708,-0.012564229048297338,0.17347634774082837,0.007723684855542065,-0.06524887071436399,0.015693627388771496,-0.25560591234414787,-0.22715445068808413,0.0014185242638204113,-0.0058690677238453105,0.00016661451247716817,0.004729824520756932,0.0007544331291214303,0.007730051343606706,-0.0010321334788826967,-0.0007242836528263442,0.009854179897080687,0.0031403815960330326,0.07034203570927328,0.08025782152697655,-0.1441192137241619,-0.0006250870103296589,-0.43815511312341554,-0.16249181440701221,0.030819716809274124,0.09296166221708065,-0.04967883258809163,-0.0006328698148391054,0.034075842664779726,0.1926486174904404,-0.03875835622807979,-0.28408973683245303,0.0029638993385307207,-0.1919918953757813,0.0011270519627765369,0.009326473594105145,-0.02250755271035353,5.2871760328801996e-05,-0.027421794540897902,0.0015813895010489496,0.0,0.0011877249423894367,-0.013525183619449873
1_4,0.00016419931976287445,0.010104952003964362,0.005851996331328947,0.005063081916066708,-0.003448524460695597,0.17347634774082837,0.007723684855542065,-0.06524887071436399,0.015693627388771496,-0.25495373222298867,-0.23750870966922874,0.0014185242638204113,-0.008466049403547893,0.00016661451247716817,0.004729824520756932,0.0007544331291214303,0.005167354886024938,-0.0010321334788826967,-0.0007242836528263442,0.009854179897080687,0.0031403815960330326,0.07034203570927328,0.08025782152697655,-0.1441192137241619,-0.0006250870103296589,-0.4368365002414997,-0.15974231690254623,0.030819716809274124,0.09317740105572565,-0.04729286887733859,-0.0006328698148391054,0.034075842664779726,0.1926486174904404,-0.03875835622807979,-0.28408973683245303,0.0029638993385307207,-0.19313930469299148,0.0011270519627765369,0.009326473594105145,-0.022283903919255117,5.2871760328801996e-05,-0.027421794540897902,0.0015813895010489496,0.0,0.0011877249423894367,-0.013525183619449873
20_1,0.00011145954999443124,0.012136105621451626,0.010108504741508711,0.0014750611664020603,-0.02242156962918903,0.008142555446959035,0.0077065007077634735,-0.02856220857613868,0.08439682831008782,0.1104006518829086,0.01795783031557237,0.030976891379891437,-0.004717618394429467,0.00012088013665488648,-0.005699198280605801,-0.0175122077544007,0.0013863110650239462,-0.00010647579172115649,-0.0005796381934259241,0.004465409659179714,0.0055271726173418655,0.04335361987436724,0.09043080053291767,0.16598349451903863,0.00031521721564493595,0.41868124988894434,-0.051069802187575605,0.04032630318682413,0.10119925240224723,-0.11801673982017104,-0.019255070224461383,0.024733113153357557,0.0708679236596312,-0.008600515071860663,0.02877405898108186,-0.0009416476461129308,0.03825525201490933,0.0012870801854411966,0.020913844416939883,-0.01015187000210063,0.00010432101488135146,-0.02020499639332223,0.011574802818753945,0.0,0.0004116668042308414,-0.028205922480505068
20_2,0.00014250748163613185,0.012136105621451626,0.010108504741508711,0.0014750611664020603,-0.02242156962918903,0.008142555446959035,0.0077065007077634735,-0.02856220857613868,0.08405330858065144,0.12224468161166693,0.016173880872925,0.030976891379891437,-0.004249910306873282,0.00012088013665488648,-0.005699198280605801,-0.017486822704565752,0.0014627009865919274,-0.00010647579172115649,-0.00013483168193554945,0.004465409659179714,-0.0016089501934354639,0.039093795366176784,0.09043949506898759,0.19225837319782685,0.00031521721564493595,0.42412009145021373,-0.050406851804411026,0.039518230226266646,0.10120885070247693,-0.11796650822969589,0.02793919865003194,0.028956880586524018,0.0708679236596312,-0.008600515071860663,0.02784697654146856,-0.0009416476461129308,0.03789766963669171,0.0010900041453223044,0.020913844416939883,-0.010129540150149078,0.00010432101488135146,-0.020177200263522762,0.011574802818753945,0.0,0.0004116668042308414,-0.03606226843286976
20_3,0.00014250748163613185,0.012136105621451626,0.010108504741508711,0.0014750611664020603,-0.02242156962918903,0.008142555446959035,0.0077065007077634735,-0.02856220857613868,0.08405330858065144,0.11593711998954759,0.015172018272749685,0.028085792319126543,-0.004249910306873282,0.00012088013665488648,-0.005699198280605801,-0.017486822704565752,0.0013863110650239462,-0.00010647579172115649,-0.00013483168193554945,0.004465409659179714,-0.0016089501934354639,0.038443588481555824,0.09043949506898759,0.19225837319782685,0.00031521721564493595,0.43040124129536594,-0.05098420418598655,0.039866849744333355,0.1006215794690612,-0.13711165467233863,0.02793919865003194,0.023979679929136195,0.0708679236596312,-0.008600515071860663,0.02784697654146856,-0.0009416476461129308,0.03789766963669171,0.0010900041453223044,0.020913844416939883,-0.010129540150149078,0.00010432101488135146,-0.020177200263522762,0.011574802818753945,0.0,0.0004116668042308414,-0.03606226843286976
20_4,0.00011145954999443124,0.010467602124611938,0.010108504741508711,0.0014750611664020603,-0.02242156962918903,0.014997263770025842,0.0077065007077634735,-0.02856220857613868,0.08441089095886906,0.11558289855328008,0.016948132545792013,0.02919579354170774,-0.004249910306873282,0.00012088013665488648,-0.005699198280605801,0.012403503225591975,0.0014627009865919274,-0.00010647579172115649,-0.0005796381934259241,0.004465409659179714,0.0055271726173418655,0.040264982885753114,0.09046714681660219,0.19899230232781553,0.00031521721564493595,0.4276838326359567,-0.05049244980600008,0.039866849744333355,0.1006119811688315,-0.13711165467233863,0.02572623065831949,0.02971031381074538,0.0708679236596312,-0.002421659425172047,0.02877405898108186,-0.0009416476461129308,0.03825525201490933,0.0012870801854411966,0.0212736829647339,-0.008464027183182258,0.00010432101488135146,-0.020088468977304545,0.011574802818753945,0.0,0.0004116668042308414,-0.03426242026247961
21_1,0.0007316934755052396,-0.0027333196038993104,0.003656386584069373,0.007442151525823852,-0.0017180114619731032,0.16684963974430633,0.007859969455704635,-0.06524887071436399,-0.10648228695182511,-0.1293697275126611,-0.4045546871872981,-0.008283807004035179,-0.01797706285417643,-0.00023422243801436704,0.0009660125420797314,0.0014066141990992601,-0.0006409340398409508,-6.504247251088357e-05,-0.003564937269419314,0.004399372699040947,0.001874351004126324,0.08176838766010158,0.05435127429266274,-0.0661126868666591,-0.0020507334871468948,-0.3264633974605381,-0.13922214587409715,-0.041029616326743824,0.09522450810296741,0.011500992219706647,4.661186137158973e-05,0.03435053922887206,-0.020968011736472867,-0.03991561816807142,0.065477488832908,0.0016674841808500649,0.054900409159705094,-0.021843853390725903,-0.0038268273086338187,-0.02268223686364247,4.091403463755169e-05,-0.030995214364758352,-0.004220396631919896,0.0,-0.0023925461540935376,0.004339720235784399
21_2,0.0007316934755052396,-0.0027333196038993104,-0.0008475951147133448,0.007832887062900692,-0.0013138223757260033,0.17187657641364454,-0.004313359485355909,-0.0656139001332332,-0.10230191426544147,-0.13382249379843272,-0.3940570336724289,-0.007656497945467284,-0.01693413988672884,-0.00023422243801436704,-0.005313068981438527,-0.0017255808968514273,0.002346569454647498,-5.9170240495127926e-05,-0.003564937269419314,0.004399372699040947,0.0019092928019339766,0.0919534766764123,0.05512787996254458,-0.06127092838123937,0.002247785775195618,-0.3190540067479459,-0.12150677200127855,-0.041016813764385034,0.09513787230285788,0.011637883000471748,0.001698503015718526,0.02494503657388198,-0.020968011736472867,-0.039424793637366576,0.0653010170689947,0.0016570002863322297,0.054900409159705094,-0.021781430881219067,-0.0030503900954428516,-0.021319119513395098,4.1965684435475454e-05,-0.022541180046110196,-0.004220396631919896,0.0,0.00157962206373568,0.00770406676936791
21_3,0.00034218470762284025,0.012770743332584874,0.004240337100327624,0.007832887062900692,-0.0013200026056068943,0.1676388849054434,0.007849485561186798,-0.06524887071436399,-0.06729589768611656,-0.12682486561790762,-0.44421955702051436,-0.00828017796323147,-0.008987683172932918,-0.0001766244612910993,0.0009660125420797314,0.0001001369240051632,-0.0006396002790833844,-7.507456565478349e-05,-0.003564937269419314,0.004399372699040947,0.0012004213287317555,0.08371653265661888,0.1014445234905148,-0.05248757042041647,0.002247785775195618,-0.3045656845460545,-0.13923618135703134,-0.041168681665525224,0.09522486651982538,0.04127759137559748,0.00043926572641497016,0.02431871279244944,-0.020968011736472867,0.025293340491422626,0.06939297350771866,0.0016570002863322297,0.054900409159705094,0.0006770247003098221,0.00835914341121851,-0.02268223686364247,4.1965684435475454e-05,-0.02615388922368955,-0.004220396631919896,0.0,-0.0023925461540935376,0.007864891817960558
21_4,0.00034218470762284025,-0.0027333196038993104,0.007290225148560897,0.007442151525823852,-0.0013200026056068943,0.168253024623885,0.007730038369723409,-0.06524887071436399,-0.06675072625385287,-0.13184614447619833,-0.39456663718400825,-0.008294257813490219,-0.007951870746440447,-0.00023422243801436704,0.0009660125420797314,0.001409923067581267,0.002341327046671086,-5.9170240495127926e-05,-0.003564937269419314,0.004399372699040947,0.001918650327619318,0.0834011386843583,0.10117347833239526,-0.04779955437600955,0.002247785775195618,-0.303805268262678,-0.1386365451103626,-0.041016813764385034,0.09541662136427925,0.03408101875532431,0.001698503015718526,0.023604985693810178,-0.017129365445077833,0.025259205042504954,0.06889811972308678,0.0017028071252198685,0.054900409159705094,-0.021781430881219067,-0.0030503900954428516,-0.01868373371121621,3.7825180393186945e-05,-0.03060937414321212,-0.004220396631919896,0.0,-0.0008758882453705058,0.007677168771601897
22_1,9.52628724856235e-05,-0.0027333196038993104,0.009997166991632325,0.007442151525823852,-0.0013200026056068943,0.1612845201221833,0.007730038369723409,-0.06524887071436399,0.004807877716086711,-0.135445837106973,-0.4133284302975375,-0.008294257813490219,-0.00466792549874818,-0.0001766244612910993,0.0009660125420797314,0.0001001369240051632,-0.0006448426870597974,-7.75500172097742e-05,-0.003564937269419314,0.004399372699040947,0.001918650327619318,0.08316560750604816,0.08393333436529028,-0.07682372810692517,0.002247785775195618,-0.37654368080429546,-0.18381673482632735,-0.04319853160102453,0.09472284371515972,-0.046267188018394745,-0.014225776065749988,0.04441451286122253,-0.0009623095909117585,-0.025384477360629126,0.07039452012511496,0.0017028071252198685,0.06738588498079034,-0.021994412606185128,-0.0035913763668212377,-0.02303445360620904,3.7825180393186945e-05,-0.030442536242227456,-0.009010159222760057,0.0,-0.0023925461540935376,0.02487225015913095
22_2,5.403503333930291e-05,-0.0027333196038993104,-0.0018466967934840394,0.007832887062900692,-0.0013138223757260033,0.169152801736302,-0.004311569185899913,-0.0656139001332332,0.009445641775270762,-0.1259542428377061,-0.43306119785028285,-0.008286226662675982,-0.004951566938032026,-0.00023422243801436704,0.0009660125420797314,0.0001001369240051632,0.0006093433181081133,-6.516481067787936e-05,-0.003564937269419314,0.004399372699040947,0.0012008278761284448,0.08412047737052768,0.08936867828184854,-0.06768221314598709,0.002247785775195618,-0.36528667675438276,-0.15382154131264272,-0.041168681665525224,0.09499518562980724,-0.04632978599120929,0.002191926698689199,0.04680091418131743,-0.0009623095909117585,-0.024662722184441543,0.07045284517024401,-0.00039076238679685,0.06775492591356397,0.0006666209487253495,-0.0031141130738977438,-0.021655470552922284,4.27151125499414e-05,-0.025991616908641796,-0.004220396631919896,0.0,0.00157962206373568,0.008039822818801482
22_3,9.52628724856235e-05,0.012770743332584874,0.009928971795726946,0.007442151525823852,-0.0017180114619731032,0.1612498329489931,0.007851275860642798,-0.06524887071436399,0.004807877716086711,-0.13707673201315468,-0.46264046470175924,-0.00839595510846582,-0.00466792549874818,-0.0001766244612910993,0.0009660125420797314,0.0001001369240051632,0.0006093433181081133,-9.95711024078538e-05,-0.003564937269419314,0.004399372699040947,0.0012008278761284448,0.08196159658825242,0.08429144770084666,-0.0822379257658347,-0.0020507334871468948,-0.37835297202245566,-0.18355597163091505,-0.04319853160102453,0.09471225482093161,-0.046267188018394745,-0.013239105668761346,0.043568129481326184,-0.0009623095909117585,-0.02629463851034021,0.07093044840892603,-0.00039076238679685,0.06738588498079034,0.0007021179028863601,0.007794065531895619,-0.017130504354658443,4.27151125499414e-05,-0.030824742838502752,-0.009010159222760057,0.0,-0.0023925461540935376,0.024960948098363488
22_4,5.403503333930291e-05,0.012770743332584874,0.009928971795726946,0.007442151525823852,-0.0017180114619731032,0.13743880721428706,0.007730038369723409,-0.06524887071436399,0.004361015249688856,-0.14651820507161664,-0.46710523165999274,-0.0077803062415158705,-0.0039057653890953344,-0.0001766244612910993,-0.005313068981438527,0.0025367917124634602,0.002341327046671086,-9.95711024078538e-05,-0.003564937269419314,0.004399372699040947,0.0012097788544170969,0.09021337771469333,0.08444331413999974,-0.08566293248325721,-0.0020507334871468948,-0.35778522151666625,-0.1823160410584212,-0.043036187009458694,0.09496502394747577,-0.04625372059186976,-0.013836072460866204,0.043568129481326184,-0.0009623095909117585,-0.02815346755289691,0.07082610451508735,0.0017028071252198685,0.07114416733035538,0.0007021179028863601,0.007794065531895619,-0.016879435031933544,3.7825180393186945e-05,-0.029323852626981037,-0.0011206285064309651,0.0,-0.0023925461540935376,0.023868009175244002
23_1,-0.0003044806379460469,-0.0024552479294906154,-5.0366171155676476e-05,-0.0453108240105828,-0.005011862818631517,-0.09595378313286454,-0.003927302917925632,0.07673141821370696,-0.11264536176895257,-0.23257330630814077,-0.46062455213629044,-0.009298578646170237,-0.020194503952979403,0.00038422363155534486,-0.028826663522277557,-0.0017228352805027684,0.0010862675805458732,-4.550695031439245e-05,-0.016263314014334326,0.004259927746649635,-0.015593305726737918,0.04539745638781541,0.08214525691620742,-0.1499278172661242,-0.000376181803293059,-0.4597647936359368,-0.15412521655933473,-0.07107548502242772,0.02526620203098085,-0.029424556742123728,-0.0018638688989608071,-0.11434207161214557,-0.04064725503181151,-0.05595722417889866,0.06448788243733528,-0.0009246544139162542,0.05148308949330287,-0.0300214006722576,-0.0029088657909095072,-0.028299988484899678,-0.0007213861427418946,-0.02956614901475705,-0.005739255746634051,0.0,0.0013644408586623406,-0.00846158089521473
23_2,-0.0003044806379460469,-0.0024552479294906154,-5.0366171155676476e-05,-0.0453108240105828,-0.005011862818631517,-0.09595378313286454,-0.003927302917925632,0.07673141821370696,-0.11257979029969027,-0.2325077348388785,-0.4606306360561558,-0.009298578646170237,-0.020347069101559707,0.00038422363155534486,-0.028826663522277557,-0.0017274270904238916,0.0010862675805458732,-4.550695031439245e-05,-0.016263314014334326,0.004259927746649635,-0.015593305726737918,0.04539745638781541,0.0821437108841153,-0.1499278172661242,-0.000376181803293059,-0.4597647936359368,-0.15412521655933473,-0.0710930488917146,0.02526620203098085,-0.02943387992307167,-0.001798297429698511,-0.11434207161214557,-0.04064725503181151,-0.05595722417889866,0.06448788243733528,-0.0009246544139162542,0.05148308949330287,-0.0300214006722576,-0.0029088657909095072,-0.028299988484899678,-0.0007213861427418946,-0.02957118946185025,-0.005739255746634051,0.0,0.0013644408586623406,-0.00846158089521473
23_3,-0.0003044806379460469,-0.0024552479294906154,-5.0366171155676476e-05,0.006472974858654682,-0.005011862818631517,-0.09595378313286454,-0.003927302917925632,0.07673141821370696,-0.11264536176895257,-0.23257330630814077,-0.46062455213629044,-0.009298578646170237,-0.020194503952979403,0.00038422363155534486,-0.028826663522277557,-0.0017228352805027684,0.0010862675805458732,-4.550695031439245e-05,-0.016263314014334326,0.004715778400080459,-0.015593305726737918,0.04644106767894409,0.08214525691620742,-0.1499278172661242,-0.000376181803293059,-0.43058114982090856,-0.15412521655933473,-0.07107548502242772,0.02526620203098085,-0.029424556742123728,-0.0019463667665753645,-0.12027623395794633,-0.04064725503181151,-0.05595722417889866,0.06448788243733528,-0.0009246544139162542,0.05148308949330287,-0.0300214006722576,-0.0029088657909095072,-0.028299988484899678,-0.0007213861427418946,-0.02922451068127256,-0.005739255746634051,0.0,0.0013644408586623406,-0.00846158089521473
23_4,-0.0003044806379460469,-0.0024552479294906154,-5.0366171155676476e-05,0.006472974858654682,-0.004989405381844144,-0.09595378313286454,-0.003927302917925632,0.07673141821370696,-0.11264536176895257,-0.23243392819420244,-0.4605986279082488,-0.009298578646170237,-0.020194503952979403,0.00038422363155534486,-0.028826663522277557,-0.0017228352805027684,0.0010862675805458732,-4.550695031439245e-05,-0.016263314014334326,0.004715778400080459,-0.015593305726737918,0.046082368966791604,0.0821519119336017,-0.1499278172661242,0.0001252733164130151,-0.43058114982090856,-0.15412521655933473,-0.07107548502242772,0.02526620203098085,-0.029424556742123728,-0.0019463667665753645,-0.12063493267009882,-0.04064725503181151,-0.05595722417889866,0.06448788243733528,-0.0009246544139162542,0.05148308949330287,-0.0300214006722576,-0.0029088657909095072,-0.028299988484899678,-0.0007213861427418946,-0.02920298317283533,-0.005739255746634051,0.0,0.0013644408586623406,-0.00846158089521473
24_1,0.00012121658640091106,0.00609601758086413,0.010094432760560938,0.0014750611664020605,0.002761751348575068,0.024037782681936515,0.0077020201621810945,-0.02856220857613868,0.060845523720268545,0.19581162769859956,-0.06737915934384422,-0.022229581437034823,-0.0037915495939520342,-0.00019224197107720097,-0.005699198280605801,-0.0020014336069226184,0.0037130085934913683,-0.00023219193044895538,0.0010257414092742154,0.012626649051028773,0.01103101834855754,0.079202809658178,0.10081154849485184,-0.1400366144421862,3.5436981226206424e-05,-0.13602766109376854,-0.09154617112159556,0.054266650466706555,0.09830143705756625,0.0420595783006474,0.0055507339397723,0.020203700773380746,0.045075394384486836,-0.03076106097117373,0.029621471471210047,0.010721448126700612,0.015065751080370877,0.004306585239618908,0.009156605444968258,-0.012647838065821676,0.00011769990406353733,-0.020521938411874056,0.0030002582588825105,0.0,-0.0024164668903324553,-0.01395442231736483
24_2,0.00012121658640091106,0.00609601758086413,0.010094432760560938,0.0014750611664020605,0.002761751348575068,0.024037782681936515,0.0077020201621810945,-0.02856220857613868,0.060845523720268545,0.19581162769859956,-0.06737915934384422,-0.022229581437034823,-0.0037915495939520342,-0.00019224197107720097,-0.005699198280605801,-0.0020014336069226184,0.0037130085934913683,-0.00023219193044895538,0.0010257414092742154,0.012626649051028773,0.01103101834855754,0.079202809658178,0.10081154849485184,-0.1400366144421862,3.5436981226206424e-05,-0.13602766109376854,-0.09154617112159556,0.054266650466706555,0.09830143705756625,0.0420595783006474,0.0055507339397723,0.020203700773380746,0.045075394384486836,-0.03076106097117373,0.029621471471210047,0.010721448126700612,0.015065751080370877,0.004306585239618908,0.009156605444968258,-0.012647838065821676,0.00011769990406353733,-0.020521938411874056,0.0030002582588825105,0.0,-0.0024164668903324553,-0.01395442231736483
24_3,0.00012121658640091106,0.00609601758086413,0.010094432760560938,0.0014750611664020605,0.002761751348575068,0.02493197145463365,0.0077020201621810945,-0.02856220857613868,0.06054670464794009,0.1850442779733203,-0.06711636019104009,-0.021852383916877792,-0.006098357407383796,-0.00019224197107720097,0.0010362178692010534,0.0038035776724797583,0.0017134898365863214,-0.00023219193044895538,0.0010257414092742154,0.012626649051028773,0.01103101834855754,0.08122208932632119,0.10058315145565182,-0.1397942006426577,3.5436981226206424e-05,-0.14456956226068376,-0.08890492592751839,0.053791313431084516,0.09818731493651695,0.04178692645074169,0.005139219535074287,0.020203700773380746,0.043859262044627714,-0.02995779908451307,0.02955467925434025,0.010721448126700612,0.015065751080370877,0.004306585239618908,0.009156605444968258,-0.012766152419509978,0.00011769990406353733,-0.020303958778335945,0.0030002582588825105,0.0,-0.0024164668903324553,-0.013734187877847854
24_4,0.00012121658640091106,0.00609601758086413,0.010094432760560938,0.0014750611664020605,0.002761751348575068,0.024037782681936515,0.0077202649034258065,-0.02856220857613868,0.06057495947367297,0.20283287722523485,-0.06633410865536757,-0.01640302366964233,-0.0040836765759938954,-0.00019224197107720097,-0.005699198280605801,-0.0020917020122189454,0.003951590284723676,-0.00023219193044895538,0.0010257414092742154,0.012626649051028773,0.011045220644477004,0.079202809658178,0.10061471961614245,-0.1405410745958138,3.5436981226206424e-05,-0.13626265775445992,-0.09168496553103467,0.053962531427351086,0.0989827619354704,0.040955312644466134,0.005287339169940345,0.020203700773380746,0.043859262044627714,-0.03076106097117373,0.02955467925434025,0.0037501592984718777,0.015065751080370877,0.004306585239618908,0.009156605444968258,-0.012647838065821676,6.347828589483738e-05,-0.020620565080989018,0.0030002582588825105,0.0,-0.0024164668903324553,0.008758087880154496
2_1,0.0001552492417685521,-0.030025933298303373,-0.013064654264896173,0.0009598417449503929,-0.004959761567173612,0.08219355341385284,-0.042361490050767475,-0.03689735513854005,0.06807300555344023,0.20223081310887572,1.1587977270338905,0.017797620913386776,-0.004376013162177445,-0.00011223439416105873,-0.0032162372812825106,-0.0036932419537567393,0.0013842227538107886,-6.83075965373862e-05,-0.001366674369289152,0.004478446226401593,9.667475003029356e-05,-0.2555433571871711,0.0495289314188024,0.2345402287001847,0.0001260932744573829,0.8773084679221688,0.6684594378594336,0.02587470420835186,0.1159680320489753,0.0414904551455879,-0.017876372270598198,-0.03108004935674922,-0.03924518555851374,0.013086666379888706,-0.009145127414297377,-0.0005739907599785444,0.025309401470530263,-0.020894713772412133,-0.025985590734453928,-0.015459471442581224,-0.00042144784534759935,-0.025026398413231593,-0.016108784049912575,0.0,0.0004685077230129873,-0.020133565719494814
2_2,0.0001552492417685521,-0.033997540587198366,-0.02924512699203838,0.0009611181286008279,-0.004959761567173612,0.039278538131696177,-0.042361490050767475,-0.03689735513854005,0.07479592274905236,0.20150316979186442,1.1427652597148759,0.01764716243754528,-0.004356160153789864,-0.00011223439416105873,-0.0032162372812825106,-0.0020891543345744083,0.0013842227538107886,-5.63674366687439e-05,-0.001366674369289152,0.004585952407073305,0.0021366593148348196,-1.4426845658961143,0.04697335388370047,0.23436728253658123,0.0001260932744573829,0.7742214041083735,0.703120979405803,0.02193043196003656,0.11609476918348123,0.04171069893255254,-0.015702573153762375,-0.03137963453492232,-0.03951045428871294,-0.011074845759428305,-0.0077429629527900334,-0.0005739907599785444,0.025309401470530263,-0.014229066546194945,-0.025985590734453928,-0.015452548106346295,-0.00042144784534759935,-0.014476060515066305,-0.016108784049912575,0.0,0.0004450464864380959,-0.010623993522464245
2_3,0.0001552492417685521,-0.033997540587198366,-0.03290916746684668,0.0014750611664020603,-0.004959761567173612,0.08219355341385284,-0.042361490050767475,-0.03689735513854005,0.06809937077644956,0.20203346740334707,1.145312710929011,0.017797620913386776,-0.004376013162177445,-0.00011223439416105873,-0.0032162372812825106,-0.0036932419537567393,0.0015666486692383574,-6.83075965373862e-05,-0.001366674369289152,0.00479966904011692,9.667475003029356e-05,0.0469526482282538,0.04897344355795545,0.23447788126967956,0.0001260932744573829,0.574234176995132,0.6685691006851299,0.02587470420835186,0.1160994609946322,0.04149995175725062,-0.01882563302922704,-0.03166147444441901,-0.03924518555851374,0.013086666379888706,-0.009145127414297377,-0.0005739907599785444,0.025309401470530263,-0.020894713772412133,-0.025985590734453928,-0.015621333636363345,-0.00042144784534759935,-0.025125425861365226,-0.016108784049912575,0.0,0.0004685077230129873,-0.020133565719494814
2_4,0.00013192541888386463,-0.03431921254371656,-0.03286617207787569,0.0009511250275986327,-0.0049550939609075105,0.03808471197018583,-0.042361490050767475,-0.03689735513854005,0.06486003409005103,0.12524419977793289,1.1397003199105844,0.01797802105994107,-0.004376013162177445,-0.00011223439416105873,-0.0032162372812825106,-0.0021454594124503254,0.0013842227538107886,-4.965459587674063e-05,-0.001403762608017905,0.004585952407073305,0.00015266470796397472,-2.6513527406748016,0.04847702378775505,0.1306158513059633,0.0001260932744573829,0.7766938888805341,0.6850330353169597,0.02587470420835186,0.11572899852587828,0.04169734921351072,-0.0131205305074756,-0.03165655823227944,-0.04028987526546643,-0.015077062971282168,0.02351387996759271,-0.0005739907599785444,0.014050420582762983,-0.013621321110310548,-0.02637269198595511,-0.014055890751837035,-0.00042144784534759935,-0.014502372723004057,-0.016108784049912575,0.0,0.0004450464864380959,-0.009766388028033538
3_1,-0.0002489023826096183,0.013127124352060059,0.010322293182696583,0.0014750611664020605,-0.005315838981209638,0.02535787184704463,0.007612954168281466,-0.02856220857613868,0.04764214818557867,0.16148138908075146,-0.13577960356562085,-0.034282788891442845,-0.004773294848269191,0.00012088013665488648,0.0010362178692010534,-0.008311073321991892,0.002264985477797461,-0.00023219193044895538,-0.00026284357110421125,0.010956585176415195,-0.0013267711084449668,0.044269234811589134,0.08550820442314536,-0.030235011129449874,0.00031521721564493595,-0.17101475540564795,-0.09499002106762533,0.041662652569308296,0.09685668715412192,0.007266885549105508,-0.008155264543184871,0.0065924005389322495,0.004860324568283952,-0.04298203358125737,0.02205746949530117,-0.0031533670960884365,0.006694715378418037,0.0035537637980920297,0.009272738387713145,-0.011655043335753472,0.00036873507088458837,-0.021389186510992593,0.0030002582588825105,0.0,0.00032317624643067675,-0.012660888036892817
3_2,-0.0002489023826096183,0.013127124352060059,0.010322293182696583,0.0014750611664020605,-0.0075692491524764,0.0227060495478917,0.007612954168281466,-0.02856220857613868,0.00512924057906032,0.17364038214221875,-0.06650883468726092,-0.04366887540455512,-0.004213571949728385,0.00012088013665488648,-0.005699198280605801,0.0029669727322686468,0.002218072374166543,-0.00023219193044895538,0.0011207309856010456,0.010956585176415195,0.006139509100701208,0.04429135462540157,0.08670092695400977,-0.013377468260681218,0.00031521721564493595,-0.2716304133940563,-0.10463619876418584,0.04163861128793959,0.09700133545013832,-0.03396953154895162,-0.006264764943262669,0.011584156913077055,0.049871510667550974,-0.015554929828362127,0.012268741572643975,-0.0031533670960884365,0.00394396894787695,0.003763978919656139,0.008705542318787195,-0.009045142706818826,0.00036873507088458837,-0.02174751706699824,0.0030002582588825105,0.0,0.00032317624643067675,-0.012586810938193143
3_3,-0.0002489023826096183,0.013127124352060059,0.010322293182696583,0.0014750611664020605,-0.005315838981209638,0.02535787184704463,0.007612954168281466,-0.02856220857613868,0.043944831136382895,0.16160358208195016,-0.13577960356562085,-0.034282788891442845,-0.004091776923795881,0.00012088013665488648,0.0010362178692010534,-0.008311073321991892,0.002264985477797461,-0.00023219193044895538,-0.00026284357110421125,0.010956585176415195,-0.0013267711084449668,0.045164369587812433,0.08550820442314536,-0.030803350669909108,0.00031521721564493595,-0.17101475540564795,-0.09499002106762533,0.041662652569308296,0.09685668715412192,0.007266885549105508,-0.008723604083644105,0.0065924005389322495,0.004860324568283952,-0.04006171281310362,0.022152947851869893,-0.0031533670960884365,0.006694715378418037,0.0035537637980920297,0.009272738387713145,-0.011655043335753472,0.00036873507088458837,-0.021389186510992593,0.0030002582588825105,0.0,0.00032317624643067675,-0.012541536733396376
3_4,-0.0002489023826096183,0.013127124352060059,0.010322293182696583,0.0014750611664020605,-0.005315838981209638,0.024089608812907864,0.007643658639358514,-0.02856220857613868,0.02407051605278441,0.15859617307942975,-0.1424008952786883,-0.03412396407702284,-0.004401743790987939,0.00012088013665488648,0.0010362178692010534,0.000427166968274851,0.00033206089858514587,-0.00023219193044895538,-0.00026284357110421125,0.010956585176415195,-0.0007820605887588772,0.04446985461944834,0.08525247673423719,-0.03368868249684627,0.00031521721564493595,-0.1471043038968818,-0.09220998146410905,0.05142882913252169,0.09676160774838012,0.011032260032500393,-0.01736616899294599,0.0065924005389322495,0.0029637423737987664,-0.04006171281310362,0.022152947851869893,-0.0030664225515379326,0.006694715378418037,0.0035537637980920297,0.009272738387713145,-0.015206034887107289,0.0004221729358307065,-0.022208437976622877,0.0030002582588825105,0.0,0.00032317624643067675,-0.01012129793291247
4_1,3.830836136410132e-06,0.009901305707121397,0.010094432760560938,0.0014603294043280329,-0.005521821787072587,0.024180260977732154,0.007700808143070926,-0.02856220857613868,-0.02891063096251556,0.169425800443815,-0.11687969996006092,-0.01673510350481088,-0.003087066879696514,0.00012088013665488648,0.0010362178692010534,0.000427166968274851,0.010004362450248959,-0.00023219193044895538,0.0007607057537924507,0.011992217787390212,-0.005720583512883025,0.06902381747889777,0.08301778656046936,-0.032558188854713996,0.00031521721564493595,-0.1235134154509673,-0.12186612827947545,0.05451224375505239,0.09833703733131889,0.008853976495535196,-0.011533005581569944,0.010698431679405878,-0.008633806696100402,-0.023632951443213035,0.0314513221491839,-0.0017583227235815138,0.044659048147118456,0.004096494029445034,0.008743992772633767,0.08344634337976925,0.00012130329881204077,-0.0216545251477812,0.0030002582588825105,0.0,0.00032317624643067675,-0.009547902127679413
4_2,4.819295545175034e-05,0.009901305707121397,0.010094432760560938,0.0014603294043280329,-0.005521821787072587,0.024180260977732154,0.007700808143070926,-0.02856220857613868,-0.014687943019191352,0.169425800443815,-0.11687969996006092,-0.01673510350481088,-0.003527095246499981,0.00012088013665488648,0.0010362178692010534,0.000427166968274851,0.010004362450248959,-0.00023219193044895538,0.0007607057537924507,0.011992217787390212,-0.005720583512883025,0.06902381747889777,0.08301778656046936,-0.032558188854713996,0.00031521721564493595,-0.1235134154509673,-0.12230357064595375,0.05451224375505239,0.09833703733131889,0.008853976495535196,-0.011533005581569944,0.010698431679405878,-0.008633806696100402,-0.03662645705005055,0.03105524842666365,-0.0017583227235815138,0.044659048147118456,0.004096494029445034,0.008743992772633767,0.08344634337976925,0.00012130329881204077,-0.0216545251477812,0.0030002582588825105,0.0,0.00032317624643067675,-0.009547902127679413
4_3,-0.0002932645019249585,0.013127124352060059,0.010094432760560938,0.0014603294043280329,-0.005521821787072587,0.024610391757285337,0.007700808143070926,-0.02856220857613868,0.016061746747449084,0.16901935621449074,-0.07780386864712117,-0.021739884627388385,-0.003961715424184472,0.00012088013665488648,0.0010362178692010534,-0.0006795494089020574,0.009695376204253061,-0.00023219193044895538,0.0002930538862647991,0.011992217787390212,-0.005720583512883025,0.06594204641286971,0.08194956768914795,-0.031305974264645584,0.00031521721564493595,-0.08849295434753285,-0.09275341766030747,0.05573521168082713,0.09683390468510851,0.001879442357911619,-0.00880344802519363,-0.001973210783629987,-0.03437507651740583,-0.05150259902705391,0.0314513221491839,-0.0017583227235815138,0.040201354183921005,0.004096494029445034,0.008743992772633767,0.0021927820257744445,0.00012130329881204077,-0.021403369395347604,0.0030002582588825105,0.0,0.00032317624643067675,-0.012602263866496023
4_4,4.819295545175034e-05,0.009901305707121397,0.010094432760560938,0.0014603294043280329,2.1305461350280136e-05,0.0237580153716924,0.007700808143070926,-0.02856220857613868,-0.019462312565423395,0.14251311540657163,-0.1080736179953477,-0.01710774901193653,-0.0034968423902599606,0.00012088013665488648,0.0005900236002197779,0.0010868440880961445,0.010004362450248959,-0.00023219193044895538,0.0007607057537924507,0.011992217787390212,-0.005720583512883025,0.06898711019697994,0.08585750148093549,-0.01934235071578903,0.000345256575192027,-0.12500436314141408,-0.12230357064595375,0.05645590114119576,0.09834418848445746,0.005914429483421593,-0.01144894474810726,0.009862413096770361,-0.009787754350089174,-0.03662645705005055,0.03105524842666365,-0.0017583227235815138,0.044291877165611206,0.004096494029445034,0.008743992772633767,0.06971920610863411,0.00012130329881204077,0.1213361483110797,0.0030002582588825105,0.0,0.00032317624643067675,-0.012029779381021262
5_1,0.00012135435671303059,-0.0010504835150915246,-0.0009002632424419663,0.0014819592084709427,-0.003912569359450805,-0.3852712393931159,-0.0026190881931744594,-0.339673568500609,0.009588915031388803,-0.2872347826743327,-0.9308630406459838,-0.004759638060977522,-0.004337202961779869,6.575730795558622e-05,0.0014372208713143203,0.0005908522053655692,0.00403332976198716,-9.20377322355143e-05,-0.0009329353341693701,-0.027531683779510117,0.003635514651510476,0.055860418412938276,-1.637803989818274,-0.12731295676812018,-0.00012027886792605798,-0.19243775052838266,-0.08860702658830408,0.016405840486387647,-1.4283226682618604,-0.03134481601399121,-0.012933247623180651,-0.05942249052691506,-0.14361326876145658,-0.06539504908192392,-0.7644244334412127,-0.0003702868219239131,-0.3858326771105727,-0.021478821279833103,-0.0003271123735939111,-0.012554893577204723,-0.00025927434306069453,-0.01103031614300146,-0.006012564625914634,0.0,0.0009172537675650669,-0.0026909088474468424
5_2,0.00010224409502194564,0.008219095348009773,0.006162919926491776,0.0009511250275986328,-0.0016594859604226,0.1601131155128763,-0.0026190881931744594,-0.06410668188757965,0.010146192372594046,-0.12284571369379106,-0.7334849968127537,-0.005229931621388428,-0.0028742752257235565,-0.0007589220688501526,0.0014372208713143203,0.00021988728148306796,0.0016538928578654544,-0.00021646479933319987,-0.0009642685506870193,0.0051556511748933,0.00030586517741379535,-2.7115902375800407,-1.648828320409494,-0.07103663996885572,-0.00012027886792605798,-0.332665514535283,-0.027612282249201647,0.024255226811157347,-1.501931524734064,0.004496076275525777,-0.010723433570756422,-0.024788911045413753,-0.14559942822108096,-0.04187269479098481,-0.7683733444666124,-0.0003702868219239131,-0.42971776553949137,0.0002538040934070896,0.0069396720139315235,-0.00416165109172632,-0.00025927434306069453,-0.014096404079573164,-0.006321907231767948,0.0,0.0009030596642576813,-0.0018272906761141153
5_3,0.00012135435671303059,-0.0018713129753045827,-0.0023287607406559533,0.000961118128600828,-0.001655941738450557,-0.2563331466497569,-0.0026190881931744594,-0.339673568500609,0.009588915031388803,-0.1248350281210652,-0.932512846720701,-0.005177826268056408,-0.004337202961779869,6.575730795558622e-05,0.0014372208713143203,0.00023262305799466912,0.0025812550524591717,-0.00011645657354597072,-0.0009329353341693701,-0.027967192442948523,0.00048562872557664715,-2.706947184932945,-1.6371089378947012,-0.06409361654431964,-0.00012027886792605798,-0.33272788602127185,-0.08795724159041748,0.016405840486387647,-1.4283226682618604,0.004476787183055117,-0.011198568478530155,-0.024628881340878393,-0.14559942822108096,-0.06938130964707054,-0.7632198123918585,-0.0003702868219239131,-0.387003034614127,-0.015683993084398024,-0.00381924025223467,-0.012591347109655222,-0.00025927434306069453,-0.011627598813503252,-0.006012564625914634,0.0,0.0008584420594354531,-0.0016921311543521612
5_4,0.00010224409502194564,-0.0010504835150915246,-0.0009002632424419663,0.000961118128600828,-0.0016591591881840433,-0.38531784683324566,-0.0026190881931744594,-0.339673568500609,0.008957432943974308,-0.2857397801741405,-0.9597709204051653,-0.004759638060977522,-0.0028742752257235565,6.575730795558622e-05,0.0014372208713143203,0.000578116428853968,0.0016538928578654544,-9.20377322355143e-05,-0.0009642685506870193,0.0051556511748933,0.003635514651510476,-0.7687300638140288,-1.6378167255947853,-0.12731295676812018,-0.00012027886792605798,-0.41627127221641486,-0.02389451664458028,0.024141921089245958,-1.501607761153942,0.00397453830611162,-0.01286808857053889,-0.055334104888444334,-0.14559942822108096,-0.06539504908192392,-0.7644244334412127,-0.0003702868219239131,-0.42983107126140285,-0.021478821279833103,-0.0003271123735939111,-0.009111571835044317,-0.00025927434306069453,-0.011139312831497838,-0.006012564625914634,0.0,0.0009172537675650669,-0.0027878934977996683
6_1,-0.0002932645019249585,0.012136105621451626,0.010106404291219532,0.0014750611664020603,-0.034311167826675544,-0.00730059484460818,0.007722619400047324,-0.02856220857613868,0.06386619446576736,0.14223540167529888,-0.03724814685492113,0.05114935001743874,-0.003128364015596505,9.613603468747135e-05,-0.005699198280605801,0.008247861017158496,0.0015984850324123447,-0.00010647579172115649,-0.0011491252430708837,0.004465409659179714,-0.0015964065126662622,0.04453584050691991,0.09069793507235159,0.19671419407060298,-6.423161912856058e-05,0.4356501875818534,-0.07624425266077857,0.04411533007757777,0.09981214649548578,-0.12575679937046416,0.02642653267308521,0.024016925983610056,0.06472362407032621,0.003077958392327643,0.0284738252957515,0.003201601996783851,-0.026071376093741487,0.0010900041453223044,0.020913844416939883,-0.024103296986815896,5.619067140835493e-05,-0.021844107733942835,0.01343259117667939,0.0,0.0006672636915323127,-0.03138442979576613
6_2,2.1970675350765608e-05,0.010467602124611938,0.010108504741508711,0.0014750611664020603,-0.010416384674347107,0.01558745951676942,0.007722619400047324,-0.02856220857613868,-0.014471774382842851,0.107165393839035,0.04975535059655068,0.032996735952499655,-0.0032397232312434167,9.613603468747135e-05,-0.005699198280605801,0.00275232315520361,0.0015984850324123447,-0.00010647579172115649,-0.0008202109566588667,0.00479966904011692,-0.0015964065126662622,0.06456712965714222,0.09468122604949697,0.17148088649571963,-0.0003443625852102843,0.3459105865691039,-0.07348960933184263,0.045506371303504004,0.09940171529013034,0.08281524764083911,-0.05445252346765472,0.023979679929136195,0.07393687788313057,-0.0828270741861141,0.023811677954325303,0.003201601996783851,0.006808815858251823,0.0010900041453223044,0.0212736829647339,-0.01587142186073069,5.619067140835493e-05,-0.022767221189172838,0.01343259117667939,0.0,0.0003547133183138267,-0.02726824276394997
6_3,2.1970675350765608e-05,0.012136105621451626,0.010106404291219532,0.0009598417449503929,-0.030407818748651054,0.010443503776247035,0.007722619400047324,-0.02856220857613868,-0.01413340489848446,0.1086735413802798,-0.08122315082467357,0.031927448328688476,-0.0032036996340675597,9.613603468747135e-05,-0.005699198280605801,-0.003622066375577354,0.001416059116984776,-0.00010647579172115649,-0.0008202109566588667,0.004478446226401593,-0.0015964065126662622,-0.24028936261924488,0.09518937050176507,0.14394473425864174,5.384002859169703e-06,0.6563735922150614,-0.0812144011117759,0.054632253807639294,0.09940171529013034,-0.1612764793489517,-0.029703165996567013,0.024682106122723507,-0.015886511366480706,-0.07629540314429038,0.023969827585260534,0.003201601996783851,-0.0004506790040298171,0.0010900041453223044,0.020913844416939883,-0.022345242679084262,5.619067140835493e-05,-0.020587110340301792,-0.04778590181002676,0.0,0.0006672636915323127,-0.02753103268181069
6_4,8.292128536260802e-05,0.012136105621451626,0.01033393458183178,0.0014750611664020603,-0.030407818748651054,-0.011467418253904904,0.007722619400047324,-0.02856220857613868,-0.01065960282765517,0.10934237846366338,-0.10327035863519451,0.031927448328688476,-0.003128364015596505,9.613603468747135e-05,-0.005699198280605801,-0.01125335939191554,0.0015984850324123447,-0.00010647579172115649,-0.0001208884785162817,0.00479966904011692,-0.0015964065126662622,0.06185038995698705,0.08839112929434884,0.14322357565201052,5.384002859169703e-06,0.3676468769245411,-0.08083905598759238,0.012348413117905174,0.09921677429238546,-0.16125148519955965,-0.02918774412453875,0.02407277544064395,-0.015886511366480706,-0.004584831836767196,0.023969827585260534,0.003201601996783851,-0.0004268460797817765,0.0010900041453223044,0.020913844416939883,-0.02231126799883389,5.619067140835493e-05,-0.021715515702413365,-0.04778590181002676,0.0,0.0006672636915323127,-0.02416461358226134
7_1,-0.00045558415461682323,-0.0023769385844241257,0.010039625391210585,0.0014750611664020605,-0.0020469008841090125,0.046000768507714625,0.007957992442470998,-0.02856220857613868,0.020240100347916616,0.17367691709824465,-0.12122730249364107,-0.031161985314989774,-0.004361269522520194,9.613603468747135e-05,-0.005699198280605801,-0.0017194489711621188,0.00329569167153096,-0.00023219193044895538,-0.0005651783402864097,0.0107323786153863,-0.007610527455563725,0.03400152953759393,0.08570424384036807,-0.01899377320016214,5.384002859169703e-06,-0.1566556952790984,-0.09923118358983599,0.056334268117788175,0.09678083052972936,0.007046781638378016,-0.026593617259607988,0.0070478238946869495,-0.02190191369849775,-0.028516547726630412,0.030542812739616156,0.01189259386773841,0.036129692152774555,0.003794398840951946,-0.003351862314686822,-0.041874140503439655,-0.0008929257220573173,-0.023890817682785344,-0.011680990357310315,0.0,0.0006953461454375191,-0.010754070029306713
7_2,1.9256587828847494e-05,0.013127124352060059,0.010623575907468843,0.0014750611664020605,-0.0020636086333860673,0.021540038479821173,0.009137411777048146,-0.02856220857613868,0.020237542359679152,0.1705306302015903,-0.13738043919047635,-0.034434705113987926,-0.004361269522520194,9.613603468747135e-05,-0.005699198280605801,-0.0034056335139624238,0.0024510291891163263,-0.00023219193044895538,0.002845134496920027,0.010956585176415195,-0.007632505360355364,0.03573983277115998,0.08197502259851126,-0.021317876781406144,-0.00040005508280046903,-0.12821676354895994,-0.09546009063319365,0.05717274536605206,0.09681878145567235,0.007132896115498982,-0.02402068159766619,0.007089610982952457,-0.012944436301439,-0.03132427252005716,0.028336959191570858,-0.002910459839998554,0.037500038132164674,0.003794398840951946,-0.003351862314686822,-0.04115769387145535,0.0005180198533262445,-0.021837547391364065,-0.011680990357310315,0.0,0.0006953461454375191,-0.012765167762983004
7_3,-0.0002489023826096183,0.013127124352060059,0.010623575907468843,0.0014750611664020605,-0.0043003110553757815,0.0211257692264195,0.007612954168281466,-0.02856220857613868,0.019990737697135115,0.17072534664125558,-0.07527620891892617,-0.043887396294253214,-0.004361269522520194,9.613603468747135e-05,-0.005699198280605801,0.00254017802180411,0.002523605385870217,-0.00023219193044895538,-0.00034871361128321204,0.010956585176415195,0.012213066436178227,0.05727227985251944,0.08213653415862317,-0.020510594724355093,5.384002859169703e-06,-0.13044679328526745,-0.09934962971023546,0.05954598693790162,0.0968221030652702,-0.034168899417484626,-0.026593617259607988,0.018190405317299443,-0.024188389540665475,-0.030521010633396496,0.033355779138869356,-0.0031533670960884365,0.03876329342634765,0.004914222523448015,0.008176796703707814,-0.041890954242579076,0.00036873507088458837,-0.02202393458555929,-0.011680990357310315,0.0,0.0007557542493324778,-0.012706162241689585
7_4,-0.00045558415461682323,0.013127124352060059,0.008369276130060183,0.0014750611664020605,-0.001864336852538501,0.046000768507714625,0.008179501089714141,-0.02856220857613868,0.02030071805057023,0.16702269322091337,-0.13580274578228338,-0.036428087651709684,-0.004361269522520194,9.613603468747135e-05,-0.005699198280605801,-0.0017194489711621188,0.002306511468659383,-0.00023219193044895538,-0.0005651783402864097,0.0107323786153863,-0.00471467180213166,0.059127266588392804,0.08596614136673746,-0.0196607818560294,5.384002859169703e-06,-0.1478355091750482,-0.09740914758169544,0.056334268117788175,0.09649960726151861,0.006810472741083064,-0.026593617259607988,0.010234607840813459,-0.02190191369849775,-0.028516547726630412,0.03261161765032688,-0.0034978217258053966,0.036129692152774555,0.004253906592188153,-0.0031891713562008576,-0.0420793126132912,-0.0031081191199574735,-0.023870134174567306,-0.011680990357310315,0.0,0.0006953461454375191,-0.012325564054392685
8_1,9.511962918854941e-05,0.010467602124611938,0.010108504741508711,0.0014750611664020603,0.016863932732058058,1.746274869467905e-05,0.0077065007077634735,-0.02856220857613868,0.10167023297166872,0.10519291933057219,0.06481863116607707,0.05810739209793706,-0.004452266401393729,7.602237926223427e-06,0.0005900236002197779,0.008292972655240167,-0.00022783152431722468,-0.00010647579172115649,-0.0006045168611141152,0.004465409659179714,0.004248619267148038,0.04740379614887527,0.09244908862190536,0.20607303166701083,-0.00021465462530842645,0.4250278639559518,-0.09598742257359655,0.014364750193649578,0.10351249130334038,-0.09857408942815128,0.020131494153915186,0.026464389814233647,0.0708679236596312,-0.0042304890520166285,0.028343523195298967,-0.0009416476461129308,-0.00924835356968841,0.0011951476630585587,0.0212736829647339,0.10409263209169863,0.00010432101488135146,0.11399600729267487,0.01430223250058776,0.0,-0.0023279763325322897,-0.032024229356788815
8_2,0.00013668128859302213,0.010467602124611938,0.010108504741508711,0.0014750611664020603,0.016863932732058058,1.746274869467905e-05,0.0077065007077634735,-0.02856220857613868,0.09386034706420154,0.099117490443129,0.05598520778305,0.05810739209793706,-0.004452266401393729,0.00012088013665488648,0.0005900236002197779,0.008292972655240167,-0.00022783152431722468,-0.00010647579172115649,-0.000538327754684105,0.00479966904011692,0.0055271726173418655,0.05768039084088018,0.09244908862190536,0.20326156155668398,0.000345256575192027,0.41971228766911295,-0.09512839199149876,0.015735331943649407,0.10367742307270736,-0.09860263465797532,0.020131494153915186,0.029591881316653874,0.0708679236596312,-0.004586047869121178,0.02877405898108186,-0.0009416476461129308,-0.008548468258690893,0.0012870801854411966,0.0212736829647339,0.09948924373208991,0.00010432101488135146,0.11399600729267487,0.01343259117667939,0.0,0.0004116668042308414,-0.03129799657456871
8_3,0.00013668128859302213,0.010467602124611938,0.010108504741508711,0.0014750611664020603,0.016805009372946454,1.746274869467905e-05,0.0077065007077634735,-0.02856220857613868,0.09370149160585017,0.0991715319088159,0.05567333579205897,0.05810739209793706,-0.004281373923636045,9.613603468747135e-05,0.0005900236002197779,0.0041068544765504485,-0.00022783152431722468,-0.00010647579172115649,-0.000538327754684105,0.00479966904011692,0.0055271726173418655,0.05762146748176859,0.09237433129705312,0.20321817256836291,-0.00010178081856242324,0.4196079853283149,-0.09512839199149876,0.014936369480594291,0.103662835696462,-0.09867260891815906,0.01944781669065486,0.029606894027274875,0.0708679236596312,-0.004586047869121178,0.02877405898108186,-0.0009416476461129308,-0.008548468258690893,0.0012870801854411966,0.0212736829647339,0.09948924373208991,0.00010432101488135146,0.1208491381832193,0.01343259117667939,0.0,0.0003547133183138267,-0.03129799657456871
8_4,9.511962918854941e-05,0.010467602124611938,0.010108504741508711,0.0014750611664020603,0.016805009372946454,1.746274869467905e-05,0.0077065007077634735,-0.02856220857613868,0.10156061255635951,0.09884490506192888,0.0657537744434837,0.05810739209793706,-0.004452266401393729,9.613603468747135e-05,0.0005900236002197779,0.008292972655240167,-0.00022783152431722468,-0.00010647579172115649,-0.0006045168611141152,0.004465409659179714,0.0055271726173418655,0.03608503722710295,0.09245072594337637,0.19944570376400336,-0.00010178081856242324,0.4196079853283149,-0.09598742257359655,0.014364750193649578,0.10356460377231778,-0.09865503604637833,0.01716108763851701,0.029606894027274875,0.0708679236596312,-0.0042304890520166285,0.02877405898108186,-0.0009416476461129308,-0.00924835356968841,0.0012870801854411966,0.0212736829647339,0.10409263209169863,0.00010432101488135146,0.11393708393356328,0.01430223250058776,0.0,0.0003547133183138267,-0.03509414313179604
9_1,0.00011367663785743685,0.010467602124611938,0.010108504741508711,0.0014750611664020603,0.027653963128400606,0.004424832257006289,0.007722619400047324,-0.02856220857613868,0.1112237402503786,0.1380132315931056,0.11466833114581443,0.06469037656256059,-0.00321973667667114,7.602237926223427e-06,0.0010362178692010534,0.013522183686600384,0.0011468177964268746,-0.00010647579172115649,-0.0036288041759164036,0.002785185130704115,0.0034938490844043783,0.06809926383594844,0.09465705415695548,0.2977615579934267,-0.00024469398485551727,0.4549902482816565,-0.08963409197133634,-0.015009902479955733,0.10533488158504851,-0.09546455122168161,0.027046386628015225,0.025874932326466663,0.07008221402762314,-0.0002664194935754543,0.026949328749672846,0.003201601996783851,0.026664751991956358,0.0012180043887924492,0.0194305258438745,0.12903850378023626,5.619067140835493e-05,-0.02307037802503785,0.017593600130970846,0.0,-0.0023279763325322897,-0.004729390956428543
9_2,0.00011367663785743685,0.010467602124611938,0.010108504741508711,0.0014750611664020603,0.028588206131755257,0.0032796740671755084,0.007722619400047324,-0.02856220857613868,0.1106850229979201,0.111134020906958,0.1267104445150975,0.06416296261236827,-0.0036483158219500645,1.7427305264801265e-05,-0.0032451298012087775,0.0124798893040476,0.0011468177964268746,-0.00010647579172115649,-0.0036288041759164036,0.002785185130704115,0.0034938490844043783,0.06737502183096228,0.09801195278076598,0.2977789266948018,0.00014591937448249796,0.45503312712862526,-0.08963409197133634,-0.008224530263398665,0.10534064823400201,-0.09569992164021927,0.024881641596165727,0.025843619940204676,0.07008221402762314,-0.0002664194935754543,0.026949328749672846,0.003201601996783851,0.026664751991956358,0.0012180043887924492,0.0194305258438745,0.13989647447773793,5.619067140835493e-05,0.13202836222396372,0.017593600130970846,0.0,-0.0025700286476795777,-0.004729390956428543
9_3,0.00014351802557714352,0.010467602124611938,0.010108504741508711,0.0014750611664020603,0.028529282772643653,-0.00354765408568493,0.007722619400047324,-0.02856220857613868,0.11032560191360055,0.11131714986299361,0.12670700688042114,0.06416296261236827,-0.0036483158219500645,7.602237926223427e-06,-0.0032451298012087775,-0.017410436626110127,0.0011468177964268746,-0.00010647579172115649,-0.0031947823179542994,0.002785185130704115,0.0034938490844043783,0.06696488563871944,0.09801359010223701,0.2919898327039357,-2.1122182076562315e-06,0.4397065156894921,-0.08949489199519635,-0.008224530263398665,0.10534415387067159,-0.09572098056138047,0.024881641596165727,0.025858632650825664,0.07008221402762314,-0.0064452751402640715,0.026949328749672846,0.003201601996783851,0.026676297190379665,0.0012180043887924492,0.0194305258438745,0.13955374720619498,5.619067140835493e-05,0.1319694388648521,0.017593600130970846,0.0,-0.0023279763325322897,-0.006507218225941576
9_4,0.00011367663785743685,0.010467602124611938,0.010108504741508711,0.0014750611664020603,0.028529282772643653,0.0032796740671755084,0.007722619400047324,-0.02856220857613868,0.1106683291851435,0.11131714986299361,0.12670700688042114,0.06416296261236827,-0.0036483158219500645,7.602237926223427e-06,-0.0032451298012087775,0.0124798893040476,0.0011468177964268746,-0.00010647579172115649,-0.0036288041759164036,0.002785185130704115,0.0034938490844043783,0.06731609847185066,0.09801359010223701,0.2977615579934267,-2.1122182076562315e-06,0.4549902482816565,-0.08963409197133634,-0.008224530263398665,0.10533488158504851,-0.09572098056138047,0.024881641596165727,0.025858632650825664,0.07008221402762314,-0.0002664194935754543,0.026949328749672846,0.003201601996783851,0.026664751991956358,0.0012180043887924492,0.0194305258438745,0.13989647447773793,5.619067140835493e-05,0.1319694388648521,0.017593600130970846,0.0,-0.0023279763325322897,-0.004729390956428543
