,0,1,2,3,4,5,6,7,8,9,10,11,12,13,14,15,16,17,18,19,20,21,22,23,24,25,26,27,28,29,30,31,32,33,34,35,36,37,38,39,40,41,42,43,44,45
10_1,0.014793743622238904,0.0007445696485116867,-0.00021652148751305782,0.049108569504443464,-0.0017341258483520956,0.021577398771682167,-0.001379780342364572,-0.002036497331089501,0.02576744143420391,0.3539922124575273,0.005070835874062613,0.5126275324519398,0.030504146102677692,-0.009828987900667618,0.00012086735903368839,0.02620315292065028,0.0007488356333505083,0.001687130837183725,0.047748851941330966,0.05805324096035233,-0.0365122865075788,0.004395698841959128,0.0038541640935943903,0.49085579456594575,0.048966621482481945,0.7480309203475181,0.13535241886406593,-0.07547029352297473,-0.0017384284414869108,0.019562173343666882,0.023915836390148434,0.047842829239167536,-0.009913583057457594,-0.0090354986901633,0.019442324453933,0.12686035804605317,0.0674243460453103,0.0038386322929353546,0.004362302816166111,-0.006331784643307271,0.0018636408256638263,0.029162263676214998,0.05710935516190946,-0.005627093185862484,-0.0019938319057726276,0.0015502813708505704
10_2,0.014182215624472898,0.0007176035987228482,-0.00024023577552624884,0.08192383318531955,-0.002765215863909585,0.021836603295625204,-0.001353955836221969,-0.0019930108156579985,0.0230877048308951,0.40176715451260614,0.005134060943975446,0.5210333093587267,0.03299380322253255,-0.007851215105540854,-0.00010249536445071372,0.024622915871131374,-0.0020160794059364147,0.0036281554809117016,0.047130984140294555,0.04939313693621039,-0.036420501890829134,0.004025630842969385,0.004153314585382873,0.42707392912446657,0.03067470428165299,0.8551846277925785,0.13417205293576936,-0.0898433963449206,-0.0017306985414513,-0.0565052424529368,0.02365013752466721,0.04553878544491345,-0.00677390190133186,-0.00864623448878736,0.018771667644415277,0.11372625563190872,0.06767911044625188,0.0014136163693926668,0.0016606388978864352,-0.006005625709836481,0.0037240186400866017,0.02869578877801243,0.05469570662242597,-0.00440261778628378,-0.0017466921911675148,-0.0015010819640845878
10_3,0.009848665765840352,0.0007868596602618649,-0.00019714451101584537,0.04912311503117951,-0.0018129855576281483,0.01873625667121987,-0.0018894291167273099,-0.002157889711448108,0.0022091279008752186,0.33139102173212004,0.006806387676441602,0.5121878797991533,0.03706594076691122,0.014823916526302197,-0.001020553174953618,0.024936185926077784,-0.0019273019491472775,0.0904512128502659,0.04482825027879731,0.05386490837671576,-0.039910144075424314,0.0036245736606541745,-0.042617033587627765,0.6457793796028196,-0.005655169931884408,0.48126461501353296,0.12133948717306405,0.07659506421259446,-0.0009383571598212683,0.020764007358569432,0.021988687146230118,0.041793611067004986,-0.007031308433824125,-0.008429304072156075,0.011491719090924755,0.12030952674970836,0.057119294899415717,0.0028850677649487027,-0.002570641109086457,-0.008535013986172032,0.0014956460524482367,0.0207668803741638,0.03857413284543764,-0.004583504978713992,-0.0019878786003541113,0.00596476024481234
10_4,-0.0012863070940686676,-0.00017294681484342553,-0.0005136140289454811,0.05134770595344321,0.005434276875958463,-0.005970114084409915,-0.005673010450934918,0.001798892664221742,0.020280757194758737,0.3344041828922952,0.005534100901589782,0.4867936519614105,0.04202423517806932,-0.010037967709949362,-7.315556415373663e-05,0.021099134592982523,-0.0016423998280736267,0.000627746343298661,0.04285959677422982,0.057726876090166565,-0.037715471410102355,0.004165683784704695,0.007066259165133571,0.41778434748259036,0.04655956585056966,0.6878304201864487,0.1331624762330834,-0.06928374368601317,-0.00208983082748055,0.019461126805489386,0.008714014834730078,0.03057259948842845,-0.010836019964835002,-0.009187307617956131,0.016588675585018833,0.11628190259626443,0.06703535055857238,-0.006037304511671808,7.277176450879255e-05,0.005458688156583622,0.00044092316122161496,0.017198562163644827,-0.07490843769922459,0.0023495701319747484,0.005314784003239925,-0.0009949096655406256
11_1,0.0018368536834473472,0.0007169202246235424,-0.00014858771994813772,0.04294814294008928,-0.004237487739698828,0.009981559482100177,-0.0020885892151853314,-0.0019030539570685833,-0.040593848602982846,0.32629590291324956,0.0037258910717360627,0.49042322375758324,0.026664256047769355,-0.0011234643368576965,0.0025273429075150706,-0.01694503393999939,-0.0020489527667566,0.017541352160989496,-0.051635100124476314,-0.030090690412047105,-0.04355776625055124,-0.0009949427580163246,0.0030774756967119126,0.44714741765978405,0.060538459883155996,0.6963511302857132,0.1289216891200938,-0.07137726289090394,-0.0013401022679169884,-0.25040253589870015,0.009576991287835982,-0.02351643419636318,0.0012961051505240924,-0.011487460970743232,0.009720517521244794,0.10488674176872421,0.10086330878788524,-0.053914936156870354,0.005011534160498747,-0.009934224180428435,0.0007429330109236485,-0.019177084086699013,0.03376507659921323,-0.005077081815890116,-0.0017466921911675148,0.0014998972398155264
11_2,0.00354331452867659,0.0007371171806911077,-0.00021652148751305782,0.052497721999758676,-0.0014918373030689627,0.011125541602028062,-0.001728827906661794,-0.002034422671536077,-0.04603374195334774,0.3058060526469243,0.005019606025193848,0.4949486883880011,0.0304285255048295,-0.00027324329880117065,0.002098249056698156,0.010128596689369638,-0.00018362960419091847,0.0015905539451023956,0.022379235318912026,0.027111494177966863,-0.035423392235610994,0.00098614473216227,0.002737677209549455,0.4022086792467523,0.04566003104014334,0.5712766454569557,0.08878592846925859,-0.07958872056617287,0.0031765131790641894,0.019379761817351474,-0.06522662292349261,-0.06639036851248131,-0.01051908705997718,-0.010990705557877607,0.0037719886824926774,0.11375554883661947,0.07583099335110892,-0.053492807859108746,0.0012974906503785267,-0.006108086403462059,0.000781697370014256,-0.07411427066238012,-0.0033038238261144785,-0.004562520725655809,-0.0017648568233189304,-0.003602763212552387
11_3,0.003301861553664846,0.0006687353087147282,-0.00024198691867467184,0.04529563435527345,-0.0032171551164543303,0.012108554311690837,-0.001679576634275482,-0.001997092375340809,-0.050966781258109106,0.2997449865733962,0.005070835874062613,0.49503131133285044,0.030466075492823427,-0.0022227254039996424,-0.007434977575475276,0.005284919981422975,0.000678753116077548,0.0017090091758809422,0.01980577744471002,0.02092791508566055,-0.03515082099511137,-0.020736216001901737,0.002922572202131382,0.48428210394054844,-0.014261690481767243,0.5940522125062065,0.08803051278102046,-0.07600851499678038,-0.0053403085841007315,-0.026245566844305207,-0.10346892591729646,-0.07433476992499552,-0.005980632178955103,-0.011539861831618323,0.010600062688040571,0.1040756723867072,0.06117475208026791,-0.05542198757314471,-1.8080579856569624e-05,-0.005515467867533857,0.0014282695800549988,-0.0901056265097491,0.012359155588522887,-0.0044066722267019345,-0.0019756672736212138,-0.009375852377713304
11_4,0.003375897678832477,0.002451510025803091,-0.00021330912699723468,0.08453498820360611,-0.0015080676635864905,0.01094950393840457,-0.0009457402323851814,-0.0020339507998174597,-0.010444384404872525,0.32575622992601755,0.006844938639447921,0.49204355228252056,0.03630560839157404,0.012530949866319748,-0.0010248260325696952,0.012013255588281316,-0.0027125690011142387,-0.13647082891702428,0.018993959881632293,0.01823382058057389,-0.030794956242092688,0.0017826285364508205,-0.00591188504487338,0.611212373380642,0.04420761711455394,0.3858256749273657,0.08540440264860026,-0.054341223281777325,0.004539315925301477,0.01590490531612339,-0.1019631462294938,-0.08110134965532383,-0.012524604829617874,-0.011212057046275899,0.11835009757779062,0.0948620329668858,0.07735372671189192,-0.024820224993975046,0.0002538411551725097,-0.005900657785982324,0.008331421343469139,-0.08518835733869251,0.014514569113354824,-0.0036077262520998804,-0.002017648372324367,-0.014638218889257084
12_1,-0.003581528555590686,-5.8461844206771175e-05,-0.00026566769852609046,0.0801729998222391,-0.0008649007140674758,2.9970443032296002e-05,-0.0033364248563972233,-0.0021107345203496422,0.04879298218662316,0.516850620464014,0.004539423893009288,0.4790323686341863,0.02951871529853463,0.08528875348713642,0.0012992679061716898,0.043103108886020564,-0.0018042488161145228,0.0019280265633912904,0.0440674739264681,0.040676740812557975,-0.03727175572184646,-0.07112199737519265,0.017986550082452563,0.6668957875746915,0.06927917720547036,0.9998953019446823,0.36491986773003743,0.10511358812276646,-0.0017463619659645853,-0.5070016395709102,0.024090295831940917,0.01578511457258964,0.013870017514936087,0.10171680141549612,0.10535197539059281,0.12296130916317943,0.06369820328895086,0.002395175958844648,-0.001022535681766051,-0.00978287986070985,0.0009634122298531015,0.0017893118541589786,-0.048428282132366836,0.0032843934129568914,-0.002299832101381765,-0.023375375464759464
12_2,-0.0039309706676928435,-0.00019896854188031002,-0.0002468662491628103,0.07747421670148344,-0.0011608140652396895,-0.011254974967267413,-0.003589888669532383,-0.0017301259772086995,0.01789715418483795,0.6000982566183914,0.003361219101189275,0.4787944510643544,0.042032439239621355,-0.007286849587728289,0.0026734518983721595,0.01971432207896823,0.0009472807337846771,0.0013102249881414296,0.041866965998975644,0.05862065768641075,-0.07940911330486976,-0.08163468618489789,0.0007162108844777863,0.39346495006345,-0.00464171144264265,0.8851156257149684,0.2850061929679251,-0.07427440677633898,-0.0019182467378748343,-0.31184832031488713,0.023156617421572465,0.021375700215236076,-0.013274759521356413,-0.009297869704285526,0.008618687067577693,0.10282951364742761,0.056371287539057596,0.007818007378981098,-7.380677245363843e-05,-0.009155100055940361,0.0076862599529538755,0.01053409521934,-0.07346919817560828,0.0030312444300625,-0.0017732941628294681,-0.10526093657582623
12_3,-0.000262488852521918,-0.00011704142907996998,0.00034039153895673016,-0.04248388243017647,0.006121187578875173,0.0032975092656707273,0.014352337904673378,0.002207949460033798,0.021833698913677802,0.314460611080541,0.003145743295447857,0.43600460535535507,0.03447931598137854,-0.012342405109748324,0.003546688330796871,-0.045790956220526674,-0.003892246964976964,0.020519614013867274,-0.10043155714853165,-0.06915617920829026,-0.08228089690675942,-0.07102250499672452,0.000415429270821493,0.4617167469041628,0.045122904382478575,0.7803890783855888,0.24505082203880724,-0.04146356027932401,-0.001434994927314458,-0.5044684343189514,0.014190583999543607,0.014230832651361035,0.013285512168958305,-0.011500670374522369,0.013551848923866015,0.09299810608990972,0.059010523097233855,-0.0047656684998639565,0.0010535833672745722,0.007248238622944938,-0.007536286348820184,-0.0014226388494391778,-0.07448057910601816,0.013762831054175093,0.005304219506650477,-0.1004845686013719
12_4,-0.00011175871762043047,-0.00017528498334898768,-0.0004379786711425238,-0.04865880722997519,0.0006409234146985167,0.002276112056505195,-0.0033210033557016802,0.002111893719902307,0.02119636546781138,0.31206064330654076,0.0031716259082474364,0.43577698629762235,0.03536621354704883,-0.012953319852262732,0.0036253540291587994,-0.045132375028173646,-0.0016311587911942453,-0.0024125722228982155,-0.1025187525493667,-0.08164791070910951,-0.0856748087631318,-0.07033813204834358,-0.00042282367610869606,0.32152529660341916,0.027632839234969713,0.6559220885305338,0.2304687089018735,-0.034789385127382895,-0.001934256363998379,-0.2534343997099157,0.013636140376773024,0.015947081014092448,0.022791109589987413,-0.012152775115157574,0.006336667180740512,0.09950129539695973,0.06087355371598474,-0.00866266680869708,0.003682753173350278,0.007241993786662597,-0.009068075743497314,-0.0027092842453949914,-0.07478124316998963,0.025623823043710487,0.005252833794664895,-0.10703394696547408
13_1,0.01929728850960755,-3.371350124037564e-05,0.00017646972504832764,-0.0011942339926327063,0.0019372206815260723,-0.002029334982822153,-0.0074450565491368985,-0.0002030282162424545,0.01143358366818678,0.007239885760042725,0.01099467876240939,0.436831017874541,0.04604478467102389,0.0022498383467073704,-0.006436680080267288,0.011019235536338092,-0.009415734387095098,0.004506854918791905,0.00705676677318294,0.013286694884679116,0.04704857137999464,-0.004421726656101149,-0.002177912639173731,-0.02489171099679157,0.033145037607866336,-0.054576818425665356,-0.037996929681080024,-0.07716494229828008,-0.0026573962629988356,0.07909296886053677,0.010995080213090704,0.020655056989377692,0.04021322908994016,-0.0005012472594480477,0.023587707833155856,0.08318832822315671,0.06967115145804671,0.001732190208353862,-0.0034061756828905622,0.0025895830444810208,0.0004311085624758949,0.00042991545817515006,-0.015134040382714396,0.00013496982701614955,0.005283901958499954,0.02305077204883757
13_2,-0.0013822960901282012,-2.921874541295436e-05,-0.0007194729632639758,0.005265693564735183,0.0024943768703554266,-0.0026256491904642653,-0.0074450565491368985,0.0005043430787732226,0.005750519535503411,-0.007309597463059807,0.021946780229442228,0.44157938682674575,0.04614480345636675,0.0026185261869769673,0.016713129695861507,-0.004700203726399513,-0.003906067470816398,0.014401196293949913,-0.013782525893986543,-0.05747397892512422,0.06461461592475502,-0.004359316023296804,-0.0024614043661542865,-0.026551045710649895,0.032987536451129715,-0.06214481819835578,-0.050981749590844005,-0.05200399596345531,-0.003281483866402526,0.0652924480953949,0.022839448712064545,0.012945401552711719,0.03639163186996198,-0.0009795163789778965,0.02331813357700052,0.045956220870844805,0.07510480823113896,0.001861191454654081,-0.005109316781671657,-0.04389529070919266,-0.00439579351048484,5.636928369950672e-05,-0.006915103180850152,0.002063151307294585,-0.0017449293134034045,0.020913230482571384
13_3,0.006762241138722763,9.77309871781789e-05,0.0035413686891694156,0.0009142331417717685,0.002200259278703367,-0.00043080150632510063,-0.010529457386512116,-0.0009701515294516941,0.008205464324004638,0.012259171116390537,0.041616490671172776,0.44125900828508274,0.047571882808010564,0.0009955134982284155,-0.0007483740056842764,0.004578872114104335,0.005580343454157224,0.004643014905293943,0.007200088204700492,0.01712196948397517,0.03173250246079414,-0.0033431327898808894,0.01615813242493431,-0.049160297222699635,0.018476892040180996,-0.05454862163056645,-0.03760961872807189,-0.0855153479549211,-0.011483322785810202,0.022633786061686968,0.018245397354844713,0.012729638575034428,-0.01164494051875355,-0.0034461945541298593,0.03079660605769231,0.17870065755428133,0.03742698253012683,0.0017736626629510106,-0.0005711879699533469,0.004139732676042279,0.0018682443521230532,0.0008810760181035233,-0.01296356180542593,0.0014601866452027743,0.005961726921254053,0.015853435356583356
13_4,0.00033618199931601347,-0.00018091083513483303,-0.0012769135799306913,-0.0028910794932563507,0.004471750296097338,0.0023396139148327178,0.03824063408031124,0.0012835311054088245,0.008022650382966966,-0.006575888811675335,0.011957791728701128,0.43797341939864354,0.052683506234829904,0.0016493540002094835,0.0018038694137175735,0.0029832372691963524,0.0023850967921171043,0.005848123467334246,0.007484739501591828,0.03609702368712251,0.08119754661284902,-0.004590724708722683,-0.005437747003769153,-0.026722808814076418,0.035419324063772274,-0.04824436887120796,-0.05005530460560284,-0.045147517331185924,-0.0026401379618671227,0.07162171480050142,0.02121285734817945,0.02482247284211632,0.06191115593402367,0.0048765347839241436,0.02536251802490333,0.0806554224407865,0.06859263289866305,-0.01081525703902855,0.01996790768376322,0.02083897236411343,0.0026860633699742984,0.0017350756740532646,-0.014143297060721278,0.06353393378012377,0.005267985847927641,0.010804969054027532
14_1,0.004598409064375847,-0.00017012943797864132,8.786283414532532e-05,-0.007076222401508977,-0.0006228443724375438,0.0013065099531900462,-0.01172761602423466,0.001284646008638144,0.008553261295441369,-0.08237395943045035,-0.0028498695566956654,0.3791352917770208,0.014629438696265804,0.0004719106573583589,-0.020358641071194568,0.0025580884843654094,-0.0024827979374637777,0.006624398608623903,0.007271215976552617,0.0029278012082467543,-0.12879404023016547,-0.0017849238066174958,0.0001354803057215956,-0.07935160882595067,-0.405466395149995,-0.059110121543903625,-0.020818091907910664,-0.03997346658930222,-0.0016282914277962264,-0.9912770958416786,0.0019626963176219794,0.021579774060100688,-0.018748358462609253,-0.004497363344065703,0.021142581259571337,0.01945090906804246,0.021605641730632067,0.0035892214035859165,1.2744814238513607e-05,0.0015724556359061825,0.0005617899075666522,0.0007755322435739802,-0.00811983690964584,0.002697596745573545,0.005306146983784579,-0.21324800250901163
14_2,-0.00019059994344694357,-4.81517333335643e-06,-0.0010692503994827454,0.010716981627943625,-0.006973317424785335,0.006581158092765042,-0.007612836969709884,0.0004057402913086293,0.006827964120268534,-0.060408301807658035,-0.004287478593132987,0.36943552450914524,0.03782242240741931,-0.0003085937010088047,-2.957083738290632e-05,0.0027341999512155465,-0.0008376090990110307,0.004457168568098032,0.0036966931741425997,0.008464414769311802,-0.17124922512062535,-0.06812789817100742,-0.00039113889974194487,-0.11481487226100147,-0.13417374447380426,-0.33241291757948144,-0.03898786365130914,-0.06361675537297781,-0.001072419510665978,-1.184255562047939,0.007797513657266469,0.014188800730907402,0.01864686567532879,-0.005040243706603855,0.021179674953132253,0.0468837268980176,0.02926510744135254,0.002154829650650766,-0.0017114369474790672,0.004120192497843633,-0.0003312812671156683,0.0009588119298455543,-0.01246043392329442,0.0015478723321596668,0.004935888907658639,0.0305127378082895
14_3,-0.002394997611961375,0.00013158833623781773,-0.004054057480114809,-0.001227116089968436,0.0002429047973896419,-0.0380055470804452,-0.0038288705841608398,-0.0007788439876192802,0.00816499063688573,-0.06651524761984733,-0.006192795578212387,0.36303005311643427,-0.797659188885029,0.012942626441127501,0.002276540905319167,0.002598709871632793,-0.0006566315961493256,-0.2704832368839064,0.007444146860493897,0.007228037659389587,-0.2473664302414888,-0.07125944955349084,4.676306184925186e-05,-0.1256661357157523,-0.21200120815159326,-0.3491290821647449,-0.028836559999759585,-0.008472457891927554,-0.0010485013699508185,0.029959601098687273,0.007553100321979464,0.015807517724957938,0.03366411346505132,0.00029203899999557126,0.007531492227396353,0.057001978626567064,0.051125866615661104,-0.017793545296618002,-0.004961539667348882,0.008114251564889463,0.00018524995186908438,0.001888644930461103,-0.027205779671758936,0.00037820603930366055,0.005884228932103663,-0.2191352703807273
14_4,-0.0009786462263795181,-2.205369582449065e-05,-0.0007108958173181134,0.0022238652830998515,0.0024999558397131687,-0.0377833160703754,-0.003830883718019804,-0.00336069042039947,0.011089958007684506,-0.05588657332458067,-0.00484117005893572,0.38736943970995485,-0.8405276920620897,0.010589511748233905,0.0025270552729624676,0.0008485953537989768,-0.0001574614473638103,-0.44630743143975804,0.007256768876072708,0.010941365230920874,0.052929020789039716,-0.22840881532348778,-0.001434346071515952,-0.11769754971166506,0.04124244696554785,-0.23711275806321708,-0.05130272942973941,0.015456305929943792,-0.000684071802116068,0.0223140067522759,0.008929860570681524,0.012941196677513846,0.033760756873809354,0.002988546259540466,0.018662907396765623,0.06607329140045806,0.04503834762808328,0.001578993793113566,-0.001967082986059475,-0.008844314065514272,-0.0026316821330663064,0.0010502700343667378,-0.007975624598650623,0.0009076707774391898,-0.0018500688675456923,-0.12454041146824255
15_1,-0.00042586969225525046,-0.0002529239799329942,0.0045572916180454184,-0.0015799746263204587,0.0032036243020376574,0.023402609927920603,0.025491865788155352,0.001009893279502155,0.008005412884541421,-0.010753243269878547,0.004055097327778055,0.4170518807951173,0.048434340133699634,0.049926554292971305,0.0005741396121962063,0.0017127904593399255,-0.009301891906389054,0.004128187522141439,0.007314674896409364,0.08162979320556352,0.043815746812492846,0.0009017289793034148,-0.0019443508205241123,-0.021902416513949093,0.028872673802890023,-0.0636191517566619,-0.04354802159675812,-0.06845241711442358,-0.002892454247403989,0.039588106767000225,0.009575939126140897,0.024359952747814453,0.11346051247002491,0.00654854959072705,0.012818640712131669,0.07351192823750292,0.06710813219616091,-0.010234190841403016,0.022813897190588683,0.022708422418326886,0.00031417134123335854,0.001882376852611784,-0.015929668681704843,0.07032341544291823,0.00595540415304649,-0.08448431464556555
15_2,-0.00024969761829250737,-0.0028910859400007637,-0.0012459006747309667,-0.0028187805708555394,0.0043099106023303385,0.003932493313146561,0.04294976719835668,0.014381125799816992,0.007364708404140152,0.006746361469575593,0.013635579458323051,0.4482142640350548,0.053123640110334186,-0.00031253828929877196,0.0033748833398219323,-0.004488375336201366,-0.0004567987926853657,0.005687997879159266,-0.014960629075264917,-0.02876940829473565,0.01072935370539764,-0.006571575784215437,-0.006504830312858158,-0.039826240956219595,0.07716664530158238,-0.037656144509431076,-0.029488558842184934,-0.10235267652797052,0.011371813639842278,0.037455459204280915,0.018183584373536333,0.01165119498736632,0.04788144512962859,-0.0036407501957606892,0.02400572785078848,0.211935863483434,0.07211209807908235,-0.012014667131327225,0.018617604182887937,0.028563860369476883,0.00018530756253636743,0.0005811164980710774,-0.011815505920237425,0.08452925102358164,0.005957658702414249,0.009902653289483681
15_3,-0.00026318794501389614,-0.002891802280955126,-0.0007637462574273026,-0.0023134233427696926,0.004349527631594874,0.003960067731512676,0.04266184145839545,0.014373054868462857,0.005442502372213563,0.014508248320012464,0.015650614465220085,0.4474403538423534,0.05329510221151022,0.001220869795930639,0.00037542929453174756,-0.004499325148008068,-0.0010059672060679084,0.005230872504462759,-0.01755301488103312,0.010451097440750073,0.017482547278536143,-0.003664551664259827,-0.00470736847651444,-0.0421750150465753,0.0879299532305555,-0.014475400904856005,0.02844526024423538,-0.041107664104486415,0.010868450865758654,0.032648524299482125,0.016286347796802627,0.016315076496819705,0.0494844655098967,-0.0048761923785639785,0.023919723192067532,0.2227456457342288,0.07279092333471918,-0.009373476992207374,0.01992266451470214,0.024684129128597812,-0.0009710178674960633,0.0004009909403444806,-0.011980093793066415,0.07803984949249701,0.0052679012061135205,0.018306712290092057
15_4,-0.0003411155638576141,-0.0003071102671951587,-0.00203109595757966,-0.0018793147587766624,0.004612804027384751,0.02257087097503731,-0.008676833064890288,0.00228085099792861,0.006834762579907055,-0.011686695383176147,0.003618570964206737,0.40800795119764766,0.04943191611644772,-0.0007572630221643233,0.008927903444595778,0.004696569593920996,0.0010170525694792607,0.007085113382421342,0.0072332595844532555,0.07693342188252011,0.07572119188314944,-0.22635944879011605,-3.1340996051507585e-05,-0.03908249517731569,0.02133947170206914,-0.049685609110962,-0.06340651841857707,-0.004230303973668564,0.0023022410805349316,0.0367288516149511,0.016832724146324137,0.033450299753659374,0.09834667315719914,0.006170141239075791,0.014457722529615982,0.07388428588552068,0.06516460452603427,-0.010276690287144149,0.01820608775899736,0.038370824883195986,0.004825227165966416,0.0019689657696705483,-0.016113647327298152,0.10502572076263092,0.005957215902857249,-0.10457733935091434
16_1,-0.0009536033620068155,0.0003911171859022573,-0.0002231893889969868,0.004894525521809895,-0.0017382825121803522,0.007314165691846358,-0.0048646929052154385,0.022413241765304653,-0.009698597955418116,0.03789309960981947,0.00972266064461839,0.49172396239937455,0.0347928981683595,0.006601372595057615,0.00019774422173321482,0.0013600664604525039,0.001516315966516959,0.006564761640778315,0.005504176521906105,0.0011818953029733399,0.02492665906512334,0.0036946592602285304,-0.0020267328428107767,-0.0759511726804477,0.02554730390710868,-0.1479330902316704,-0.011433705061520473,0.06929595708013933,-0.00028345901153956733,0.07290971048757085,-0.02441318327632546,-0.023838299391708243,-0.031584207956250075,0.00025902155205570097,0.030434711641484705,0.07034621387684219,0.057895225027302384,-0.0028766162596655593,0.018212605403528224,-0.009782156585727775,-0.0010544197137297227,-0.008803967467680807,0.009766697248197592,-0.007632736996033711,-0.0017356191378857674,0.032208397752958765
16_2,-0.00028514769308427197,0.0003911171859022573,-0.0002231893889969868,0.00487438956232773,-0.001303631070384237,0.026030800452559497,-0.004429771464898559,-0.0027437957307604607,-0.009560185457450923,0.03212803862560576,0.014029628357307094,0.4934640306129075,0.03544780014699447,0.007767915747774127,-0.00028842696291857305,0.0018843299601627678,0.0011690852844674006,0.00456833549742536,0.005571004191114188,0.00661158032186058,0.02321033303846033,-0.008617020545781093,-0.002054916239522614,-0.07371321985121193,0.024221481592696416,-0.15595964982810773,-0.005936005802646414,0.05029363178101269,0.009368106154928498,0.07395674595609278,-0.01846403462941469,-0.023838299391708243,-0.027949718709835612,0.00041368815577658277,0.030757887508039008,0.07351397937333486,0.06089180714109064,-0.003529554242985294,-0.0019061259904186493,-0.013264403703988485,-0.0011465652468487136,-0.009160787505647632,0.00961645536730183,-0.007161245288454065,-0.0006667840847609497,0.033902471782602424
16_3,-0.0007202292088705369,0.0003911171859022573,-0.0002231893889969868,0.0033464913758255556,-0.0025762045668737688,0.01211380885103203,-0.004888744310397138,0.02234540436091425,-0.009600207454669565,0.052649968374568826,0.009882053104444833,0.4955683806609076,0.03421120908339346,0.007995014457668129,-0.0003829303343797401,0.001022448572964984,0.0014663063212352098,0.006580556137827279,0.005504176521906105,0.006845990453094309,0.024108956732730044,0.0014084469821240599,-0.0008969478942391328,-0.07791254352815959,0.02246072897741067,-0.14874234999764238,-0.008835125122315856,0.07475508720908071,0.006439037214173962,0.07305989513483266,-0.020636964382479337,-0.02383094479233997,-0.031075570113181492,0.00025414991454107607,0.030428103890007826,0.053816139797766206,0.06192663593010984,-0.002915940038554641,0.01662588313462157,-0.009722037294536126,-0.0012229612125902237,-0.008803967467680807,0.009721351297615182,-0.008041329235687518,-0.0017356191378857674,0.03256373125129908
16_4,-0.00028514769308427197,0.0003939070792133494,-0.0002231893889969868,0.004935938331099247,-0.0016792990414321966,0.008045688053173362,-0.004467276120649518,-0.0028049306672384886,-0.009687465397237631,0.02412938609991729,0.006542453528644005,0.4919481213371214,0.033584669627115864,-0.0019480921380899217,-0.00024579536966478147,0.0013750597152394563,0.001372539132003898,0.002482664405297275,0.005571004191114188,0.004612262852523401,0.022291317685858857,-0.010302403257436414,-0.002054916239522614,-0.07762179580988306,0.020904004551655156,-0.15686597719968776,-0.007005326450100935,0.056861695288416156,-0.0017937469474011399,0.07275303918348014,-0.019651168317580996,-0.023838299391708243,-0.028186899065800824,0.0004167298295178674,0.030640285434157925,0.06826594062417525,0.06080076432927629,-0.0030285564065792494,0.018212605403528224,-0.009652238137793492,-0.001031041129100104,-0.008803967467680807,0.009766697248197592,-0.007707905898466095,-0.0006667840847609497,0.03080287139581995
17_1,0.004925400267693206,-0.0022898105520859687,-0.0013672829859912717,-0.012637800070342244,-0.007097253509478777,-0.014804545562333335,-0.00923079096306501,-0.0021464031210194886,-0.007057072904416941,-0.07707149284789164,-0.007679856575694569,0.4351206551366879,0.02375421981548406,0.0007631011370948366,0.008367195485422519,0.0024041749315053262,7.039722895594864e-06,0.008616413337997734,0.009542674160384571,-0.005417906706258622,0.03757610245425395,0.05204668956975129,-3.5652256195764856e-07,-0.09542742394542356,-0.019146461193292136,-0.22835197685943748,-0.01638041732239427,-0.036214113812629276,0.0015933534225321105,-0.3724396922753571,-0.003316617310548218,-0.03393927642856559,-0.01627416850376263,-0.0040039283160783565,0.01369351372571255,0.04337588984747838,0.05862405696190413,-0.009911007144708207,-0.000804265250464355,-0.007422413051839968,-0.0023513415709089753,0.001002604346831222,0.004238592738269584,0.0023253274365272686,-0.001786478454099673,-0.149038108529055
17_2,-0.0002327339768258593,-0.00010302874349348647,0.0007670990832708418,-0.00223929928782096,0.0019568778647471195,-0.0008041143408398215,-0.012673174553635124,-0.0006549328464143548,-0.0067308791536639405,-0.12538299978110795,-0.0270035012548404,0.45286179437165763,0.03833043351724256,0.0004134390375756563,-0.020662596395221344,0.0035426121567935114,-0.001711040469477078,0.0048709312529666,0.006069242788265753,-0.004417794356260679,0.05436917366218411,0.0017831783560256177,-0.0005348287665251282,-0.07590001460085621,0.01393996151316476,-0.16604628153370915,-0.013897551872334697,0.04525103166665039,0.004825123543386871,0.012964810316761853,-0.007596337832407931,-0.017846560799183488,-0.03477029476099362,0.0030783306389464593,0.014523949157513122,0.12873180293037972,0.06008537931067957,0.005376527600876364,-0.0008616974816596189,0.023930795029573793,-0.0014361425275680258,0.0008068067968772942,-0.029247213316926653,-0.004250745451930277,0.0046784438233609255,-0.1972864640692041
17_3,0.0015730136515940516,-0.0005322323124764271,-0.00015780337087676006,0.009530994842562214,-0.010477776813964952,0.011948943703119622,-0.011634484357494052,0.000320809938681586,-0.0132534179965314,-0.07127318535865475,-0.004468950461932052,0.4252045372685497,0.0363908510073171,0.007748093797564383,-0.020831103929069516,0.0032992368420495747,-0.00015419510116885474,0.004368440299846563,0.003232371813255774,-0.013943026512967395,0.05611634598159504,-0.10523858950032668,-0.0003023260622849877,-0.07386646594308834,0.05882619984105823,-0.21435608125772757,-0.047810471216534214,0.015150519881459122,0.001038301847976115,-0.46991798861011275,-0.0021449317374946718,-0.034697380085632126,-0.04828730363922391,-0.000664088589345577,0.014143665353311161,0.05276697019334249,0.028920973914216407,-0.04290422779512253,-0.0042294517104055065,0.013090468972037783,0.0012169987058732717,0.0018833601273394404,-0.022305761477271868,0.0040533916989576105,0.005379761301186878,-0.16923062569034036
17_4,0.0052728354026308506,0.0025121560043227624,-0.00047629979315662335,0.0018779344778378246,-0.0018073549598980128,-0.011168881120595945,-0.005531107231949615,-0.0021994274579823824,-0.013114044439766192,-0.07259144776506006,-0.007397098744939053,0.4707593645637727,0.029742969502960123,0.008503694710145698,0.00842202376210354,0.002540831627755494,-0.007568282218024294,0.007914275037151666,0.006314633769020571,-0.001104243854536266,0.04095180290979162,0.008171555536087064,-0.0002502110714851759,-0.0833046578712936,-0.00359750508632056,-0.25617340104694475,-0.02121440392638018,-0.12763300809674172,0.002034472908972284,0.035664793910861144,-0.021702379866579993,-0.033089012508526194,-0.04865256611828294,0.0002980012142880564,0.004994853083150213,0.0625647150668435,0.0617796544731422,-0.008996189933307553,-0.0009540562907649284,-0.007491358663673746,-0.0004600612514644636,0.0010118041458163115,0.021046721502715027,-0.01031056383864422,-0.0019393241605618452,-0.16318881419493178
18_1,0.005101678443184757,-0.000190297702130293,-0.004628884974888861,0.003177476202641947,0.0029315856958230533,0.008699300020988262,-0.009453433755307302,-0.0033469350648206234,-0.007802634073445044,-0.05126103738198937,0.004577169975089336,0.4327035456816145,0.031286183613883654,0.001871662772161154,0.009503233334865196,0.002088246404772395,-0.000602973308816757,0.0049783200791103845,0.0066865780113517445,0.03162697611294528,0.05675997500668831,0.06120221732472656,-3.078120624310703e-05,-0.07626989500886919,-0.03068942868226734,-0.17730069026137452,-0.015524115129264741,0.04198032347791681,0.0013988965560627628,0.04400201467155805,-0.004672310529761704,-0.02640122715622163,-0.021925465623039406,-0.0008945324345114392,0.016197584621016555,0.039998797632115675,0.05935446527120588,0.014121504511096523,3.1789867710846484e-05,-0.01831223310059282,-0.002542548917146989,0.0010741702940437223,0.01864080036483161,-0.0013677381254602744,-0.0015933493395553027,-0.14708780618055547
18_2,0.004919367897787218,-0.0023591224547228474,-0.000626178391171117,0.003434731900340686,0.002344181415337235,-0.002536623934765295,-0.00955357047415073,0.0009398458171685177,-0.01023587153573314,-0.05704818129827413,0.005459816978941783,0.4527493259969575,0.030296392204637645,0.0020972345306739335,0.009018490376357446,0.0020080770590000185,0.0010797266328384154,0.0066059887886602605,0.006394426285768638,-8.804161239096744e-05,0.046266035740020396,0.0009198922134811875,0.0011423473654946195,-0.06918426523012676,0.013709006474050626,-0.21611885908453335,-0.010605242460556002,0.05148214124947961,0.002198418829807452,0.04270456914922892,-0.006317445436612145,-0.03540641524470424,-0.03700436610574125,0.0026134862385567845,0.016035064550672076,0.051016057916854644,0.0626169999542729,-0.009735299155361046,-0.0014914524818420473,-0.015013999140265105,-0.0022790184377774842,0.0008324766657738041,-0.002615558526222778,1.0602448682860144e-06,0.004699294500898649,-0.15272516815368362
18_3,0.0021608127866800378,-0.0006301622648216246,-0.00014862033001714005,0.009801216923072351,0.010599385450148695,0.030052287816562245,-0.009347131302898172,0.0015124961168420888,-0.00894293402280518,-0.037243696258933416,0.002468422734588665,0.37895496194001754,0.03685823121969695,0.0001597046722347944,0.010535060551418432,-0.004619074345349617,-0.0029333607832925557,0.0020580717269834234,-0.012182861699055317,0.001362245402960349,0.05827457299075178,-0.10496311042453087,-1.1552076521214672e-05,-0.07616592974491687,0.05709376810348531,-0.0921419243039045,-0.07271619718837002,-0.002193636090606945,0.002094617337023702,-0.5419709526655442,-0.0034080114025295967,-0.030694331504911743,-0.04915866797886174,-0.00034696187770756506,0.015822985925004678,0.04533170947521339,0.028973288500419626,-0.048002276264331345,0.00047396016146465463,0.01884835357221475,0.0017949183751744752,0.00047071271751979453,-0.016852157991445953,0.043957406507789336,0.005175080809102506,-0.09995859409643539
18_4,0.009341560540678882,0.0025027207994415875,-0.0007706590922986923,0.001680275909847368,0.002360607743681395,-0.003399307504171639,-0.00780572780890196,-0.0023725830695500378,-0.008063925712885254,-0.021756718681285783,0.004094023813411491,0.4098531143667069,0.030514267814762068,0.0009969101771383953,0.0066604357178833475,0.0017749176635500534,-0.004483760408437044,0.005396586023413535,0.00739951824413957,0.029281220003099167,0.04894505650187455,0.009759114234607808,3.419571841433225e-05,-0.06164145833962401,-0.004522820765485799,-0.035594786278670604,0.003183688770679649,-0.07627895355828952,0.0014285177996925546,0.036280392339141605,-0.003312580974208478,-0.03238954503922824,-0.0625800927578924,-1.6805602538791836e-05,0.005135674486601224,0.04537635407955447,0.06260493006697493,-0.008876384357639993,-0.0020992547466542628,-0.024531736365550335,-0.0006996157236811611,0.0010365070892350372,0.01770151116248264,-0.011008179887849004,-0.0019703188807167647,-0.16671732897264493
19_1,0.005459435058736477,-0.0004675221944282599,-0.0014719123282800842,0.004627058910274858,0.0022946096695021147,0.004646998243762638,-0.005394375691570406,-0.003887339604440153,0.004010462741809331,-0.12672587051108883,-0.024147683501086,0.4700388704499645,0.02964118529154227,0.012049801020072495,0.002525743396218314,0.003360766695522139,-0.0013327094899555324,0.005963227220726943,0.007099086511263317,-0.0007925651111044332,0.051831635793602227,0.0019010663189369535,-0.0021375077962688524,-0.06465290485087077,0.007717869582246833,-0.19390971653019146,-0.021356585610952883,0.05292130394058787,0.006033141936265309,0.029046904388073686,-0.009521532204300081,-0.005103867286029431,-0.04095492343098919,0.00046783250358637903,0.019775712997765812,0.2453353747652676,0.06010029807885322,-0.0010390549961874324,-0.0030584343945943906,-0.015209560442936816,-0.0007980528104072717,0.0013788235021362934,-0.0041444761891959985,-0.0012180521112894666,-0.005765874628852146,-0.09626814605858468
19_2,0.0035071324326898645,-0.0004758261553140759,-0.0010564852209477395,0.0032313048632734674,0.002285467784956122,0.005387785584103025,-0.008718403538184575,-0.00392285014849088,0.003179988836243856,-0.11691221030363187,-0.023236133155285908,0.47147886461352334,0.03566047471600341,0.01196944165964718,2.9411728304429372e-05,0.0027641123417449535,-0.0006816722025473499,0.0066737048662687155,0.0070281670321494134,0.005348938254888295,0.025535240920957575,0.0019480074369588709,-0.0018108304087194917,-0.07173405473340097,0.01490557286580649,-0.1867764249242327,-0.02200169005086778,0.07275331941366821,0.005780700531677705,0.029426483783045843,-0.008229720804745651,-0.005103867286029431,-0.03088045400584865,-0.0017269416113568261,0.017099860605371175,0.1459437805316914,0.05473221074045119,-0.0009734182861677787,0.00027883054710979116,0.022310302666409522,-0.00046385705462165456,0.0010363441656267222,-0.0069059899759650635,-0.0007727302251669056,-0.0027830456482226063,0.012551403246459527
19_3,0.003647449682289323,-0.0006204768328034539,-0.0007377807987887395,0.0028896401150512547,-0.001244617373092062,0.11094374407651744,-0.007522386711038152,0.0006335957805942868,0.00043237820919113986,-0.06938534983069705,-0.012514981056592163,0.44266167644732185,-0.3783243126456688,0.011555778505997417,1.4207357301587644e-05,0.0016380392674988876,-0.0009525807622343778,0.007203397735677029,0.006945562544483631,0.0007979534735691934,0.014257632385695346,0.00013616703753242105,0.0005261724274079494,-0.0806870674680998,0.02819924969553385,-0.23423747133408537,-0.025927049726338285,0.06633612004097325,0.0012139580990534536,0.05261379284174379,-0.004127295188195218,-0.006316330417507317,-0.02695454343856782,-0.0030145144807557462,0.014729831809768393,0.021152460864561563,0.05537724050542858,-0.0015185787873267865,-0.0004931942191277125,0.007939621450018843,-0.005306329955436409,0.0009747328265624746,-0.007501152273630615,0.0019318954545617024,0.005383647885389441,0.004589143027412395
19_4,0.005272984294736359,-0.0003724261270493418,-0.0010589577139811213,0.002692112780644465,-0.0016725356075772716,0.004607141997456627,-0.008496119992966728,-0.003652957984736378,0.003180435960543188,-0.11728785657218352,-0.023555645829359345,0.47730366804073293,0.03530865237133361,0.011441293692212475,2.8098957941702363e-05,0.0027851356083311955,-0.0012655045971174742,0.005437673810453381,0.007104769834906809,0.005860967935186993,0.017780214437028558,-0.0012326123268370836,0.0009936144923764286,-0.06577603407866035,0.007297980366848504,-0.19153337622833844,-0.019320715151035412,0.05585935059409463,0.0033371920445543694,0.02917888341168894,-0.008048471499448427,-0.005103867286029431,-0.030784974482955252,-0.000568180864244761,0.01722210332913879,0.14024154346351142,0.05500882968627173,-0.000956135807123922,-0.0029759144840116516,-0.014997079632537495,-4.2646212392985386e-05,0.003926305125621386,-0.006175763449044939,0.0008381913117320109,-0.0010845646836833778,0.0126185180971969
1_1,0.0002280973097284364,3.2450232695804577e-05,-4.038955557338227e-05,-0.003433742377594652,0.06361105928298362,0.005816391712077879,-0.0016359250776362135,0.039782816349767686,0.05337381867778045,-0.03446775428946554,-0.005414697210230677,-6.282231795408678,0.020415727304285224,0.02011216453450052,-0.0004619412737649205,0.0014620710375695255,-0.03145185219543148,0.00298132384146345,0.004656023186517892,0.008121473579274742,0.015925040234246072,-0.0019686660159871196,0.0003605170751730997,-0.026894873647745798,-0.01324231752716166,-0.0972342149948291,-0.005571256918474945,-0.004550639612245185,-0.0020913190870485297,0.08329516173007213,0.08738216382393868,0.061706696395200655,0.021088715819286275,0.0010424403414150132,-0.1539179438161779,0.1404790117989096,-0.5585024627781288,-0.013006376095246562,-0.0009488923344969206,0.008982999258410585,-0.000627749972282612,0.0011539373899576095,-0.018627737867923082,0.02226936831554953,0.0835057013995518,0.014472608621804613
1_2,-0.0007593425329481136,5.7805067420543506e-05,0.0007628918152067919,-0.003182438692098971,0.0018694715835721409,0.02006040856818386,-0.00312326664973505,-0.0002989426831542831,-0.009328180236252115,-0.08247544358265262,-0.028785606916259268,0.4264197001074872,0.03917581010933684,0.0014509498973385069,-0.0005937890014507421,0.005005769266880036,-0.0031240298184285293,-0.00294744275315092,0.006990983308525764,-0.0045954575556937235,0.016291690147072664,-0.002280953269931876,-0.0069404524343799415,-0.05139151863857578,0.006763438208371711,-0.2017277702199362,-0.037169388317612594,-0.11963747565617057,-0.0036864115201386484,-0.02420988814871492,0.019323890062751002,0.016914447113023187,0.016995200245716626,-0.000741136038653414,-0.15151352299746382,0.1974028606562161,-0.6324842168158816,0.0005290056093306461,-0.0016484877116281303,0.005345561619119944,-0.003047503752703108,0.0007025892920217568,-0.0125481889777165,-0.0025228576507244213,0.005068337126300476,0.016529617405855204
1_3,0.000541962991244519,-0.0002354601299582107,-0.00013449131774403685,-0.0017003839214952932,0.0037052105179698628,0.010429312910548065,-0.003089186196238918,0.054766840679764665,0.06807375730766745,-0.06033173545549535,-0.011796487561361221,-3.0712488981429633,0.04496342262096416,0.023426225437753193,-0.00013201034315091443,0.0010737058819226086,0.028935982445431385,-0.00039498919733614666,0.00749340255995233,0.008668748577113241,0.027863614236514227,-0.002408028139814268,0.011824967407485672,-0.028644013098099868,0.007833260231708833,-0.18088133868830636,-0.0017550969991377723,-0.06231909365996568,-0.003187732865035919,-0.01035617281663873,0.08071856227491704,0.08228883818362105,0.02061121451985684,0.0006381665067401963,-0.15281851302385016,0.13556867729840283,-0.6282580055863811,-0.008206638437377376,0.003359564607394335,0.009985832052134028,-0.0003374705671109908,0.001307656690416259,0.010377418699978257,0.09436367843812446,0.08277390115017058,0.01200252742398348
1_4,-6.551161451644373e-05,3.444089010719428e-05,0.00017974378013170886,-0.0006668188722409832,0.0631990461196808,0.00147323164153758,-0.0022961666698382128,0.03938708332736772,0.05117840107646043,-0.04238520663670584,-0.012541537891255389,-5.424505769492159,0.032185512460769825,-0.010795135593497908,0.0007659793448001285,0.0013712465079888836,-0.02982239304942602,0.0016917357858498828,0.004743640558305401,0.014757982480650246,0.019877743862233094,-0.0024351927271469703,-0.004127463923096178,-0.028810763657905407,0.06546272902498218,-0.08884383482519342,-0.006667365286436031,-0.043005622270013096,-0.0019107199145235352,0.06874746938237149,0.09621704252809285,0.06191463898031726,0.015317072545172514,0.001003448375509899,-0.15310198969403613,0.11368944731113385,-0.5543529790587914,0.0036603010697184584,-0.0009079058274562901,0.0037566749823007284,-0.00016904465570061178,0.000492897716338933,-0.017691572362880784,-0.015653604168605152,0.06605266037194651,0.011658309746368898
20_1,0.004074036820917369,-8.564935101575374e-05,-0.000736353690373658,-0.004735159908232886,0.007165901322670969,-0.004556906350167105,-0.009448463057779485,0.0019217602839608524,0.008410094355707163,-0.00973311426603135,0.01650346597686255,0.4057554156813099,0.045475307253185056,-0.010021595935214006,-0.0015517749755626334,0.0020730420372624446,-0.01739079468826467,0.0032492081925365054,0.007566909293976864,0.009879926497671122,-0.017369711465712152,-0.06500745524521884,-0.0013878951510722347,-0.16707933381617818,-0.20166422301924636,-0.0993265628873807,-0.053939317729509675,-0.05434566112672374,-0.004234920787672675,0.030207056990063867,0.028017778665692814,0.01669415126074604,0.02681623255861838,0.00011638700602980094,0.01850679197141284,0.05267957828980927,0.012117794039174071,0.0024547572086681233,-0.0005445154435726768,0.006901042410134576,-0.0014864062873524379,0.0008383155033583588,-0.013180874376636256,-0.0011842377243476395,-0.002204503358246378,0.02385774753403662
20_2,0.00030388720521942725,9.974134421118764e-07,5.6162615991318075e-05,-0.0016402726683913246,-0.0021327388371053,-0.0010793057831358843,-0.009980280316440108,0.00065195450031249,0.002492155067552233,-0.010713838722497593,0.008387513252513627,0.400422833415241,0.04318612452094137,-0.012694635378549859,-0.0023393521994721548,0.004191074393819212,-0.0027900222723444704,0.002533326907845525,-0.012598558882811627,0.011087033497417608,-0.04388998110385446,-0.07501031040222413,-0.0021049781194499035,-0.18338428015284883,-0.19542985365900353,-0.0736223463192639,-0.03744388744193422,-0.10216471924982437,-0.001544452683732442,0.030211857565384186,0.004818753032859849,0.003636999386445308,0.025847241586778938,-0.003640389679527108,0.01786432254974861,0.047011045796531016,0.009140699694843693,-0.011610390193202074,-0.0017199545286830863,0.0049331461495517506,0.0002673216534639965,0.0011157482661256245,-0.015226203156910638,-0.0015427962990986668,0.00526789929519679,0.04201014662426552
20_3,0.001032618262226784,-0.00018678852639908972,6.354230915375076e-05,-0.0016539780455328292,0.002917448928742226,0.0019482274157201157,-0.009387962959178518,0.0012496870827896074,0.011282664078742108,-0.00980019152882154,0.008387513252513626,0.40475422222159213,0.04421741976938829,-0.013834821050197382,-0.0020861498746071543,-0.0020762411341227784,0.0027940950602922798,0.0030336288546511537,-0.014927604084050222,-0.03178708158465669,-0.039947202778300946,-0.004639745644006263,-0.001423675431919825,-0.14996638043710858,0.021409568765883263,-0.07015128526903318,-0.042916739561737735,-0.0978212730145175,-0.0023815904566956442,0.034277495161117555,0.026749850114181933,0.01526928807003765,0.041190224238341094,-0.004697710948233336,0.021140460538504876,0.05983203443952904,0.014996513380050454,-0.012658788986254797,-0.0021964856109377233,0.017385497509358465,-0.0006654394172838461,0.0005312979607535937,-0.013517238234518291,0.0002343160063962539,0.005270162469748062,0.04314449577463421
20_4,0.001032618262226784,-0.00018067051698536732,5.6162615991318075e-05,-0.0017384647281865648,-0.0018229433934310525,-0.00041184620863958185,-0.009664553600430987,0.0009018423756177569,0.006370891722308512,-0.008603201473289381,0.008332534322317722,0.3972952045850145,0.045937832807724864,-0.009036887231700581,-0.0017861829828386025,-0.005550717083506738,-0.0006685209514004408,0.002762987649591404,-0.014866462454369577,-0.02961121055819637,-0.007542977940569641,-0.07576623378825574,-0.0016263753638230821,-0.18083724127494577,-0.19527520962676467,-0.07436442209014918,-0.04418777777901722,-0.09630573104182266,-0.0008669882148025463,0.03423717220518991,0.02679107676783283,0.011504685752244172,0.02063770550260671,-0.003640389679527108,0.018780065384528796,0.051805543598200804,0.009983702226668457,-0.011404900917967788,-0.002189428024486503,0.01682599944024171,-0.0006654394172838461,0.0005312979607535937,-0.01544337900738492,-5.819272975362622e-05,0.005270162469748062,0.00974972772996051
21_1,0.000392231432683151,0.0004902093802664146,-0.00011588322460253232,0.004526259479567726,-0.001630615597840751,0.006810706236641997,-0.007161636891482934,-0.0028885789128851413,-0.012442831171321975,-0.08667944664293457,-0.01390121154774087,0.48119317721142796,0.02759641066799382,0.002182220780644449,-0.00024335811995016693,0.0006331112828865176,-0.0064727131366591,0.0053551823699067025,0.005612739196312531,-0.0016930198085054087,0.013478172978163578,-0.0002464392228830228,-0.002637597843129339,-0.0881947932632292,0.010349471401546538,-0.17727826106983083,-0.01646856052675412,0.05028720511305906,-0.0017582164931551946,0.06662336278902066,-0.02471872298230071,-0.02608458353622947,-0.04050154560452972,-0.001423195052099528,0.02948608722978904,0.05545876126335479,0.05834499019298671,-0.003222939470597809,-0.001932219510185297,-0.014389934545297897,-0.0012434918424842909,-0.009064423837687099,0.00851876370157422,-0.007057602638962295,-0.0017444375169257272,0.02529966644972525
21_2,0.00044632937814033396,0.0002404970767031062,-0.00011588322460253232,0.0047806159855111425,-0.0016086884451918075,0.006451251799334276,-0.00728776722751964,-0.0031482948332025892,-0.012509799607093676,-0.08367820738519217,-0.011991200174354285,0.4815002452208152,0.02717864337696598,0.002182540852622752,-0.0002969776136717041,0.0005244549313449306,-0.00680833166131359,0.0053441066569234145,0.005612739196312531,0.0026264325813348836,0.01202562750035031,-0.003193962787767884,-0.0027169774846871973,-0.0877217774253757,-0.0007919977816827638,-0.17740094725392683,-0.016568020845171654,0.05061996759763506,0.0037632860884376966,0.06678362456773132,-0.024296145552837066,-0.026262966433827025,-0.04020185630320391,-0.0017127728906811918,0.029244560991563518,0.06221988277193186,0.05896220108446967,-0.003229686634836776,-0.0019189641311953697,-0.014312491168392522,-0.0005430233330619607,-0.008291549707328531,0.008464200579997501,-0.007159660420990365,-0.0017446536975969733,0.02597787264240898
21_3,0.0020336344018352963,0.0013381695559262624,0.0007901622772465822,0.005021896782803038,-0.0016085782979310646,0.006198257507374918,-0.006215491145683969,-0.002738511196717672,-0.01332338743369544,-0.07870231125715929,-0.010267071987310146,0.4828310608689886,0.0362457045718034,0.008681110198564435,-0.00033731528221162075,0.0011605511588290557,0.000744965922816631,0.0066752400618635965,0.005537851309009523,-0.0008488299083253163,0.025436915029931402,-0.003967537162712283,-0.0029030509595606054,-0.08447056647140039,0.01641060188300693,-0.166918107780718,-0.008051912644040477,0.054923588197442884,0.004549695917719973,0.07261702449363827,-0.02404510879048919,-0.024162253980329333,-0.03861850749622752,0.00010371669679835077,0.028061479316734344,0.08517396335625556,0.058818135797585366,0.000576755311162853,-0.0015606642626618688,-0.013576018548927869,-0.0008735591114506641,-0.007744383362259987,0.009157604218545227,-0.006546564651347147,-0.0010460739836230682,0.028214290788661167
21_4,0.0008070073133248795,4.244376662172235e-05,0.0006029427394084987,0.003245498057144822,-0.0016087847354773243,0.006674558510275105,-0.006333183252339535,-0.002580882778036974,-0.01145647882671337,-0.07528716966095914,-0.00984369535231897,0.48294914219044244,0.03427602785078392,0.003167519142611958,-0.0002969776136717041,0.001305976917404446,0.000981459532011064,0.004017980142222997,0.006296675041266129,0.0036176278468786826,0.020244953609086933,-0.002855273882097139,-0.0028259088694652388,-0.08404723090751738,0.013698673811602769,-0.171431126754235,-0.011110421081980812,0.05574039312935602,0.00331498157778701,0.06616289902195902,-0.02379268626540424,-0.024551018074782466,-0.038289899269365234,0.001196805171065012,0.02959533829365975,0.07468493919363234,0.05801612808055666,-0.003165918002204798,-0.0015970767982648995,-0.01264913325015871,-0.0004098729727469424,-0.011364654877029569,0.009375230844961353,-0.006322082529906971,-0.0015562208142959398,0.02724250602748126
22_1,-0.00016254481322105547,3.6725442796098004e-06,0.0005760360954265978,0.00476226318456082,-0.0016326635338432308,0.00689669887229132,-0.006343346618178994,-0.0027558274832019387,-0.006230400619358407,-0.08144453110255019,-0.011460155355602908,0.4851365632968119,0.03549743586303093,0.008206828684373463,-0.0002461124949468506,0.0013050303002760785,0.00038781952582019486,0.006649561156275036,0.005603822961857029,0.0035172395038814775,0.02056741839420392,0.0010395551052202697,-0.0027029506427433698,-0.08176922558625553,0.017435682672840506,-0.1716244452585149,-0.009043527539911979,0.07100519454681814,0.005276611398771325,0.07077879315438215,-0.023543822429406905,-0.023909489381903598,-0.036099026828828665,0.0012127567226191556,0.029789784864360614,0.07877437484738957,0.05828833603421997,-0.003122835793216457,0.0001423112175873932,-0.012041843428889563,0.0002031898836083744,-0.007840938640975084,0.009526980607057724,-0.006758007883050691,-0.0008775087381516595,0.027764444823428117
22_2,0.0010169670773282641,0.0004708297966847003,-0.00022759754345122143,0.003226857576124032,-0.0017656629435936285,0.0062193247126973985,-0.002741719768421471,-0.002827211674708153,-0.009727292081723404,-0.0685573078461752,-0.010713861516032616,0.48271680691333035,0.030384119099447028,0.010854807102870961,-0.0013829277866118722,0.0022131466525767926,-1.565911379476908e-06,-0.28623245379274553,0.004855808112618485,0.006544511247057326,0.020053160250708486,-0.0005748068546475704,-0.002592896833653535,-0.10292999465905145,0.014233932835083559,-0.16376489745630712,-0.029129872255603796,0.06909091363666518,0.003980372836209608,0.07025063734284451,-0.024631080880065173,-0.024249924967351115,-0.036820600134157055,0.0035317650629883342,0.019154557356961022,0.08011443085661825,0.046586378659498384,-0.0031103123514300236,-0.0023203684298835547,-0.013856434172388507,-0.0003326842738317604,-0.010619386797151596,0.008959096734529529,-0.0069886486634534875,-0.0018605721456324649,0.026865283887160418
22_3,0.002426824078297405,0.0002947415131853645,-0.0001429387590493831,0.0032142290385764813,-0.0017653236648722658,0.007743025374763376,-0.006513580972505273,-0.0027293961778902752,-0.007633892099814027,-0.0751715052201224,-0.010145281506954132,0.48784631306253856,0.034964006863248756,0.008203590780901918,-0.001715511828719453,0.002231238768831344,0.0007991267505224474,0.006804170274463097,0.006068438832992585,0.0048380282533726756,0.019086584108395276,0.0009839219815625006,-0.0028037384459447014,-0.09262544109230246,0.01546755002276276,-0.18249704906686606,-0.007678240979172347,0.07206535214789923,0.005008578633352202,0.07206902806461692,-0.005542224011790706,-0.023000399394963768,-0.0352012680157723,0.00015933973655042982,0.02967855961389618,0.07965370032629597,0.05847174175905774,-0.003042619813821589,-8.092443991098732e-06,-0.011858800712064457,0.0005126745520642703,-0.007917841728391613,0.011614361435170237,-0.00681215554335549,-0.0008190395225464433,0.03245879761681901
22_4,0.0020750883111033194,0.0002947415131853645,-0.0002575453712565269,0.004758362263432114,-0.0016274904227002672,0.0073232334686062,-0.00633999701386698,-0.0029062732226668836,-0.005284405081522404,-0.0834045976314993,-0.012024327129757319,0.4838305271794958,0.035197533431135554,0.0015608453457527267,-0.0002461124949468506,0.0008128269273184191,0.00039284435189505893,0.002532441343294147,0.005527369162189551,-0.0013627026530084842,0.014940674814858407,0.00047536179601552757,-0.0016007704815595384,-0.08224559031438777,0.017607098820075884,-0.16565664733400137,-0.011082048190753683,0.07059223368630546,0.004279169892419016,0.06762638245297829,-0.02390341130567205,-0.02369534620994477,-0.03851556652668694,0.0032398683747589404,0.029791233390634154,0.061498843029143525,0.05919170364056253,-0.003243174803885707,-0.002372173432445896,-0.00921334196315611,6.50177991653127e-05,-0.008426137083160569,0.00913727048272978,-0.007054795756351769,-0.0015896785685125029,0.027586824573429973
23_1,0.0004381708103156857,0.00015910193557083872,0.0006983097294474802,0.0033912098536772886,-0.0018033168882081894,0.006957367311069747,-0.006218666966007918,0.021080149898292135,-0.011411152606375253,-0.07137147150742351,-0.01231895207522265,0.4834799277250266,0.034462475301571406,0.003786872042050523,-0.0016836796122415537,0.002212206629309911,0.0022194061994527787,0.0023528367546299684,0.00472368862836796,0.004548287860431631,0.02124213599879528,-0.0033637768105335515,-0.002092566814808872,-0.08467431042514427,0.01668903148610441,-0.1579987261082279,-0.012189111472715005,0.06316176683489931,0.0002619549663275785,0.06896386559199294,-0.02371819989411382,-0.02391416672998687,-0.037916021598220835,0.0006383493938799226,0.029685649613381045,0.08304868551164818,0.059240058053493826,-0.0032579090838031734,-0.0015744442045327945,-0.012605858550974718,-0.0009461654661925016,-0.009064423837687099,0.009718124221487337,-0.006893912569902282,-0.001703643947238901,0.03198036717155552
23_2,0.0004498213463026165,0.00034624248623624666,-0.00010831067218849424,0.0049470630601509075,-0.0018030708989569227,0.008062160076337147,-0.006522007283200885,-0.0033872177986610827,-0.011411152606375253,-0.07817596796646172,-0.013566279942832923,0.4827575731357278,0.029413412379321758,0.002117367590336366,-0.0016836796122415537,0.0021941922749827373,0.0022194061994527787,0.0040980790896452315,0.005582576316634122,0.003657883149650306,0.018391909814537578,-0.003351223958987244,-0.0005318277960416782,-0.08315478730414912,0.0167011917985239,-0.17342063914070946,-0.01031984966413355,0.05019562392651336,0.0002619549663275785,0.06615642037888464,-0.02382036317637832,-0.02391416672998687,-0.0379169496548401,0.00041473317956789585,0.029474230381526575,0.07373008230258872,0.058500900035016276,-0.0036871104185598686,-0.0017517448376690547,-0.013329318066542143,-0.0009461654661925016,-0.009064423837687099,0.009712819035262363,-0.007354341659620334,-0.0015556470567312636,0.031439883079239096
23_3,0.00042786965520720245,0.000364721200335739,-0.00010831067218849424,0.005326583000585436,-0.0018030708989569227,0.006928279904167946,-0.006317382175955062,-0.0029538977740600192,-0.012281606457396458,-0.08116309135716471,-0.015199031042025662,0.48078359719439523,0.027731649471428536,0.002323316657837333,-0.0016836796122415537,0.003006496286517483,-0.006656081836025512,0.002173602102990646,0.003403697995858784,0.0032671784662122163,0.01525600207240762,-0.0035078073317013976,0.00019377594804723727,-0.08814852675717784,0.009274688689974414,-0.17352526926032322,-0.01152855344467819,0.050394233381079775,-0.0008130024904657072,0.06452126387276533,-0.02382036317637832,-0.02630168012110713,-0.0402462888310852,0.00023041298815551788,0.029365252569542987,0.056008993186302224,0.058272063251942154,-0.003230780402810206,-0.0018784308034016828,-0.013437842509130781,-0.0002791561308236668,-0.009064423837687099,0.008424156389094177,-0.007053177622399509,-0.0015556470567312636,0.02722730248673079
23_4,0.0008133240340234135,0.0003392326462573678,-0.00010831067218849424,0.00339902891416657,-0.0018033168882081894,0.007937323509541709,-0.006218666966007918,-0.002707420014770147,-0.013596396665615112,-0.07139783601245607,-0.01467949060061199,0.4819515597473703,0.03392344745349408,0.0025620002744210025,-0.0016836796122415537,0.0027784722235996277,0.001862732345054853,0.006029187057974143,0.003403697995858784,0.004006050173431543,0.01675517295434457,-0.003391067059578801,0.00019377594804723727,-0.08367048479762905,0.011179523453926477,-0.17703583150448504,-0.01197177298410071,0.05241101528965552,0.0002619549663275785,0.06589200521131723,-0.02382036317637832,-0.0247664915008082,-0.03922857149903187,0.00023041298815551788,0.029685649613381045,0.057943614973314524,0.05905392400095179,-0.0031199372577336085,-0.0017130830215550056,-0.013171800784383427,-0.0008511754379073849,-0.009064423837687099,0.009224455674692971,-0.007053177622399509,-0.0015556470567312636,0.030870457443113807
24_1,0.006343589903847617,0.0007972609460497377,-0.0008932544991293395,0.005009809858836976,0.00277405233724971,0.004787268765514952,-0.0036740334861598244,-0.002296074961056655,-0.009381791768128561,-0.02534663362905427,-0.004723447697594495,0.4886942766347919,0.034948179425774537,0.0051692955537535595,0.0016706956626241602,-0.005344572899354369,-0.002350294439934704,0.006057276396795224,-0.013283686774632627,-0.010779424784810778,0.0157359550641635,-0.0053137262416452415,0.0009758289970186089,-0.045141136679556076,0.32624025885554275,0.01116139524336061,0.052277936376054504,0.03779120911150854,0.008168148892682432,0.14960011202494986,-0.006245101072070689,-0.0028320294697158524,-0.009853885000153797,0.000448594078260587,0.021908526619550946,0.34973540469512215,0.057775147938576514,0.00032403063482860754,-0.00020961758065981607,-0.017428285269600094,-0.0011347127342748735,-5.620663100790711e-06,-0.006454199585885017,0.004615832062384333,-0.0017226523691605332,0.027149562784651304
24_2,0.006529704491474162,0.0007949000416930095,-0.0009020985860582698,0.005015041366808698,-0.001184174695958797,0.004807058397974588,-0.0036740334861598244,-0.0023012634520672205,-0.009383442754301205,-0.025832605242056658,-0.004723447697594495,0.49236042722165213,0.034946133164398964,0.005151244778647432,0.001664044403696014,-0.005344572899354369,-0.002350294439934704,0.0058901455419321964,-0.013378331614059784,-0.011265000122455534,0.01571381760705581,-0.00533570342756361,0.00010249061459748586,-0.031450526643698615,0.3259405422987781,0.010938300889923713,0.05247455678037112,0.025195188032656607,0.008162686552732053,0.14909095768971656,-0.006245101072070689,-0.002922218883980514,-0.009588651116570621,0.00044501985913338526,0.02190189100725155,0.349363523099062,0.057774038877750226,0.00032403063482860754,-0.00020961758065981607,-0.01737197661996636,-0.0007733825112229506,2.9759669137976498e-05,-0.006454199585885017,0.004611723288165728,-0.00207315368003556,0.027144337152023808
24_3,0.006150116977843538,0.0005361480687823382,1.854320689891254e-05,-0.0037965731253093156,0.002609500371827629,0.005924702811872097,-0.003458563624197771,0.0008278370684758906,-0.006192231107603998,-0.028965942007450684,-0.009388239548047834,0.475687293746728,0.03730848776352377,0.0018980056746261808,-7.616915364743251e-05,0.0020923772863810394,0.0013010448238854305,0.002911047924199994,0.008617630915676326,0.0033599836159853703,0.02077045209303823,-0.00456023826432652,8.810509039465324e-05,-0.028326283645092647,0.29713277869253396,-0.012485126993405132,-0.0013338930613927085,0.016319169822983433,0.014788246285253026,0.14918748458438552,-0.004613450450821316,9.321759685237529e-06,-0.014067987461429204,0.0015259486028201899,0.019962275738174953,0.3028230861423071,0.05868739406612252,0.00034215992828616135,-0.0005393494246753622,0.008543547945410826,-0.0009867375370904946,0.0010486139025202468,-0.006621046790193106,0.0016068378596577775,0.0051793469427981464,0.016440423156128772
24_4,0.006778268686493871,0.0005204823720583936,-0.0009020985860582698,0.005009809858836976,-0.001184174695958797,0.005467706090668476,-0.0036740334861598244,-0.0023387836029920865,-0.009070793978159231,-0.034283740516909064,-0.006253899755341668,0.4846593519476612,0.025991357530325256,-0.12453006644889662,0.0013284070519166001,-0.0053435257183822235,-0.002350294439934704,0.005436296937247631,-0.016077996032861815,-0.012699567628043133,0.01640292064602014,-0.005511456101388506,-9.081303626210749e-05,-0.033236116156964056,0.2799921625833809,0.008343259732802408,0.05020805407447851,0.024433370419382254,0.007524696209299205,0.13933854646526092,-0.006125356714854924,-0.0025511410301670176,-0.009505977389428807,0.000448594078260587,0.02190750290653019,0.34226524227220706,0.05776108016620845,0.00031925978037679326,-0.00021961389091729915,-0.01736727382912588,-0.0009544247247570027,2.9125357819709914e-05,-0.0066472999270073205,-0.00011270303129880546,-0.0017305992439137874,0.026632708879632573
2_1,0.002035492014350178,-0.00010224731039006971,-0.0003741435828984529,0.01841622458979236,0.003086328948922364,-0.0023839635565036754,0.0073547840549292465,-0.002032510384177456,0.0033655001501278806,0.14054704364641393,0.005131482153137834,0.37078825390714243,0.022167998095932746,0.008438054220023892,0.009071411510065427,-0.012428972564607383,-0.0021734976799275513,0.004345727911734038,-0.02966431260555632,-0.02490089992090838,-0.025136307333368697,-0.01155972509739776,0.002110013799625417,0.23718630207597205,-0.36573582437550556,0.14065165188665213,0.0450908644859514,-0.02974647187780736,-0.0019343817933276922,0.010261020546850123,-0.006328733130379373,0.008701630181379098,-0.005260025958959592,-0.0043788314567268834,-0.37811611829323694,-2.6798651536738705,0.04314739299861332,0.0009557241533430013,0.007290494473575834,0.0016775407575486268,-0.000210900310140427,-0.00014443212591168622,-0.01711137516850185,0.0021387162653410782,-0.001775386520075807,0.01191539294810825
2_2,0.013126981755697237,0.00021289909964902613,-0.0002743544565320879,0.01695070444581097,-0.0012881372470834565,0.008763506303125095,-0.0126973129841888,-0.002035126865110721,0.0013463137685178015,0.2367794055090212,0.00651989738467032,0.3958869562732711,0.008236078794690346,-0.0015817451283217862,-0.007114941514882789,0.009029839241870528,-3.3680040133883104e-05,0.001135720771933745,0.017161028819232867,0.04111755452369128,-0.01380997540294722,-0.001981927277172921,-0.012306504601514667,0.2208773819403029,0.02077204203966525,0.15946046669719482,0.057313922118755974,0.030084890810380117,-0.0021247074703926124,0.023329270505857425,1.841575877053667e-05,0.019959695540753174,-0.007173701729364012,-0.0022534723218469704,-0.42676696658706814,-3.0883380861318286,0.035778389522957914,-0.0007978314142525102,-0.0077152901154892515,-0.005146216116711846,1.4988776936885107e-05,0.01695563144750115,-0.016089496116459052,-0.003127226272387851,-0.0017543076763528501,0.01619761991348659
2_3,0.005192436684673463,-0.00010484414704350129,-0.0002508631352815222,0.014701404511081519,-0.0022111511896333014,0.008439453173378278,0.00794455932554728,-0.001911436050364173,0.0008496407930846512,0.16231710592895385,0.004243681651738102,0.3699859310162896,0.0066845009290796365,-0.007196792194598729,-0.005953290492541434,-0.012639160036924687,-0.00035160864624005127,4.19831209513673e-05,-0.02751637896771038,-0.031006845998661894,-0.029781825559023763,-0.011296181397412494,0.0025539259389508627,0.24046055367826275,-0.3661666331840007,0.19191001156291523,0.06219575872322199,-0.039451203723607345,-0.0020895861195808657,-0.16946018558978768,0.0006108092028011216,-0.005480604474764077,-0.005016492245678269,-0.004525389623521397,-0.3993174583322717,-2.6762197766760156,0.05602461653139223,0.002774779767276512,-0.005558698655626157,0.0017499113909884218,-0.00047507980243216845,0.006961877289754521,-0.007227656325764239,0.002482891460242431,-0.0017753009517094353,0.011718633158806223
2_4,0.012786582823850584,-0.0002629702954422727,-0.000269631838453753,0.04108917660168913,-0.002689420854992885,0.0061698814706781305,0.007408180498693121,-0.0018303207951312376,-0.0003231168621614136,0.27204796068273807,0.002174295807144361,0.41410017235230684,0.03059683434521504,0.007819860997335826,0.009109408489512343,0.00832432202722309,0.000930267019648095,-0.0007260184205723965,0.016396002574934225,-0.021531868401795915,-0.02830384949902284,-0.012487584723716047,0.003822200957723028,0.3230506185155928,-0.3319417053094573,0.24785305843869254,0.06278871735869339,-0.06222189910595687,-0.0018842988861244284,-0.1759707934978972,0.00018060466358967725,0.001525255209888427,-0.00836790110150896,-0.005095506996498304,-0.3823451812112663,-1.6960965606328384,0.06755257674731117,0.00037211221237506997,0.0002951846800279092,-0.0034570383041921723,0.0004639559683950197,0.008733711808765107,-0.0047835447832999655,0.0034779767632483046,-0.001769083183292467,0.015117880378476025
3_1,0.0002845425319966623,5.496460724816469e-05,1.677388922858604e-06,-0.0011511558665503524,0.004823666759817409,0.019449437826034744,-0.007219773122198284,-0.001162062876241719,-0.008732000748321263,0.02383528259963046,0.0037708833754649964,0.43899380282291445,0.04805497547643543,-0.001201459245872438,-0.003807878189915823,-0.00404341766088947,-0.00017017414005080552,0.008816349019944568,-0.01393688897486962,0.000637367024268233,0.017540025900510448,-0.005611436178462903,-0.0013730227622149355,-0.07511414199470462,0.023666526014790478,-0.15100100144512205,-0.010917117633473455,-0.05890696240066776,0.001514389684150067,0.07534636160731935,0.009213734412204034,0.02204014659222327,0.026597432658375025,-0.0006810932194054699,0.031025169000586203,0.06929405426493872,0.06840121398269748,0.0017027925928767898,-0.00481248462836502,0.012170092165914751,0.0010932627253667471,0.00041602207334218047,-0.01526771092690997,-0.0001665581610677154,0.004453443262157568,0.018998786598808236
3_2,0.006386665454351633,-0.0023590171821173452,-0.0007898048793821811,0.0009339782831026319,0.007199649958627422,0.003888860743904818,-0.005578592395682618,-0.0021801324852969333,0.0006643481709203113,0.01369567271688459,0.003978853618424834,0.4299475067759801,0.03332671267281998,0.0016088068926444496,-0.0005661985699637823,-0.004340994678135294,-0.0010317487902731085,0.011457484275194416,0.00756097915805056,0.02247808791021004,-0.018056209601484637,-0.07777235094999352,3.316788121332471e-06,-0.08175492384751586,-0.1488348561085314,-0.014296976078523057,-0.03623006374136415,0.0009585095939439125,-0.0022207704404098626,0.04395166367971963,0.008857521463454105,-0.024368313056794672,-0.013716443558816741,-0.0029595799375811108,0.021167259756251076,0.04293856164204375,0.060955592581388364,-0.009567852536381547,-0.0018275163960769596,-0.027914688878961414,-0.00122864033687981,-0.0001998388723348917,-0.006677439020377035,0.0013356294953722739,-0.0019219453031319336,0.019651210530337287
3_3,0.014985659645503463,-8.111113006575868e-05,-0.000683206457964885,-0.0016752409943004251,-0.002986860591079891,0.008286778976639956,-0.006498610791567757,-0.0020604252445024012,0.006647892717798294,-0.01122751055463987,0.01288677546020418,0.41298965997296894,0.029526477942532565,0.0006889728486069467,-0.0007870158807886195,0.0034894324895411986,-0.0021380201851524815,0.01396553213355297,0.009931657180134801,0.014493344734764145,-0.027820867797553463,-0.0865972722471884,-0.0004757407270307325,-0.09085528116648732,-0.10812510349309973,-0.07083115343526503,-0.06599837015249825,-0.022660544603330793,-0.0037243163567189834,-0.35600658757598225,0.006203242194751301,-0.007245267100436685,-0.01907419557082242,0.033261366278364436,0.03905548320851794,0.049487323356364896,0.05876320022813379,0.0028842489352534522,-0.00037360576396224383,-0.010458634938489919,-0.0007930731079449999,0.0007566432424529943,-0.003257949055577361,-0.005650355920503946,-0.001754840938804118,0.05419525235154222
3_4,-0.00610964647027758,1.919428846475613e-05,0.00014562222951049718,-0.0013402306586486246,-0.00010295593996494795,0.002666830793282467,-0.008541013384597751,-0.002426442212264135,-0.008652003433210934,0.006271283090322903,0.0031535518458561656,0.4480205841862288,0.04735919044872689,0.0008562540655358155,7.077757373937367e-05,0.00479373140718093,-0.0032831423373339786,0.009667830993935847,-0.012364918409201304,-0.04111324306208075,0.029391587338762733,-0.005072822137361709,0.015170730629748733,-0.07103527560504706,0.007077273902217051,-0.05681068687650117,-0.0428847126681044,-0.10045574491975047,0.0026240107095357617,0.0321528000963391,0.00031733319388705696,0.020374014872961796,0.022289479472055507,-0.0009012436485799724,0.025125069806657376,0.0721574107188551,0.06628121086690979,0.0017353628729411203,-0.005910355218828189,0.001703180726099363,0.0013308198173851878,0.0008411660040835531,-0.015588200610629113,-0.0012209782475225233,0.005961883398694842,0.014879889701968697
4_1,0.001645997169249107,-0.00028879980257488,-0.001957942240872068,0.0033736478721441304,0.003717004683226828,0.0004861936877912766,-0.006304892985317932,-0.002027376540214733,0.01429531058991074,0.0031174234350188953,0.009385906786749502,0.42765160664308877,0.048268970799114415,-0.0003524577339078119,0.0004111811101005533,0.0014658408693190802,-0.0029952339897110864,0.0060389584573646736,0.007379520903890173,0.028264686120000725,-0.00510162145843503,0.004363992427830388,0.0009641793867282145,-0.03283820180753439,0.02794915683259625,-0.05605405340842505,-0.043748504009237354,0.04748375060572112,0.0019008471596675708,0.047108107883848324,0.005073273934859998,0.02993905033985749,0.09091598459144783,-0.013553464444927303,0.02020628025293103,0.07101715663227508,0.07246252550006924,-0.02018640378939875,0.014676238743247139,0.041662154624205215,-0.00494127511128994,0.0019119006147329818,-0.011961817725795725,0.0004935340864903895,-0.0022999166507974645,0.01278084400885074
4_2,0.006969027393539598,-0.0004159560798769502,-5.3252014127214316e-05,0.0030896971233513775,0.002981259218319284,-8.346855059015242e-06,-0.004557749368069,0.0004411425273500364,0.005885557135035145,-0.0028985229653070246,0.014686058931608553,0.4362158900408914,0.05024389319973982,-0.0006480749484761791,0.0003317092665307739,0.0019814779581569615,-9.313315914611427e-05,0.005978724043186499,0.0073986966625717325,0.020156846575943695,-0.052507617720694996,0.003384054439969395,-0.0003428705242472373,-0.038550336828309884,0.025404604899469944,-0.023500486300386116,-0.04405952708333018,0.025934627248774107,0.0031805373894849874,0.042487982116518316,0.015517698647652392,0.028679086049845037,0.08127444588535994,-0.014846520782233306,0.021152243716020043,0.07013280098059892,0.06974273559678823,-0.02018640378939875,-0.004999422552315995,0.01521219626015081,-0.004489900047478007,0.0018012676688642024,-0.012455263102163681,0.0008346646923984244,-0.0017519755178943253,0.04747372986457705
4_3,0.013330291230879527,-7.570819552781203e-05,-0.0009390364910849404,0.0012892596890232632,0.006958857107454228,-0.012566013961722371,-0.005273985021934469,-0.0016612920292379486,-0.0017633504336853926,0.004172095212344264,0.00873889201627698,0.43785194586324316,0.04996352991217612,0.002456888354635076,-0.0005661985699637823,0.004212087319273344,-0.0011298766059452889,0.004362684401953906,0.007063965896397164,0.014300510813077129,-0.023429452370125645,-0.06216048991466043,-0.0003439102055572699,-0.06780236457538061,-0.18062247350098334,-0.010566290406739827,-0.03614993309659046,0.018393032462275492,0.0009680200595636922,0.04583745380385758,0.012046671143558164,0.023284263858453478,0.027471961376503182,-0.003363853044091864,0.020607778889131838,0.062306089959081136,0.06846891486789075,0.0038373249764075555,-0.002784145149393759,0.015256502929601758,-0.0051284047233507365,0.00043531973528162995,-0.00810673141430904,0.0017402328280068278,-0.0016614230477284531,0.04907902246840619
4_4,0.004409558011745297,-7.880471129086177e-05,-6.0631707289647e-05,-0.002490364698248926,0.010853642521771824,0.0007630665660766467,-0.004622190904355418,-0.0011257087405241095,0.00020531609926887837,0.024791735168448337,0.01249500734261756,0.43073885533969336,0.04821827052003413,0.0022881263928427177,0.0005667145349805267,-0.002337288495502651,0.0027943165099095935,0.0024250659189871343,0.006974675172919323,0.03895790328285207,0.02596453859353275,-0.06460480466751699,-0.00035843438594661357,-0.07649768875651372,-0.1787177529186578,-0.04924947798729363,-0.040309235741356066,0.0472457800921034,0.0024170034158246256,0.049902297408364424,0.01745986107874878,0.032765792980059674,0.01791257570359828,-0.0025748514381764005,0.020935135126503183,0.06788382647876542,0.07180840362624782,0.003500765596965852,-0.005787628966949485,0.040643349816350545,0.0033915163835269535,0.0008437434075966724,-0.013681643403226607,-0.00039319107962479687,0.005198992261884319,0.015484099270571632
5_1,0.0015581010996047681,0.0002495401826125911,-0.00015057985438353747,0.0016631767528418075,-0.016490265733525595,0.00473887370291823,-0.0006477554712518239,-0.04077149809135581,-0.0341252106048263,-0.03424389279907656,-0.005356375143231005,-6.632515952459808,0.016268711204817227,0.008078795053547264,-0.00010303027388943386,0.0016518017322738243,-0.005030058401404542,0.002708821240705993,0.005021245275833992,0.0058853334018755515,0.0026739326674198103,-0.00252132910312472,0.0003827393160727048,-0.034333370434596056,-0.016153657765868155,-0.1001605650572463,-0.009847278066471505,-0.054781750656273664,-0.0005312192772398427,-0.020950901460521115,-0.08605795280630832,-0.02986079544877921,-0.011925351580033527,-0.0009854432310585403,-0.13927800863295614,0.03575148894172702,-0.6056956204434198,0.00011270234500781743,-0.00038652265266874423,-0.004610292711874617,-0.000287857981282858,0.002491098485567439,-0.002309526293076012,-0.03969444105993109,-0.027845414926660053,0.010795313579590541
5_2,0.0012614883804433384,0.0002442456759646194,-1.6144778641526906e-05,0.0018847185777054695,-0.016486617607409167,0.0037109403134203967,-0.0007328994346913055,-0.040762353833688814,-0.03552217585506251,-0.030469440117005676,-0.004675548415549961,-6.624586237971843,0.014970592654559236,-0.0007038878252754599,-0.00041526104350473654,0.0028423611865734835,-0.008160784756054893,-0.0005227109140123862,-0.008644179909004918,0.0033034344388948715,0.005293660444134342,-0.002583661490564052,0.0007420497247468018,-0.03685717890514405,-0.016930288527922412,-0.08660020671849293,-0.01664585426555262,-0.05535363047092069,-0.0006749042169471733,-0.014732125521780458,-0.08213930147368503,-0.0320160177617202,-0.008716336399267364,-0.00149054759661967,-0.13813650944801376,0.03463816173101142,-0.6045290302135874,6.538416452828529e-05,-6.898777042531633e-05,-0.004976829438691794,-0.0013394348961864042,0.0024491832490066896,-0.0027041250779559793,-0.03932433530135545,-0.022117042044813642,0.01060812602068344
5_3,0.00127449789256414,0.00022628704238269345,-0.00038815055698983997,0.0018847185777054695,-0.016469249149495095,0.004232016208131189,-0.005718062024866144,-0.040737948581245464,-0.03636642083798822,-0.030270635014040356,-0.004998280638642984,-6.569150017354085,0.016124253968462513,-0.0006383683438618057,0.00016652601845655265,-0.0029405893850079274,-0.004818196854329215,0.0019282649707660143,0.005337196799964016,0.001987441744340615,0.00539496006136,-0.0025645732730926324,0.0007420497247468018,-0.03475722391635919,-0.01729168749284171,-0.09689719565256863,-0.005702182863113411,-0.05617119705011815,-0.0006988199708700542,-0.014737536743397103,-0.08424533333380452,-0.030803082675247735,-0.008784809108650909,-0.0014807211841512777,-0.13849293785661065,0.03532132651905002,-0.6054025976304066,7.510652190612462e-05,-0.00036716105891022177,-0.004603730744246124,-0.0012197679346471783,0.0020861206579714624,-0.0025384335521324497,0.03776102460643704,-0.022117042044813642,0.011147658586481594
5_4,0.005364769822383558,0.0002498228772502717,-0.00015057985438353747,0.0016631767528418075,-0.0164895156186687,0.004485484251005128,-0.0006472363407685395,-0.04077053654356949,-0.03448454805811342,-0.03322346415093657,-0.005323958950978925,-6.656137782003054,0.01628831691500275,-0.0014053452978002234,-0.0002214254258764561,0.0016518017322738243,-0.004631792825641606,0.0026222201901961615,0.004913739525267219,0.009731158221318547,0.006452337426921967,-0.0024977083452424184,0.0007500558125604436,-0.034287628756177836,-0.01597966056391599,-0.09383612474277594,-0.01866925341869161,-0.050175336192749484,-0.0005436130214131171,-0.014816739316362716,-0.08154097589265752,-0.02894258050146476,-0.01196592397786872,-0.0009854432310585403,-0.13927800863295614,0.03613437970434973,-0.605694870328563,6.731012096830303e-05,-0.00038665363985440225,-0.004906539512225409,-0.000287857981282858,0.002491098485567439,-0.001758906065630255,-0.03967411544771298,-0.02211540138167782,0.01134361074243906
6_1,0.0032405630072853933,-7.730125869647431e-05,0.0002724450132690774,0.002824415150165273,-0.0014547249716426569,-0.001364730021281064,-0.0041428796096548105,-0.002126160663417157,0.007741109275517868,-0.01246509009151761,0.010144487943000994,0.40983954319852106,0.04106667427770041,0.03909242355849015,-0.002319250959050162,0.0028564668310572614,-0.0055664960405039324,-0.30506029454637484,0.00711977023267244,0.019990237567801206,-0.013531617693779856,0.0006662200965933388,-0.0003617249403288001,-0.16908081120794657,0.00010593363428782095,-0.09400784983815667,-0.045061477330465144,-0.1115299229599708,-0.003042865341903486,0.0416855699635687,0.009761961478254746,0.010880370048751867,-0.04206023089242052,-0.002844685433100888,0.014529946005353267,0.07515714530516944,0.04844572175849217,3.840315450746591e-05,-0.0006998246781702055,0.004386074003894353,-0.0020747044805009785,0.0009736999042351336,-0.01471484959483939,0.0005919931521697412,-0.001964083399320685,0.022654819337371603
6_2,0.00321364647728138,-0.00025495784698770517,-0.0001603247669265922,0.0022621843553067454,0.010448857012052256,0.0015637906227177433,0.04911130142931859,0.0023210257874898064,0.014237077545215027,-0.01008378629234949,0.005026803492776008,0.3820159316926547,0.0408811937714815,0.012974383753988544,0.0005144981243355871,-0.006861967376646154,-0.0020394893500100663,0.001998607900644972,-0.05164441575733183,-0.08326415796809566,-0.060801861112678414,-0.004669537024960283,0.004569659382659923,-0.08996135058213608,0.08052113458179935,0.2118412098777004,0.18698421340039778,-0.05698738265305681,-0.0025226448860267425,-0.343478358896156,0.007658533043121961,0.009401202128433213,-0.03598392081595411,-0.014245320398583863,0.03046846249125976,0.07102723720194926,0.054383232717532946,-0.020967491074476995,0.0033296079071882213,0.009948293649493003,-0.0004916815176145339,0.0011814477410637208,-0.026249806052959953,0.038275127337312136,0.005996698329838689,0.043558961910266814
6_3,0.003961458192454391,-1.3306184813110817e-05,-0.0011541814768113766,-0.050489383348367736,0.002305277559661451,-0.00014338453943344006,-0.007010711416387517,0.0009445309027050906,0.007971121483986583,0.2461002730105924,0.007973644544959291,0.44210391221441947,0.032418845306746526,0.009089012619355796,-0.0002463277354810343,0.0023057481978431657,0.001894954365428918,0.0005489034099121731,0.022602230735747485,-0.052830764751860784,0.0198261822288695,-0.002348976093530183,1.2812040718441489e-05,-0.08801456148460692,0.10518745409797105,0.1215806166203944,0.07051148836238962,-0.06809625810915065,-0.007511612829077787,0.02433660514832284,0.014797322468407948,0.006377424172530734,-0.025090905027514515,-0.014633432698640744,0.024510007526514103,0.17769903894907357,0.06269632423270154,0.00016707762007528453,-0.0006882966682752675,-0.012674798305158538,-0.0013892662806585263,-0.0011203287048342477,-0.007362103369951544,0.012060631358969788,0.005283819924013215,0.01405871027199507
6_4,0.0026313347717796514,-0.00023497543792981462,0.00010402350359766169,-0.04665777678082308,0.0064118961530778415,0.0006101429790256248,0.045422807344268866,0.0014774846676267963,0.014032400466077165,0.2043537484466495,0.0056305512441913435,0.44751895684892923,0.049527484581988995,0.00140635404029651,1.702024981641622e-05,0.023462344898063626,0.002972369136132543,-0.00010754869662267302,-0.08180794059061142,-0.08672504943254364,0.0060386058346193405,-0.0022143331573171534,0.011576625964770635,0.1996340164148391,0.014111469131145058,0.3209801176857035,0.09709428366555571,-0.08207094835373008,-0.0021043591896972276,0.020858024605663578,0.013501038656978312,-0.007345146510962627,-0.015900846520033336,-0.01040554222990655,0.03986671669176459,0.10066303064443667,0.06241623967806171,-0.011761774124073142,-0.002937086408388875,0.0076311023990051205,0.005944492727618637,0.011147830008030258,-0.06922258310910717,0.041093442419060454,0.00526801561083768,0.0026325615747583757
7_1,0.003929473877839346,0.002521054755300833,-0.0003841911897246898,0.003005448241200033,0.0025035898040701478,-0.0056874705549505074,0.0001507807075816165,-0.0025075453652806294,0.0045917193348666615,-0.008367448064386223,0.003800288970445851,0.4184352535022163,0.03334258487345337,0.01630336557659812,-0.0007359597356625194,0.002628132099576601,0.001777073640646156,0.00954929671243094,0.0067572063330614465,0.011866895458707736,-0.0022784156528307484,-0.00031461398104702676,-0.0011939720648116944,-0.07458441764398556,0.0035336983437041676,-0.25289661184083534,-0.040692727050558014,-0.1613873519392959,-0.0018410534019877576,0.04380298433564947,-0.010219359771320801,-0.020110803681680472,-0.046129001793966035,1.2225344283243067e-05,0.011825066769117638,0.06289423172491843,0.06289503276323946,-0.008941650311593725,-0.0003150987007057915,-0.007242731077566055,-0.000902049116634382,0.0010411976221795802,-0.006721131905745253,-0.006946980047567838,-0.0018334033117367006,-0.016587864580364493
7_2,0.004620755869472088,-7.591494933019883e-05,0.00011926262282230303,-0.0008531469172335765,0.0010540991350666412,-0.0027875495006972084,-0.006897023258858058,-0.0028352803870756163,-0.009003497674504054,4.6590021406265215e-05,-0.0004528028779089126,0.43908612833312033,0.045732927638583186,0.0024571678454767443,-0.0023974114286097487,0.005276065037944977,0.0005926862288769326,0.0019489012630936966,0.007067600703086976,-0.04287749924392356,0.004469506328060409,-0.004643903597796087,-0.007544943402965189,-0.041718157273415726,0.026037151033763545,-0.0748927867286126,-0.0427320077213135,-0.11520477612193365,-0.002411213993751548,0.059252496473097854,0.020451291939522262,-0.02187750157607838,0.038875150167077675,-0.002141068429389084,0.022414479217279397,0.03388940841357334,0.07528117785986618,0.003075696164556459,-0.004861548558964984,0.006082323106846952,0.0014293929030086629,0.00046702595484660026,-0.026571328383427906,-0.0009644745017414533,0.005377319849575617,0.019527040670291387
7_3,0.0053630805829497285,-6.942204055577732e-05,1.1088424609665705e-05,0.01126151424106491,-0.0076030005897430395,0.0014482934996950503,-0.011317158764815776,0.0015397616825146556,-0.008098920896343764,-0.006496149200848067,0.006493481736929502,0.3949687201253461,0.038583470815426756,-0.0007366971093776427,0.0006475402828850631,-0.006551585581811778,0.00011072362357896328,0.004680016093956728,-0.010629214853795676,-0.03581352963563961,-0.05391583053292248,-0.005702761034891158,0.0006627263507771715,-0.06861497474031322,0.0722460432853707,-0.050641261362357366,-0.051740708304943775,-0.09242603670725677,-0.0023723564510810024,-0.5057649471660266,-0.009927329088113543,-0.020305555783657853,-0.019565530178791177,-0.006142360961931634,0.02778024569959523,0.05536585392239741,0.11758843499501877,0.0011477266505383469,-0.000271120157319681,0.005617975777698918,0.0011033371042727194,7.501908990478688e-05,-0.02744864256440059,0.0037912646389608178,0.005331300989654536,0.0433189291718739
7_4,0.01975065804678731,0.0003681231946125748,-0.0005907647621867422,0.0021564287080048563,-0.001322511097013042,0.004828488191267729,-0.010785729904311859,-0.002350225347279554,-0.009248409742933334,-0.018244819633261463,0.002763608735249344,0.40201502731921546,-0.07731555713924562,-0.08026198950149524,0.005768622970585325,-0.005006649031674046,-0.004237223477815187,-0.0014532670549822135,-0.013800423294041677,-0.061412425455945566,-0.0068665284251381254,-0.0006436762367409861,0.0004328286197798119,-0.11337423210774604,-0.00017793512915472158,-0.06369131909053845,-0.056336050263158556,-0.21496951472018339,-0.0015958526563570367,0.006927394747247183,-0.05026932763624335,-0.00955150402083542,-0.04873670627410082,-0.0017384630865650821,-0.01091735787226888,0.04830799121280932,0.056990420768420605,-0.0007570482745109863,-0.000141981095923088,-0.041530260137421594,-0.0016887028940512844,4.35627779078238e-05,-0.0020355250619480477,-0.010238116347014542,-0.0017352646189931413,0.016725719216873044
8_1,-0.0007857142950111545,3.3915464917462875e-05,-0.0005890623730888348,-0.005560963757408558,0.0008326925188666782,-0.003723285577734876,-0.006001224545537135,-0.0005945783137992827,0.007941291038138386,0.0075781768708425516,0.016870641541609954,0.4187500996893628,0.045917641260023935,0.00910452626828621,-0.0007111097889214024,-0.003267152199948142,-0.002708370970537724,0.003401130220603883,0.007411964580478042,-0.0038378537114544197,-0.006743516081895699,-0.012254029888360767,-0.0012209952885791392,-0.0820974722004961,0.01666415272968994,-0.07802075778855315,-0.04765635596887527,0.022620722320760907,-0.00014277913293457795,0.07454654136624976,-0.003993812278947533,0.02183773085161836,0.038383958147786904,-0.00019100255340628327,0.016986314238323377,0.06374497719208491,0.062385502414241685,0.002091544496596596,-0.005599253074731209,0.012131235485325754,-0.0022116871006755646,0.0009242977668689545,-0.015208068206784286,0.0010650759134136424,0.00519144735052663,0.011806337305027519
8_2,-0.0009470447385951297,-8.850882192624397e-06,-0.0008149208249543598,-0.002049616005504919,0.0007418187429646325,-0.0063634604337427375,-0.007332067486607236,-0.0019750361789010263,0.011039870006136597,-0.0037671228428053445,0.00832038687308303,0.4174392299515678,0.04685319713493338,0.012074581325998918,-0.0008144277294829205,0.001974972446580169,-0.0012049569133789325,0.03172899706572088,0.008048212646513042,0.033660424850629,-0.001936442422740171,0.0022894555206380393,-0.00031516551906704137,-0.09048289955303104,0.022130185230615114,-0.010350297644344022,-0.045011851032137326,-0.018663172832313044,-0.003010041912550095,0.039869401343690505,0.024227417641968674,0.025591049107202883,0.06300021512595877,-0.004518086422792559,0.05489534715878334,0.07796413599170776,0.07994667933459998,0.0014627542504171182,-0.00547367558574877,0.0057299569947339354,-0.0002906120956764549,6.790105240239426e-05,-0.014327075955955889,0.0011407423729981833,0.005323559139555296,0.0531638991675459
8_3,0.00021083992959850377,-0.0001725379570855962,-2.240451858938385e-05,-0.0018842837764917338,0.004844709099297507,0.0004165562565419536,-0.006073249133916465,0.0011604936079597167,0.008759140943777848,-0.007263912992602093,0.013071980475573352,0.41708472100445326,0.046121864751433456,0.009755211884499432,-0.001107139548466021,-0.002011601493828461,0.0021830340140040283,0.005105946114342889,0.007444133465107182,-0.009148077146880136,-0.022978430047649108,-0.009318610037025795,-0.0004033427175486007,-0.11350579503758879,0.020953766207617283,-0.027982296170718467,-0.047963141845858384,-0.0016119056703164662,-0.005634415442484044,0.04163284950548951,0.007055107995864441,0.013243994186901536,0.0691483888896323,-0.0009386999535840826,0.017012412979390903,0.06482943225018906,0.07095741963950963,-0.011657635509007933,-0.005706181794428002,0.029086128721883858,0.0010669609380390506,0.0017267898139576349,-0.01576534555223931,-6.096591248439659e-05,0.005311783083449446,0.045134243005655605
8_4,0.0010355536040234127,-0.00016448410762371244,0.0032256457133645867,-0.002772326828690564,0.004297839950974771,0.0015602867043427325,0.004479196045136867,0.003322806242499358,0.010163465226733425,-0.0005504210886812413,0.007198825437464127,0.41458324177177847,0.049504453598902,-0.011344199900347239,-0.00016637282445310705,-0.002000246618253043,-0.00020425442603978512,0.003427558085922504,-0.014690934760597974,-0.006967608610889299,-0.04147691608806044,-0.004528720248684849,-0.001752329150794563,-0.11855731337987856,0.035556580352468975,-0.018928624441737985,-0.047854831332125335,-0.022901401670285697,-0.00029185595996908766,0.03490331494816671,0.024903363232788397,0.018000198047049,0.06915257501204136,-0.004713343110790365,0.01991081862283849,0.0637095042147131,0.07745717359629048,-0.008938034325568313,0.023120329876145082,0.017425343709596752,-0.0006856576865131739,0.0005369008784409002,-0.013499826067610268,0.019610573231542187,0.00530764302898298,0.05057501735810542
9_1,-0.0006033623499025963,7.290471124497278e-05,-0.0014174429118434383,0.00357523988883095,0.003049800158020808,0.004266331831698769,-0.0029166295544592854,-0.0002774398065576092,0.015981520567870142,0.006283921299787597,0.024095168048928726,0.441887752274609,0.04660989663888509,0.0026334786229865134,-0.00040916025452330694,0.001097424058750381,0.002991743697700713,0.009865681617325959,0.007382239390544986,0.051346099608042046,0.03366738886769742,0.009125151087202356,0.00047219312533017515,-0.03149048597321192,0.029290517603068326,-0.030321850480095856,-0.032420681605113105,0.046987393828269594,0.019446635032071842,0.12701262214345813,0.00888171359593533,0.014501056848393519,0.06496448380926487,0.009616949669127111,0.021173894929784276,0.3515497570570787,0.07759103575428798,0.0025730838475126697,-0.004148440639003647,0.022082493328569392,-0.00136803541490712,0.0009303787344921866,-0.012645476832211563,-4.1892781870696955e-05,-0.0020769446541190283,0.025848682200221414
9_2,-0.003540582859688591,-0.0001274522140105923,-6.836864034295972e-05,-0.003958118876756443,0.005392138350661516,-0.0010533123572547915,-0.0056575059475881566,-0.0006162748538190094,0.007484184537038337,0.014773499528022805,0.025871007119462327,0.42191183134818366,0.048783704457552986,0.00026738451810670507,-8.717513676199462e-05,0.0013737885122253207,0.0017698514553156465,0.006158272098392266,0.007540873417985457,0.032616431123898955,-0.0028722779049807803,0.0039757055410351285,8.511279753285056e-05,-0.041493226616144144,0.02568282344091181,-0.07091613893738638,-0.045653507700935674,0.04004763460590843,-7.975663247994288e-05,0.05655022781322733,-0.002092905974022142,0.024703641887249116,0.060055961270416396,0.010076710997734188,0.020287678360201743,0.06423996666169068,0.07634615882738262,0.003930940680362735,-0.004598683375225558,0.00564119097409191,-0.00038641105779189044,0.0011048387949466126,-0.01383519280448588,0.0003865046192297446,0.005866513736195893,0.02752733545514751
9_3,0.009391828437847425,-4.622279217821997e-05,-0.0038803679107402367,0.0028446724180043502,0.0023918019343512056,-0.007899726048580996,-0.006762766634207703,-0.008047176423147414,0.00804034420465906,0.008296981896656095,0.0288579842149361,0.4262708830929529,0.04689875910896464,0.00973516364629332,0.0003320999956337319,-0.0025056124613503004,-0.002095531620623369,0.009989288967825884,-0.01378939702103514,-0.06170805605551979,0.005962638492410021,0.0022115182895963027,0.004553050504322896,-0.08704419159928281,0.013964293890847062,-0.08425874745542156,-0.04865892192855259,0.030955703797715756,-0.017552096692822962,0.0419694625762026,0.0019305730944208523,0.011170615120893576,0.04729661511804689,0.00036267672898820496,0.012948982601367651,0.13962266792168185,0.06639861756188216,0.0027478442251466654,-0.003987644717387219,-0.04317058744461102,-0.006570687165637951,0.0011313950381753252,-0.008494741486816781,-0.003721184032701076,-0.0020711779796655154,0.01709379728211207
9_4,0.0010824735679215618,-3.791983893006184e-05,-0.0042933225250392,0.0009179024872372207,0.0021781693426565518,-0.005791888905529719,-0.0030391891831401505,0.002401002608708232,0.010184773601173194,0.003820636214929568,0.028857984214936107,0.4237404438059723,0.044357069434867565,0.001011967140122737,-0.0006676928598589112,0.008239708966711843,-0.001442177232311023,0.00979488628598603,-0.012914341229353957,0.004511358251633492,0.0005520592655949971,0.00132357916342999,0.004668927163948267,-0.049412088688079114,0.008744167696554792,-0.0413467067182332,-0.033940956789979944,0.03681526091072346,-0.01793581609501908,0.03439611069154122,0.009359885375770973,0.012601536228582556,0.04748197444944798,-0.0001131066636798899,0.02091728403447152,0.23059306813655173,0.06735669668752148,0.002610570981603102,-0.0043896858453962365,0.00557766634811869,-0.005740275166022357,0.0007831692256075728,-0.012606141314122112,-0.004098063509950673,0.005175058057181384,0.02089253141389078
