"","DIM","funcId","ID","runtime","run","f(x)","instance"
"1",5,1,"conf_166",250,1,0.0152707167,1
"2",5,1,"conf_166",500,1,9.3702e-06,1
"3",5,1,"conf_166",1500,1,8e-10,1
"4",5,1,"conf_166",2500,1,8e-10,1
"5",5,1,"conf_166",5000,1,8e-10,1
"6",5,1,"conf_166",7500,1,8e-10,1
"7",5,1,"conf_166",250,2,0.0043640124,1
"8",5,1,"conf_166",500,2,2.5401e-06,1
"9",5,1,"conf_166",1500,2,3e-10,1
"10",5,1,"conf_166",2500,2,3e-10,1
"11",5,1,"conf_166",5000,2,3e-10,1
"12",5,1,"conf_166",7500,2,3e-10,1
"13",5,1,"conf_166",250,3,0.0126849926,1
"14",5,1,"conf_166",500,3,1.4513e-06,1
"15",5,1,"conf_166",1500,3,5e-10,1
"16",5,1,"conf_166",2500,3,5e-10,1
"17",5,1,"conf_166",5000,3,5e-10,1
"18",5,1,"conf_166",7500,3,5e-10,1
"19",5,1,"conf_166",250,4,0.0167563085,1
"20",5,1,"conf_166",500,4,5.75296e-05,1
"21",5,1,"conf_166",1500,4,1e-09,1
"22",5,1,"conf_166",2500,4,1e-09,1
"23",5,1,"conf_166",5000,4,1e-09,1
"24",5,1,"conf_166",7500,4,1e-09,1
"25",5,1,"conf_166",250,5,0.0092486965,1
"26",5,1,"conf_166",500,5,6.3182e-06,1
"27",5,1,"conf_166",1500,5,5e-10,1
"28",5,1,"conf_166",2500,5,5e-10,1
"29",5,1,"conf_166",5000,5,5e-10,1
"30",5,1,"conf_166",7500,5,5e-10,1
"31",5,1,"conf_166",250,6,0.0071724999,1
"32",5,1,"conf_166",500,6,4.7957e-06,1
"33",5,1,"conf_166",1500,6,9e-10,1
"34",5,1,"conf_166",2500,6,9e-10,1
"35",5,1,"conf_166",5000,6,9e-10,1
"36",5,1,"conf_166",7500,6,9e-10,1
"37",5,1,"conf_166",250,7,0.0052839341,1
"38",5,1,"conf_166",500,7,3.473e-07,1
"39",5,1,"conf_166",1500,7,5e-10,1
"40",5,1,"conf_166",2500,7,5e-10,1
"41",5,1,"conf_166",5000,7,5e-10,1
"42",5,1,"conf_166",7500,7,5e-10,1
"43",5,1,"conf_166",250,8,0.0142992214,1
"44",5,1,"conf_166",500,8,1.21845e-05,1
"45",5,1,"conf_166",1500,8,2e-10,1
"46",5,1,"conf_166",2500,8,2e-10,1
"47",5,1,"conf_166",5000,8,2e-10,1
"48",5,1,"conf_166",7500,8,2e-10,1
"49",5,1,"conf_166",250,9,0.0031725188,1
"50",5,1,"conf_166",500,9,4.8487e-06,1
"51",5,1,"conf_166",1500,9,6e-10,1
"52",5,1,"conf_166",2500,9,6e-10,1
"53",5,1,"conf_166",5000,9,6e-10,1
"54",5,1,"conf_166",7500,9,6e-10,1
"55",5,1,"conf_166",250,10,0.0053272831,1
"56",5,1,"conf_166",500,10,1.31551e-05,1
"57",5,1,"conf_166",1500,10,7e-10,1
"58",5,1,"conf_166",2500,10,7e-10,1
"59",5,1,"conf_166",5000,10,7e-10,1
"60",5,1,"conf_166",7500,10,7e-10,1
"61",5,1,"conf_166",250,11,0.0103451297,2
"62",5,1,"conf_166",500,11,7.4913e-06,2
"63",5,1,"conf_166",1500,11,2e-10,2
"64",5,1,"conf_166",2500,11,2e-10,2
"65",5,1,"conf_166",5000,11,2e-10,2
"66",5,1,"conf_166",7500,11,2e-10,2
"67",5,1,"conf_166",250,12,0.0165527751,2
"68",5,1,"conf_166",500,12,3.4307e-05,2
"69",5,1,"conf_166",1500,12,1e-09,2
"70",5,1,"conf_166",2500,12,1e-09,2
"71",5,1,"conf_166",5000,12,1e-09,2
"72",5,1,"conf_166",7500,12,1e-09,2
"73",5,1,"conf_166",250,13,0.053909009,2
"74",5,1,"conf_166",500,13,9.8606e-06,2
"75",5,1,"conf_166",1500,13,4e-10,2
"76",5,1,"conf_166",2500,13,4e-10,2
"77",5,1,"conf_166",5000,13,4e-10,2
"78",5,1,"conf_166",7500,13,4e-10,2
"79",5,1,"conf_166",250,14,0.013340452,2
"80",5,1,"conf_166",500,14,3.4446e-06,2
"81",5,1,"conf_166",1500,14,9e-10,2
"82",5,1,"conf_166",2500,14,9e-10,2
"83",5,1,"conf_166",5000,14,9e-10,2
"84",5,1,"conf_166",7500,14,9e-10,2
"85",5,1,"conf_166",250,15,0.0215228675,2
"86",5,1,"conf_166",500,15,1.60979e-05,2
"87",5,1,"conf_166",1500,15,3e-10,2
"88",5,1,"conf_166",2500,15,3e-10,2
"89",5,1,"conf_166",5000,15,3e-10,2
"90",5,1,"conf_166",7500,15,3e-10,2
"91",5,1,"conf_166",250,16,0.0303304616,2
"92",5,1,"conf_166",500,16,3.34039e-05,2
"93",5,1,"conf_166",1500,16,8e-10,2
"94",5,1,"conf_166",2500,16,8e-10,2
"95",5,1,"conf_166",5000,16,8e-10,2
"96",5,1,"conf_166",7500,16,8e-10,2
"97",5,1,"conf_166",250,17,0.0174382985,2
"98",5,1,"conf_166",500,17,2.0818e-06,2
"99",5,1,"conf_166",1500,17,4e-10,2
"100",5,1,"conf_166",2500,17,4e-10,2
"101",5,1,"conf_166",5000,17,4e-10,2
"102",5,1,"conf_166",7500,17,4e-10,2
"103",5,1,"conf_166",250,18,0.0254699317,2
"104",5,1,"conf_166",500,18,3.50636e-05,2
"105",5,1,"conf_166",1500,18,6e-10,2
"106",5,1,"conf_166",2500,18,6e-10,2
"107",5,1,"conf_166",5000,18,6e-10,2
"108",5,1,"conf_166",7500,18,6e-10,2
"109",5,1,"conf_166",250,19,0.0168029539,2
"110",5,1,"conf_166",500,19,8.3054e-06,2
"111",5,1,"conf_166",1500,19,8e-10,2
"112",5,1,"conf_166",2500,19,8e-10,2
"113",5,1,"conf_166",5000,19,8e-10,2
"114",5,1,"conf_166",7500,19,8e-10,2
"115",5,1,"conf_166",250,20,0.0216808296,2
"116",5,1,"conf_166",500,20,1.08501e-05,2
"117",5,1,"conf_166",1500,20,9e-10,2
"118",5,1,"conf_166",2500,20,9e-10,2
"119",5,1,"conf_166",5000,20,9e-10,2
"120",5,1,"conf_166",7500,20,9e-10,2
"121",5,1,"conf_166",250,21,0.0046765738,3
"122",5,1,"conf_166",500,21,1.8691e-06,3
"123",5,1,"conf_166",1500,21,6e-10,3
"124",5,1,"conf_166",2500,21,6e-10,3
"125",5,1,"conf_166",5000,21,6e-10,3
"126",5,1,"conf_166",7500,21,6e-10,3
"127",5,1,"conf_166",250,22,0.0689127093,3
"128",5,1,"conf_166",500,22,0.0001111574,3
"129",5,1,"conf_166",1500,22,8e-10,3
"130",5,1,"conf_166",2500,22,8e-10,3
"131",5,1,"conf_166",5000,22,8e-10,3
"132",5,1,"conf_166",7500,22,8e-10,3
"133",5,1,"conf_166",250,23,0.0016104534,3
"134",5,1,"conf_166",500,23,2.9906e-06,3
"135",5,1,"conf_166",1500,23,4e-10,3
"136",5,1,"conf_166",2500,23,4e-10,3
"137",5,1,"conf_166",5000,23,4e-10,3
"138",5,1,"conf_166",7500,23,4e-10,3
"139",5,1,"conf_166",250,24,0.0215205574,3
"140",5,1,"conf_166",500,24,4.84634e-05,3
"141",5,1,"conf_166",1500,24,5e-10,3
"142",5,1,"conf_166",2500,24,5e-10,3
"143",5,1,"conf_166",5000,24,5e-10,3
"144",5,1,"conf_166",7500,24,5e-10,3
"145",5,1,"conf_166",250,25,0.0047453598,3
"146",5,1,"conf_166",500,25,1.01648e-05,3
"147",5,1,"conf_166",1500,25,6e-10,3
"148",5,1,"conf_166",2500,25,6e-10,3
"149",5,1,"conf_166",5000,25,6e-10,3
"150",5,1,"conf_166",7500,25,6e-10,3
"151",5,1,"conf_166",250,26,0.0111290449,3
"152",5,1,"conf_166",500,26,4.4869e-06,3
"153",5,1,"conf_166",1500,26,2e-10,3
"154",5,1,"conf_166",2500,26,2e-10,3
"155",5,1,"conf_166",5000,26,2e-10,3
"156",5,1,"conf_166",7500,26,2e-10,3
"157",5,1,"conf_166",250,27,0.0111835688,3
"158",5,1,"conf_166",500,27,3.8461e-06,3
"159",5,1,"conf_166",1500,27,5e-10,3
"160",5,1,"conf_166",2500,27,5e-10,3
"161",5,1,"conf_166",5000,27,5e-10,3
"162",5,1,"conf_166",7500,27,5e-10,3
"163",5,1,"conf_166",250,28,0.009870494,3
"164",5,1,"conf_166",500,28,1.0788e-06,3
"165",5,1,"conf_166",1500,28,4e-10,3
"166",5,1,"conf_166",2500,28,4e-10,3
"167",5,1,"conf_166",5000,28,4e-10,3
"168",5,1,"conf_166",7500,28,4e-10,3
"169",5,1,"conf_166",250,29,0.0182352988,3
"170",5,1,"conf_166",500,29,2.23699e-05,3
"171",5,1,"conf_166",1500,29,8e-10,3
"172",5,1,"conf_166",2500,29,8e-10,3
"173",5,1,"conf_166",5000,29,8e-10,3
"174",5,1,"conf_166",7500,29,8e-10,3
"175",5,1,"conf_166",250,30,0.0108594794,3
"176",5,1,"conf_166",500,30,5.4535e-06,3
"177",5,1,"conf_166",1500,30,8e-10,3
"178",5,1,"conf_166",2500,30,8e-10,3
"179",5,1,"conf_166",5000,30,8e-10,3
"180",5,1,"conf_166",7500,30,8e-10,3
"181",5,1,"conf_166",250,31,0.0046461366,5
"182",5,1,"conf_166",500,31,1.04996e-05,5
"183",5,1,"conf_166",1500,31,4e-10,5
"184",5,1,"conf_166",2500,31,4e-10,5
"185",5,1,"conf_166",5000,31,4e-10,5
"186",5,1,"conf_166",7500,31,4e-10,5
"187",5,1,"conf_166",250,32,0.0038438446,5
"188",5,1,"conf_166",500,32,4.6864e-06,5
"189",5,1,"conf_166",1500,32,1e-09,5
"190",5,1,"conf_166",2500,32,1e-09,5
"191",5,1,"conf_166",5000,32,1e-09,5
"192",5,1,"conf_166",7500,32,1e-09,5
"193",5,1,"conf_166",250,33,0.004493912,5
"194",5,1,"conf_166",500,33,3.3821e-06,5
"195",5,1,"conf_166",1500,33,7e-10,5
"196",5,1,"conf_166",2500,33,7e-10,5
"197",5,1,"conf_166",5000,33,7e-10,5
"198",5,1,"conf_166",7500,33,7e-10,5
"199",5,1,"conf_166",250,34,0.0512336624,5
"200",5,1,"conf_166",500,34,7.71264e-05,5
"201",5,1,"conf_166",1500,34,1e-09,5
"202",5,1,"conf_166",2500,34,1e-09,5
"203",5,1,"conf_166",5000,34,1e-09,5
"204",5,1,"conf_166",7500,34,1e-09,5
"205",5,1,"conf_166",250,35,0.0073226446,5
"206",5,1,"conf_166",500,35,3.67865e-05,5
"207",5,1,"conf_166",1500,35,8e-10,5
"208",5,1,"conf_166",2500,35,8e-10,5
"209",5,1,"conf_166",5000,35,8e-10,5
"210",5,1,"conf_166",7500,35,8e-10,5
"211",5,1,"conf_166",250,36,0.0370951945,5
"212",5,1,"conf_166",500,36,9.5704e-06,5
"213",5,1,"conf_166",1500,36,3e-10,5
"214",5,1,"conf_166",2500,36,3e-10,5
"215",5,1,"conf_166",5000,36,3e-10,5
"216",5,1,"conf_166",7500,36,3e-10,5
"217",5,1,"conf_166",250,37,0.0087627012,5
"218",5,1,"conf_166",500,37,2.25679e-05,5
"219",5,1,"conf_166",1500,37,5e-10,5
"220",5,1,"conf_166",2500,37,5e-10,5
"221",5,1,"conf_166",5000,37,5e-10,5
"222",5,1,"conf_166",7500,37,5e-10,5
"223",5,1,"conf_166",250,38,0.0051988444,5
"224",5,1,"conf_166",500,38,1.09936e-05,5
"225",5,1,"conf_166",1500,38,7e-10,5
"226",5,1,"conf_166",2500,38,7e-10,5
"227",5,1,"conf_166",5000,38,7e-10,5
"228",5,1,"conf_166",7500,38,7e-10,5
"229",5,1,"conf_166",250,39,0.0144631258,5
"230",5,1,"conf_166",500,39,4.8464e-06,5
"231",5,1,"conf_166",1500,39,6e-10,5
"232",5,1,"conf_166",2500,39,6e-10,5
"233",5,1,"conf_166",5000,39,6e-10,5
"234",5,1,"conf_166",7500,39,6e-10,5
"235",5,1,"conf_166",250,40,0.0126056362,5
"236",5,1,"conf_166",500,40,4.9513e-06,5
"237",5,1,"conf_166",1500,40,8e-10,5
"238",5,1,"conf_166",2500,40,8e-10,5
"239",5,1,"conf_166",5000,40,8e-10,5
"240",5,1,"conf_166",7500,40,8e-10,5
"241",5,1,"conf_166",250,41,0.0019151393,4
"242",5,1,"conf_166",500,41,4.5827e-06,4
"243",5,1,"conf_166",1500,41,4e-10,4
"244",5,1,"conf_166",2500,41,4e-10,4
"245",5,1,"conf_166",5000,41,4e-10,4
"246",5,1,"conf_166",7500,41,4e-10,4
"247",5,1,"conf_166",250,42,0.0160317025,4
"248",5,1,"conf_166",500,42,7.148e-06,4
"249",5,1,"conf_166",1500,42,1e-09,4
"250",5,1,"conf_166",2500,42,1e-09,4
"251",5,1,"conf_166",5000,42,1e-09,4
"252",5,1,"conf_166",7500,42,1e-09,4
"253",5,1,"conf_166",250,43,0.0049470047,4
"254",5,1,"conf_166",500,43,3.04768e-05,4
"255",5,1,"conf_166",1500,43,9e-10,4
"256",5,1,"conf_166",2500,43,9e-10,4
"257",5,1,"conf_166",5000,43,9e-10,4
"258",5,1,"conf_166",7500,43,9e-10,4
"259",5,1,"conf_166",250,44,0.01761991,4
"260",5,1,"conf_166",500,44,5.2755e-06,4
"261",5,1,"conf_166",1500,44,9e-10,4
"262",5,1,"conf_166",2500,44,9e-10,4
"263",5,1,"conf_166",5000,44,9e-10,4
"264",5,1,"conf_166",7500,44,9e-10,4
"265",5,1,"conf_166",250,45,0.0227136133,4
"266",5,1,"conf_166",500,45,0.000153036,4
"267",5,1,"conf_166",1500,45,9e-10,4
"268",5,1,"conf_166",2500,45,9e-10,4
"269",5,1,"conf_166",5000,45,9e-10,4
"270",5,1,"conf_166",7500,45,9e-10,4
"271",5,1,"conf_166",250,46,0.0042721068,4
"272",5,1,"conf_166",500,46,2.9638e-06,4
"273",5,1,"conf_166",1500,46,7e-10,4
"274",5,1,"conf_166",2500,46,7e-10,4
"275",5,1,"conf_166",5000,46,7e-10,4
"276",5,1,"conf_166",7500,46,7e-10,4
"277",5,1,"conf_166",250,47,0.0099931981,4
"278",5,1,"conf_166",500,47,4.5312e-06,4
"279",5,1,"conf_166",1500,47,2e-10,4
"280",5,1,"conf_166",2500,47,2e-10,4
"281",5,1,"conf_166",5000,47,2e-10,4
"282",5,1,"conf_166",7500,47,2e-10,4
"283",5,1,"conf_166",250,48,0.0093628432,4
"284",5,1,"conf_166",500,48,1.95652e-05,4
"285",5,1,"conf_166",1500,48,8e-10,4
"286",5,1,"conf_166",2500,48,8e-10,4
"287",5,1,"conf_166",5000,48,8e-10,4
"288",5,1,"conf_166",7500,48,8e-10,4
"289",5,1,"conf_166",250,49,0.022616246,4
"290",5,1,"conf_166",500,49,1.07717e-05,4
"291",5,1,"conf_166",1500,49,9e-10,4
"292",5,1,"conf_166",2500,49,9e-10,4
"293",5,1,"conf_166",5000,49,9e-10,4
"294",5,1,"conf_166",7500,49,9e-10,4
"295",5,1,"conf_166",250,50,0.0072964239,4
"296",5,1,"conf_166",500,50,3.9361e-06,4
"297",5,1,"conf_166",1500,50,9e-10,4
"298",5,1,"conf_166",2500,50,9e-10,4
"299",5,1,"conf_166",5000,50,9e-10,4
"300",5,1,"conf_166",7500,50,9e-10,4
"301",5,10,"conf_166",250,1,4265.0345119113,1
"302",5,10,"conf_166",500,1,496.2999640901,1
"303",5,10,"conf_166",1500,1,3.1951114286,1
"304",5,10,"conf_166",2500,1,7e-10,1
"305",5,10,"conf_166",5000,1,7e-10,1
"306",5,10,"conf_166",7500,1,7e-10,1
"307",5,10,"conf_166",250,2,31907.0523167646,1
"308",5,10,"conf_166",500,2,2442.7496298031,1
"309",5,10,"conf_166",1500,2,3.5847662932,1
"310",5,10,"conf_166",2500,2,5e-10,1
"311",5,10,"conf_166",5000,2,5e-10,1
"312",5,10,"conf_166",7500,2,5e-10,1
"313",5,10,"conf_166",250,3,8791.0673998429,1
"314",5,10,"conf_166",500,3,1681.8519339596,1
"315",5,10,"conf_166",1500,3,9.3101106441,1
"316",5,10,"conf_166",2500,3,6e-10,1
"317",5,10,"conf_166",5000,3,6e-10,1
"318",5,10,"conf_166",7500,3,6e-10,1
"319",5,10,"conf_166",250,4,8488.4843670951,1
"320",5,10,"conf_166",500,4,757.4958401122,1
"321",5,10,"conf_166",1500,4,0.9089428456,1
"322",5,10,"conf_166",2500,4,8e-10,1
"323",5,10,"conf_166",5000,4,8e-10,1
"324",5,10,"conf_166",7500,4,8e-10,1
"325",5,10,"conf_166",250,5,17173.6224440737,1
"326",5,10,"conf_166",500,5,1050.1354523864,1
"327",5,10,"conf_166",1500,5,2.1692192337,1
"328",5,10,"conf_166",2500,5,9e-10,1
"329",5,10,"conf_166",5000,5,9e-10,1
"330",5,10,"conf_166",7500,5,9e-10,1
"331",5,10,"conf_166",250,6,28481.1599646108,1
"332",5,10,"conf_166",500,6,6360.7674515125,1
"333",5,10,"conf_166",1500,6,8.0363111557,1
"334",5,10,"conf_166",2500,6,5e-10,1
"335",5,10,"conf_166",5000,6,5e-10,1
"336",5,10,"conf_166",7500,6,5e-10,1
"337",5,10,"conf_166",250,7,585.2493274723,1
"338",5,10,"conf_166",500,7,563.6446573241,1
"339",5,10,"conf_166",1500,7,0.4951203791,1
"340",5,10,"conf_166",2500,7,1e-09,1
"341",5,10,"conf_166",5000,7,1e-09,1
"342",5,10,"conf_166",7500,7,1e-09,1
"343",5,10,"conf_166",250,8,5018.9494349004,1
"344",5,10,"conf_166",500,8,1272.3867193673,1
"345",5,10,"conf_166",1500,8,0.8195006011,1
"346",5,10,"conf_166",2500,8,9e-10,1
"347",5,10,"conf_166",5000,8,9e-10,1
"348",5,10,"conf_166",7500,8,9e-10,1
"349",5,10,"conf_166",250,9,40801.078676036,1
"350",5,10,"conf_166",500,9,12401.4358459705,1
"351",5,10,"conf_166",1500,9,0.208866324,1
"352",5,10,"conf_166",2500,9,6e-10,1
"353",5,10,"conf_166",5000,9,6e-10,1
"354",5,10,"conf_166",7500,9,6e-10,1
"355",5,10,"conf_166",250,10,29670.978166024,1
"356",5,10,"conf_166",500,10,24.9530442728,1
"357",5,10,"conf_166",1500,10,0.1178894105,1
"358",5,10,"conf_166",2500,10,8e-10,1
"359",5,10,"conf_166",5000,10,8e-10,1
"360",5,10,"conf_166",7500,10,8e-10,1
"361",5,10,"conf_166",250,11,877.6066662259,2
"362",5,10,"conf_166",500,11,6.3425949137,2
"363",5,10,"conf_166",1500,11,0.0017091192,2
"364",5,10,"conf_166",2500,11,8e-10,2
"365",5,10,"conf_166",5000,11,8e-10,2
"366",5,10,"conf_166",7500,11,8e-10,2
"367",5,10,"conf_166",250,12,18486.0194355875,2
"368",5,10,"conf_166",500,12,163.2708241329,2
"369",5,10,"conf_166",1500,12,0.0289291286,2
"370",5,10,"conf_166",2500,12,3e-10,2
"371",5,10,"conf_166",5000,12,3e-10,2
"372",5,10,"conf_166",7500,12,3e-10,2
"373",5,10,"conf_166",250,13,6816.0664093163,2
"374",5,10,"conf_166",500,13,368.846036147,2
"375",5,10,"conf_166",1500,13,22.9554020117,2
"376",5,10,"conf_166",2500,13,1.2e-09,2
"377",5,10,"conf_166",5000,13,4e-10,2
"378",5,10,"conf_166",7500,13,4e-10,2
"379",5,10,"conf_166",250,14,9385.2533226602,2
"380",5,10,"conf_166",500,14,432.8438862423,2
"381",5,10,"conf_166",1500,14,2.3602391771,2
"382",5,10,"conf_166",2500,14,1e-09,2
"383",5,10,"conf_166",5000,14,8e-10,2
"384",5,10,"conf_166",7500,14,8e-10,2
"385",5,10,"conf_166",250,15,3473.3939468573,2
"386",5,10,"conf_166",500,15,906.8369415758,2
"387",5,10,"conf_166",1500,15,1.9848492805,2
"388",5,10,"conf_166",2500,15,5e-10,2
"389",5,10,"conf_166",5000,15,5e-10,2
"390",5,10,"conf_166",7500,15,5e-10,2
"391",5,10,"conf_166",250,16,3087.2857734609,2
"392",5,10,"conf_166",500,16,256.3780717915,2
"393",5,10,"conf_166",1500,16,3.3364126121,2
"394",5,10,"conf_166",2500,16,9e-10,2
"395",5,10,"conf_166",5000,16,9e-10,2
"396",5,10,"conf_166",7500,16,9e-10,2
"397",5,10,"conf_166",250,17,486.9164750669,2
"398",5,10,"conf_166",500,17,16.5164076294,2
"399",5,10,"conf_166",1500,17,0.1218476599,2
"400",5,10,"conf_166",2500,17,4e-10,2
"401",5,10,"conf_166",5000,17,4e-10,2
"402",5,10,"conf_166",7500,17,4e-10,2
"403",5,10,"conf_166",250,18,2570.2877304703,2
"404",5,10,"conf_166",500,18,112.8566136335,2
"405",5,10,"conf_166",1500,18,0.0354497547,2
"406",5,10,"conf_166",2500,18,8e-10,2
"407",5,10,"conf_166",5000,18,8e-10,2
"408",5,10,"conf_166",7500,18,8e-10,2
"409",5,10,"conf_166",250,19,9613.8968399858,2
"410",5,10,"conf_166",500,19,282.0388806837,2
"411",5,10,"conf_166",1500,19,3.2813000348,2
"412",5,10,"conf_166",2500,19,7e-10,2
"413",5,10,"conf_166",5000,19,7e-10,2
"414",5,10,"conf_166",7500,19,7e-10,2
"415",5,10,"conf_166",250,20,478.6711997453,2
"416",5,10,"conf_166",500,20,49.1458467089,2
"417",5,10,"conf_166",1500,20,20.4541939404,2
"418",5,10,"conf_166",2500,20,6e-10,2
"419",5,10,"conf_166",5000,20,6e-10,2
"420",5,10,"conf_166",7500,20,6e-10,2
"421",5,10,"conf_166",250,21,75.5363941055,3
"422",5,10,"conf_166",500,21,17.3164083159,3
"423",5,10,"conf_166",1500,21,0.511476222,3
"424",5,10,"conf_166",2500,21,3.8e-09,3
"425",5,10,"conf_166",5000,21,4e-10,3
"426",5,10,"conf_166",7500,21,4e-10,3
"427",5,10,"conf_166",250,22,3354.6852860305,3
"428",5,10,"conf_166",500,22,1025.86443814,3
"429",5,10,"conf_166",1500,22,0.0081699254,3
"430",5,10,"conf_166",2500,22,4e-10,3
"431",5,10,"conf_166",5000,22,4e-10,3
"432",5,10,"conf_166",7500,22,4e-10,3
"433",5,10,"conf_166",250,23,1020.3835813332,3
"434",5,10,"conf_166",500,23,171.4371464165,3
"435",5,10,"conf_166",1500,23,1.9876325878,3
"436",5,10,"conf_166",2500,23,2e-10,3
"437",5,10,"conf_166",5000,23,2e-10,3
"438",5,10,"conf_166",7500,23,2e-10,3
"439",5,10,"conf_166",250,24,1976.0032056853,3
"440",5,10,"conf_166",500,24,411.6504731991,3
"441",5,10,"conf_166",1500,24,3.1781967455,3
"442",5,10,"conf_166",2500,24,8e-10,3
"443",5,10,"conf_166",5000,24,8e-10,3
"444",5,10,"conf_166",7500,24,8e-10,3
"445",5,10,"conf_166",250,25,20719.5443691194,3
"446",5,10,"conf_166",500,25,429.6470464864,3
"447",5,10,"conf_166",1500,25,0.1340856604,3
"448",5,10,"conf_166",2500,25,1e-09,3
"449",5,10,"conf_166",5000,25,1e-09,3
"450",5,10,"conf_166",7500,25,1e-09,3
"451",5,10,"conf_166",250,26,1753.208742743,3
"452",5,10,"conf_166",500,26,3.7058954922,3
"453",5,10,"conf_166",1500,26,0.0016717681,3
"454",5,10,"conf_166",2500,26,7e-10,3
"455",5,10,"conf_166",5000,26,7e-10,3
"456",5,10,"conf_166",7500,26,7e-10,3
"457",5,10,"conf_166",250,27,4437.8774942318,3
"458",5,10,"conf_166",500,27,305.0576328799,3
"459",5,10,"conf_166",1500,27,0.4908090627,3
"460",5,10,"conf_166",2500,27,8e-10,3
"461",5,10,"conf_166",5000,27,8e-10,3
"462",5,10,"conf_166",7500,27,8e-10,3
"463",5,10,"conf_166",250,28,11945.5194714177,3
"464",5,10,"conf_166",500,28,67.1251331835,3
"465",5,10,"conf_166",1500,28,0.0365285517,3
"466",5,10,"conf_166",2500,28,6e-10,3
"467",5,10,"conf_166",5000,28,6e-10,3
"468",5,10,"conf_166",7500,28,6e-10,3
"469",5,10,"conf_166",250,29,10000.0528223981,3
"470",5,10,"conf_166",500,29,436.718286706,3
"471",5,10,"conf_166",1500,29,7.5502554851,3
"472",5,10,"conf_166",2500,29,9e-10,3
"473",5,10,"conf_166",5000,29,9e-10,3
"474",5,10,"conf_166",7500,29,9e-10,3
"475",5,10,"conf_166",250,30,2100.5727369644,3
"476",5,10,"conf_166",500,30,92.7263368932,3
"477",5,10,"conf_166",1500,30,0.8429453143,3
"478",5,10,"conf_166",2500,30,4e-10,3
"479",5,10,"conf_166",5000,30,4e-10,3
"480",5,10,"conf_166",7500,30,4e-10,3
"481",5,10,"conf_166",250,31,10483.2080627317,5
"482",5,10,"conf_166",500,31,273.7026382247,5
"483",5,10,"conf_166",1500,31,10.6006861745,5
"484",5,10,"conf_166",2500,31,2.3e-09,5
"485",5,10,"conf_166",5000,31,8e-10,5
"486",5,10,"conf_166",7500,31,8e-10,5
"487",5,10,"conf_166",250,32,15476.7241209988,5
"488",5,10,"conf_166",500,32,227.1033029925,5
"489",5,10,"conf_166",1500,32,0.0622321347,5
"490",5,10,"conf_166",2500,32,9e-10,5
"491",5,10,"conf_166",5000,32,9e-10,5
"492",5,10,"conf_166",7500,32,9e-10,5
"493",5,10,"conf_166",250,33,2208.8711972695,5
"494",5,10,"conf_166",500,33,55.4374316896,5
"495",5,10,"conf_166",1500,33,5.7483734081,5
"496",5,10,"conf_166",2500,33,4e-10,5
"497",5,10,"conf_166",5000,33,4e-10,5
"498",5,10,"conf_166",7500,33,4e-10,5
"499",5,10,"conf_166",250,34,5881.229264368,5
"500",5,10,"conf_166",500,34,876.2951299765,5
"501",5,10,"conf_166",1500,34,5.473253866,5
"502",5,10,"conf_166",2500,34,4e-10,5
"503",5,10,"conf_166",5000,34,4e-10,5
"504",5,10,"conf_166",7500,34,4e-10,5
"505",5,10,"conf_166",250,35,29247.7083869411,5
"506",5,10,"conf_166",500,35,840.1574315509,5
"507",5,10,"conf_166",1500,35,0.4683861199,5
"508",5,10,"conf_166",2500,35,9e-10,5
"509",5,10,"conf_166",5000,35,9e-10,5
"510",5,10,"conf_166",7500,35,9e-10,5
"511",5,10,"conf_166",250,36,22399.5270250496,5
"512",5,10,"conf_166",500,36,813.1020697958,5
"513",5,10,"conf_166",1500,36,40.1951665813,5
"514",5,10,"conf_166",2500,36,0.4024349847,5
"515",5,10,"conf_166",5000,36,8e-10,5
"516",5,10,"conf_166",7500,36,8e-10,5
"517",5,10,"conf_166",250,37,4110.4791407267,5
"518",5,10,"conf_166",500,37,722.5871181567,5
"519",5,10,"conf_166",1500,37,0.0945417191,5
"520",5,10,"conf_166",2500,37,6e-10,5
"521",5,10,"conf_166",5000,37,6e-10,5
"522",5,10,"conf_166",7500,37,6e-10,5
"523",5,10,"conf_166",250,38,5007.8750842024,5
"524",5,10,"conf_166",500,38,983.829902412,5
"525",5,10,"conf_166",1500,38,1.8519694717,5
"526",5,10,"conf_166",2500,38,9e-10,5
"527",5,10,"conf_166",5000,38,9e-10,5
"528",5,10,"conf_166",7500,38,9e-10,5
"529",5,10,"conf_166",250,39,2222.3987566336,5
"530",5,10,"conf_166",500,39,1115.4124703978,5
"531",5,10,"conf_166",1500,39,0.0529163736,5
"532",5,10,"conf_166",2500,39,5e-10,5
"533",5,10,"conf_166",5000,39,5e-10,5
"534",5,10,"conf_166",7500,39,5e-10,5
"535",5,10,"conf_166",250,40,7776.1123708366,5
"536",5,10,"conf_166",500,40,1002.2012769811,5
"537",5,10,"conf_166",1500,40,32.0126756159,5
"538",5,10,"conf_166",2500,40,6.788e-07,5
"539",5,10,"conf_166",5000,40,9e-10,5
"540",5,10,"conf_166",7500,40,9e-10,5
"541",5,10,"conf_166",250,41,6764.1257229118,4
"542",5,10,"conf_166",500,41,914.9331916282,4
"543",5,10,"conf_166",1500,41,9.8055505764,4
"544",5,10,"conf_166",2500,41,4.3e-09,4
"545",5,10,"conf_166",5000,41,7e-10,4
"546",5,10,"conf_166",7500,41,7e-10,4
"547",5,10,"conf_166",250,42,3568.5899799764,4
"548",5,10,"conf_166",500,42,753.045814526,4
"549",5,10,"conf_166",1500,42,4.1627684044,4
"550",5,10,"conf_166",2500,42,5e-10,4
"551",5,10,"conf_166",5000,42,5e-10,4
"552",5,10,"conf_166",7500,42,5e-10,4
"553",5,10,"conf_166",250,43,1839.247389009,4
"554",5,10,"conf_166",500,43,172.72298845,4
"555",5,10,"conf_166",1500,43,2.05919084,4
"556",5,10,"conf_166",2500,43,1e-09,4
"557",5,10,"conf_166",5000,43,1e-09,4
"558",5,10,"conf_166",7500,43,1e-09,4
"559",5,10,"conf_166",250,44,638.626813489,4
"560",5,10,"conf_166",500,44,74.6617275066,4
"561",5,10,"conf_166",1500,44,0.0021050525,4
"562",5,10,"conf_166",2500,44,1e-10,4
"563",5,10,"conf_166",5000,44,1e-10,4
"564",5,10,"conf_166",7500,44,1e-10,4
"565",5,10,"conf_166",250,45,4659.5476926748,4
"566",5,10,"conf_166",500,45,159.5089972482,4
"567",5,10,"conf_166",1500,45,1.9834587429,4
"568",5,10,"conf_166",2500,45,5e-10,4
"569",5,10,"conf_166",5000,45,5e-10,4
"570",5,10,"conf_166",7500,45,5e-10,4
"571",5,10,"conf_166",250,46,24422.8942399537,4
"572",5,10,"conf_166",500,46,8488.159605937,4
"573",5,10,"conf_166",1500,46,0.1618723392,4
"574",5,10,"conf_166",2500,46,2.79e-08,4
"575",5,10,"conf_166",5000,46,4e-10,4
"576",5,10,"conf_166",7500,46,4e-10,4
"577",5,10,"conf_166",250,47,3926.9235365275,4
"578",5,10,"conf_166",500,47,638.9947188745,4
"579",5,10,"conf_166",1500,47,5.2499849171,4
"580",5,10,"conf_166",2500,47,9e-10,4
"581",5,10,"conf_166",5000,47,9e-10,4
"582",5,10,"conf_166",7500,47,9e-10,4
"583",5,10,"conf_166",250,48,4783.8928142902,4
"584",5,10,"conf_166",500,48,45.1778213114,4
"585",5,10,"conf_166",1500,48,0.0275849409,4
"586",5,10,"conf_166",2500,48,1e-09,4
"587",5,10,"conf_166",5000,48,1e-09,4
"588",5,10,"conf_166",7500,48,1e-09,4
"589",5,10,"conf_166",250,49,1185.4818779065,4
"590",5,10,"conf_166",500,49,569.6925707169,4
"591",5,10,"conf_166",1500,49,0.8290327729,4
"592",5,10,"conf_166",2500,49,9e-10,4
"593",5,10,"conf_166",5000,49,9e-10,4
"594",5,10,"conf_166",7500,49,9e-10,4
"595",5,10,"conf_166",250,50,2752.7693690476,4
"596",5,10,"conf_166",500,50,52.6803421679,4
"597",5,10,"conf_166",1500,50,1.903404357,4
"598",5,10,"conf_166",2500,50,9e-10,4
"599",5,10,"conf_166",5000,50,9e-10,4
"600",5,10,"conf_166",7500,50,9e-10,4
"601",5,11,"conf_166",250,1,66.628114408,4
"602",5,11,"conf_166",500,1,64.7919765909,4
"603",5,11,"conf_166",1500,1,0.1753947506,4
"604",5,11,"conf_166",2500,1,7e-10,4
"605",5,11,"conf_166",5000,1,7e-10,4
"606",5,11,"conf_166",7500,1,7e-10,4
"607",5,11,"conf_166",250,2,76.2224901378,4
"608",5,11,"conf_166",500,2,76.2224901378,4
"609",5,11,"conf_166",1500,2,0.9689017763,4
"610",5,11,"conf_166",2500,2,8e-10,4
"611",5,11,"conf_166",5000,2,8e-10,4
"612",5,11,"conf_166",7500,2,8e-10,4
"613",5,11,"conf_166",250,3,102.4516138688,4
"614",5,11,"conf_166",500,3,102.4516138688,4
"615",5,11,"conf_166",1500,3,0.1052238684,4
"616",5,11,"conf_166",2500,3,1e-09,4
"617",5,11,"conf_166",5000,3,1e-09,4
"618",5,11,"conf_166",7500,3,1e-09,4
"619",5,11,"conf_166",250,4,16.0090242932,4
"620",5,11,"conf_166",500,4,16.0090242932,4
"621",5,11,"conf_166",1500,4,0.2747978263,4
"622",5,11,"conf_166",2500,4,6e-10,4
"623",5,11,"conf_166",5000,4,6e-10,4
"624",5,11,"conf_166",7500,4,6e-10,4
"625",5,11,"conf_166",250,5,23.6791713287,4
"626",5,11,"conf_166",500,5,23.6791713287,4
"627",5,11,"conf_166",1500,5,0.1488939206,4
"628",5,11,"conf_166",2500,5,2.3e-09,4
"629",5,11,"conf_166",5000,5,5e-10,4
"630",5,11,"conf_166",7500,5,5e-10,4
"631",5,11,"conf_166",250,6,40.3028706195,4
"632",5,11,"conf_166",500,6,35.476457265,4
"633",5,11,"conf_166",1500,6,3.307106691,4
"634",5,11,"conf_166",2500,6,4e-10,4
"635",5,11,"conf_166",5000,6,4e-10,4
"636",5,11,"conf_166",7500,6,4e-10,4
"637",5,11,"conf_166",250,7,112.5630131495,4
"638",5,11,"conf_166",500,7,26.4861037497,4
"639",5,11,"conf_166",1500,7,0.0496014833,4
"640",5,11,"conf_166",2500,7,4e-10,4
"641",5,11,"conf_166",5000,7,4e-10,4
"642",5,11,"conf_166",7500,7,4e-10,4
"643",5,11,"conf_166",250,8,86.8630571236,4
"644",5,11,"conf_166",500,8,40.2327738347,4
"645",5,11,"conf_166",1500,8,0.3684396787,4
"646",5,11,"conf_166",2500,8,5e-10,4
"647",5,11,"conf_166",5000,8,5e-10,4
"648",5,11,"conf_166",7500,8,5e-10,4
"649",5,11,"conf_166",250,9,117.738572125,4
"650",5,11,"conf_166",500,9,117.738572125,4
"651",5,11,"conf_166",1500,9,2.9231034966,4
"652",5,11,"conf_166",2500,9,6e-10,4
"653",5,11,"conf_166",5000,9,6e-10,4
"654",5,11,"conf_166",7500,9,6e-10,4
"655",5,11,"conf_166",250,10,53.1835069213,4
"656",5,11,"conf_166",500,10,31.3997655108,4
"657",5,11,"conf_166",1500,10,2.7320708067,4
"658",5,11,"conf_166",2500,10,8e-10,4
"659",5,11,"conf_166",5000,10,8e-10,4
"660",5,11,"conf_166",7500,10,8e-10,4
"661",5,11,"conf_166",250,11,13.6505825641,3
"662",5,11,"conf_166",500,11,11.1924050242,3
"663",5,11,"conf_166",1500,11,0.5267936656,3
"664",5,11,"conf_166",2500,11,7e-09,3
"665",5,11,"conf_166",5000,11,7e-10,3
"666",5,11,"conf_166",7500,11,7e-10,3
"667",5,11,"conf_166",250,12,87.6829631161,3
"668",5,11,"conf_166",500,12,72.2940927848,3
"669",5,11,"conf_166",1500,12,2.8715733504,3
"670",5,11,"conf_166",2500,12,8e-10,3
"671",5,11,"conf_166",5000,12,8e-10,3
"672",5,11,"conf_166",7500,12,8e-10,3
"673",5,11,"conf_166",250,13,59.0363588224,3
"674",5,11,"conf_166",500,13,59.0363588224,3
"675",5,11,"conf_166",1500,13,0.0857820598,3
"676",5,11,"conf_166",2500,13,9e-10,3
"677",5,11,"conf_166",5000,13,9e-10,3
"678",5,11,"conf_166",7500,13,9e-10,3
"679",5,11,"conf_166",250,14,29.7034405472,3
"680",5,11,"conf_166",500,14,29.7034405472,3
"681",5,11,"conf_166",1500,14,2.5744123188,3
"682",5,11,"conf_166",2500,14,7e-10,3
"683",5,11,"conf_166",5000,14,7e-10,3
"684",5,11,"conf_166",7500,14,7e-10,3
"685",5,11,"conf_166",250,15,83.5347524878,3
"686",5,11,"conf_166",500,15,44.9108301609,3
"687",5,11,"conf_166",1500,15,0.0116214033,3
"688",5,11,"conf_166",2500,15,8e-10,3
"689",5,11,"conf_166",5000,15,8e-10,3
"690",5,11,"conf_166",7500,15,8e-10,3
"691",5,11,"conf_166",250,16,14.2835130602,3
"692",5,11,"conf_166",500,16,13.8851473604,3
"693",5,11,"conf_166",1500,16,1.8778602968,3
"694",5,11,"conf_166",2500,16,7e-10,3
"695",5,11,"conf_166",5000,16,7e-10,3
"696",5,11,"conf_166",7500,16,7e-10,3
"697",5,11,"conf_166",250,17,73.6078949447,3
"698",5,11,"conf_166",500,17,55.7671163593,3
"699",5,11,"conf_166",1500,17,0.2925461193,3
"700",5,11,"conf_166",2500,17,7e-10,3
"701",5,11,"conf_166",5000,17,7e-10,3
"702",5,11,"conf_166",7500,17,7e-10,3
"703",5,11,"conf_166",250,18,57.6021017831,3
"704",5,11,"conf_166",500,18,47.7399834237,3
"705",5,11,"conf_166",1500,18,0.7519278403,3
"706",5,11,"conf_166",2500,18,7e-10,3
"707",5,11,"conf_166",5000,18,7e-10,3
"708",5,11,"conf_166",7500,18,7e-10,3
"709",5,11,"conf_166",250,19,41.4043173372,3
"710",5,11,"conf_166",500,19,35.0133796484,3
"711",5,11,"conf_166",1500,19,1.0460292793,3
"712",5,11,"conf_166",2500,19,7e-10,3
"713",5,11,"conf_166",5000,19,7e-10,3
"714",5,11,"conf_166",7500,19,7e-10,3
"715",5,11,"conf_166",250,20,13.4259243659,3
"716",5,11,"conf_166",500,20,13.1108746645,3
"717",5,11,"conf_166",1500,20,0.2001062337,3
"718",5,11,"conf_166",2500,20,2e-09,3
"719",5,11,"conf_166",5000,20,1e-09,3
"720",5,11,"conf_166",7500,20,1e-09,3
"721",5,11,"conf_166",250,21,37.8932205997,2
"722",5,11,"conf_166",500,21,37.8932205997,2
"723",5,11,"conf_166",1500,21,0.9200611522,2
"724",5,11,"conf_166",2500,21,7e-10,2
"725",5,11,"conf_166",5000,21,7e-10,2
"726",5,11,"conf_166",7500,21,7e-10,2
"727",5,11,"conf_166",250,22,58.4057544131,2
"728",5,11,"conf_166",500,22,58.4057544131,2
"729",5,11,"conf_166",1500,22,0.0081439335,2
"730",5,11,"conf_166",2500,22,5e-10,2
"731",5,11,"conf_166",5000,22,5e-10,2
"732",5,11,"conf_166",7500,22,5e-10,2
"733",5,11,"conf_166",250,23,57.548865344,2
"734",5,11,"conf_166",500,23,56.7204356124,2
"735",5,11,"conf_166",1500,23,0.1879387585,2
"736",5,11,"conf_166",2500,23,1e-09,2
"737",5,11,"conf_166",5000,23,1e-09,2
"738",5,11,"conf_166",7500,23,1e-09,2
"739",5,11,"conf_166",250,24,75.954705216,2
"740",5,11,"conf_166",500,24,75.954705216,2
"741",5,11,"conf_166",1500,24,0.0508730747,2
"742",5,11,"conf_166",2500,24,6e-10,2
"743",5,11,"conf_166",5000,24,6e-10,2
"744",5,11,"conf_166",7500,24,6e-10,2
"745",5,11,"conf_166",250,25,70.7223054554,2
"746",5,11,"conf_166",500,25,57.4396127569,2
"747",5,11,"conf_166",1500,25,0.042646947,2
"748",5,11,"conf_166",2500,25,8e-10,2
"749",5,11,"conf_166",5000,25,8e-10,2
"750",5,11,"conf_166",7500,25,8e-10,2
"751",5,11,"conf_166",250,26,60.7904748179,2
"752",5,11,"conf_166",500,26,60.7904748179,2
"753",5,11,"conf_166",1500,26,0.4282726817,2
"754",5,11,"conf_166",2500,26,3e-10,2
"755",5,11,"conf_166",5000,26,3e-10,2
"756",5,11,"conf_166",7500,26,3e-10,2
"757",5,11,"conf_166",250,27,25.7782881297,2
"758",5,11,"conf_166",500,27,9.9810818508,2
"759",5,11,"conf_166",1500,27,0.7815073377,2
"760",5,11,"conf_166",2500,27,9e-10,2
"761",5,11,"conf_166",5000,27,9e-10,2
"762",5,11,"conf_166",7500,27,9e-10,2
"763",5,11,"conf_166",250,28,35.2641776427,2
"764",5,11,"conf_166",500,28,28.4032107899,2
"765",5,11,"conf_166",1500,28,0.7657400628,2
"766",5,11,"conf_166",2500,28,9e-10,2
"767",5,11,"conf_166",5000,28,9e-10,2
"768",5,11,"conf_166",7500,28,9e-10,2
"769",5,11,"conf_166",250,29,119.1317633585,2
"770",5,11,"conf_166",500,29,51.309848876,2
"771",5,11,"conf_166",1500,29,4.0628370805,2
"772",5,11,"conf_166",2500,29,1.32073e-05,2
"773",5,11,"conf_166",5000,29,1e-09,2
"774",5,11,"conf_166",7500,29,1e-09,2
"775",5,11,"conf_166",250,30,51.4403629985,2
"776",5,11,"conf_166",500,30,51.4403629985,2
"777",5,11,"conf_166",1500,30,22.3056749672,2
"778",5,11,"conf_166",2500,30,7e-10,2
"779",5,11,"conf_166",5000,30,7e-10,2
"780",5,11,"conf_166",7500,30,7e-10,2
"781",5,11,"conf_166",250,31,146.2555229989,1
"782",5,11,"conf_166",500,31,130.500691619,1
"783",5,11,"conf_166",1500,31,4.7763739038,1
"784",5,11,"conf_166",2500,31,1.2e-09,1
"785",5,11,"conf_166",5000,31,7e-10,1
"786",5,11,"conf_166",7500,31,7e-10,1
"787",5,11,"conf_166",250,32,45.0129778695,1
"788",5,11,"conf_166",500,32,45.0129778695,1
"789",5,11,"conf_166",1500,32,1.4420240536,1
"790",5,11,"conf_166",2500,32,8e-10,1
"791",5,11,"conf_166",5000,32,8e-10,1
"792",5,11,"conf_166",7500,32,8e-10,1
"793",5,11,"conf_166",250,33,18.3861116752,1
"794",5,11,"conf_166",500,33,18.3861116752,1
"795",5,11,"conf_166",1500,33,0.0328641188,1
"796",5,11,"conf_166",2500,33,8e-10,1
"797",5,11,"conf_166",5000,33,8e-10,1
"798",5,11,"conf_166",7500,33,8e-10,1
"799",5,11,"conf_166",250,34,15.9568001609,1
"800",5,11,"conf_166",500,34,15.3786992859,1
"801",5,11,"conf_166",1500,34,0.8891342592,1
"802",5,11,"conf_166",2500,34,6e-10,1
"803",5,11,"conf_166",5000,34,6e-10,1
"804",5,11,"conf_166",7500,34,6e-10,1
"805",5,11,"conf_166",250,35,77.4121146397,1
"806",5,11,"conf_166",500,35,63.8538888092,1
"807",5,11,"conf_166",1500,35,0.7386247952,1
"808",5,11,"conf_166",2500,35,7e-10,1
"809",5,11,"conf_166",5000,35,7e-10,1
"810",5,11,"conf_166",7500,35,7e-10,1
"811",5,11,"conf_166",250,36,73.8337727307,1
"812",5,11,"conf_166",500,36,38.7287248122,1
"813",5,11,"conf_166",1500,36,0.059802361,1
"814",5,11,"conf_166",2500,36,8e-10,1
"815",5,11,"conf_166",5000,36,8e-10,1
"816",5,11,"conf_166",7500,36,8e-10,1
"817",5,11,"conf_166",250,37,47.9440257081,1
"818",5,11,"conf_166",500,37,44.0708381742,1
"819",5,11,"conf_166",1500,37,0.7852504345,1
"820",5,11,"conf_166",2500,37,8e-10,1
"821",5,11,"conf_166",5000,37,8e-10,1
"822",5,11,"conf_166",7500,37,8e-10,1
"823",5,11,"conf_166",250,38,67.8841756354,1
"824",5,11,"conf_166",500,38,39.9606980546,1
"825",5,11,"conf_166",1500,38,1.6801976656,1
"826",5,11,"conf_166",2500,38,7.44e-08,1
"827",5,11,"conf_166",5000,38,6e-10,1
"828",5,11,"conf_166",7500,38,6e-10,1
"829",5,11,"conf_166",250,39,14.4113684174,1
"830",5,11,"conf_166",500,39,5.3459881926,1
"831",5,11,"conf_166",1500,39,0.0889019254,1
"832",5,11,"conf_166",2500,39,5e-10,1
"833",5,11,"conf_166",5000,39,5e-10,1
"834",5,11,"conf_166",7500,39,5e-10,1
"835",5,11,"conf_166",250,40,10.2119795985,1
"836",5,11,"conf_166",500,40,8.8106747519,1
"837",5,11,"conf_166",1500,40,0.6720206418,1
"838",5,11,"conf_166",2500,40,9e-10,1
"839",5,11,"conf_166",5000,40,9e-10,1
"840",5,11,"conf_166",7500,40,9e-10,1
"841",5,11,"conf_166",250,41,63.906828626,5
"842",5,11,"conf_166",500,41,58.9632833884,5
"843",5,11,"conf_166",1500,41,0.2196642357,5
"844",5,11,"conf_166",2500,41,2e-10,5
"845",5,11,"conf_166",5000,41,2e-10,5
"846",5,11,"conf_166",7500,41,2e-10,5
"847",5,11,"conf_166",250,42,36.4319987168,5
"848",5,11,"conf_166",500,42,18.3818686417,5
"849",5,11,"conf_166",1500,42,0.7597795335,5
"850",5,11,"conf_166",2500,42,3e-10,5
"851",5,11,"conf_166",5000,42,3e-10,5
"852",5,11,"conf_166",7500,42,3e-10,5
"853",5,11,"conf_166",250,43,58.3897966121,5
"854",5,11,"conf_166",500,43,35.6999821876,5
"855",5,11,"conf_166",1500,43,0.1046226603,5
"856",5,11,"conf_166",2500,43,7e-10,5
"857",5,11,"conf_166",5000,43,7e-10,5
"858",5,11,"conf_166",7500,43,7e-10,5
"859",5,11,"conf_166",250,44,37.0933163088,5
"860",5,11,"conf_166",500,44,23.6856221112,5
"861",5,11,"conf_166",1500,44,0.5861116075,5
"862",5,11,"conf_166",2500,44,1e-09,5
"863",5,11,"conf_166",5000,44,1e-09,5
"864",5,11,"conf_166",7500,44,1e-09,5
"865",5,11,"conf_166",250,45,24.1388757241,5
"866",5,11,"conf_166",500,45,24.1388757241,5
"867",5,11,"conf_166",1500,45,0.0524905311,5
"868",5,11,"conf_166",2500,45,1e-09,5
"869",5,11,"conf_166",5000,45,1e-09,5
"870",5,11,"conf_166",7500,45,1e-09,5
"871",5,11,"conf_166",250,46,28.2420218606,5
"872",5,11,"conf_166",500,46,6.2530099208,5
"873",5,11,"conf_166",1500,46,0.337106856,5
"874",5,11,"conf_166",2500,46,5e-10,5
"875",5,11,"conf_166",5000,46,5e-10,5
"876",5,11,"conf_166",7500,46,5e-10,5
"877",5,11,"conf_166",250,47,58.0123331703,5
"878",5,11,"conf_166",500,47,21.9312151284,5
"879",5,11,"conf_166",1500,47,0.0171755513,5
"880",5,11,"conf_166",2500,47,2e-10,5
"881",5,11,"conf_166",5000,47,2e-10,5
"882",5,11,"conf_166",7500,47,2e-10,5
"883",5,11,"conf_166",250,48,76.8038352022,5
"884",5,11,"conf_166",500,48,63.2988643794,5
"885",5,11,"conf_166",1500,48,5.7856929935,5
"886",5,11,"conf_166",2500,48,9e-10,5
"887",5,11,"conf_166",5000,48,9e-10,5
"888",5,11,"conf_166",7500,48,9e-10,5
"889",5,11,"conf_166",250,49,1.1613832315,5
"890",5,11,"conf_166",500,49,1.1613832315,5
"891",5,11,"conf_166",1500,49,0.00739341,5
"892",5,11,"conf_166",2500,49,8e-10,5
"893",5,11,"conf_166",5000,49,8e-10,5
"894",5,11,"conf_166",7500,49,8e-10,5
"895",5,11,"conf_166",250,50,96.0629207328,5
"896",5,11,"conf_166",500,50,96.0629207328,5
"897",5,11,"conf_166",1500,50,4.0825420276,5
"898",5,11,"conf_166",2500,50,9e-10,5
"899",5,11,"conf_166",5000,50,9e-10,5
"900",5,11,"conf_166",7500,50,9e-10,5
"901",5,12,"conf_166",250,1,8224.6243486472,3
"902",5,12,"conf_166",500,1,4.4073275874,3
"903",5,12,"conf_166",1500,1,2.0052837636,3
"904",5,12,"conf_166",2500,1,0.2761665647,3
"905",5,12,"conf_166",5000,1,2.2652e-05,3
"906",5,12,"conf_166",7500,1,8e-10,3
"907",5,12,"conf_166",250,2,46601.8643345253,3
"908",5,12,"conf_166",500,2,43.833948325,3
"909",5,12,"conf_166",1500,2,4.2058645708,3
"910",5,12,"conf_166",2500,2,1.5012912086,3
"911",5,12,"conf_166",5000,2,0.003178063,3
"912",5,12,"conf_166",7500,2,1.345e-07,3
"913",5,12,"conf_166",250,3,25258.7960357595,3
"914",5,12,"conf_166",500,3,46.9635397232,3
"915",5,12,"conf_166",1500,3,0.0023703673,3
"916",5,12,"conf_166",2500,3,7.71492e-05,3
"917",5,12,"conf_166",5000,3,1e-09,3
"918",5,12,"conf_166",7500,3,1e-09,3
"919",5,12,"conf_166",250,4,4197.0487771527,3
"920",5,12,"conf_166",500,4,5.171502539,3
"921",5,12,"conf_166",1500,4,0.078408449,3
"922",5,12,"conf_166",2500,4,0.0008398667,3
"923",5,12,"conf_166",5000,4,9e-10,3
"924",5,12,"conf_166",7500,4,9e-10,3
"925",5,12,"conf_166",250,5,4749.2173187467,3
"926",5,12,"conf_166",500,5,32.2842624473,3
"927",5,12,"conf_166",1500,5,7.0719664452,3
"928",5,12,"conf_166",2500,5,2.2821404324,3
"929",5,12,"conf_166",5000,5,0.0034518211,3
"930",5,12,"conf_166",7500,5,1e-08,3
"931",5,12,"conf_166",250,6,1983.0687384488,3
"932",5,12,"conf_166",500,6,7.2361644274,3
"933",5,12,"conf_166",1500,6,3.2849259702,3
"934",5,12,"conf_166",2500,6,1.0686120122,3
"935",5,12,"conf_166",5000,6,0.0002778206,3
"936",5,12,"conf_166",7500,6,7e-10,3
"937",5,12,"conf_166",250,7,35340.971498618,3
"938",5,12,"conf_166",500,7,64.1481494401,3
"939",5,12,"conf_166",1500,7,1.7841967316,3
"940",5,12,"conf_166",2500,7,0.3217769096,3
"941",5,12,"conf_166",5000,7,3.47778e-05,3
"942",5,12,"conf_166",7500,7,7e-10,3
"943",5,12,"conf_166",250,8,11240.8086127323,3
"944",5,12,"conf_166",500,8,13.9210290898,3
"945",5,12,"conf_166",1500,8,8.351625186,3
"946",5,12,"conf_166",2500,8,2.7134571487,3
"947",5,12,"conf_166",5000,8,0.0009760163,3
"948",5,12,"conf_166",7500,8,1.11e-08,3
"949",5,12,"conf_166",250,9,6818.8076348271,3
"950",5,12,"conf_166",500,9,2.3256769037,3
"951",5,12,"conf_166",1500,9,0.2153565301,3
"952",5,12,"conf_166",2500,9,0.0036663202,3
"953",5,12,"conf_166",5000,9,5.2e-09,3
"954",5,12,"conf_166",7500,9,9e-10,3
"955",5,12,"conf_166",250,10,1378.3810564988,3
"956",5,12,"conf_166",500,10,26.5476982978,3
"957",5,12,"conf_166",1500,10,0.5825669759,3
"958",5,12,"conf_166",2500,10,0.0585378099,3
"959",5,12,"conf_166",5000,10,9.542e-07,3
"960",5,12,"conf_166",7500,10,1e-09,3
"961",5,12,"conf_166",250,11,4605.0538458835,4
"962",5,12,"conf_166",500,11,10.803370947,4
"963",5,12,"conf_166",1500,11,0.2673920571,4
"964",5,12,"conf_166",2500,11,8e-10,4
"965",5,12,"conf_166",5000,11,8e-10,4
"966",5,12,"conf_166",7500,11,8e-10,4
"967",5,12,"conf_166",250,12,1469.3377381641,4
"968",5,12,"conf_166",500,12,6.9283611176,4
"969",5,12,"conf_166",1500,12,0.4140689468,4
"970",5,12,"conf_166",2500,12,2e-10,4
"971",5,12,"conf_166",5000,12,2e-10,4
"972",5,12,"conf_166",7500,12,2e-10,4
"973",5,12,"conf_166",250,13,15131.8295344966,4
"974",5,12,"conf_166",500,13,5.3239714168,4
"975",5,12,"conf_166",1500,13,0.0132200349,4
"976",5,12,"conf_166",2500,13,9e-10,4
"977",5,12,"conf_166",5000,13,9e-10,4
"978",5,12,"conf_166",7500,13,9e-10,4
"979",5,12,"conf_166",250,14,7071.5971615452,4
"980",5,12,"conf_166",500,14,8.7073999001,4
"981",5,12,"conf_166",1500,14,4.339979318,4
"982",5,12,"conf_166",2500,14,1.9242169937,4
"983",5,12,"conf_166",5000,14,0.2016861394,4
"984",5,12,"conf_166",7500,14,0.0006306007,4
"985",5,12,"conf_166",250,15,9257.7334117378,4
"986",5,12,"conf_166",500,15,2.8328966526,4
"987",5,12,"conf_166",1500,15,0.1041513041,4
"988",5,12,"conf_166",2500,15,9e-10,4
"989",5,12,"conf_166",5000,15,9e-10,4
"990",5,12,"conf_166",7500,15,9e-10,4
"991",5,12,"conf_166",250,16,4490.4642489555,4
"992",5,12,"conf_166",500,16,8.6973518535,4
"993",5,12,"conf_166",1500,16,2.788013785,4
"994",5,12,"conf_166",2500,16,1e-09,4
"995",5,12,"conf_166",5000,16,1e-09,4
"996",5,12,"conf_166",7500,16,1e-09,4
"997",5,12,"conf_166",250,17,2307.1085347531,4
"998",5,12,"conf_166",500,17,6.2979381929,4
"999",5,12,"conf_166",1500,17,0.0016191259,4
"1000",5,12,"conf_166",2500,17,5e-10,4
"1001",5,12,"conf_166",5000,17,5e-10,4
"1002",5,12,"conf_166",7500,17,5e-10,4
"1003",5,12,"conf_166",250,18,2507.7464270309,4
"1004",5,12,"conf_166",500,18,9.2402190505,4
"1005",5,12,"conf_166",1500,18,0.2909436391,4
"1006",5,12,"conf_166",2500,18,6e-10,4
"1007",5,12,"conf_166",5000,18,6e-10,4
"1008",5,12,"conf_166",7500,18,6e-10,4
"1009",5,12,"conf_166",250,19,5419.0569963728,4
"1010",5,12,"conf_166",500,19,9.7056757904,4
"1011",5,12,"conf_166",1500,19,0.3959934696,4
"1012",5,12,"conf_166",2500,19,6e-10,4
"1013",5,12,"conf_166",5000,19,6e-10,4
"1014",5,12,"conf_166",7500,19,6e-10,4
"1015",5,12,"conf_166",250,20,2025.3386560031,4
"1016",5,12,"conf_166",500,20,4.5518090716,4
"1017",5,12,"conf_166",1500,20,0.0140755567,4
"1018",5,12,"conf_166",2500,20,5e-10,4
"1019",5,12,"conf_166",5000,20,5e-10,4
"1020",5,12,"conf_166",7500,20,5e-10,4
"1021",5,12,"conf_166",250,21,562.1433381123,5
"1022",5,12,"conf_166",500,21,1.2804352694,5
"1023",5,12,"conf_166",1500,21,0.0769220108,5
"1024",5,12,"conf_166",2500,21,1.526e-07,5
"1025",5,12,"conf_166",5000,21,4e-10,5
"1026",5,12,"conf_166",7500,21,4e-10,5
"1027",5,12,"conf_166",250,22,1377.8262598555,5
"1028",5,12,"conf_166",500,22,0.964057281,5
"1029",5,12,"conf_166",1500,22,0.2422441068,5
"1030",5,12,"conf_166",2500,22,0.0468857492,5
"1031",5,12,"conf_166",5000,22,3.64638e-05,5
"1032",5,12,"conf_166",7500,22,1e-09,5
"1033",5,12,"conf_166",250,23,677.3769896931,5
"1034",5,12,"conf_166",500,23,3.4555967153,5
"1035",5,12,"conf_166",1500,23,0.0185210208,5
"1036",5,12,"conf_166",2500,23,1.312e-07,5
"1037",5,12,"conf_166",5000,23,4e-10,5
"1038",5,12,"conf_166",7500,23,4e-10,5
"1039",5,12,"conf_166",250,24,10675.9173577891,5
"1040",5,12,"conf_166",500,24,25.0267994662,5
"1041",5,12,"conf_166",1500,24,5.485010386,5
"1042",5,12,"conf_166",2500,24,1.656e-05,5
"1043",5,12,"conf_166",5000,24,4e-10,5
"1044",5,12,"conf_166",7500,24,4e-10,5
"1045",5,12,"conf_166",250,25,5296.6023641016,5
"1046",5,12,"conf_166",500,25,28.3760566151,5
"1047",5,12,"conf_166",1500,25,2.7218270483,5
"1048",5,12,"conf_166",2500,25,1.6364e-06,5
"1049",5,12,"conf_166",5000,25,3e-10,5
"1050",5,12,"conf_166",7500,25,3e-10,5
"1051",5,12,"conf_166",250,26,2217.7051944283,5
"1052",5,12,"conf_166",500,26,26.9536759115,5
"1053",5,12,"conf_166",1500,26,2.6968350023,5
"1054",5,12,"conf_166",2500,26,1.15774e-05,5
"1055",5,12,"conf_166",5000,26,9e-10,5
"1056",5,12,"conf_166",7500,26,9e-10,5
"1057",5,12,"conf_166",250,27,485.2412202662,5
"1058",5,12,"conf_166",500,27,8.7193255947,5
"1059",5,12,"conf_166",1500,27,0.1606085286,5
"1060",5,12,"conf_166",2500,27,4.755e-07,5
"1061",5,12,"conf_166",5000,27,5e-10,5
"1062",5,12,"conf_166",7500,27,5e-10,5
"1063",5,12,"conf_166",250,28,3104.3535966744,5
"1064",5,12,"conf_166",500,28,4.6616123058,5
"1065",5,12,"conf_166",1500,28,0.0537203422,5
"1066",5,12,"conf_166",2500,28,1.328e-07,5
"1067",5,12,"conf_166",5000,28,7e-10,5
"1068",5,12,"conf_166",7500,28,7e-10,5
"1069",5,12,"conf_166",250,29,693.4158403569,5
"1070",5,12,"conf_166",500,29,4.1072424018,5
"1071",5,12,"conf_166",1500,29,0.0032460504,5
"1072",5,12,"conf_166",2500,29,0.000164794,5
"1073",5,12,"conf_166",5000,29,2.9e-09,5
"1074",5,12,"conf_166",7500,29,5e-10,5
"1075",5,12,"conf_166",250,30,2449.268028208,5
"1076",5,12,"conf_166",500,30,4.4968718426,5
"1077",5,12,"conf_166",1500,30,0.0259483421,5
"1078",5,12,"conf_166",2500,30,0.0006774606,5
"1079",5,12,"conf_166",5000,30,2.201e-07,5
"1080",5,12,"conf_166",7500,30,1e-09,5
"1081",5,12,"conf_166",250,31,1346.3867697815,2
"1082",5,12,"conf_166",500,31,7.5475784222,2
"1083",5,12,"conf_166",1500,31,0.0109371591,2
"1084",5,12,"conf_166",2500,31,9e-10,2
"1085",5,12,"conf_166",5000,31,9e-10,2
"1086",5,12,"conf_166",7500,31,9e-10,2
"1087",5,12,"conf_166",250,32,16720.1993017545,2
"1088",5,12,"conf_166",500,32,18.0141615661,2
"1089",5,12,"conf_166",1500,32,0.0050371792,2
"1090",5,12,"conf_166",2500,32,9e-10,2
"1091",5,12,"conf_166",5000,32,9e-10,2
"1092",5,12,"conf_166",7500,32,9e-10,2
"1093",5,12,"conf_166",250,33,4311.9729719395,2
"1094",5,12,"conf_166",500,33,10.2835553996,2
"1095",5,12,"conf_166",1500,33,0.5421366831,2
"1096",5,12,"conf_166",2500,33,6e-10,2
"1097",5,12,"conf_166",5000,33,6e-10,2
"1098",5,12,"conf_166",7500,33,6e-10,2
"1099",5,12,"conf_166",250,34,3278.8917317106,2
"1100",5,12,"conf_166",500,34,20.051316216,2
"1101",5,12,"conf_166",1500,34,0.245255096,2
"1102",5,12,"conf_166",2500,34,6e-10,2
"1103",5,12,"conf_166",5000,34,6e-10,2
"1104",5,12,"conf_166",7500,34,6e-10,2
"1105",5,12,"conf_166",250,35,31431.1477536842,2
"1106",5,12,"conf_166",500,35,19.9142485258,2
"1107",5,12,"conf_166",1500,35,0.2413162268,2
"1108",5,12,"conf_166",2500,35,0.0369566656,2
"1109",5,12,"conf_166",5000,35,4.2723e-06,2
"1110",5,12,"conf_166",7500,35,9e-10,2
"1111",5,12,"conf_166",250,36,5012.9312530973,2
"1112",5,12,"conf_166",500,36,6.1048587599,2
"1113",5,12,"conf_166",1500,36,0.4830936141,2
"1114",5,12,"conf_166",2500,36,8e-10,2
"1115",5,12,"conf_166",5000,36,8e-10,2
"1116",5,12,"conf_166",7500,36,8e-10,2
"1117",5,12,"conf_166",250,37,8491.9522346805,2
"1118",5,12,"conf_166",500,37,7.8084457357,2
"1119",5,12,"conf_166",1500,37,0.0025265264,2
"1120",5,12,"conf_166",2500,37,5e-10,2
"1121",5,12,"conf_166",5000,37,5e-10,2
"1122",5,12,"conf_166",7500,37,5e-10,2
"1123",5,12,"conf_166",250,38,1401.1463141608,2
"1124",5,12,"conf_166",500,38,0.8846399804,2
"1125",5,12,"conf_166",1500,38,0.1975512776,2
"1126",5,12,"conf_166",2500,38,0.0223061181,2
"1127",5,12,"conf_166",5000,38,4.3725e-06,2
"1128",5,12,"conf_166",7500,38,1e-09,2
"1129",5,12,"conf_166",250,39,991.3042715893,2
"1130",5,12,"conf_166",500,39,1.7444641077,2
"1131",5,12,"conf_166",1500,39,0.1659771192,2
"1132",5,12,"conf_166",2500,39,0.0090371559,2
"1133",5,12,"conf_166",5000,39,2.603e-07,2
"1134",5,12,"conf_166",7500,39,9e-10,2
"1135",5,12,"conf_166",250,40,7539.5783623194,2
"1136",5,12,"conf_166",500,40,2.8747393792,2
"1137",5,12,"conf_166",1500,40,0.0248359373,2
"1138",5,12,"conf_166",2500,40,0.0010230333,2
"1139",5,12,"conf_166",5000,40,2.66e-08,2
"1140",5,12,"conf_166",7500,40,5e-10,2
"1141",5,12,"conf_166",250,41,3181.6629645773,1
"1142",5,12,"conf_166",500,41,3.6323855529,1
"1143",5,12,"conf_166",1500,41,0.0121942957,1
"1144",5,12,"conf_166",2500,41,0.0002412648,1
"1145",5,12,"conf_166",5000,41,1e-09,1
"1146",5,12,"conf_166",7500,41,1e-09,1
"1147",5,12,"conf_166",250,42,8627.2658844056,1
"1148",5,12,"conf_166",500,42,9.43091417,1
"1149",5,12,"conf_166",1500,42,3.061915307,1
"1150",5,12,"conf_166",2500,42,0.6054904792,1
"1151",5,12,"conf_166",5000,42,4.15431e-05,1
"1152",5,12,"conf_166",7500,42,9e-10,1
"1153",5,12,"conf_166",250,43,4147.4006787084,1
"1154",5,12,"conf_166",500,43,23.7537986065,1
"1155",5,12,"conf_166",1500,43,19.421776464,1
"1156",5,12,"conf_166",2500,43,6.4409028361,1
"1157",5,12,"conf_166",5000,43,0.0757939974,1
"1158",5,12,"conf_166",7500,43,1.111e-07,1
"1159",5,12,"conf_166",250,44,2909.1251681493,1
"1160",5,12,"conf_166",500,44,11.6321933281,1
"1161",5,12,"conf_166",1500,44,5.1410839685,1
"1162",5,12,"conf_166",2500,44,0.9881688007,1
"1163",5,12,"conf_166",5000,44,0.0002556717,1
"1164",5,12,"conf_166",7500,44,1e-09,1
"1165",5,12,"conf_166",250,45,6590.6647962991,1
"1166",5,12,"conf_166",500,45,5.0938702104,1
"1167",5,12,"conf_166",1500,45,0.1150086481,1
"1168",5,12,"conf_166",2500,45,0.0031240083,1
"1169",5,12,"conf_166",5000,45,9e-10,1
"1170",5,12,"conf_166",7500,45,9e-10,1
"1171",5,12,"conf_166",250,46,28087.2957591632,1
"1172",5,12,"conf_166",500,46,52.7793042537,1
"1173",5,12,"conf_166",1500,46,3.9183821137,1
"1174",5,12,"conf_166",2500,46,0.3651651701,1
"1175",5,12,"conf_166",5000,46,3.06e-08,1
"1176",5,12,"conf_166",7500,46,4e-10,1
"1177",5,12,"conf_166",250,47,8623.0275456497,1
"1178",5,12,"conf_166",500,47,5.4488102281,1
"1179",5,12,"conf_166",1500,47,0.0006530798,1
"1180",5,12,"conf_166",2500,47,1.8552e-06,1
"1181",5,12,"conf_166",5000,47,4e-10,1
"1182",5,12,"conf_166",7500,47,4e-10,1
"1183",5,12,"conf_166",250,48,1673.2220072666,1
"1184",5,12,"conf_166",500,48,5.1767566525,1
"1185",5,12,"conf_166",1500,48,1.6498775552,1
"1186",5,12,"conf_166",2500,48,0.0083140087,1
"1187",5,12,"conf_166",5000,48,6e-10,1
"1188",5,12,"conf_166",7500,48,6e-10,1
"1189",5,12,"conf_166",250,49,38183.3031993463,1
"1190",5,12,"conf_166",500,49,45.6552902784,1
"1191",5,12,"conf_166",1500,49,0.1780779327,1
"1192",5,12,"conf_166",2500,49,0.0001511038,1
"1193",5,12,"conf_166",5000,49,8e-10,1
"1194",5,12,"conf_166",7500,49,8e-10,1
"1195",5,12,"conf_166",250,50,3419.5840556973,1
"1196",5,12,"conf_166",500,50,4.6383345541,1
"1197",5,12,"conf_166",1500,50,1.5936156048,1
"1198",5,12,"conf_166",2500,50,0.2569782639,1
"1199",5,12,"conf_166",5000,50,6.282e-07,1
"1200",5,12,"conf_166",7500,50,1e-09,1
"1201",5,13,"conf_166",250,1,10.3830507191,3
"1202",5,13,"conf_166",500,1,0.4393122519,3
"1203",5,13,"conf_166",1500,1,0.1907745212,3
"1204",5,13,"conf_166",2500,1,2.3028e-06,3
"1205",5,13,"conf_166",5000,1,9e-10,3
"1206",5,13,"conf_166",7500,1,9e-10,3
"1207",5,13,"conf_166",250,2,21.2454996136,3
"1208",5,13,"conf_166",500,2,0.6053511606,3
"1209",5,13,"conf_166",1500,2,0.3411832422,3
"1210",5,13,"conf_166",2500,2,0.3304965648,3
"1211",5,13,"conf_166",5000,2,1e-09,3
"1212",5,13,"conf_166",7500,2,1e-09,3
"1213",5,13,"conf_166",250,3,17.7785443077,3
"1214",5,13,"conf_166",500,3,3.5153087685,3
"1215",5,13,"conf_166",1500,3,0.0471168031,3
"1216",5,13,"conf_166",2500,3,9.3938e-06,3
"1217",5,13,"conf_166",5000,3,8e-10,3
"1218",5,13,"conf_166",7500,3,8e-10,3
"1219",5,13,"conf_166",250,4,32.271615301,3
"1220",5,13,"conf_166",500,4,1.8353978152,3
"1221",5,13,"conf_166",1500,4,1.5911646515,3
"1222",5,13,"conf_166",2500,4,4.73194e-05,3
"1223",5,13,"conf_166",5000,4,1e-09,3
"1224",5,13,"conf_166",7500,4,1e-09,3
"1225",5,13,"conf_166",250,5,23.0430578768,3
"1226",5,13,"conf_166",500,5,3.2074749381,3
"1227",5,13,"conf_166",1500,5,0.0012142232,3
"1228",5,13,"conf_166",2500,5,5.53216e-05,3
"1229",5,13,"conf_166",5000,5,7e-10,3
"1230",5,13,"conf_166",7500,5,7e-10,3
"1231",5,13,"conf_166",250,6,49.6161089906,3
"1232",5,13,"conf_166",500,6,6.3164245045,3
"1233",5,13,"conf_166",1500,6,0.0008115059,3
"1234",5,13,"conf_166",2500,6,0.0001204716,3
"1235",5,13,"conf_166",5000,6,8e-10,3
"1236",5,13,"conf_166",7500,6,8e-10,3
"1237",5,13,"conf_166",250,7,29.6306559011,3
"1238",5,13,"conf_166",500,7,7.8192537418,3
"1239",5,13,"conf_166",1500,7,0.1300253573,3
"1240",5,13,"conf_166",2500,7,3.5968e-06,3
"1241",5,13,"conf_166",5000,7,1e-09,3
"1242",5,13,"conf_166",7500,7,1e-09,3
"1243",5,13,"conf_166",250,8,18.7478687356,3
"1244",5,13,"conf_166",500,8,0.5860689627,3
"1245",5,13,"conf_166",1500,8,0.2046192546,3
"1246",5,13,"conf_166",2500,8,0.0411594474,3
"1247",5,13,"conf_166",5000,8,8e-10,3
"1248",5,13,"conf_166",7500,8,8e-10,3
"1249",5,13,"conf_166",250,9,49.416299747,3
"1250",5,13,"conf_166",500,9,10.8470004713,3
"1251",5,13,"conf_166",1500,9,0.0064289823,3
"1252",5,13,"conf_166",2500,9,6.2581e-05,3
"1253",5,13,"conf_166",5000,9,6e-10,3
"1254",5,13,"conf_166",7500,9,6e-10,3
"1255",5,13,"conf_166",250,10,26.2171548181,3
"1256",5,13,"conf_166",500,10,11.3139851084,3
"1257",5,13,"conf_166",1500,10,10.6599045269,3
"1258",5,13,"conf_166",2500,10,0.0001683132,3
"1259",5,13,"conf_166",5000,10,8e-10,3
"1260",5,13,"conf_166",7500,10,8e-10,3
"1261",5,13,"conf_166",250,11,29.6833339406,5
"1262",5,13,"conf_166",500,11,2.3791356279,5
"1263",5,13,"conf_166",1500,11,0.0015812777,5
"1264",5,13,"conf_166",2500,11,0.0015805959,5
"1265",5,13,"conf_166",5000,11,1.9e-09,5
"1266",5,13,"conf_166",7500,11,1.6e-09,5
"1267",5,13,"conf_166",250,12,32.7144048261,5
"1268",5,13,"conf_166",500,12,7.1917263845,5
"1269",5,13,"conf_166",1500,12,0.0131333291,5
"1270",5,13,"conf_166",2500,12,0.0001108081,5
"1271",5,13,"conf_166",5000,12,9e-10,5
"1272",5,13,"conf_166",7500,12,9e-10,5
"1273",5,13,"conf_166",250,13,10.8944586267,5
"1274",5,13,"conf_166",500,13,5.5841596389,5
"1275",5,13,"conf_166",1500,13,0.0004389915,5
"1276",5,13,"conf_166",2500,13,0.0001471154,5
"1277",5,13,"conf_166",5000,13,7e-10,5
"1278",5,13,"conf_166",7500,13,7e-10,5
"1279",5,13,"conf_166",250,14,17.4988648465,5
"1280",5,13,"conf_166",500,14,3.0016352146,5
"1281",5,13,"conf_166",1500,14,0.0005261025,5
"1282",5,13,"conf_166",2500,14,1.86683e-05,5
"1283",5,13,"conf_166",5000,14,1e-09,5
"1284",5,13,"conf_166",7500,14,1e-09,5
"1285",5,13,"conf_166",250,15,9.7293880982,5
"1286",5,13,"conf_166",500,15,5.9841535132,5
"1287",5,13,"conf_166",1500,15,0.0067604666,5
"1288",5,13,"conf_166",2500,15,1.324e-07,5
"1289",5,13,"conf_166",5000,15,6.88e-08,5
"1290",5,13,"conf_166",7500,15,6.88e-08,5
"1291",5,13,"conf_166",250,16,37.5735776718,5
"1292",5,13,"conf_166",500,16,0.7527686244,5
"1293",5,13,"conf_166",1500,16,0.0875753751,5
"1294",5,13,"conf_166",2500,16,5.9295e-06,5
"1295",5,13,"conf_166",5000,16,1e-09,5
"1296",5,13,"conf_166",7500,16,1e-09,5
"1297",5,13,"conf_166",250,17,22.5859237714,5
"1298",5,13,"conf_166",500,17,3.2399906272,5
"1299",5,13,"conf_166",1500,17,0.0161112242,5
"1300",5,13,"conf_166",2500,17,8.29275e-05,5
"1301",5,13,"conf_166",5000,17,8e-10,5
"1302",5,13,"conf_166",7500,17,8e-10,5
"1303",5,13,"conf_166",250,18,35.2640594015,5
"1304",5,13,"conf_166",500,18,3.671734718,5
"1305",5,13,"conf_166",1500,18,1.0919772274,5
"1306",5,13,"conf_166",2500,18,6.91121e-05,5
"1307",5,13,"conf_166",5000,18,1e-09,5
"1308",5,13,"conf_166",7500,18,1e-09,5
"1309",5,13,"conf_166",250,19,40.1340503821,5
"1310",5,13,"conf_166",500,19,27.6286637597,5
"1311",5,13,"conf_166",1500,19,0.0044133081,5
"1312",5,13,"conf_166",2500,19,0.0002118592,5
"1313",5,13,"conf_166",5000,19,9e-10,5
"1314",5,13,"conf_166",7500,19,9e-10,5
"1315",5,13,"conf_166",250,20,22.6440816267,5
"1316",5,13,"conf_166",500,20,1.0653437026,5
"1317",5,13,"conf_166",1500,20,0.954879489,5
"1318",5,13,"conf_166",2500,20,0.0005007493,5
"1319",5,13,"conf_166",5000,20,9e-10,5
"1320",5,13,"conf_166",7500,20,9e-10,5
"1321",5,13,"conf_166",250,21,22.1785577999,1
"1322",5,13,"conf_166",500,21,0.5527691071,1
"1323",5,13,"conf_166",1500,21,0.2191876181,1
"1324",5,13,"conf_166",2500,21,0.0005198667,1
"1325",5,13,"conf_166",5000,21,6e-10,1
"1326",5,13,"conf_166",7500,21,6e-10,1
"1327",5,13,"conf_166",250,22,18.3897750165,1
"1328",5,13,"conf_166",500,22,0.226477001,1
"1329",5,13,"conf_166",1500,22,0.0209160253,1
"1330",5,13,"conf_166",2500,22,0.0209156633,1
"1331",5,13,"conf_166",5000,22,0.0014424395,1
"1332",5,13,"conf_166",7500,22,7.43e-08,1
"1333",5,13,"conf_166",250,23,18.5897049612,1
"1334",5,13,"conf_166",500,23,4.3350927614,1
"1335",5,13,"conf_166",1500,23,0.0815330056,1
"1336",5,13,"conf_166",2500,23,3.75702e-05,1
"1337",5,13,"conf_166",5000,23,7e-10,1
"1338",5,13,"conf_166",7500,23,7e-10,1
"1339",5,13,"conf_166",250,24,19.899570288,1
"1340",5,13,"conf_166",500,24,2.7848262369,1
"1341",5,13,"conf_166",1500,24,2.4958977602,1
"1342",5,13,"conf_166",2500,24,5.38862e-05,1
"1343",5,13,"conf_166",5000,24,9e-10,1
"1344",5,13,"conf_166",7500,24,9e-10,1
"1345",5,13,"conf_166",250,25,36.2793649023,1
"1346",5,13,"conf_166",500,25,9.6526494883,1
"1347",5,13,"conf_166",1500,25,0.0026526904,1
"1348",5,13,"conf_166",2500,25,3.162e-07,1
"1349",5,13,"conf_166",5000,25,7e-10,1
"1350",5,13,"conf_166",7500,25,7e-10,1
"1351",5,13,"conf_166",250,26,37.3879254588,1
"1352",5,13,"conf_166",500,26,29.0522600392,1
"1353",5,13,"conf_166",1500,26,0.0132482463,1
"1354",5,13,"conf_166",2500,26,0.0128916964,1
"1355",5,13,"conf_166",5000,26,4e-10,1
"1356",5,13,"conf_166",7500,26,4e-10,1
"1357",5,13,"conf_166",250,27,13.4392907068,1
"1358",5,13,"conf_166",500,27,1.9006326814,1
"1359",5,13,"conf_166",1500,27,1.1288475659,1
"1360",5,13,"conf_166",2500,27,4.03206e-05,1
"1361",5,13,"conf_166",5000,27,1e-09,1
"1362",5,13,"conf_166",7500,27,1e-09,1
"1363",5,13,"conf_166",250,28,26.7158502589,1
"1364",5,13,"conf_166",500,28,3.274923895,1
"1365",5,13,"conf_166",1500,28,0.010606616,1
"1366",5,13,"conf_166",2500,28,0.0004848235,1
"1367",5,13,"conf_166",5000,28,5e-10,1
"1368",5,13,"conf_166",7500,28,5e-10,1
"1369",5,13,"conf_166",250,29,25.367375703,1
"1370",5,13,"conf_166",500,29,9.8980170694,1
"1371",5,13,"conf_166",1500,29,0.0053801321,1
"1372",5,13,"conf_166",2500,29,7.097e-07,1
"1373",5,13,"conf_166",5000,29,9e-10,1
"1374",5,13,"conf_166",7500,29,9e-10,1
"1375",5,13,"conf_166",250,30,14.1918516558,1
"1376",5,13,"conf_166",500,30,0.4742655149,1
"1377",5,13,"conf_166",1500,30,0.2882262881,1
"1378",5,13,"conf_166",2500,30,0.2882109853,1
"1379",5,13,"conf_166",5000,30,8.1e-09,1
"1380",5,13,"conf_166",7500,30,8e-10,1
"1381",5,13,"conf_166",250,31,65.558349363,4
"1382",5,13,"conf_166",500,31,8.1367053857,4
"1383",5,13,"conf_166",1500,31,0.0009164385,4
"1384",5,13,"conf_166",2500,31,3.70965e-05,4
"1385",5,13,"conf_166",5000,31,9e-10,4
"1386",5,13,"conf_166",7500,31,9e-10,4
"1387",5,13,"conf_166",250,32,25.3527832764,4
"1388",5,13,"conf_166",500,32,5.3089700498,4
"1389",5,13,"conf_166",1500,32,0.0005875134,4
"1390",5,13,"conf_166",2500,32,2.14371e-05,4
"1391",5,13,"conf_166",5000,32,1e-09,4
"1392",5,13,"conf_166",7500,32,1e-09,4
"1393",5,13,"conf_166",250,33,20.8921033283,4
"1394",5,13,"conf_166",500,33,0.9271675045,4
"1395",5,13,"conf_166",1500,33,0.0005218291,4
"1396",5,13,"conf_166",2500,33,0.0005214999,4
"1397",5,13,"conf_166",5000,33,0.0005214999,4
"1398",5,13,"conf_166",7500,33,4.13e-08,4
"1399",5,13,"conf_166",250,34,16.3745502734,4
"1400",5,13,"conf_166",500,34,2.0148364505,4
"1401",5,13,"conf_166",1500,34,0.1031544042,4
"1402",5,13,"conf_166",2500,34,1.4228e-06,4
"1403",5,13,"conf_166",5000,34,5e-10,4
"1404",5,13,"conf_166",7500,34,5e-10,4
"1405",5,13,"conf_166",250,35,28.3447158632,4
"1406",5,13,"conf_166",500,35,7.7436985563,4
"1407",5,13,"conf_166",1500,35,0.0007384383,4
"1408",5,13,"conf_166",2500,35,1.92809e-05,4
"1409",5,13,"conf_166",5000,35,1e-09,4
"1410",5,13,"conf_166",7500,35,1e-09,4
"1411",5,13,"conf_166",250,36,36.1115446916,4
"1412",5,13,"conf_166",500,36,1.1038919644,4
"1413",5,13,"conf_166",1500,36,0.091834792,4
"1414",5,13,"conf_166",2500,36,0.0002918404,4
"1415",5,13,"conf_166",5000,36,4.06e-08,4
"1416",5,13,"conf_166",7500,36,4.06e-08,4
"1417",5,13,"conf_166",250,37,47.5225384224,4
"1418",5,13,"conf_166",500,37,18.7223930551,4
"1419",5,13,"conf_166",1500,37,0.0075728657,4
"1420",5,13,"conf_166",2500,37,2.1652e-06,4
"1421",5,13,"conf_166",5000,37,7e-10,4
"1422",5,13,"conf_166",7500,37,7e-10,4
"1423",5,13,"conf_166",250,38,17.4074604504,4
"1424",5,13,"conf_166",500,38,12.2197462706,4
"1425",5,13,"conf_166",1500,38,0.3126506017,4
"1426",5,13,"conf_166",2500,38,0.0001064942,4
"1427",5,13,"conf_166",5000,38,9e-10,4
"1428",5,13,"conf_166",7500,38,9e-10,4
"1429",5,13,"conf_166",250,39,17.9114676246,4
"1430",5,13,"conf_166",500,39,3.8708318203,4
"1431",5,13,"conf_166",1500,39,3.1367649283,4
"1432",5,13,"conf_166",2500,39,0.0001208576,4
"1433",5,13,"conf_166",5000,39,1e-09,4
"1434",5,13,"conf_166",7500,39,1e-09,4
"1435",5,13,"conf_166",250,40,15.5825288825,4
"1436",5,13,"conf_166",500,40,0.7846865941,4
"1437",5,13,"conf_166",1500,40,0.3517808513,4
"1438",5,13,"conf_166",2500,40,4.09932e-05,4
"1439",5,13,"conf_166",5000,40,8e-10,4
"1440",5,13,"conf_166",7500,40,8e-10,4
"1441",5,13,"conf_166",250,41,22.2347119853,2
"1442",5,13,"conf_166",500,41,2.0323999186,2
"1443",5,13,"conf_166",1500,41,0.1570243138,2
"1444",5,13,"conf_166",2500,41,8.97062e-05,2
"1445",5,13,"conf_166",5000,41,9e-10,2
"1446",5,13,"conf_166",7500,41,9e-10,2
"1447",5,13,"conf_166",250,42,10.6333404578,2
"1448",5,13,"conf_166",500,42,0.7183921405,2
"1449",5,13,"conf_166",1500,42,0.155224125,2
"1450",5,13,"conf_166",2500,42,0.0009955066,2
"1451",5,13,"conf_166",5000,42,6e-10,2
"1452",5,13,"conf_166",7500,42,6e-10,2
"1453",5,13,"conf_166",250,43,30.492142016,2
"1454",5,13,"conf_166",500,43,1.5962953028,2
"1455",5,13,"conf_166",1500,43,1.2040164814,2
"1456",5,13,"conf_166",2500,43,0.0003229468,2
"1457",5,13,"conf_166",5000,43,1.39e-08,2
"1458",5,13,"conf_166",7500,43,1.39e-08,2
"1459",5,13,"conf_166",250,44,16.6719158596,2
"1460",5,13,"conf_166",500,44,11.5090409532,2
"1461",5,13,"conf_166",1500,44,0.0148104982,2
"1462",5,13,"conf_166",2500,44,5.5749e-06,2
"1463",5,13,"conf_166",5000,44,1e-09,2
"1464",5,13,"conf_166",7500,44,1e-09,2
"1465",5,13,"conf_166",250,45,22.5081557338,2
"1466",5,13,"conf_166",500,45,2.2982448589,2
"1467",5,13,"conf_166",1500,45,0.0371163234,2
"1468",5,13,"conf_166",2500,45,1.02813e-05,2
"1469",5,13,"conf_166",5000,45,7e-10,2
"1470",5,13,"conf_166",7500,45,7e-10,2
"1471",5,13,"conf_166",250,46,17.5105752792,2
"1472",5,13,"conf_166",500,46,0.9016721376,2
"1473",5,13,"conf_166",1500,46,0.0028070812,2
"1474",5,13,"conf_166",2500,46,0.0001630019,2
"1475",5,13,"conf_166",5000,46,1e-09,2
"1476",5,13,"conf_166",7500,46,1e-09,2
"1477",5,13,"conf_166",250,47,11.3858380211,2
"1478",5,13,"conf_166",500,47,2.3647300717,2
"1479",5,13,"conf_166",1500,47,0.9203092617,2
"1480",5,13,"conf_166",2500,47,0.0004276059,2
"1481",5,13,"conf_166",5000,47,8e-10,2
"1482",5,13,"conf_166",7500,47,8e-10,2
"1483",5,13,"conf_166",250,48,25.1166243098,2
"1484",5,13,"conf_166",500,48,2.3122054665,2
"1485",5,13,"conf_166",1500,48,0.742019347,2
"1486",5,13,"conf_166",2500,48,3.95137e-05,2
"1487",5,13,"conf_166",5000,48,8e-10,2
"1488",5,13,"conf_166",7500,48,8e-10,2
"1489",5,13,"conf_166",250,49,32.0297052192,2
"1490",5,13,"conf_166",500,49,1.3652380254,2
"1491",5,13,"conf_166",1500,49,0.0918458511,2
"1492",5,13,"conf_166",2500,49,2.89944e-05,2
"1493",5,13,"conf_166",5000,49,8e-10,2
"1494",5,13,"conf_166",7500,49,8e-10,2
"1495",5,13,"conf_166",250,50,12.5756934223,2
"1496",5,13,"conf_166",500,50,0.7592545979,2
"1497",5,13,"conf_166",1500,50,0.1733988844,2
"1498",5,13,"conf_166",2500,50,0.0002809431,2
"1499",5,13,"conf_166",5000,50,2.1e-09,2
"1500",5,13,"conf_166",7500,50,8e-10,2
"1501",5,14,"conf_166",250,1,0.0247290275,5
"1502",5,14,"conf_166",500,1,0.0008217943,5
"1503",5,14,"conf_166",1500,1,7.291e-07,5
"1504",5,14,"conf_166",2500,1,5.4e-09,5
"1505",5,14,"conf_166",5000,1,1e-09,5
"1506",5,14,"conf_166",7500,1,1e-09,5
"1507",5,14,"conf_166",250,2,0.0492976346,5
"1508",5,14,"conf_166",500,2,0.0056111864,5
"1509",5,14,"conf_166",1500,2,5.7043e-06,5
"1510",5,14,"conf_166",2500,2,1.29e-08,5
"1511",5,14,"conf_166",5000,2,8e-10,5
"1512",5,14,"conf_166",7500,2,8e-10,5
"1513",5,14,"conf_166",250,3,0.018396497,5
"1514",5,14,"conf_166",500,3,0.0043692703,5
"1515",5,14,"conf_166",1500,3,1.386e-06,5
"1516",5,14,"conf_166",2500,3,1.6e-09,5
"1517",5,14,"conf_166",5000,3,9e-10,5
"1518",5,14,"conf_166",7500,3,9e-10,5
"1519",5,14,"conf_166",250,4,0.0310930183,5
"1520",5,14,"conf_166",500,4,0.0026844354,5
"1521",5,14,"conf_166",1500,4,3.2766e-06,5
"1522",5,14,"conf_166",2500,4,1.23e-08,5
"1523",5,14,"conf_166",5000,4,7e-10,5
"1524",5,14,"conf_166",7500,4,7e-10,5
"1525",5,14,"conf_166",250,5,0.0483368769,5
"1526",5,14,"conf_166",500,5,0.0019813351,5
"1527",5,14,"conf_166",1500,5,5.743e-06,5
"1528",5,14,"conf_166",2500,5,1.28e-08,5
"1529",5,14,"conf_166",5000,5,1e-09,5
"1530",5,14,"conf_166",7500,5,1e-09,5
"1531",5,14,"conf_166",250,6,0.0252468959,5
"1532",5,14,"conf_166",500,6,0.0016335559,5
"1533",5,14,"conf_166",1500,6,3.2471e-06,5
"1534",5,14,"conf_166",2500,6,2.8e-09,5
"1535",5,14,"conf_166",5000,6,8e-10,5
"1536",5,14,"conf_166",7500,6,8e-10,5
"1537",5,14,"conf_166",250,7,0.0372735772,5
"1538",5,14,"conf_166",500,7,0.0016176619,5
"1539",5,14,"conf_166",1500,7,9.522e-06,5
"1540",5,14,"conf_166",2500,7,5.4e-09,5
"1541",5,14,"conf_166",5000,7,9e-10,5
"1542",5,14,"conf_166",7500,7,9e-10,5
"1543",5,14,"conf_166",250,8,0.0113247737,5
"1544",5,14,"conf_166",500,8,0.0034294197,5
"1545",5,14,"conf_166",1500,8,2.4775e-06,5
"1546",5,14,"conf_166",2500,8,1.05e-08,5
"1547",5,14,"conf_166",5000,8,9e-10,5
"1548",5,14,"conf_166",7500,8,9e-10,5
"1549",5,14,"conf_166",250,9,0.0583000005,5
"1550",5,14,"conf_166",500,9,0.0010969849,5
"1551",5,14,"conf_166",1500,9,1.8644e-06,5
"1552",5,14,"conf_166",2500,9,6.7e-09,5
"1553",5,14,"conf_166",5000,9,9e-10,5
"1554",5,14,"conf_166",7500,9,9e-10,5
"1555",5,14,"conf_166",250,10,0.0133256848,5
"1556",5,14,"conf_166",500,10,0.0021954196,5
"1557",5,14,"conf_166",1500,10,2.4322e-06,5
"1558",5,14,"conf_166",2500,10,3.8e-09,5
"1559",5,14,"conf_166",5000,10,6e-10,5
"1560",5,14,"conf_166",7500,10,6e-10,5
"1561",5,14,"conf_166",250,11,0.0362069925,3
"1562",5,14,"conf_166",500,11,0.0025945716,3
"1563",5,14,"conf_166",1500,11,4.9722e-06,3
"1564",5,14,"conf_166",2500,11,1e-09,3
"1565",5,14,"conf_166",5000,11,1e-09,3
"1566",5,14,"conf_166",7500,11,1e-09,3
"1567",5,14,"conf_166",250,12,0.0499921549,3
"1568",5,14,"conf_166",500,12,0.0003986493,3
"1569",5,14,"conf_166",1500,12,3.701e-06,3
"1570",5,14,"conf_166",2500,12,5e-09,3
"1571",5,14,"conf_166",5000,12,9e-10,3
"1572",5,14,"conf_166",7500,12,9e-10,3
"1573",5,14,"conf_166",250,13,0.0183944462,3
"1574",5,14,"conf_166",500,13,0.0009464438,3
"1575",5,14,"conf_166",1500,13,1.8274e-06,3
"1576",5,14,"conf_166",2500,13,4e-10,3
"1577",5,14,"conf_166",5000,13,4e-10,3
"1578",5,14,"conf_166",7500,13,4e-10,3
"1579",5,14,"conf_166",250,14,0.0212531551,3
"1580",5,14,"conf_166",500,14,0.0020499067,3
"1581",5,14,"conf_166",1500,14,1.9053e-06,3
"1582",5,14,"conf_166",2500,14,1.08e-08,3
"1583",5,14,"conf_166",5000,14,1e-09,3
"1584",5,14,"conf_166",7500,14,1e-09,3
"1585",5,14,"conf_166",250,15,0.0262126554,3
"1586",5,14,"conf_166",500,15,0.0012304165,3
"1587",5,14,"conf_166",1500,15,6.1983e-06,3
"1588",5,14,"conf_166",2500,15,4e-09,3
"1589",5,14,"conf_166",5000,15,1e-09,3
"1590",5,14,"conf_166",7500,15,1e-09,3
"1591",5,14,"conf_166",250,16,0.0588998804,3
"1592",5,14,"conf_166",500,16,0.0016868918,3
"1593",5,14,"conf_166",1500,16,1.04529e-05,3
"1594",5,14,"conf_166",2500,16,5.2e-09,3
"1595",5,14,"conf_166",5000,16,8e-10,3
"1596",5,14,"conf_166",7500,16,8e-10,3
"1597",5,14,"conf_166",250,17,0.0232381429,3
"1598",5,14,"conf_166",500,17,0.0010514061,3
"1599",5,14,"conf_166",1500,17,2.1079e-06,3
"1600",5,14,"conf_166",2500,17,1.8e-09,3
"1601",5,14,"conf_166",5000,17,1e-09,3
"1602",5,14,"conf_166",7500,17,1e-09,3
"1603",5,14,"conf_166",250,18,0.0252478124,3
"1604",5,14,"conf_166",500,18,0.0034551473,3
"1605",5,14,"conf_166",1500,18,1.4528e-06,3
"1606",5,14,"conf_166",2500,18,1.3e-09,3
"1607",5,14,"conf_166",5000,18,9e-10,3
"1608",5,14,"conf_166",7500,18,9e-10,3
"1609",5,14,"conf_166",250,19,0.0736860427,3
"1610",5,14,"conf_166",500,19,0.0010846792,3
"1611",5,14,"conf_166",1500,19,7.4762e-06,3
"1612",5,14,"conf_166",2500,19,1.3e-09,3
"1613",5,14,"conf_166",5000,19,1e-09,3
"1614",5,14,"conf_166",7500,19,1e-09,3
"1615",5,14,"conf_166",250,20,0.0956349067,3
"1616",5,14,"conf_166",500,20,0.0087193232,3
"1617",5,14,"conf_166",1500,20,6.0154e-06,3
"1618",5,14,"conf_166",2500,20,3.48e-08,3
"1619",5,14,"conf_166",5000,20,9e-10,3
"1620",5,14,"conf_166",7500,20,9e-10,3
"1621",5,14,"conf_166",250,21,0.086258379,4
"1622",5,14,"conf_166",500,21,0.0024405142,4
"1623",5,14,"conf_166",1500,21,7.5098e-06,4
"1624",5,14,"conf_166",2500,21,5e-09,4
"1625",5,14,"conf_166",5000,21,1e-09,4
"1626",5,14,"conf_166",7500,21,1e-09,4
"1627",5,14,"conf_166",250,22,0.0911631021,4
"1628",5,14,"conf_166",500,22,0.0143342414,4
"1629",5,14,"conf_166",1500,22,4.34022e-05,4
"1630",5,14,"conf_166",2500,22,1.37e-08,4
"1631",5,14,"conf_166",5000,22,8e-10,4
"1632",5,14,"conf_166",7500,22,8e-10,4
"1633",5,14,"conf_166",250,23,0.009830921,4
"1634",5,14,"conf_166",500,23,0.0006938827,4
"1635",5,14,"conf_166",1500,23,1.7967e-06,4
"1636",5,14,"conf_166",2500,23,1.2e-09,4
"1637",5,14,"conf_166",5000,23,9e-10,4
"1638",5,14,"conf_166",7500,23,9e-10,4
"1639",5,14,"conf_166",250,24,0.1325732275,4
"1640",5,14,"conf_166",500,24,0.0076930903,4
"1641",5,14,"conf_166",1500,24,9.9788e-06,4
"1642",5,14,"conf_166",2500,24,2.6e-09,4
"1643",5,14,"conf_166",5000,24,9e-10,4
"1644",5,14,"conf_166",7500,24,9e-10,4
"1645",5,14,"conf_166",250,25,0.0116580967,4
"1646",5,14,"conf_166",500,25,0.0012894503,4
"1647",5,14,"conf_166",1500,25,4.4004e-06,4
"1648",5,14,"conf_166",2500,25,9.5e-09,4
"1649",5,14,"conf_166",5000,25,1e-09,4
"1650",5,14,"conf_166",7500,25,1e-09,4
"1651",5,14,"conf_166",250,26,0.0276232276,4
"1652",5,14,"conf_166",500,26,0.0030514963,4
"1653",5,14,"conf_166",1500,26,5.9232e-06,4
"1654",5,14,"conf_166",2500,26,3.6e-09,4
"1655",5,14,"conf_166",5000,26,1e-09,4
"1656",5,14,"conf_166",7500,26,1e-09,4
"1657",5,14,"conf_166",250,27,0.0430226598,4
"1658",5,14,"conf_166",500,27,0.0008873961,4
"1659",5,14,"conf_166",1500,27,2.7352e-06,4
"1660",5,14,"conf_166",2500,27,1.5e-09,4
"1661",5,14,"conf_166",5000,27,1e-09,4
"1662",5,14,"conf_166",7500,27,1e-09,4
"1663",5,14,"conf_166",250,28,0.055984707,4
"1664",5,14,"conf_166",500,28,0.0038344139,4
"1665",5,14,"conf_166",1500,28,1.8369e-06,4
"1666",5,14,"conf_166",2500,28,2.1e-09,4
"1667",5,14,"conf_166",5000,28,1e-09,4
"1668",5,14,"conf_166",7500,28,1e-09,4
"1669",5,14,"conf_166",250,29,0.0425066832,4
"1670",5,14,"conf_166",500,29,0.0087505968,4
"1671",5,14,"conf_166",1500,29,1.8803e-06,4
"1672",5,14,"conf_166",2500,29,2.2e-09,4
"1673",5,14,"conf_166",5000,29,1e-09,4
"1674",5,14,"conf_166",7500,29,1e-09,4
"1675",5,14,"conf_166",250,30,0.0267097731,4
"1676",5,14,"conf_166",500,30,0.0040619268,4
"1677",5,14,"conf_166",1500,30,6.8318e-06,4
"1678",5,14,"conf_166",2500,30,3.7e-09,4
"1679",5,14,"conf_166",5000,30,1e-09,4
"1680",5,14,"conf_166",7500,30,1e-09,4
"1681",5,14,"conf_166",250,31,0.0177148156,1
"1682",5,14,"conf_166",500,31,0.0014677284,1
"1683",5,14,"conf_166",1500,31,8.149e-06,1
"1684",5,14,"conf_166",2500,31,6.3e-09,1
"1685",5,14,"conf_166",5000,31,1e-09,1
"1686",5,14,"conf_166",7500,31,1e-09,1
"1687",5,14,"conf_166",250,32,0.0877533805,1
"1688",5,14,"conf_166",500,32,0.0045941349,1
"1689",5,14,"conf_166",1500,32,6.5235e-06,1
"1690",5,14,"conf_166",2500,32,8e-09,1
"1691",5,14,"conf_166",5000,32,9e-10,1
"1692",5,14,"conf_166",7500,32,9e-10,1
"1693",5,14,"conf_166",250,33,0.034257679,1
"1694",5,14,"conf_166",500,33,0.0020537072,1
"1695",5,14,"conf_166",1500,33,3.557e-06,1
"1696",5,14,"conf_166",2500,33,2e-09,1
"1697",5,14,"conf_166",5000,33,8e-10,1
"1698",5,14,"conf_166",7500,33,8e-10,1
"1699",5,14,"conf_166",250,34,0.0796144107,1
"1700",5,14,"conf_166",500,34,0.002969056,1
"1701",5,14,"conf_166",1500,34,5.2161e-06,1
"1702",5,14,"conf_166",2500,34,7.8e-09,1
"1703",5,14,"conf_166",5000,34,7e-10,1
"1704",5,14,"conf_166",7500,34,7e-10,1
"1705",5,14,"conf_166",250,35,0.0193375433,1
"1706",5,14,"conf_166",500,35,0.0010647013,1
"1707",5,14,"conf_166",1500,35,5.88e-08,1
"1708",5,14,"conf_166",2500,35,1.3e-09,1
"1709",5,14,"conf_166",5000,35,9e-10,1
"1710",5,14,"conf_166",7500,35,9e-10,1
"1711",5,14,"conf_166",250,36,0.0369127726,1
"1712",5,14,"conf_166",500,36,0.0015431683,1
"1713",5,14,"conf_166",1500,36,2.0019e-06,1
"1714",5,14,"conf_166",2500,36,1.4e-09,1
"1715",5,14,"conf_166",5000,36,9e-10,1
"1716",5,14,"conf_166",7500,36,9e-10,1
"1717",5,14,"conf_166",250,37,0.0179806512,1
"1718",5,14,"conf_166",500,37,0.0029120842,1
"1719",5,14,"conf_166",1500,37,1.2484e-06,1
"1720",5,14,"conf_166",2500,37,2e-09,1
"1721",5,14,"conf_166",5000,37,9e-10,1
"1722",5,14,"conf_166",7500,37,9e-10,1
"1723",5,14,"conf_166",250,38,0.0230602218,1
"1724",5,14,"conf_166",500,38,0.0009019654,1
"1725",5,14,"conf_166",1500,38,3.2372e-06,1
"1726",5,14,"conf_166",2500,38,3.1e-09,1
"1727",5,14,"conf_166",5000,38,1e-09,1
"1728",5,14,"conf_166",7500,38,1e-09,1
"1729",5,14,"conf_166",250,39,0.0110509216,1
"1730",5,14,"conf_166",500,39,0.0015745273,1
"1731",5,14,"conf_166",1500,39,5.3422e-06,1
"1732",5,14,"conf_166",2500,39,4.7e-09,1
"1733",5,14,"conf_166",5000,39,7e-10,1
"1734",5,14,"conf_166",7500,39,7e-10,1
"1735",5,14,"conf_166",250,40,0.0490034017,1
"1736",5,14,"conf_166",500,40,0.0042322833,1
"1737",5,14,"conf_166",1500,40,7.53e-07,1
"1738",5,14,"conf_166",2500,40,1.22e-08,1
"1739",5,14,"conf_166",5000,40,9e-10,1
"1740",5,14,"conf_166",7500,40,9e-10,1
"1741",5,14,"conf_166",250,41,0.0226455807,2
"1742",5,14,"conf_166",500,41,0.0016681461,2
"1743",5,14,"conf_166",1500,41,4.933e-07,2
"1744",5,14,"conf_166",2500,41,6.5e-09,2
"1745",5,14,"conf_166",5000,41,1e-09,2
"1746",5,14,"conf_166",7500,41,1e-09,2
"1747",5,14,"conf_166",250,42,0.0195914812,2
"1748",5,14,"conf_166",500,42,0.0023748206,2
"1749",5,14,"conf_166",1500,42,7.1557e-06,2
"1750",5,14,"conf_166",2500,42,7.8e-09,2
"1751",5,14,"conf_166",5000,42,6e-10,2
"1752",5,14,"conf_166",7500,42,6e-10,2
"1753",5,14,"conf_166",250,43,0.0113616622,2
"1754",5,14,"conf_166",500,43,0.0015469636,2
"1755",5,14,"conf_166",1500,43,2.6199e-06,2
"1756",5,14,"conf_166",2500,43,1.4e-09,2
"1757",5,14,"conf_166",5000,43,9e-10,2
"1758",5,14,"conf_166",7500,43,9e-10,2
"1759",5,14,"conf_166",250,44,0.0553068561,2
"1760",5,14,"conf_166",500,44,0.0033698335,2
"1761",5,14,"conf_166",1500,44,5.3611e-06,2
"1762",5,14,"conf_166",2500,44,4.5e-09,2
"1763",5,14,"conf_166",5000,44,9e-10,2
"1764",5,14,"conf_166",7500,44,9e-10,2
"1765",5,14,"conf_166",250,45,0.0305524324,2
"1766",5,14,"conf_166",500,45,0.0007435436,2
"1767",5,14,"conf_166",1500,45,2.2332e-06,2
"1768",5,14,"conf_166",2500,45,3.2e-09,2
"1769",5,14,"conf_166",5000,45,1e-09,2
"1770",5,14,"conf_166",7500,45,1e-09,2
"1771",5,14,"conf_166",250,46,0.0583731161,2
"1772",5,14,"conf_166",500,46,0.0014375841,2
"1773",5,14,"conf_166",1500,46,3.1757e-06,2
"1774",5,14,"conf_166",2500,46,1.05e-08,2
"1775",5,14,"conf_166",5000,46,7e-10,2
"1776",5,14,"conf_166",7500,46,7e-10,2
"1777",5,14,"conf_166",250,47,0.013743189,2
"1778",5,14,"conf_166",500,47,0.0002764521,2
"1779",5,14,"conf_166",1500,47,9.827e-07,2
"1780",5,14,"conf_166",2500,47,1e-09,2
"1781",5,14,"conf_166",5000,47,1e-09,2
"1782",5,14,"conf_166",7500,47,1e-09,2
"1783",5,14,"conf_166",250,48,0.044292544,2
"1784",5,14,"conf_166",500,48,0.002945845,2
"1785",5,14,"conf_166",1500,48,6.0398e-06,2
"1786",5,14,"conf_166",2500,48,7e-09,2
"1787",5,14,"conf_166",5000,48,9e-10,2
"1788",5,14,"conf_166",7500,48,9e-10,2
"1789",5,14,"conf_166",250,49,0.0375666372,2
"1790",5,14,"conf_166",500,49,0.000656676,2
"1791",5,14,"conf_166",1500,49,5.955e-07,2
"1792",5,14,"conf_166",2500,49,8e-10,2
"1793",5,14,"conf_166",5000,49,8e-10,2
"1794",5,14,"conf_166",7500,49,8e-10,2
"1795",5,14,"conf_166",250,50,0.0150400536,2
"1796",5,14,"conf_166",500,50,0.001867925,2
"1797",5,14,"conf_166",1500,50,3.3411e-06,2
"1798",5,14,"conf_166",2500,50,2.5e-09,2
"1799",5,14,"conf_166",5000,50,8e-10,2
"1800",5,14,"conf_166",7500,50,8e-10,2
"1801",5,15,"conf_166",250,1,26.1526001991,1
"1802",5,15,"conf_166",500,1,20.4485268429,1
"1803",5,15,"conf_166",1500,1,9.9495804954,1
"1804",5,15,"conf_166",2500,1,4.9179848896,1
"1805",5,15,"conf_166",5000,1,2.9848771713,1
"1806",5,15,"conf_166",7500,1,1.9899209907,1
"1807",5,15,"conf_166",250,2,16.2980673142,1
"1808",5,15,"conf_166",500,2,16.2980673142,1
"1809",5,15,"conf_166",1500,2,2.9848771714,1
"1810",5,15,"conf_166",2500,2,2.9848771713,1
"1811",5,15,"conf_166",5000,2,2.9848771713,1
"1812",5,15,"conf_166",7500,2,2.9848771713,1
"1813",5,15,"conf_166",250,3,15.2085757069,1
"1814",5,15,"conf_166",500,3,15.2085757069,1
"1815",5,15,"conf_166",1500,3,1.9899181145,1
"1816",5,15,"conf_166",2500,3,1.9899181142,1
"1817",5,15,"conf_166",5000,3,1.9899181142,1
"1818",5,15,"conf_166",7500,3,1.9899181142,1
"1819",5,15,"conf_166",250,4,16.4587703411,1
"1820",5,15,"conf_166",500,4,10.1104627263,1
"1821",5,15,"conf_166",1500,4,9.9495804953,1
"1822",5,15,"conf_166",2500,4,3.6199556765,1
"1823",5,15,"conf_166",5000,4,0.9953300851,1
"1824",5,15,"conf_166",7500,4,0.9949591607,1
"1825",5,15,"conf_166",250,5,5.6877517342,1
"1826",5,15,"conf_166",500,5,5.6877517342,1
"1827",5,15,"conf_166",1500,5,5.6877517342,1
"1828",5,15,"conf_166",2500,5,4.6758710061,1
"1829",5,15,"conf_166",5000,5,4.6758710061,1
"1830",5,15,"conf_166",7500,5,2.9848772743,1
"1831",5,15,"conf_166",250,6,10.637821498,1
"1832",5,15,"conf_166",500,6,10.637821498,1
"1833",5,15,"conf_166",1500,6,5.9697493048,1
"1834",5,15,"conf_166",2500,6,5.9697493047,1
"1835",5,15,"conf_166",5000,6,1.9899181142,1
"1836",5,15,"conf_166",7500,6,1.9899181142,1
"1837",5,15,"conf_166",250,7,21.0128157614,1
"1838",5,15,"conf_166",500,7,4.6487584334,1
"1839",5,15,"conf_166",1500,7,1.9899181142,1
"1840",5,15,"conf_166",2500,7,1.9899181142,1
"1841",5,15,"conf_166",5000,7,1.9899181142,1
"1842",5,15,"conf_166",7500,7,1.9899181142,1
"1843",5,15,"conf_166",250,8,13.5423786818,1
"1844",5,15,"conf_166",500,8,4.0077402431,1
"1845",5,15,"conf_166",1500,8,3.9798362284,1
"1846",5,15,"conf_166",2500,8,3.3403157299,1
"1847",5,15,"conf_166",5000,8,2.9848771713,1
"1848",5,15,"conf_166",7500,8,2.9848771713,1
"1849",5,15,"conf_166",250,9,14.2895044333,1
"1850",5,15,"conf_166",500,9,3.0825597202,1
"1851",5,15,"conf_166",1500,9,2.9848771713,1
"1852",5,15,"conf_166",2500,9,2.9848771713,1
"1853",5,15,"conf_166",5000,9,1.9899181142,1
"1854",5,15,"conf_166",7500,9,1.9899181142,1
"1855",5,15,"conf_166",250,10,22.2771544342,1
"1856",5,15,"conf_166",500,10,16.1995359268,1
"1857",5,15,"conf_166",1500,10,6.9647083621,1
"1858",5,15,"conf_166",2500,10,0.9420200478,1
"1859",5,15,"conf_166",5000,10,9e-10,1
"1860",5,15,"conf_166",7500,10,9e-10,1
"1861",5,15,"conf_166",250,11,23.4126277039,3
"1862",5,15,"conf_166",500,11,12.0362333867,3
"1863",5,15,"conf_166",1500,11,2.9848771713,3
"1864",5,15,"conf_166",2500,11,2.9848771713,3
"1865",5,15,"conf_166",5000,11,2.9848771713,3
"1866",5,15,"conf_166",7500,11,2.9848771713,3
"1867",5,15,"conf_166",250,12,26.4298909151,3
"1868",5,15,"conf_166",500,12,26.4298909151,3
"1869",5,15,"conf_166",1500,12,9.9496003406,3
"1870",5,15,"conf_166",2500,12,9.9495804953,3
"1871",5,15,"conf_166",5000,12,1.9899181142,3
"1872",5,15,"conf_166",7500,12,1.9899181142,3
"1873",5,15,"conf_166",250,13,18.7122557401,3
"1874",5,15,"conf_166",500,13,12.3385111123,3
"1875",5,15,"conf_166",1500,13,5.9697493047,3
"1876",5,15,"conf_166",2500,13,5.9697493047,3
"1877",5,15,"conf_166",5000,13,5.9697493047,3
"1878",5,15,"conf_166",7500,13,1.1358944705,3
"1879",5,15,"conf_166",250,14,18.205013714,3
"1880",5,15,"conf_166",500,14,3.2351981988,3
"1881",5,15,"conf_166",1500,14,2.9848771713,3
"1882",5,15,"conf_166",2500,14,2.9848771713,3
"1883",5,15,"conf_166",5000,14,2.9848771713,3
"1884",5,15,"conf_166",7500,14,2.9848771713,3
"1885",5,15,"conf_166",250,15,21.7017809212,3
"1886",5,15,"conf_166",500,15,15.4210724446,3
"1887",5,15,"conf_166",1500,15,3.7508603899,3
"1888",5,15,"conf_166",2500,15,3.7508603899,3
"1889",5,15,"conf_166",5000,15,3.7508603899,3
"1890",5,15,"conf_166",7500,15,3.457046878,3
"1891",5,15,"conf_166",250,16,26.1263405553,3
"1892",5,15,"conf_166",500,16,15.7388425459,3
"1893",5,15,"conf_166",1500,16,12.9344526288,3
"1894",5,15,"conf_166",2500,16,12.9344526288,3
"1895",5,15,"conf_166",5000,16,1.9899181142,3
"1896",5,15,"conf_166",7500,16,1.9899181142,3
"1897",5,15,"conf_166",250,17,17.7204590593,3
"1898",5,15,"conf_166",500,17,8.119512436,3
"1899",5,15,"conf_166",1500,17,6.9647083618,3
"1900",5,15,"conf_166",2500,17,6.4063248595,3
"1901",5,15,"conf_166",5000,17,2.9848771713,3
"1902",5,15,"conf_166",7500,17,2.9848771713,3
"1903",5,15,"conf_166",250,18,21.1882696151,3
"1904",5,15,"conf_166",500,18,21.0814670749,3
"1905",5,15,"conf_166",1500,18,2.9848771955,3
"1906",5,15,"conf_166",2500,18,2.9848771713,3
"1907",5,15,"conf_166",5000,18,1.9899181142,3
"1908",5,15,"conf_166",7500,18,5.34091e-05,3
"1909",5,15,"conf_166",250,19,24.9205179137,3
"1910",5,15,"conf_166",500,19,13.3568494432,3
"1911",5,15,"conf_166",1500,19,5.9697493048,3
"1912",5,15,"conf_166",2500,19,5.9697493047,3
"1913",5,15,"conf_166",5000,19,0.9949595858,3
"1914",5,15,"conf_166",7500,19,0.9949590571,3
"1915",5,15,"conf_166",250,20,11.2135588886,3
"1916",5,15,"conf_166",500,20,1.2626357673,3
"1917",5,15,"conf_166",1500,20,0.9949590571,3
"1918",5,15,"conf_166",2500,20,0.9949590571,3
"1919",5,15,"conf_166",5000,20,0.9949590571,3
"1920",5,15,"conf_166",7500,20,0.9949590571,3
"1921",5,15,"conf_166",250,21,29.4296264194,2
"1922",5,15,"conf_166",500,21,15.8508942784,2
"1923",5,15,"conf_166",1500,21,4.9747902477,2
"1924",5,15,"conf_166",2500,21,4.9747902476,2
"1925",5,15,"conf_166",5000,21,1e-09,2
"1926",5,15,"conf_166",7500,21,1e-09,2
"1927",5,15,"conf_166",250,22,22.485932144,2
"1928",5,15,"conf_166",500,22,11.4332379726,2
"1929",5,15,"conf_166",1500,22,10.9445193557,2
"1930",5,15,"conf_166",2500,22,2.4410108144,2
"1931",5,15,"conf_166",5000,22,1.9899181142,2
"1932",5,15,"conf_166",7500,22,1.9899181142,2
"1933",5,15,"conf_166",250,23,24.5341317625,2
"1934",5,15,"conf_166",500,23,4.0876064746,2
"1935",5,15,"conf_166",1500,23,2.9848771713,2
"1936",5,15,"conf_166",2500,23,2.9848771713,2
"1937",5,15,"conf_166",5000,23,2.9848771713,2
"1938",5,15,"conf_166",7500,23,2.9848771713,2
"1939",5,15,"conf_166",250,24,19.9356149116,2
"1940",5,15,"conf_166",500,24,11.8070061717,2
"1941",5,15,"conf_166",1500,24,6.9647083619,2
"1942",5,15,"conf_166",2500,24,6.9647083618,2
"1943",5,15,"conf_166",5000,24,1.9899181142,2
"1944",5,15,"conf_166",7500,24,1.9899181142,2
"1945",5,15,"conf_166",250,25,19.3403321129,2
"1946",5,15,"conf_166",500,25,18.8129335971,2
"1947",5,15,"conf_166",1500,25,0.9949609795,2
"1948",5,15,"conf_166",2500,25,0.9949590571,2
"1949",5,15,"conf_166",5000,25,0.9949590571,2
"1950",5,15,"conf_166",7500,25,0.9949590571,2
"1951",5,15,"conf_166",250,26,15.3846144068,2
"1952",5,15,"conf_166",500,26,13.6983887304,2
"1953",5,15,"conf_166",1500,26,2.9848771713,2
"1954",5,15,"conf_166",2500,26,2.9848771713,2
"1955",5,15,"conf_166",5000,26,2.9848771713,2
"1956",5,15,"conf_166",7500,26,2.9848771713,2
"1957",5,15,"conf_166",250,27,20.5963056317,2
"1958",5,15,"conf_166",500,27,7.3153028957,2
"1959",5,15,"conf_166",1500,27,6.9647083618,2
"1960",5,15,"conf_166",2500,27,2.0490591646,2
"1961",5,15,"conf_166",5000,27,1.9899181142,2
"1962",5,15,"conf_166",7500,27,1.9899181142,2
"1963",5,15,"conf_166",250,28,17.4996953845,2
"1964",5,15,"conf_166",500,28,6.2826102871,2
"1965",5,15,"conf_166",1500,28,4.9747902476,2
"1966",5,15,"conf_166",2500,28,4.9747902476,2
"1967",5,15,"conf_166",5000,28,1.9899181142,2
"1968",5,15,"conf_166",7500,28,1.9899181142,2
"1969",5,15,"conf_166",250,29,16.8327870817,2
"1970",5,15,"conf_166",500,29,16.5943822822,2
"1971",5,15,"conf_166",1500,29,3.9798402643,2
"1972",5,15,"conf_166",2500,29,3.9798362284,2
"1973",5,15,"conf_166",5000,29,3.9798362284,2
"1974",5,15,"conf_166",7500,29,3.9798362284,2
"1975",5,15,"conf_166",250,30,23.4587950642,2
"1976",5,15,"conf_166",500,30,12.5261399989,2
"1977",5,15,"conf_166",1500,30,4.9747902477,2
"1978",5,15,"conf_166",2500,30,4.3889843058,2
"1979",5,15,"conf_166",5000,30,0.9949590571,2
"1980",5,15,"conf_166",7500,30,0.9949590571,2
"1981",5,15,"conf_166",250,31,10.7263515984,4
"1982",5,15,"conf_166",500,31,10.7263515984,4
"1983",5,15,"conf_166",1500,31,0.9950491785,4
"1984",5,15,"conf_166",2500,31,0.9949590571,4
"1985",5,15,"conf_166",5000,31,0.9949590571,4
"1986",5,15,"conf_166",7500,31,0.9949590571,4
"1987",5,15,"conf_166",250,32,24.7563599251,4
"1988",5,15,"conf_166",500,32,11.6637308035,4
"1989",5,15,"conf_166",1500,32,6.9647083629,4
"1990",5,15,"conf_166",2500,32,6.9647083618,4
"1991",5,15,"conf_166",5000,32,1.9899181142,4
"1992",5,15,"conf_166",7500,32,1.9899181142,4
"1993",5,15,"conf_166",250,33,16.7679910016,4
"1994",5,15,"conf_166",500,33,7.246686804,4
"1995",5,15,"conf_166",1500,33,5.9697493048,4
"1996",5,15,"conf_166",2500,33,5.9697493047,4
"1997",5,15,"conf_166",5000,33,0.9949590571,4
"1998",5,15,"conf_166",7500,33,0.9949590571,4
"1999",5,15,"conf_166",250,34,22.9688424476,4
"2000",5,15,"conf_166",500,34,20.6188693581,4
"2001",5,15,"conf_166",1500,34,9.9495804953,4
"2002",5,15,"conf_166",2500,34,9.9495804953,4
"2003",5,15,"conf_166",5000,34,1.9899181142,4
"2004",5,15,"conf_166",7500,34,1.9899181142,4
"2005",5,15,"conf_166",250,35,30.5769735807,4
"2006",5,15,"conf_166",500,35,11.5348836933,4
"2007",5,15,"conf_166",1500,35,10.9445193557,4
"2008",5,15,"conf_166",2500,35,10.9445193557,4
"2009",5,15,"conf_166",5000,35,4.8505018767,4
"2010",5,15,"conf_166",7500,35,2.9848771716,4
"2011",5,15,"conf_166",250,36,13.3909756004,4
"2012",5,15,"conf_166",500,36,6.1662406788,4
"2013",5,15,"conf_166",1500,36,5.9697493047,4
"2014",5,15,"conf_166",2500,36,5.9697493047,4
"2015",5,15,"conf_166",5000,36,5.9697493047,4
"2016",5,15,"conf_166",7500,36,0.994959584,4
"2017",5,15,"conf_166",250,37,9.4587452523,4
"2018",5,15,"conf_166",500,37,9.4587452523,4
"2019",5,15,"conf_166",1500,37,3.9798362288,4
"2020",5,15,"conf_166",2500,37,3.9798362284,4
"2021",5,15,"conf_166",5000,37,2.9848771713,4
"2022",5,15,"conf_166",7500,37,2.9848771713,4
"2023",5,15,"conf_166",250,38,15.6397397717,4
"2024",5,15,"conf_166",500,38,13.5897288762,4
"2025",5,15,"conf_166",1500,38,7.9596674204,4
"2026",5,15,"conf_166",2500,38,7.9596674189,4
"2027",5,15,"conf_166",5000,38,2.9848771713,4
"2028",5,15,"conf_166",7500,38,2.9848771713,4
"2029",5,15,"conf_166",250,39,13.7446867407,4
"2030",5,15,"conf_166",500,39,3.0537832645,4
"2031",5,15,"conf_166",1500,39,0.9949590571,4
"2032",5,15,"conf_166",2500,39,0.9949590571,4
"2033",5,15,"conf_166",5000,39,0.9949590571,4
"2034",5,15,"conf_166",7500,39,0.9949590571,4
"2035",5,15,"conf_166",250,40,31.3926239519,4
"2036",5,15,"conf_166",500,40,9.8874681291,4
"2037",5,15,"conf_166",1500,40,3.9798362285,4
"2038",5,15,"conf_166",2500,40,3.9798362284,4
"2039",5,15,"conf_166",5000,40,2.9848771713,4
"2040",5,15,"conf_166",7500,40,2.9848771713,4
"2041",5,15,"conf_166",250,41,4.8513681059,5
"2042",5,15,"conf_166",500,41,4.8513681059,5
"2043",5,15,"conf_166",1500,41,2.9848934422,5
"2044",5,15,"conf_166",2500,41,2.9848771713,5
"2045",5,15,"conf_166",5000,41,2.9848771713,5
"2046",5,15,"conf_166",7500,41,1.9899254455,5
"2047",5,15,"conf_166",250,42,20.3125644365,5
"2048",5,15,"conf_166",500,42,9.1309636856,5
"2049",5,15,"conf_166",1500,42,1.9899189801,5
"2050",5,15,"conf_166",2500,42,1.9899181142,5
"2051",5,15,"conf_166",5000,42,1.9899181142,5
"2052",5,15,"conf_166",7500,42,1.9899181142,5
"2053",5,15,"conf_166",250,43,15.9616855181,5
"2054",5,15,"conf_166",500,43,15.9616855181,5
"2055",5,15,"conf_166",1500,43,5.9697493081,5
"2056",5,15,"conf_166",2500,43,5.9697493047,5
"2057",5,15,"conf_166",5000,43,1.9899181142,5
"2058",5,15,"conf_166",7500,43,1.9899181142,5
"2059",5,15,"conf_166",250,44,16.7705995861,5
"2060",5,15,"conf_166",500,44,16.7705995861,5
"2061",5,15,"conf_166",1500,44,16.7705995861,5
"2062",5,15,"conf_166",2500,44,11.0694219575,5
"2063",5,15,"conf_166",5000,44,5.9697493047,5
"2064",5,15,"conf_166",7500,44,1.98998123,5
"2065",5,15,"conf_166",250,45,24.4943333712,5
"2066",5,15,"conf_166",500,45,12.0172152632,5
"2067",5,15,"conf_166",1500,45,2.984877175,5
"2068",5,15,"conf_166",2500,45,2.9848771713,5
"2069",5,15,"conf_166",5000,45,2.9848771713,5
"2070",5,15,"conf_166",7500,45,2.9848771713,5
"2071",5,15,"conf_166",250,46,21.2901009304,5
"2072",5,15,"conf_166",500,46,17.8322513125,5
"2073",5,15,"conf_166",1500,46,9.9495804953,5
"2074",5,15,"conf_166",2500,46,9.9495804953,5
"2075",5,15,"conf_166",5000,46,2.9848771713,5
"2076",5,15,"conf_166",7500,46,0.0012972686,5
"2077",5,15,"conf_166",250,47,10.8097751639,5
"2078",5,15,"conf_166",500,47,1.2078687334,5
"2079",5,15,"conf_166",1500,47,0.9949590571,5
"2080",5,15,"conf_166",2500,47,0.9949590571,5
"2081",5,15,"conf_166",5000,47,0.9949590571,5
"2082",5,15,"conf_166",7500,47,0.9949590571,5
"2083",5,15,"conf_166",250,48,13.1583362717,5
"2084",5,15,"conf_166",500,48,4.0382883766,5
"2085",5,15,"conf_166",1500,48,0.9949590575,5
"2086",5,15,"conf_166",2500,48,0.9949590571,5
"2087",5,15,"conf_166",5000,48,0.9949590571,5
"2088",5,15,"conf_166",7500,48,0.9949590571,5
"2089",5,15,"conf_166",250,49,21.9605580117,5
"2090",5,15,"conf_166",500,49,4.7156834211,5
"2091",5,15,"conf_166",1500,49,0.9949590573,5
"2092",5,15,"conf_166",2500,49,0.9949590571,5
"2093",5,15,"conf_166",5000,49,0.9949590571,5
"2094",5,15,"conf_166",7500,49,0.9949590571,5
"2095",5,15,"conf_166",250,50,20.4602303174,5
"2096",5,15,"conf_166",500,50,8.627395491,5
"2097",5,15,"conf_166",1500,50,5.9697493047,5
"2098",5,15,"conf_166",2500,50,5.9697493047,5
"2099",5,15,"conf_166",5000,50,1.9899181142,5
"2100",5,15,"conf_166",7500,50,1.9899181142,5
"2101",5,16,"conf_166",250,1,5.1137088587,3
"2102",5,16,"conf_166",500,1,0.662344938,3
"2103",5,16,"conf_166",1500,1,0.0763753346,3
"2104",5,16,"conf_166",2500,1,0.0762107628,3
"2105",5,16,"conf_166",5000,1,0.0762107628,3
"2106",5,16,"conf_166",7500,1,0.0762107628,3
"2107",5,16,"conf_166",250,2,13.2359302296,3
"2108",5,16,"conf_166",500,2,1.489073639,3
"2109",5,16,"conf_166",1500,2,0.0882972331,3
"2110",5,16,"conf_166",2500,2,0.0882127536,3
"2111",5,16,"conf_166",5000,2,0.0882127536,3
"2112",5,16,"conf_166",7500,2,0.0882127536,3
"2113",5,16,"conf_166",250,3,10.0504485057,3
"2114",5,16,"conf_166",500,3,5.6634260331,3
"2115",5,16,"conf_166",1500,3,0.2703422112,3
"2116",5,16,"conf_166",2500,3,0.2699999897,3
"2117",5,16,"conf_166",5000,3,7e-10,3
"2118",5,16,"conf_166",7500,3,7e-10,3
"2119",5,16,"conf_166",250,4,9.791452415,3
"2120",5,16,"conf_166",500,4,1.1502751118,3
"2121",5,16,"conf_166",1500,4,0.460799285,3
"2122",5,16,"conf_166",2500,4,0.4601348875,3
"2123",5,16,"conf_166",5000,4,2.121e-07,3
"2124",5,16,"conf_166",7500,4,2.121e-07,3
"2125",5,16,"conf_166",250,5,11.8102844817,3
"2126",5,16,"conf_166",500,5,4.683178857,3
"2127",5,16,"conf_166",1500,5,2.8571817021,3
"2128",5,16,"conf_166",2500,5,2.8511317734,3
"2129",5,16,"conf_166",5000,5,2.8511317734,3
"2130",5,16,"conf_166",7500,5,0.079461295,3
"2131",5,16,"conf_166",250,6,9.8656067169,3
"2132",5,16,"conf_166",500,6,1.7098900681,3
"2133",5,16,"conf_166",1500,6,0.5744323057,3
"2134",5,16,"conf_166",2500,6,0.573877914,3
"2135",5,16,"conf_166",5000,6,7.6e-09,3
"2136",5,16,"conf_166",7500,6,6e-10,3
"2137",5,16,"conf_166",250,7,6.9602758666,3
"2138",5,16,"conf_166",500,7,6.9602758666,3
"2139",5,16,"conf_166",1500,7,3.9732194462,3
"2140",5,16,"conf_166",2500,7,3.9217136751,3
"2141",5,16,"conf_166",5000,7,2.107e-07,3
"2142",5,16,"conf_166",7500,7,5.3e-08,3
"2143",5,16,"conf_166",250,8,5.19338971,3
"2144",5,16,"conf_166",500,8,5.19338971,3
"2145",5,16,"conf_166",1500,8,3.9688415835,3
"2146",5,16,"conf_166",2500,8,3.9000998254,3
"2147",5,16,"conf_166",5000,8,0.1235544981,3
"2148",5,16,"conf_166",7500,8,0.0543650465,3
"2149",5,16,"conf_166",250,9,3.1518063724,3
"2150",5,16,"conf_166",500,9,1.2733034934,3
"2151",5,16,"conf_166",1500,9,0.4379831744,3
"2152",5,16,"conf_166",2500,9,0.4379830855,3
"2153",5,16,"conf_166",5000,9,0.3133642904,3
"2154",5,16,"conf_166",7500,9,0.3133642469,3
"2155",5,16,"conf_166",250,10,8.4785527425,3
"2156",5,16,"conf_166",500,10,0.6789671097,3
"2157",5,16,"conf_166",1500,10,0.2361313701,3
"2158",5,16,"conf_166",2500,10,0.2361223768,3
"2159",5,16,"conf_166",5000,10,1e-10,3
"2160",5,16,"conf_166",7500,10,1e-10,3
"2161",5,16,"conf_166",250,11,8.8162522173,1
"2162",5,16,"conf_166",500,11,2.5228963687,1
"2163",5,16,"conf_166",1500,11,1.3469310982,1
"2164",5,16,"conf_166",2500,11,1.3469308348,1
"2165",5,16,"conf_166",5000,11,0.6432467886,1
"2166",5,16,"conf_166",7500,11,0.5678515488,1
"2167",5,16,"conf_166",250,12,6.2776380577,1
"2168",5,16,"conf_166",500,12,4.9024916988,1
"2169",5,16,"conf_166",1500,12,0.6708576141,1
"2170",5,16,"conf_166",2500,12,0.6583479289,1
"2171",5,16,"conf_166",5000,12,0.6583479289,1
"2172",5,16,"conf_166",7500,12,0.6583479289,1
"2173",5,16,"conf_166",250,13,6.8378980643,1
"2174",5,16,"conf_166",500,13,3.377276712,1
"2175",5,16,"conf_166",1500,13,0.315102482,1
"2176",5,16,"conf_166",2500,13,0.3133642469,1
"2177",5,16,"conf_166",5000,13,0.3133642469,1
"2178",5,16,"conf_166",7500,13,0.3133642469,1
"2179",5,16,"conf_166",250,14,12.0782817318,1
"2180",5,16,"conf_166",500,14,8.1575493123,1
"2181",5,16,"conf_166",1500,14,6.9980527699,1
"2182",5,16,"conf_166",2500,14,6.9976074414,1
"2183",5,16,"conf_166",5000,14,0.0876708463,1
"2184",5,16,"conf_166",7500,14,3.6267e-06,1
"2185",5,16,"conf_166",250,15,2.6956694345,1
"2186",5,16,"conf_166",500,15,1.1602152125,1
"2187",5,16,"conf_166",1500,15,0.5356419866,1
"2188",5,16,"conf_166",2500,15,0.5356141726,1
"2189",5,16,"conf_166",5000,15,0.1008779684,1
"2190",5,16,"conf_166",7500,15,0.0960976316,1
"2191",5,16,"conf_166",250,16,14.6934570596,1
"2192",5,16,"conf_166",500,16,2.7650438907,1
"2193",5,16,"conf_166",1500,16,0.2865362501,1
"2194",5,16,"conf_166",2500,16,0.2859194961,1
"2195",5,16,"conf_166",5000,16,9.8117e-06,1
"2196",5,16,"conf_166",7500,16,9.8117e-06,1
"2197",5,16,"conf_166",250,17,5.7715183465,1
"2198",5,16,"conf_166",500,17,0.4578470309,1
"2199",5,16,"conf_166",1500,17,0.1837707241,1
"2200",5,16,"conf_166",2500,17,0.1837706651,1
"2201",5,16,"conf_166",5000,17,0.1837706651,1
"2202",5,16,"conf_166",7500,17,0.1837706651,1
"2203",5,16,"conf_166",250,18,11.3403128324,1
"2204",5,16,"conf_166",500,18,11.3403128324,1
"2205",5,16,"conf_166",1500,18,1.8375865406,1
"2206",5,16,"conf_166",2500,18,1.6827341187,1
"2207",5,16,"conf_166",5000,18,2.31782e-05,1
"2208",5,16,"conf_166",7500,18,2.31782e-05,1
"2209",5,16,"conf_166",250,19,6.1043093714,1
"2210",5,16,"conf_166",500,19,1.4792705642,1
"2211",5,16,"conf_166",1500,19,0.2286618349,1
"2212",5,16,"conf_166",2500,19,0.2259202901,1
"2213",5,16,"conf_166",5000,19,0.1097950522,1
"2214",5,16,"conf_166",7500,19,0.1097950522,1
"2215",5,16,"conf_166",250,20,8.1004580257,1
"2216",5,16,"conf_166",500,20,5.8535334459,1
"2217",5,16,"conf_166",1500,20,0.900329831,1
"2218",5,16,"conf_166",2500,20,0.890875181,1
"2219",5,16,"conf_166",5000,20,0.0002928725,1
"2220",5,16,"conf_166",7500,20,2.2483e-06,1
"2221",5,16,"conf_166",250,21,16.0389299853,5
"2222",5,16,"conf_166",500,21,2.1600394146,5
"2223",5,16,"conf_166",1500,21,2.9e-09,5
"2224",5,16,"conf_166",2500,21,2e-10,5
"2225",5,16,"conf_166",5000,21,2e-10,5
"2226",5,16,"conf_166",7500,21,2e-10,5
"2227",5,16,"conf_166",250,22,10.2187030461,5
"2228",5,16,"conf_166",500,22,9.9019389225,5
"2229",5,16,"conf_166",1500,22,1.5115274787,5
"2230",5,16,"conf_166",2500,22,1.3058848945,5
"2231",5,16,"conf_166",5000,22,1.3058848916,5
"2232",5,16,"conf_166",7500,22,0.3623274575,5
"2233",5,16,"conf_166",250,23,4.4392507983,5
"2234",5,16,"conf_166",500,23,4.4392507983,5
"2235",5,16,"conf_166",1500,23,0.4398482711,5
"2236",5,16,"conf_166",2500,23,0.4379830855,5
"2237",5,16,"conf_166",5000,23,0.1991253285,5
"2238",5,16,"conf_166",7500,23,0.0762107628,5
"2239",5,16,"conf_166",250,24,6.6084409791,5
"2240",5,16,"conf_166",500,24,6.6084409791,5
"2241",5,16,"conf_166",1500,24,2.0181386123,5
"2242",5,16,"conf_166",2500,24,0.9749343487,5
"2243",5,16,"conf_166",5000,24,0.9721130933,5
"2244",5,16,"conf_166",7500,24,0.0494139753,5
"2245",5,16,"conf_166",250,25,13.3297864436,5
"2246",5,16,"conf_166",500,25,4.7217704337,5
"2247",5,16,"conf_166",1500,25,3.1857534129,5
"2248",5,16,"conf_166",2500,25,3.1731242062,5
"2249",5,16,"conf_166",5000,25,0.0615664982,5
"2250",5,16,"conf_166",7500,25,0.0572656304,5
"2251",5,16,"conf_166",250,26,16.0999791877,5
"2252",5,16,"conf_166",500,26,6.6352453076,5
"2253",5,16,"conf_166",1500,26,2.6943065389,5
"2254",5,16,"conf_166",2500,26,2.6703314287,5
"2255",5,16,"conf_166",5000,26,8.287e-07,5
"2256",5,16,"conf_166",7500,26,2.481e-07,5
"2257",5,16,"conf_166",250,27,17.362102333,5
"2258",5,16,"conf_166",500,27,4.6260771115,5
"2259",5,16,"conf_166",1500,27,0.2068553453,5
"2260",5,16,"conf_166",2500,27,0.1953043263,5
"2261",5,16,"conf_166",5000,27,0.0129151438,5
"2262",5,16,"conf_166",7500,27,0.0078060975,5
"2263",5,16,"conf_166",250,28,7.793569073,5
"2264",5,16,"conf_166",500,28,0.1637169333,5
"2265",5,16,"conf_166",1500,28,0.0009858482,5
"2266",5,16,"conf_166",2500,28,0.0009858262,5
"2267",5,16,"conf_166",5000,28,0.0009858262,5
"2268",5,16,"conf_166",7500,28,0.0009858262,5
"2269",5,16,"conf_166",250,29,12.3771017597,5
"2270",5,16,"conf_166",500,29,6.7335582647,5
"2271",5,16,"conf_166",1500,29,0.3889272102,5
"2272",5,16,"conf_166",2500,29,0.3867291331,5
"2273",5,16,"conf_166",5000,29,0.0764804552,5
"2274",5,16,"conf_166",7500,29,0.0762107628,5
"2275",5,16,"conf_166",250,30,12.7711004085,5
"2276",5,16,"conf_166",500,30,5.7428015681,5
"2277",5,16,"conf_166",1500,30,0.1050325119,5
"2278",5,16,"conf_166",2500,30,0.0971795856,5
"2279",5,16,"conf_166",5000,30,0.0971795856,5
"2280",5,16,"conf_166",7500,30,0.0001062288,5
"2281",5,16,"conf_166",250,31,9.0522810119,2
"2282",5,16,"conf_166",500,31,4.1366888656,2
"2283",5,16,"conf_166",1500,31,0.274107982,2
"2284",5,16,"conf_166",2500,31,0.2699999897,2
"2285",5,16,"conf_166",5000,31,9.1161e-06,2
"2286",5,16,"conf_166",7500,31,9.1161e-06,2
"2287",5,16,"conf_166",250,32,9.5728232701,2
"2288",5,16,"conf_166",500,32,3.5390973463,2
"2289",5,16,"conf_166",1500,32,0.0573038394,2
"2290",5,16,"conf_166",2500,32,0.0572656304,2
"2291",5,16,"conf_166",5000,32,0.0572656304,2
"2292",5,16,"conf_166",7500,32,2.351e-07,2
"2293",5,16,"conf_166",250,33,11.3785304256,2
"2294",5,16,"conf_166",500,33,8.8798934018,2
"2295",5,16,"conf_166",1500,33,0.7227989388,2
"2296",5,16,"conf_166",2500,33,0.7055073444,2
"2297",5,16,"conf_166",5000,33,0.0012116813,2
"2298",5,16,"conf_166",7500,33,0.0012116813,2
"2299",5,16,"conf_166",250,34,1.2713916256,2
"2300",5,16,"conf_166",500,34,0.0489350801,2
"2301",5,16,"conf_166",1500,34,0.001782898,2
"2302",5,16,"conf_166",2500,34,0.001782484,2
"2303",5,16,"conf_166",5000,34,1e-09,2
"2304",5,16,"conf_166",7500,34,1e-09,2
"2305",5,16,"conf_166",250,35,6.4925244589,2
"2306",5,16,"conf_166",500,35,2.8738329927,2
"2307",5,16,"conf_166",1500,35,1.4258949372,2
"2308",5,16,"conf_166",2500,35,1.4258930303,2
"2309",5,16,"conf_166",5000,35,9e-10,2
"2310",5,16,"conf_166",7500,35,9e-10,2
"2311",5,16,"conf_166",250,36,5.8864990754,2
"2312",5,16,"conf_166",500,36,1.4730634157,2
"2313",5,16,"conf_166",1500,36,0.4509389109,2
"2314",5,16,"conf_166",2500,36,0.4499452976,2
"2315",5,16,"conf_166",5000,36,0.0003245035,2
"2316",5,16,"conf_166",7500,36,1.153e-07,2
"2317",5,16,"conf_166",250,37,13.8160700062,2
"2318",5,16,"conf_166",500,37,8.1429322184,2
"2319",5,16,"conf_166",1500,37,0.3306120804,2
"2320",5,16,"conf_166",2500,37,0.3133642469,2
"2321",5,16,"conf_166",5000,37,0.1461353562,2
"2322",5,16,"conf_166",7500,37,0.1461353562,2
"2323",5,16,"conf_166",250,38,10.040151086,2
"2324",5,16,"conf_166",500,38,0.7918893434,2
"2325",5,16,"conf_166",1500,38,0.4406172605,2
"2326",5,16,"conf_166",2500,38,0.4406171873,2
"2327",5,16,"conf_166",5000,38,8e-10,2
"2328",5,16,"conf_166",7500,38,8e-10,2
"2329",5,16,"conf_166",250,39,1.1992560352,2
"2330",5,16,"conf_166",500,39,0.0512261264,2
"2331",5,16,"conf_166",1500,39,0.000219745,2
"2332",5,16,"conf_166",2500,39,0.0002197267,2
"2333",5,16,"conf_166",5000,39,0.0002197267,2
"2334",5,16,"conf_166",7500,39,0.0002197267,2
"2335",5,16,"conf_166",250,40,9.0962579226,2
"2336",5,16,"conf_166",500,40,4.0143402714,2
"2337",5,16,"conf_166",1500,40,0.2406337616,2
"2338",5,16,"conf_166",2500,40,0.2404934057,2
"2339",5,16,"conf_166",5000,40,0.0194128461,2
"2340",5,16,"conf_166",7500,40,0.0165565575,2
"2341",5,16,"conf_166",250,41,6.5261497687,4
"2342",5,16,"conf_166",500,41,0.4195347079,4
"2343",5,16,"conf_166",1500,41,0.0483076746,4
"2344",5,16,"conf_166",2500,41,0.0479821696,4
"2345",5,16,"conf_166",5000,41,6.546e-07,4
"2346",5,16,"conf_166",7500,41,7e-10,4
"2347",5,16,"conf_166",250,42,20.2082154927,4
"2348",5,16,"conf_166",500,42,0.8914669056,4
"2349",5,16,"conf_166",1500,42,0.4722838548,4
"2350",5,16,"conf_166",2500,42,0.4722827011,4
"2351",5,16,"conf_166",5000,42,6e-10,4
"2352",5,16,"conf_166",7500,42,6e-10,4
"2353",5,16,"conf_166",250,43,4.3697949918,4
"2354",5,16,"conf_166",500,43,0.5852674835,4
"2355",5,16,"conf_166",1500,43,0.1550020575,4
"2356",5,16,"conf_166",2500,43,0.1549144699,4
"2357",5,16,"conf_166",5000,43,0.0572656649,4
"2358",5,16,"conf_166",7500,43,0.0572656304,4
"2359",5,16,"conf_166",250,44,10.1320705833,4
"2360",5,16,"conf_166",500,44,0.3565324533,4
"2361",5,16,"conf_166",1500,44,0.0767044193,4
"2362",5,16,"conf_166",2500,44,0.0762107628,4
"2363",5,16,"conf_166",5000,44,0.0566216136,4
"2364",5,16,"conf_166",7500,44,0.0566203407,4
"2365",5,16,"conf_166",250,45,2.0732903853,4
"2366",5,16,"conf_166",500,45,0.2526885612,4
"2367",5,16,"conf_166",1500,45,0.0132426194,4
"2368",5,16,"conf_166",2500,45,0.0131546697,4
"2369",5,16,"conf_166",5000,45,7e-10,4
"2370",5,16,"conf_166",7500,45,7e-10,4
"2371",5,16,"conf_166",250,46,3.4544407256,4
"2372",5,16,"conf_166",500,46,0.753518048,4
"2373",5,16,"conf_166",1500,46,0.3899067697,4
"2374",5,16,"conf_166",2500,46,0.3899064682,4
"2375",5,16,"conf_166",5000,46,0.0016405989,4
"2376",5,16,"conf_166",7500,46,0.0016334733,4
"2377",5,16,"conf_166",250,47,10.9169236866,4
"2378",5,16,"conf_166",500,47,2.2091201486,4
"2379",5,16,"conf_166",1500,47,0.4503257554,4
"2380",5,16,"conf_166",2500,47,0.4502537824,4
"2381",5,16,"conf_166",5000,47,0.057333361,4
"2382",5,16,"conf_166",7500,47,0.0572656304,4
"2383",5,16,"conf_166",250,48,6.6637641423,4
"2384",5,16,"conf_166",500,48,4.4630081674,4
"2385",5,16,"conf_166",1500,48,0.0785998874,4
"2386",5,16,"conf_166",2500,48,0.0762107628,4
"2387",5,16,"conf_166",5000,48,0.0181837156,4
"2388",5,16,"conf_166",7500,48,0.0181837156,4
"2389",5,16,"conf_166",250,49,11.9245561919,4
"2390",5,16,"conf_166",500,49,1.5729283654,4
"2391",5,16,"conf_166",1500,49,0.2700015485,4
"2392",5,16,"conf_166",2500,49,0.2699999897,4
"2393",5,16,"conf_166",5000,49,0.2699999897,4
"2394",5,16,"conf_166",7500,49,0.2699999897,4
"2395",5,16,"conf_166",250,50,8.0600442213,4
"2396",5,16,"conf_166",500,50,1.7856743787,4
"2397",5,16,"conf_166",1500,50,0.7872791793,4
"2398",5,16,"conf_166",2500,50,0.7868784647,4
"2399",5,16,"conf_166",5000,50,2e-10,4
"2400",5,16,"conf_166",7500,50,2e-10,4
"2401",5,17,"conf_166",250,1,0.842552982,4
"2402",5,17,"conf_166",500,1,0.1799029598,4
"2403",5,17,"conf_166",1500,1,0.1169939408,4
"2404",5,17,"conf_166",2500,1,0.1165448465,4
"2405",5,17,"conf_166",5000,1,1.9324e-05,4
"2406",5,17,"conf_166",7500,1,1.9324e-05,4
"2407",5,17,"conf_166",250,2,0.5868812337,4
"2408",5,17,"conf_166",500,2,0.0472553419,4
"2409",5,17,"conf_166",1500,2,0.0195472492,4
"2410",5,17,"conf_166",2500,2,0.0194402659,4
"2411",5,17,"conf_166",5000,2,1.80803e-05,4
"2412",5,17,"conf_166",7500,2,1.2893e-06,4
"2413",5,17,"conf_166",250,3,0.2454937658,4
"2414",5,17,"conf_166",500,3,0.0190303149,4
"2415",5,17,"conf_166",1500,3,9.23609e-05,4
"2416",5,17,"conf_166",2500,3,9.23609e-05,4
"2417",5,17,"conf_166",5000,3,9.23609e-05,4
"2418",5,17,"conf_166",7500,3,9.23609e-05,4
"2419",5,17,"conf_166",250,4,0.3748446724,4
"2420",5,17,"conf_166",500,4,0.1075366589,4
"2421",5,17,"conf_166",1500,4,0.0042423206,4
"2422",5,17,"conf_166",2500,4,0.0042423206,4
"2423",5,17,"conf_166",5000,4,0.0028086727,4
"2424",5,17,"conf_166",7500,4,1.53196e-05,4
"2425",5,17,"conf_166",250,5,0.2844877127,4
"2426",5,17,"conf_166",500,5,0.0359016986,4
"2427",5,17,"conf_166",1500,5,0.0054125206,4
"2428",5,17,"conf_166",2500,5,0.0054125206,4
"2429",5,17,"conf_166",5000,5,1.835e-07,4
"2430",5,17,"conf_166",7500,5,9e-10,4
"2431",5,17,"conf_166",250,6,0.2091378866,4
"2432",5,17,"conf_166",500,6,0.0125526349,4
"2433",5,17,"conf_166",1500,6,1.66003e-05,4
"2434",5,17,"conf_166",2500,6,1.43811e-05,4
"2435",5,17,"conf_166",5000,6,1.43811e-05,4
"2436",5,17,"conf_166",7500,6,1.43811e-05,4
"2437",5,17,"conf_166",250,7,0.675287549,4
"2438",5,17,"conf_166",500,7,0.0672342692,4
"2439",5,17,"conf_166",1500,7,0.0052108133,4
"2440",5,17,"conf_166",2500,7,0.004805008,4
"2441",5,17,"conf_166",5000,7,0.0048024534,4
"2442",5,17,"conf_166",7500,7,3.47195e-05,4
"2443",5,17,"conf_166",250,8,1.209503974,4
"2444",5,17,"conf_166",500,8,0.1602610764,4
"2445",5,17,"conf_166",1500,8,0.0006540744,4
"2446",5,17,"conf_166",2500,8,0.0006444431,4
"2447",5,17,"conf_166",5000,8,0.0006435339,4
"2448",5,17,"conf_166",7500,8,0.0006435242,4
"2449",5,17,"conf_166",250,9,0.1930711502,4
"2450",5,17,"conf_166",500,9,0.0463861139,4
"2451",5,17,"conf_166",1500,9,0.0002074501,4
"2452",5,17,"conf_166",2500,9,0.0001913761,4
"2453",5,17,"conf_166",5000,9,0.0001913761,4
"2454",5,17,"conf_166",7500,9,0.0001913761,4
"2455",5,17,"conf_166",250,10,0.7088694097,4
"2456",5,17,"conf_166",500,10,0.2511432295,4
"2457",5,17,"conf_166",1500,10,0.1405859533,4
"2458",5,17,"conf_166",2500,10,0.1391401507,4
"2459",5,17,"conf_166",5000,10,2.25082e-05,4
"2460",5,17,"conf_166",7500,10,1.31141e-05,4
"2461",5,17,"conf_166",250,11,0.1632034257,3
"2462",5,17,"conf_166",500,11,0.0167364929,3
"2463",5,17,"conf_166",1500,11,0.0037903236,3
"2464",5,17,"conf_166",2500,11,0.003766644,3
"2465",5,17,"conf_166",5000,11,9.57e-08,3
"2466",5,17,"conf_166",7500,11,7e-10,3
"2467",5,17,"conf_166",250,12,0.7626697187,3
"2468",5,17,"conf_166",500,12,0.0479185243,3
"2469",5,17,"conf_166",1500,12,0.0026639543,3
"2470",5,17,"conf_166",2500,12,0.0026319581,3
"2471",5,17,"conf_166",5000,12,3.14527e-05,3
"2472",5,17,"conf_166",7500,12,1.16293e-05,3
"2473",5,17,"conf_166",250,13,0.2731520452,3
"2474",5,17,"conf_166",500,13,0.011912468,3
"2475",5,17,"conf_166",1500,13,9.15028e-05,3
"2476",5,17,"conf_166",2500,13,9.15028e-05,3
"2477",5,17,"conf_166",5000,13,1.72665e-05,3
"2478",5,17,"conf_166",7500,13,1.44235e-05,3
"2479",5,17,"conf_166",250,14,0.78848817,3
"2480",5,17,"conf_166",500,14,0.5526208384,3
"2481",5,17,"conf_166",1500,14,0.4383540821,3
"2482",5,17,"conf_166",2500,14,0.4383540821,3
"2483",5,17,"conf_166",5000,14,0.1639346527,3
"2484",5,17,"conf_166",7500,14,5.52962e-05,3
"2485",5,17,"conf_166",250,15,1.0256427144,3
"2486",5,17,"conf_166",500,15,0.6447051079,3
"2487",5,17,"conf_166",1500,15,0.3977067024,3
"2488",5,17,"conf_166",2500,15,0.3974090969,3
"2489",5,17,"conf_166",5000,15,6.18171e-05,3
"2490",5,17,"conf_166",7500,15,2.78709e-05,3
"2491",5,17,"conf_166",250,16,0.9436981441,3
"2492",5,17,"conf_166",500,16,0.2592604253,3
"2493",5,17,"conf_166",1500,16,0.1538834125,3
"2494",5,17,"conf_166",2500,16,0.1537571217,3
"2495",5,17,"conf_166",5000,16,0.0002795359,3
"2496",5,17,"conf_166",7500,16,2.95211e-05,3
"2497",5,17,"conf_166",250,17,0.9799474957,3
"2498",5,17,"conf_166",500,17,0.3170794434,3
"2499",5,17,"conf_166",1500,17,0.1567533063,3
"2500",5,17,"conf_166",2500,17,0.1558503211,3
"2501",5,17,"conf_166",5000,17,6.33101e-05,3
"2502",5,17,"conf_166",7500,17,5.74343e-05,3
"2503",5,17,"conf_166",250,18,0.4666052287,3
"2504",5,17,"conf_166",500,18,0.1543504706,3
"2505",5,17,"conf_166",1500,18,0.0922003867,3
"2506",5,17,"conf_166",2500,18,0.0921503044,3
"2507",5,17,"conf_166",5000,18,0.0921502196,3
"2508",5,17,"conf_166",7500,18,1.48531e-05,3
"2509",5,17,"conf_166",250,19,0.5005093905,3
"2510",5,17,"conf_166",500,19,0.0743789996,3
"2511",5,17,"conf_166",1500,19,0.0116306837,3
"2512",5,17,"conf_166",2500,19,0.0116306837,3
"2513",5,17,"conf_166",5000,19,2.32278e-05,3
"2514",5,17,"conf_166",7500,19,2.32278e-05,3
"2515",5,17,"conf_166",250,20,0.2032316728,3
"2516",5,17,"conf_166",500,20,0.0454681732,3
"2517",5,17,"conf_166",1500,20,6.3433e-06,3
"2518",5,17,"conf_166",2500,20,8e-10,3
"2519",5,17,"conf_166",5000,20,8e-10,3
"2520",5,17,"conf_166",7500,20,8e-10,3
"2521",5,17,"conf_166",250,21,0.5828587761,2
"2522",5,17,"conf_166",500,21,0.0296826966,2
"2523",5,17,"conf_166",1500,21,0.0019959321,2
"2524",5,17,"conf_166",2500,21,0.0019959321,2
"2525",5,17,"conf_166",5000,21,2.5532e-05,2
"2526",5,17,"conf_166",7500,21,8.8087e-06,2
"2527",5,17,"conf_166",250,22,0.2381485845,2
"2528",5,17,"conf_166",500,22,0.0482591163,2
"2529",5,17,"conf_166",1500,22,0.0236598432,2
"2530",5,17,"conf_166",2500,22,0.0235849808,2
"2531",5,17,"conf_166",5000,22,0.0002273164,2
"2532",5,17,"conf_166",7500,22,1.9443e-06,2
"2533",5,17,"conf_166",250,23,0.3133104041,2
"2534",5,17,"conf_166",500,23,0.0212637534,2
"2535",5,17,"conf_166",1500,23,0.0074717982,2
"2536",5,17,"conf_166",2500,23,0.0074717982,2
"2537",5,17,"conf_166",5000,23,0.001140838,2
"2538",5,17,"conf_166",7500,23,6.35492e-05,2
"2539",5,17,"conf_166",250,24,0.5158597713,2
"2540",5,17,"conf_166",500,24,0.0409525235,2
"2541",5,17,"conf_166",1500,24,9.6832e-06,2
"2542",5,17,"conf_166",2500,24,7.2191e-06,2
"2543",5,17,"conf_166",5000,24,7.2067e-06,2
"2544",5,17,"conf_166",7500,24,7.2067e-06,2
"2545",5,17,"conf_166",250,25,0.7425350796,2
"2546",5,17,"conf_166",500,25,0.1238179338,2
"2547",5,17,"conf_166",1500,25,0.053149038,2
"2548",5,17,"conf_166",2500,25,0.0503366213,2
"2549",5,17,"conf_166",5000,25,0.0001411583,2
"2550",5,17,"conf_166",7500,25,9.5991e-06,2
"2551",5,17,"conf_166",250,26,0.2996192006,2
"2552",5,17,"conf_166",500,26,0.0308695532,2
"2553",5,17,"conf_166",1500,26,0.0028157527,2
"2554",5,17,"conf_166",2500,26,0.0027681208,2
"2555",5,17,"conf_166",5000,26,0.0001102193,2
"2556",5,17,"conf_166",7500,26,2.26637e-05,2
"2557",5,17,"conf_166",250,27,0.3049146548,2
"2558",5,17,"conf_166",500,27,0.0269343051,2
"2559",5,17,"conf_166",1500,27,0.001228607,2
"2560",5,17,"conf_166",2500,27,0.0012103199,2
"2561",5,17,"conf_166",5000,27,9.3684e-06,2
"2562",5,17,"conf_166",7500,27,9.904e-07,2
"2563",5,17,"conf_166",250,28,0.4295270008,2
"2564",5,17,"conf_166",500,28,0.0170659848,2
"2565",5,17,"conf_166",1500,28,0.0001008958,2
"2566",5,17,"conf_166",2500,28,0.0001008958,2
"2567",5,17,"conf_166",5000,28,7.83373e-05,2
"2568",5,17,"conf_166",7500,28,1.27336e-05,2
"2569",5,17,"conf_166",250,29,0.4437937861,2
"2570",5,17,"conf_166",500,29,0.2241914324,2
"2571",5,17,"conf_166",1500,29,0.1771046461,2
"2572",5,17,"conf_166",2500,29,0.1768571279,2
"2573",5,17,"conf_166",5000,29,8.94517e-05,2
"2574",5,17,"conf_166",7500,29,3.2859e-05,2
"2575",5,17,"conf_166",250,30,0.3238276347,2
"2576",5,17,"conf_166",500,30,0.0327582779,2
"2577",5,17,"conf_166",1500,30,0.0088634373,2
"2578",5,17,"conf_166",2500,30,0.0088012191,2
"2579",5,17,"conf_166",5000,30,2.3754e-06,2
"2580",5,17,"conf_166",7500,30,2.3754e-06,2
"2581",5,17,"conf_166",250,31,0.3844742449,1
"2582",5,17,"conf_166",500,31,0.0990023534,1
"2583",5,17,"conf_166",1500,31,0.0179415967,1
"2584",5,17,"conf_166",2500,31,0.0178963177,1
"2585",5,17,"conf_166",5000,31,1.09926e-05,1
"2586",5,17,"conf_166",7500,31,7.0227e-06,1
"2587",5,17,"conf_166",250,32,0.4422606993,1
"2588",5,17,"conf_166",500,32,0.0184152139,1
"2589",5,17,"conf_166",1500,32,0.0006165845,1
"2590",5,17,"conf_166",2500,32,0.0006165845,1
"2591",5,17,"conf_166",5000,32,0.0006165845,1
"2592",5,17,"conf_166",7500,32,0.0003448475,1
"2593",5,17,"conf_166",250,33,0.3169806096,1
"2594",5,17,"conf_166",500,33,0.0787794859,1
"2595",5,17,"conf_166",1500,33,0.0004930544,1
"2596",5,17,"conf_166",2500,33,0.0004680001,1
"2597",5,17,"conf_166",5000,33,7.9137e-06,1
"2598",5,17,"conf_166",7500,33,7.9137e-06,1
"2599",5,17,"conf_166",250,34,0.3260217243,1
"2600",5,17,"conf_166",500,34,0.0252400102,1
"2601",5,17,"conf_166",1500,34,0.0021286446,1
"2602",5,17,"conf_166",2500,34,0.0020198733,1
"2603",5,17,"conf_166",5000,34,0.0020163464,1
"2604",5,17,"conf_166",7500,34,5.38089e-05,1
"2605",5,17,"conf_166",250,35,0.5708397991,1
"2606",5,17,"conf_166",500,35,0.0342950082,1
"2607",5,17,"conf_166",1500,35,0.0012020277,1
"2608",5,17,"conf_166",2500,35,0.0012020277,1
"2609",5,17,"conf_166",5000,35,2.57386e-05,1
"2610",5,17,"conf_166",7500,35,9.9013e-06,1
"2611",5,17,"conf_166",250,36,1.5417879811,1
"2612",5,17,"conf_166",500,36,0.0842460639,1
"2613",5,17,"conf_166",1500,36,2.18652e-05,1
"2614",5,17,"conf_166",2500,36,1.48706e-05,1
"2615",5,17,"conf_166",5000,36,2.0428e-06,1
"2616",5,17,"conf_166",7500,36,1.8584e-06,1
"2617",5,17,"conf_166",250,37,0.262443915,1
"2618",5,17,"conf_166",500,37,0.0664603746,1
"2619",5,17,"conf_166",1500,37,0.006849954,1
"2620",5,17,"conf_166",2500,37,0.0067730724,1
"2621",5,17,"conf_166",5000,37,0.0001239579,1
"2622",5,17,"conf_166",7500,37,0.0001092732,1
"2623",5,17,"conf_166",250,38,0.2438160336,1
"2624",5,17,"conf_166",500,38,0.0480114022,1
"2625",5,17,"conf_166",1500,38,0.0043912261,1
"2626",5,17,"conf_166",2500,38,0.0043612208,1
"2627",5,17,"conf_166",5000,38,3.98224e-05,1
"2628",5,17,"conf_166",7500,38,1.18933e-05,1
"2629",5,17,"conf_166",250,39,0.2770117117,1
"2630",5,17,"conf_166",500,39,0.0125693864,1
"2631",5,17,"conf_166",1500,39,0.0019410229,1
"2632",5,17,"conf_166",2500,39,0.0018950515,1
"2633",5,17,"conf_166",5000,39,3.2586e-06,1
"2634",5,17,"conf_166",7500,39,1.1754e-06,1
"2635",5,17,"conf_166",250,40,1.1137237935,1
"2636",5,17,"conf_166",500,40,0.4524270192,1
"2637",5,17,"conf_166",1500,40,0.254372498,1
"2638",5,17,"conf_166",2500,40,0.2539820917,1
"2639",5,17,"conf_166",5000,40,1.0969e-06,1
"2640",5,17,"conf_166",7500,40,1.0969e-06,1
"2641",5,17,"conf_166",250,41,0.4654335621,5
"2642",5,17,"conf_166",500,41,0.257793999,5
"2643",5,17,"conf_166",1500,41,0.257793999,5
"2644",5,17,"conf_166",2500,41,0.0038801986,5
"2645",5,17,"conf_166",5000,41,1e-09,5
"2646",5,17,"conf_166",7500,41,1e-09,5
"2647",5,17,"conf_166",250,42,0.3205425814,5
"2648",5,17,"conf_166",500,42,0.0894009649,5
"2649",5,17,"conf_166",1500,42,0.0397996174,5
"2650",5,17,"conf_166",2500,42,0.0394195109,5
"2651",5,17,"conf_166",5000,42,0.0001407187,5
"2652",5,17,"conf_166",7500,42,6.3762e-05,5
"2653",5,17,"conf_166",250,43,0.6336191959,5
"2654",5,17,"conf_166",500,43,0.0507863836,5
"2655",5,17,"conf_166",1500,43,0.0065671079,5
"2656",5,17,"conf_166",2500,43,0.0065343093,5
"2657",5,17,"conf_166",5000,43,2.86674e-05,5
"2658",5,17,"conf_166",7500,43,1.91805e-05,5
"2659",5,17,"conf_166",250,44,0.467862568,5
"2660",5,17,"conf_166",500,44,0.0925565106,5
"2661",5,17,"conf_166",1500,44,2.25305e-05,5
"2662",5,17,"conf_166",2500,44,1.4371e-05,5
"2663",5,17,"conf_166",5000,44,1.4371e-05,5
"2664",5,17,"conf_166",7500,44,1.43578e-05,5
"2665",5,17,"conf_166",250,45,0.3625907373,5
"2666",5,17,"conf_166",500,45,0.0372357287,5
"2667",5,17,"conf_166",1500,45,0.0001820564,5
"2668",5,17,"conf_166",2500,45,0.0001820564,5
"2669",5,17,"conf_166",5000,45,1.88488e-05,5
"2670",5,17,"conf_166",7500,45,1.6573e-05,5
"2671",5,17,"conf_166",250,46,0.4332872972,5
"2672",5,17,"conf_166",500,46,0.0347820002,5
"2673",5,17,"conf_166",1500,46,0.0001712769,5
"2674",5,17,"conf_166",2500,46,8.48377e-05,5
"2675",5,17,"conf_166",5000,46,8.47453e-05,5
"2676",5,17,"conf_166",7500,46,1.19477e-05,5
"2677",5,17,"conf_166",250,47,0.5056400024,5
"2678",5,17,"conf_166",500,47,0.25930428,5
"2679",5,17,"conf_166",1500,47,0.1808355045,5
"2680",5,17,"conf_166",2500,47,0.1808355045,5
"2681",5,17,"conf_166",5000,47,0.0183003492,5
"2682",5,17,"conf_166",7500,47,0.0001520669,5
"2683",5,17,"conf_166",250,48,0.7756342312,5
"2684",5,17,"conf_166",500,48,0.0732818521,5
"2685",5,17,"conf_166",1500,48,0.0007759988,5
"2686",5,17,"conf_166",2500,48,0.0007589566,5
"2687",5,17,"conf_166",5000,48,6.00944e-05,5
"2688",5,17,"conf_166",7500,48,5.79966e-05,5
"2689",5,17,"conf_166",250,49,1.3117469277,5
"2690",5,17,"conf_166",500,49,0.0870714901,5
"2691",5,17,"conf_166",1500,49,0.0597901189,5
"2692",5,17,"conf_166",2500,49,0.0582638991,5
"2693",5,17,"conf_166",5000,49,1.88108e-05,5
"2694",5,17,"conf_166",7500,49,1.45782e-05,5
"2695",5,17,"conf_166",250,50,0.5671474224,5
"2696",5,17,"conf_166",500,50,0.1082509016,5
"2697",5,17,"conf_166",1500,50,0.0007961624,5
"2698",5,17,"conf_166",2500,50,0.0007961624,5
"2699",5,17,"conf_166",5000,50,0.000104633,5
"2700",5,17,"conf_166",7500,50,1.78717e-05,5
"2701",5,18,"conf_166",250,1,5.3549787466,4
"2702",5,18,"conf_166",500,1,2.0478331001,4
"2703",5,18,"conf_166",1500,1,1.6433449845,4
"2704",5,18,"conf_166",2500,1,1.6407754379,4
"2705",5,18,"conf_166",5000,1,0.0053833758,4
"2706",5,18,"conf_166",7500,1,0.0001077933,4
"2707",5,18,"conf_166",250,2,1.3908556583,4
"2708",5,18,"conf_166",500,2,0.2996806553,4
"2709",5,18,"conf_166",1500,2,0.118954354,4
"2710",5,18,"conf_166",2500,2,0.1175517053,4
"2711",5,18,"conf_166",5000,2,0.1175450457,4
"2712",5,18,"conf_166",7500,2,0.1154632674,4
"2713",5,18,"conf_166",250,3,1.4043404191,4
"2714",5,18,"conf_166",500,3,0.551733877,4
"2715",5,18,"conf_166",1500,3,0.3155061292,4
"2716",5,18,"conf_166",2500,3,0.3155061292,4
"2717",5,18,"conf_166",5000,3,0.026021765,4
"2718",5,18,"conf_166",7500,3,0.0001396511,4
"2719",5,18,"conf_166",250,4,1.6287832079,4
"2720",5,18,"conf_166",500,4,0.2221848837,4
"2721",5,18,"conf_166",1500,4,0.1526212852,4
"2722",5,18,"conf_166",2500,4,0.1320891923,4
"2723",5,18,"conf_166",5000,4,0.1284809201,4
"2724",5,18,"conf_166",7500,4,0.0044814472,4
"2725",5,18,"conf_166",250,5,1.6852823954,4
"2726",5,18,"conf_166",500,5,0.415214301,4
"2727",5,18,"conf_166",1500,5,0.2165473238,4
"2728",5,18,"conf_166",2500,5,0.2159077929,4
"2729",5,18,"conf_166",5000,5,0.0138015318,4
"2730",5,18,"conf_166",7500,5,0.0108975343,4
"2731",5,18,"conf_166",250,6,2.2186404872,4
"2732",5,18,"conf_166",500,6,0.5462562741,4
"2733",5,18,"conf_166",1500,6,0.3319997868,4
"2734",5,18,"conf_166",2500,6,0.3312925305,4
"2735",5,18,"conf_166",5000,6,0.0044652483,4
"2736",5,18,"conf_166",7500,6,0.0044652483,4
"2737",5,18,"conf_166",250,7,2.3375428654,4
"2738",5,18,"conf_166",500,7,0.3349912192,4
"2739",5,18,"conf_166",1500,7,0.1328399011,4
"2740",5,18,"conf_166",2500,7,0.1326616321,4
"2741",5,18,"conf_166",5000,7,0.1088209322,4
"2742",5,18,"conf_166",7500,7,0.0744830572,4
"2743",5,18,"conf_166",250,8,1.8890701291,4
"2744",5,18,"conf_166",500,8,0.4935278624,4
"2745",5,18,"conf_166",1500,8,0.0001147558,4
"2746",5,18,"conf_166",2500,8,0.0001147558,4
"2747",5,18,"conf_166",5000,8,0.0001147558,4
"2748",5,18,"conf_166",7500,8,0.0001147558,4
"2749",5,18,"conf_166",250,9,1.5092380744,4
"2750",5,18,"conf_166",500,9,0.1625865312,4
"2751",5,18,"conf_166",1500,9,0.013539806,4
"2752",5,18,"conf_166",2500,9,0.0132756692,4
"2753",5,18,"conf_166",5000,9,0.0130680935,4
"2754",5,18,"conf_166",7500,9,0.0002449208,4
"2755",5,18,"conf_166",250,10,2.0081868324,4
"2756",5,18,"conf_166",500,10,0.3538522455,4
"2757",5,18,"conf_166",1500,10,0.1224560385,4
"2758",5,18,"conf_166",2500,10,0.1221096241,4
"2759",5,18,"conf_166",5000,10,0.0024257419,4
"2760",5,18,"conf_166",7500,10,0.0024257419,4
"2761",5,18,"conf_166",250,11,2.2195000193,1
"2762",5,18,"conf_166",500,11,0.3939391175,1
"2763",5,18,"conf_166",1500,11,0.1550674993,1
"2764",5,18,"conf_166",2500,11,0.1550674993,1
"2765",5,18,"conf_166",5000,11,0.0003626194,1
"2766",5,18,"conf_166",7500,11,0.0003626194,1
"2767",5,18,"conf_166",250,12,1.0201196585,1
"2768",5,18,"conf_166",500,12,0.3127671273,1
"2769",5,18,"conf_166",1500,12,0.002762234,1
"2770",5,18,"conf_166",2500,12,0.0027317336,1
"2771",5,18,"conf_166",5000,12,0.0027315635,1
"2772",5,18,"conf_166",7500,12,0.0027315635,1
"2773",5,18,"conf_166",250,13,4.7489210361,1
"2774",5,18,"conf_166",500,13,0.7338492476,1
"2775",5,18,"conf_166",1500,13,0.0695155247,1
"2776",5,18,"conf_166",2500,13,0.0681566034,1
"2777",5,18,"conf_166",5000,13,0.0001069772,1
"2778",5,18,"conf_166",7500,13,0.0001069772,1
"2779",5,18,"conf_166",250,14,5.7982025331,1
"2780",5,18,"conf_166",500,14,0.3020481599,1
"2781",5,18,"conf_166",1500,14,0.0026994185,1
"2782",5,18,"conf_166",2500,14,0.0024014381,1
"2783",5,18,"conf_166",5000,14,0.0024002139,1
"2784",5,18,"conf_166",7500,14,0.0024002139,1
"2785",5,18,"conf_166",250,15,1.4051641357,1
"2786",5,18,"conf_166",500,15,0.7603688397,1
"2787",5,18,"conf_166",1500,15,0.3742750194,1
"2788",5,18,"conf_166",2500,15,0.3680086447,1
"2789",5,18,"conf_166",5000,15,2.15521e-05,1
"2790",5,18,"conf_166",7500,15,2.15521e-05,1
"2791",5,18,"conf_166",250,16,8.9071052296,1
"2792",5,18,"conf_166",500,16,1.6997706058,1
"2793",5,18,"conf_166",1500,16,0.417617801,1
"2794",5,18,"conf_166",2500,16,0.4091254123,1
"2795",5,18,"conf_166",5000,16,0.0241015686,1
"2796",5,18,"conf_166",7500,16,0.0135032297,1
"2797",5,18,"conf_166",250,17,1.1246980834,1
"2798",5,18,"conf_166",500,17,0.135323724,1
"2799",5,18,"conf_166",1500,17,0.0349816021,1
"2800",5,18,"conf_166",2500,17,0.03433963,1
"2801",5,18,"conf_166",5000,17,0.0343387969,1
"2802",5,18,"conf_166",7500,17,0.0001579612,1
"2803",5,18,"conf_166",250,18,1.8017985057,1
"2804",5,18,"conf_166",500,18,0.2717059833,1
"2805",5,18,"conf_166",1500,18,0.0347339304,1
"2806",5,18,"conf_166",2500,18,0.033713943,1
"2807",5,18,"conf_166",5000,18,0.0002108032,1
"2808",5,18,"conf_166",7500,18,0.0002108032,1
"2809",5,18,"conf_166",250,19,2.7024832216,1
"2810",5,18,"conf_166",500,19,0.2397038624,1
"2811",5,18,"conf_166",1500,19,0.0003102545,1
"2812",5,18,"conf_166",2500,19,0.0003102545,1
"2813",5,18,"conf_166",5000,19,1.0976e-06,1
"2814",5,18,"conf_166",7500,19,1e-09,1
"2815",5,18,"conf_166",250,20,1.8698877607,1
"2816",5,18,"conf_166",500,20,0.1232257317,1
"2817",5,18,"conf_166",1500,20,0.0117525076,1
"2818",5,18,"conf_166",2500,20,0.0117525076,1
"2819",5,18,"conf_166",5000,20,7.421e-07,1
"2820",5,18,"conf_166",7500,20,9e-10,1
"2821",5,18,"conf_166",250,21,2.8297558344,2
"2822",5,18,"conf_166",500,21,1.9662775029,2
"2823",5,18,"conf_166",1500,21,1.8278452244,2
"2824",5,18,"conf_166",2500,21,1.8269345612,2
"2825",5,18,"conf_166",5000,21,0.0061056576,2
"2826",5,18,"conf_166",7500,21,0.0043132812,2
"2827",5,18,"conf_166",250,22,2.0519523596,2
"2828",5,18,"conf_166",500,22,0.0888302868,2
"2829",5,18,"conf_166",1500,22,7.80928e-05,2
"2830",5,18,"conf_166",2500,22,6.14889e-05,2
"2831",5,18,"conf_166",5000,22,6.14861e-05,2
"2832",5,18,"conf_166",7500,22,6.14861e-05,2
"2833",5,18,"conf_166",250,23,2.2604839827,2
"2834",5,18,"conf_166",500,23,0.1894762429,2
"2835",5,18,"conf_166",1500,23,0.1227700047,2
"2836",5,18,"conf_166",2500,23,0.1227700047,2
"2837",5,18,"conf_166",5000,23,0.0962541455,2
"2838",5,18,"conf_166",7500,23,0.0962541455,2
"2839",5,18,"conf_166",250,24,2.0981714169,2
"2840",5,18,"conf_166",500,24,0.423143476,2
"2841",5,18,"conf_166",1500,24,0.2719510762,2
"2842",5,18,"conf_166",2500,24,0.2639630686,2
"2843",5,18,"conf_166",5000,24,0.0775378912,2
"2844",5,18,"conf_166",7500,24,0.0122411787,2
"2845",5,18,"conf_166",250,25,0.4200487394,2
"2846",5,18,"conf_166",500,25,0.0524063448,2
"2847",5,18,"conf_166",1500,25,0.0010856991,2
"2848",5,18,"conf_166",2500,25,0.0010575255,2
"2849",5,18,"conf_166",5000,25,0.0010574788,2
"2850",5,18,"conf_166",7500,25,0.0010574788,2
"2851",5,18,"conf_166",250,26,2.2372533444,2
"2852",5,18,"conf_166",500,26,0.9074031627,2
"2853",5,18,"conf_166",1500,26,0.6650538692,2
"2854",5,18,"conf_166",2500,26,0.6647508841,2
"2855",5,18,"conf_166",5000,26,0.024415544,2
"2856",5,18,"conf_166",7500,26,0.0238355699,2
"2857",5,18,"conf_166",250,27,2.2948435905,2
"2858",5,18,"conf_166",500,27,0.1480071876,2
"2859",5,18,"conf_166",1500,27,0.0282020275,2
"2860",5,18,"conf_166",2500,27,0.0243884079,2
"2861",5,18,"conf_166",5000,27,0.0004505127,2
"2862",5,18,"conf_166",7500,27,8.99312e-05,2
"2863",5,18,"conf_166",250,28,3.4931104728,2
"2864",5,18,"conf_166",500,28,0.4840294525,2
"2865",5,18,"conf_166",1500,28,0.1170044195,2
"2866",5,18,"conf_166",2500,28,0.1158638224,2
"2867",5,18,"conf_166",5000,28,1.78515e-05,2
"2868",5,18,"conf_166",7500,28,1.78515e-05,2
"2869",5,18,"conf_166",250,29,0.5399276436,2
"2870",5,18,"conf_166",500,29,0.0313831088,2
"2871",5,18,"conf_166",1500,29,0.0010830574,2
"2872",5,18,"conf_166",2500,29,0.0010830574,2
"2873",5,18,"conf_166",5000,29,0.0010830574,2
"2874",5,18,"conf_166",7500,29,0.0010830574,2
"2875",5,18,"conf_166",250,30,1.6771794689,2
"2876",5,18,"conf_166",500,30,0.7659151302,2
"2877",5,18,"conf_166",1500,30,0.5075268499,2
"2878",5,18,"conf_166",2500,30,0.4934256007,2
"2879",5,18,"conf_166",5000,30,0.0233433407,2
"2880",5,18,"conf_166",7500,30,1.31176e-05,2
"2881",5,18,"conf_166",250,31,2.5104336776,3
"2882",5,18,"conf_166",500,31,0.4895116762,3
"2883",5,18,"conf_166",1500,31,0.2525294369,3
"2884",5,18,"conf_166",2500,31,0.2522405828,3
"2885",5,18,"conf_166",5000,31,0.2086986521,3
"2886",5,18,"conf_166",7500,31,0.1475253262,3
"2887",5,18,"conf_166",250,32,3.7746379933,3
"2888",5,18,"conf_166",500,32,1.5323144795,3
"2889",5,18,"conf_166",1500,32,1.2092701888,3
"2890",5,18,"conf_166",2500,32,1.2026922907,3
"2891",5,18,"conf_166",5000,32,0.3868056435,3
"2892",5,18,"conf_166",7500,32,0.1975806131,3
"2893",5,18,"conf_166",250,33,1.5717790569,3
"2894",5,18,"conf_166",500,33,0.4306891785,3
"2895",5,18,"conf_166",1500,33,0.1615029713,3
"2896",5,18,"conf_166",2500,33,0.1597507008,3
"2897",5,18,"conf_166",5000,33,0.1445959835,3
"2898",5,18,"conf_166",7500,33,0.1445959835,3
"2899",5,18,"conf_166",250,34,2.5204644493,3
"2900",5,18,"conf_166",500,34,1.1311146533,3
"2901",5,18,"conf_166",1500,34,0.8320194457,3
"2902",5,18,"conf_166",2500,34,0.8167577842,3
"2903",5,18,"conf_166",5000,34,0.5898963658,3
"2904",5,18,"conf_166",7500,34,0.5531659482,3
"2905",5,18,"conf_166",250,35,0.8055391569,3
"2906",5,18,"conf_166",500,35,0.0584310601,3
"2907",5,18,"conf_166",1500,35,0.0111500004,3
"2908",5,18,"conf_166",2500,35,0.0100466923,3
"2909",5,18,"conf_166",5000,35,0.0099743919,3
"2910",5,18,"conf_166",7500,35,0.0099743919,3
"2911",5,18,"conf_166",250,36,2.3709900829,3
"2912",5,18,"conf_166",500,36,0.4241907499,3
"2913",5,18,"conf_166",1500,36,0.2864043181,3
"2914",5,18,"conf_166",2500,36,0.2864043181,3
"2915",5,18,"conf_166",5000,36,0.284271314,3
"2916",5,18,"conf_166",7500,36,0.2842712241,3
"2917",5,18,"conf_166",250,37,0.9182850914,3
"2918",5,18,"conf_166",500,37,0.1043916343,3
"2919",5,18,"conf_166",1500,37,0.0048859542,3
"2920",5,18,"conf_166",2500,37,0.0046121634,3
"2921",5,18,"conf_166",5000,37,0.0046117071,3
"2922",5,18,"conf_166",7500,37,0.0046117071,3
"2923",5,18,"conf_166",250,38,2.4326741052,3
"2924",5,18,"conf_166",500,38,0.2300762618,3
"2925",5,18,"conf_166",1500,38,0.0893066268,3
"2926",5,18,"conf_166",2500,38,0.0880851127,3
"2927",5,18,"conf_166",5000,38,0.0386404671,3
"2928",5,18,"conf_166",7500,38,0.007099669,3
"2929",5,18,"conf_166",250,39,2.9894158253,3
"2930",5,18,"conf_166",500,39,0.4752405354,3
"2931",5,18,"conf_166",1500,39,0.1965576547,3
"2932",5,18,"conf_166",2500,39,0.1961289886,3
"2933",5,18,"conf_166",5000,39,0.0040370383,3
"2934",5,18,"conf_166",7500,39,0.0024885737,3
"2935",5,18,"conf_166",250,40,2.0374671107,3
"2936",5,18,"conf_166",500,40,0.840419421,3
"2937",5,18,"conf_166",1500,40,0.3692925018,3
"2938",5,18,"conf_166",2500,40,0.3662642338,3
"2939",5,18,"conf_166",5000,40,0.000638248,3
"2940",5,18,"conf_166",7500,40,0.0002125596,3
"2941",5,18,"conf_166",250,41,1.3669900983,5
"2942",5,18,"conf_166",500,41,0.2192238185,5
"2943",5,18,"conf_166",1500,41,0.0123941983,5
"2944",5,18,"conf_166",2500,41,0.0117821473,5
"2945",5,18,"conf_166",5000,41,0.0048764738,5
"2946",5,18,"conf_166",7500,41,9.20829e-05,5
"2947",5,18,"conf_166",250,42,2.4528318418,5
"2948",5,18,"conf_166",500,42,0.3111069524,5
"2949",5,18,"conf_166",1500,42,0.0009206333,5
"2950",5,18,"conf_166",2500,42,0.0009103795,5
"2951",5,18,"conf_166",5000,42,0.0009099465,5
"2952",5,18,"conf_166",7500,42,7.51283e-05,5
"2953",5,18,"conf_166",250,43,4.494489648,5
"2954",5,18,"conf_166",500,43,0.4777737435,5
"2955",5,18,"conf_166",1500,43,0.0455793775,5
"2956",5,18,"conf_166",2500,43,0.0451984912,5
"2957",5,18,"conf_166",5000,43,0.0076953711,5
"2958",5,18,"conf_166",7500,43,0.0067941513,5
"2959",5,18,"conf_166",250,44,2.374234534,5
"2960",5,18,"conf_166",500,44,0.7060812103,5
"2961",5,18,"conf_166",1500,44,0.2662258242,5
"2962",5,18,"conf_166",2500,44,0.2657704955,5
"2963",5,18,"conf_166",5000,44,0.0692937104,5
"2964",5,18,"conf_166",7500,44,0.0692937104,5
"2965",5,18,"conf_166",250,45,2.2170210209,5
"2966",5,18,"conf_166",500,45,0.6938564753,5
"2967",5,18,"conf_166",1500,45,0.4391752263,5
"2968",5,18,"conf_166",2500,45,0.4356417174,5
"2969",5,18,"conf_166",5000,45,0.0029660325,5
"2970",5,18,"conf_166",7500,45,0.0010118363,5
"2971",5,18,"conf_166",250,46,0.2092625719,5
"2972",5,18,"conf_166",500,46,0.0526479955,5
"2973",5,18,"conf_166",1500,46,0.0037747907,5
"2974",5,18,"conf_166",2500,46,0.003630831,5
"2975",5,18,"conf_166",5000,46,0.003630034,5
"2976",5,18,"conf_166",7500,46,0.003630034,5
"2977",5,18,"conf_166",250,47,1.4149947295,5
"2978",5,18,"conf_166",500,47,0.2198784859,5
"2979",5,18,"conf_166",1500,47,0.0021900497,5
"2980",5,18,"conf_166",2500,47,0.0021697954,5
"2981",5,18,"conf_166",5000,47,6.7641e-05,5
"2982",5,18,"conf_166",7500,47,6.7641e-05,5
"2983",5,18,"conf_166",250,48,2.0312327549,5
"2984",5,18,"conf_166",500,48,0.1192459917,5
"2985",5,18,"conf_166",1500,48,0.0213177697,5
"2986",5,18,"conf_166",2500,48,0.021198611,5
"2987",5,18,"conf_166",5000,48,0.017422211,5
"2988",5,18,"conf_166",7500,48,0.017422211,5
"2989",5,18,"conf_166",250,49,1.6551750166,5
"2990",5,18,"conf_166",500,49,0.33049876,5
"2991",5,18,"conf_166",1500,49,0.0076321697,5
"2992",5,18,"conf_166",2500,49,0.0074224501,5
"2993",5,18,"conf_166",5000,49,0.0009450759,5
"2994",5,18,"conf_166",7500,49,0.0001323224,5
"2995",5,18,"conf_166",250,50,3.5333044097,5
"2996",5,18,"conf_166",500,50,0.6014475271,5
"2997",5,18,"conf_166",1500,50,0.1951088265,5
"2998",5,18,"conf_166",2500,50,0.1938046779,5
"2999",5,18,"conf_166",5000,50,0.1897564449,5
"3000",5,18,"conf_166",7500,50,0.0002825932,5
"3001",5,19,"conf_166",250,1,0.3904174344,1
"3002",5,19,"conf_166",500,1,0.3904174344,1
"3003",5,19,"conf_166",1500,1,0.3904174344,1
"3004",5,19,"conf_166",2500,1,0.3904174344,1
"3005",5,19,"conf_166",5000,1,0.1690161801,1
"3006",5,19,"conf_166",7500,1,0.1688604489,1
"3007",5,19,"conf_166",250,2,0.7871607832,1
"3008",5,19,"conf_166",500,2,0.7871607832,1
"3009",5,19,"conf_166",1500,2,0.7871607832,1
"3010",5,19,"conf_166",2500,2,0.6069657731,1
"3011",5,19,"conf_166",5000,2,0.0822465191,1
"3012",5,19,"conf_166",7500,2,0.0391828026,1
"3013",5,19,"conf_166",250,3,2.0872212833,1
"3014",5,19,"conf_166",500,3,1.4767046989,1
"3015",5,19,"conf_166",1500,3,1.4767046989,1
"3016",5,19,"conf_166",2500,3,1.4767046989,1
"3017",5,19,"conf_166",5000,3,1.0412111226,1
"3018",5,19,"conf_166",7500,3,1.040021457,1
"3019",5,19,"conf_166",250,4,1.4803274613,1
"3020",5,19,"conf_166",500,4,1.4803274613,1
"3021",5,19,"conf_166",1500,4,1.4803274613,1
"3022",5,19,"conf_166",2500,4,1.1059254139,1
"3023",5,19,"conf_166",5000,4,0.98226505,1
"3024",5,19,"conf_166",7500,4,0.9821134264,1
"3025",5,19,"conf_166",250,5,1.9027736449,1
"3026",5,19,"conf_166",500,5,1.9027736449,1
"3027",5,19,"conf_166",1500,5,0.7161091292,1
"3028",5,19,"conf_166",2500,5,0.7161091292,1
"3029",5,19,"conf_166",5000,5,0.7161091292,1
"3030",5,19,"conf_166",7500,5,0.7119479879,1
"3031",5,19,"conf_166",250,6,0.9716180256,1
"3032",5,19,"conf_166",500,6,0.9716180256,1
"3033",5,19,"conf_166",1500,6,0.9716180256,1
"3034",5,19,"conf_166",2500,6,0.9716180256,1
"3035",5,19,"conf_166",5000,6,0.9716180256,1
"3036",5,19,"conf_166",7500,6,0.9716180256,1
"3037",5,19,"conf_166",250,7,2.419924921,1
"3038",5,19,"conf_166",500,7,0.9235009183,1
"3039",5,19,"conf_166",1500,7,0.9235009183,1
"3040",5,19,"conf_166",2500,7,0.7008043695,1
"3041",5,19,"conf_166",5000,7,0.3534288611,1
"3042",5,19,"conf_166",7500,7,0.353428861,1
"3043",5,19,"conf_166",250,8,1.0436768161,1
"3044",5,19,"conf_166",500,8,1.0436768161,1
"3045",5,19,"conf_166",1500,8,0.3719033533,1
"3046",5,19,"conf_166",2500,8,0.3719033533,1
"3047",5,19,"conf_166",5000,8,0.3298669161,1
"3048",5,19,"conf_166",7500,8,0.0006688879,1
"3049",5,19,"conf_166",250,9,2.3704204258,1
"3050",5,19,"conf_166",500,9,1.8525887385,1
"3051",5,19,"conf_166",1500,9,1.1439775896,1
"3052",5,19,"conf_166",2500,9,1.1186005723,1
"3053",5,19,"conf_166",5000,9,0.6182559019,1
"3054",5,19,"conf_166",7500,9,0.6182559019,1
"3055",5,19,"conf_166",250,10,1.4441935088,1
"3056",5,19,"conf_166",500,10,0.7194400837,1
"3057",5,19,"conf_166",1500,10,0.7194400837,1
"3058",5,19,"conf_166",2500,10,0.7194400837,1
"3059",5,19,"conf_166",5000,10,0.7194400837,1
"3060",5,19,"conf_166",7500,10,0.5542960848,1
"3061",5,19,"conf_166",250,11,2.9861687957,5
"3062",5,19,"conf_166",500,11,1.3431015072,5
"3063",5,19,"conf_166",1500,11,0.5633749376,5
"3064",5,19,"conf_166",2500,11,0.1584610273,5
"3065",5,19,"conf_166",5000,11,0.0367751527,5
"3066",5,19,"conf_166",7500,11,0.0320036328,5
"3067",5,19,"conf_166",250,12,2.0530783899,5
"3068",5,19,"conf_166",500,12,1.3623472007,5
"3069",5,19,"conf_166",1500,12,1.206380986,5
"3070",5,19,"conf_166",2500,12,0.137124393,5
"3071",5,19,"conf_166",5000,12,0.0107345562,5
"3072",5,19,"conf_166",7500,12,0.0039532937,5
"3073",5,19,"conf_166",250,13,1.5387721088,5
"3074",5,19,"conf_166",500,13,1.0264117719,5
"3075",5,19,"conf_166",1500,13,1.0123874551,5
"3076",5,19,"conf_166",2500,13,0.7884093977,5
"3077",5,19,"conf_166",5000,13,0.7884093977,5
"3078",5,19,"conf_166",7500,13,0.4873669995,5
"3079",5,19,"conf_166",250,14,2.0824091315,5
"3080",5,19,"conf_166",500,14,1.5492183824,5
"3081",5,19,"conf_166",1500,14,0.1285359909,5
"3082",5,19,"conf_166",2500,14,0.1257808707,5
"3083",5,19,"conf_166",5000,14,0.1256971684,5
"3084",5,19,"conf_166",7500,14,0.1256849634,5
"3085",5,19,"conf_166",250,15,2.0541868504,5
"3086",5,19,"conf_166",500,15,0.9092846125,5
"3087",5,19,"conf_166",1500,15,0.9092846125,5
"3088",5,19,"conf_166",2500,15,0.9092846125,5
"3089",5,19,"conf_166",5000,15,0.7514348727,5
"3090",5,19,"conf_166",7500,15,0.2666700156,5
"3091",5,19,"conf_166",250,16,1.2586916289,5
"3092",5,19,"conf_166",500,16,0.8739157767,5
"3093",5,19,"conf_166",1500,16,0.7250737732,5
"3094",5,19,"conf_166",2500,16,0.3965896494,5
"3095",5,19,"conf_166",5000,16,0.1441225991,5
"3096",5,19,"conf_166",7500,16,0.1296136368,5
"3097",5,19,"conf_166",250,17,2.9160438426,5
"3098",5,19,"conf_166",500,17,0.5645246079,5
"3099",5,19,"conf_166",1500,17,0.5645246079,5
"3100",5,19,"conf_166",2500,17,0.5645246079,5
"3101",5,19,"conf_166",5000,17,0.520672588,5
"3102",5,19,"conf_166",7500,17,0.519682624,5
"3103",5,19,"conf_166",250,18,1.1243385017,5
"3104",5,19,"conf_166",500,18,1.1243385017,5
"3105",5,19,"conf_166",1500,18,0.6640753961,5
"3106",5,19,"conf_166",2500,18,0.6640753961,5
"3107",5,19,"conf_166",5000,18,0.6640753961,5
"3108",5,19,"conf_166",7500,18,0.6640753961,5
"3109",5,19,"conf_166",250,19,1.5725488216,5
"3110",5,19,"conf_166",500,19,1.5725488216,5
"3111",5,19,"conf_166",1500,19,1.1145477605,5
"3112",5,19,"conf_166",2500,19,1.1145477605,5
"3113",5,19,"conf_166",5000,19,0.927938424,5
"3114",5,19,"conf_166",7500,19,0.3559000385,5
"3115",5,19,"conf_166",250,20,1.6076182076,5
"3116",5,19,"conf_166",500,20,1.6076182076,5
"3117",5,19,"conf_166",1500,20,1.2348176089,5
"3118",5,19,"conf_166",2500,20,0.6460013564,5
"3119",5,19,"conf_166",5000,20,0.3613239894,5
"3120",5,19,"conf_166",7500,20,0.2141764596,5
"3121",5,19,"conf_166",250,21,0.5946123086,2
"3122",5,19,"conf_166",500,21,0.5946123086,2
"3123",5,19,"conf_166",1500,21,0.5946123086,2
"3124",5,19,"conf_166",2500,21,0.5946123086,2
"3125",5,19,"conf_166",5000,21,0.3206961084,2
"3126",5,19,"conf_166",7500,21,0.3206961084,2
"3127",5,19,"conf_166",250,22,2.2115405272,2
"3128",5,19,"conf_166",500,22,1.563621501,2
"3129",5,19,"conf_166",1500,22,1.1620357601,2
"3130",5,19,"conf_166",2500,22,1.0726176756,2
"3131",5,19,"conf_166",5000,22,0.4280416866,2
"3132",5,19,"conf_166",7500,22,0.4280416866,2
"3133",5,19,"conf_166",250,23,2.2952971408,2
"3134",5,19,"conf_166",500,23,2.2952971408,2
"3135",5,19,"conf_166",1500,23,0.5895635101,2
"3136",5,19,"conf_166",2500,23,0.554896897,2
"3137",5,19,"conf_166",5000,23,0.554896897,2
"3138",5,19,"conf_166",7500,23,0.554896897,2
"3139",5,19,"conf_166",250,24,2.5807419147,2
"3140",5,19,"conf_166",500,24,2.3583308902,2
"3141",5,19,"conf_166",1500,24,1.3815091983,2
"3142",5,19,"conf_166",2500,24,1.3815091983,2
"3143",5,19,"conf_166",5000,24,0.4386539089,2
"3144",5,19,"conf_166",7500,24,0.2912355356,2
"3145",5,19,"conf_166",250,25,1.6799033375,2
"3146",5,19,"conf_166",500,25,1.6799033375,2
"3147",5,19,"conf_166",1500,25,0.301965877,2
"3148",5,19,"conf_166",2500,25,0.301965877,2
"3149",5,19,"conf_166",5000,25,0.301965877,2
"3150",5,19,"conf_166",7500,25,0.301965877,2
"3151",5,19,"conf_166",250,26,3.5847820774,2
"3152",5,19,"conf_166",500,26,1.7061127021,2
"3153",5,19,"conf_166",1500,26,1.2774208139,2
"3154",5,19,"conf_166",2500,26,0.5427687795,2
"3155",5,19,"conf_166",5000,26,0.4153760704,2
"3156",5,19,"conf_166",7500,26,0.3930360351,2
"3157",5,19,"conf_166",250,27,1.6217824784,2
"3158",5,19,"conf_166",500,27,1.6217824784,2
"3159",5,19,"conf_166",1500,27,0.8993777818,2
"3160",5,19,"conf_166",2500,27,0.1714869849,2
"3161",5,19,"conf_166",5000,27,0.0682087683,2
"3162",5,19,"conf_166",7500,27,0.0602832687,2
"3163",5,19,"conf_166",250,28,3.0804728882,2
"3164",5,19,"conf_166",500,28,1.3446896377,2
"3165",5,19,"conf_166",1500,28,1.3446896377,2
"3166",5,19,"conf_166",2500,28,1.2734832667,2
"3167",5,19,"conf_166",5000,28,1.2734832667,2
"3168",5,19,"conf_166",7500,28,1.0442699552,2
"3169",5,19,"conf_166",250,29,2.2667630101,2
"3170",5,19,"conf_166",500,29,1.2457860346,2
"3171",5,19,"conf_166",1500,29,1.2457860346,2
"3172",5,19,"conf_166",2500,29,1.134704895,2
"3173",5,19,"conf_166",5000,29,1.015287588,2
"3174",5,19,"conf_166",7500,29,1.0062078125,2
"3175",5,19,"conf_166",250,30,2.991126384,2
"3176",5,19,"conf_166",500,30,1.1178651525,2
"3177",5,19,"conf_166",1500,30,0.1228380241,2
"3178",5,19,"conf_166",2500,30,0.0957379721,2
"3179",5,19,"conf_166",5000,30,0.0817262144,2
"3180",5,19,"conf_166",7500,30,0.079390847,2
"3181",5,19,"conf_166",250,31,2.4053834398,4
"3182",5,19,"conf_166",500,31,0.3741543018,4
"3183",5,19,"conf_166",1500,31,0.3741543018,4
"3184",5,19,"conf_166",2500,31,0.1333898635,4
"3185",5,19,"conf_166",5000,31,0.0906674832,4
"3186",5,19,"conf_166",7500,31,0.0874323094,4
"3187",5,19,"conf_166",250,32,2.1586390323,4
"3188",5,19,"conf_166",500,32,2.1586390323,4
"3189",5,19,"conf_166",1500,32,0.7022328333,4
"3190",5,19,"conf_166",2500,32,0.5014665855,4
"3191",5,19,"conf_166",5000,32,0.5014665855,4
"3192",5,19,"conf_166",7500,32,0.4342498438,4
"3193",5,19,"conf_166",250,33,1.7714319709,4
"3194",5,19,"conf_166",500,33,1.7714319709,4
"3195",5,19,"conf_166",1500,33,0.3597893363,4
"3196",5,19,"conf_166",2500,33,0.3114112114,4
"3197",5,19,"conf_166",5000,33,0.1296960135,4
"3198",5,19,"conf_166",7500,33,0.1296606906,4
"3199",5,19,"conf_166",250,34,1.8751707141,4
"3200",5,19,"conf_166",500,34,1.395991385,4
"3201",5,19,"conf_166",1500,34,0.9410538169,4
"3202",5,19,"conf_166",2500,34,0.9410538169,4
"3203",5,19,"conf_166",5000,34,0.3063049712,4
"3204",5,19,"conf_166",7500,34,0.3063049712,4
"3205",5,19,"conf_166",250,35,2.5459313103,4
"3206",5,19,"conf_166",500,35,2.2042303702,4
"3207",5,19,"conf_166",1500,35,0.9917253247,4
"3208",5,19,"conf_166",2500,35,0.9917253247,4
"3209",5,19,"conf_166",5000,35,0.3163189573,4
"3210",5,19,"conf_166",7500,35,0.2624976499,4
"3211",5,19,"conf_166",250,36,3.128182243,4
"3212",5,19,"conf_166",500,36,1.0775385315,4
"3213",5,19,"conf_166",1500,36,0.3742446217,4
"3214",5,19,"conf_166",2500,36,0.2027359542,4
"3215",5,19,"conf_166",5000,36,0.1632253913,4
"3216",5,19,"conf_166",7500,36,0.1632253913,4
"3217",5,19,"conf_166",250,37,2.0095255358,4
"3218",5,19,"conf_166",500,37,1.4532865824,4
"3219",5,19,"conf_166",1500,37,1.1993920857,4
"3220",5,19,"conf_166",2500,37,0.8479336723,4
"3221",5,19,"conf_166",5000,37,0.6832961684,4
"3222",5,19,"conf_166",7500,37,0.4203984564,4
"3223",5,19,"conf_166",250,38,2.1204505093,4
"3224",5,19,"conf_166",500,38,0.516253813,4
"3225",5,19,"conf_166",1500,38,0.516253813,4
"3226",5,19,"conf_166",2500,38,0.516253813,4
"3227",5,19,"conf_166",5000,38,0.516253813,4
"3228",5,19,"conf_166",7500,38,0.4912818459,4
"3229",5,19,"conf_166",250,39,1.9237957899,4
"3230",5,19,"conf_166",500,39,1.4556837853,4
"3231",5,19,"conf_166",1500,39,1.038592513,4
"3232",5,19,"conf_166",2500,39,0.3691368561,4
"3233",5,19,"conf_166",5000,39,0.3691368243,4
"3234",5,19,"conf_166",7500,39,0.3691368243,4
"3235",5,19,"conf_166",250,40,1.9473125103,4
"3236",5,19,"conf_166",500,40,1.9473125103,4
"3237",5,19,"conf_166",1500,40,0.7131166894,4
"3238",5,19,"conf_166",2500,40,0.7131166894,4
"3239",5,19,"conf_166",5000,40,0.0820862829,4
"3240",5,19,"conf_166",7500,40,0.0109199096,4
"3241",5,19,"conf_166",250,41,2.5559547663,3
"3242",5,19,"conf_166",500,41,0.8680872491,3
"3243",5,19,"conf_166",1500,41,0.8680872491,3
"3244",5,19,"conf_166",2500,41,0.8680872491,3
"3245",5,19,"conf_166",5000,41,0.8680872491,3
"3246",5,19,"conf_166",7500,41,0.8680872491,3
"3247",5,19,"conf_166",250,42,2.4387844919,3
"3248",5,19,"conf_166",500,42,2.4387844919,3
"3249",5,19,"conf_166",1500,42,0.7422722512,3
"3250",5,19,"conf_166",2500,42,0.7422722512,3
"3251",5,19,"conf_166",5000,42,0.7422722512,3
"3252",5,19,"conf_166",7500,42,0.7147120162,3
"3253",5,19,"conf_166",250,43,2.6704895376,3
"3254",5,19,"conf_166",500,43,2.016637667,3
"3255",5,19,"conf_166",1500,43,0.507039765,3
"3256",5,19,"conf_166",2500,43,0.4044797502,3
"3257",5,19,"conf_166",5000,43,0.2819386743,3
"3258",5,19,"conf_166",7500,43,0.2819386743,3
"3259",5,19,"conf_166",250,44,2.8154066321,3
"3260",5,19,"conf_166",500,44,1.1770770265,3
"3261",5,19,"conf_166",1500,44,0.5094468942,3
"3262",5,19,"conf_166",2500,44,0.3511459137,3
"3263",5,19,"conf_166",5000,44,0.310232921,3
"3264",5,19,"conf_166",7500,44,0.310232209,3
"3265",5,19,"conf_166",250,45,3.0307851873,3
"3266",5,19,"conf_166",500,45,1.5832772438,3
"3267",5,19,"conf_166",1500,45,0.8953768195,3
"3268",5,19,"conf_166",2500,45,0.2640367171,3
"3269",5,19,"conf_166",5000,45,0.2640367171,3
"3270",5,19,"conf_166",7500,45,0.2516798975,3
"3271",5,19,"conf_166",250,46,1.9471072013,3
"3272",5,19,"conf_166",500,46,1.7809998309,3
"3273",5,19,"conf_166",1500,46,0.0903209931,3
"3274",5,19,"conf_166",2500,46,0.0903204763,3
"3275",5,19,"conf_166",5000,46,0.0903204763,3
"3276",5,19,"conf_166",7500,46,0.0903204763,3
"3277",5,19,"conf_166",250,47,1.7989156192,3
"3278",5,19,"conf_166",500,47,0.7205324563,3
"3279",5,19,"conf_166",1500,47,0.7205324563,3
"3280",5,19,"conf_166",2500,47,0.7205324563,3
"3281",5,19,"conf_166",5000,47,0.3377387977,3
"3282",5,19,"conf_166",7500,47,0.3377208978,3
"3283",5,19,"conf_166",250,48,2.5620985758,3
"3284",5,19,"conf_166",500,48,1.8543591922,3
"3285",5,19,"conf_166",1500,48,0.7725746781,3
"3286",5,19,"conf_166",2500,48,0.7725746781,3
"3287",5,19,"conf_166",5000,48,0.4526124505,3
"3288",5,19,"conf_166",7500,48,0.3745918351,3
"3289",5,19,"conf_166",250,49,2.4683530547,3
"3290",5,19,"conf_166",500,49,1.676943186,3
"3291",5,19,"conf_166",1500,49,0.8293134393,3
"3292",5,19,"conf_166",2500,49,0.2440718569,3
"3293",5,19,"conf_166",5000,49,0.1893855343,3
"3294",5,19,"conf_166",7500,49,0.1884960089,3
"3295",5,19,"conf_166",250,50,2.9674649533,3
"3296",5,19,"conf_166",500,50,2.9674649533,3
"3297",5,19,"conf_166",1500,50,1.6715303049,3
"3298",5,19,"conf_166",2500,50,0.5599365862,3
"3299",5,19,"conf_166",5000,50,0.4476766406,3
"3300",5,19,"conf_166",7500,50,0.4476766406,3
"3301",5,2,"conf_166",250,1,7148.1923512313,5
"3302",5,2,"conf_166",500,1,2102.722830816,5
"3303",5,2,"conf_166",1500,1,2.0464406288,5
"3304",5,2,"conf_166",2500,1,6e-10,5
"3305",5,2,"conf_166",5000,1,6e-10,5
"3306",5,2,"conf_166",7500,1,6e-10,5
"3307",5,2,"conf_166",250,2,655.2795531551,5
"3308",5,2,"conf_166",500,2,343.166264096,5
"3309",5,2,"conf_166",1500,2,3.2997435888,5
"3310",5,2,"conf_166",2500,2,6e-10,5
"3311",5,2,"conf_166",5000,2,6e-10,5
"3312",5,2,"conf_166",7500,2,6e-10,5
"3313",5,2,"conf_166",250,3,803.0034275316,5
"3314",5,2,"conf_166",500,3,544.559912802,5
"3315",5,2,"conf_166",1500,3,0.0434048392,5
"3316",5,2,"conf_166",2500,3,1e-09,5
"3317",5,2,"conf_166",5000,3,1e-09,5
"3318",5,2,"conf_166",7500,3,1e-09,5
"3319",5,2,"conf_166",250,4,1611.6669386029,5
"3320",5,2,"conf_166",500,4,29.0676716502,5
"3321",5,2,"conf_166",1500,4,0.0007680867,5
"3322",5,2,"conf_166",2500,4,3e-10,5
"3323",5,2,"conf_166",5000,4,3e-10,5
"3324",5,2,"conf_166",7500,4,3e-10,5
"3325",5,2,"conf_166",250,5,1681.6985854798,5
"3326",5,2,"conf_166",500,5,214.42611186,5
"3327",5,2,"conf_166",1500,5,0.0668216404,5
"3328",5,2,"conf_166",2500,5,5e-10,5
"3329",5,2,"conf_166",5000,5,5e-10,5
"3330",5,2,"conf_166",7500,5,5e-10,5
"3331",5,2,"conf_166",250,6,3547.8754092806,5
"3332",5,2,"conf_166",500,6,242.9683625766,5
"3333",5,2,"conf_166",1500,6,0.2114602153,5
"3334",5,2,"conf_166",2500,6,9e-10,5
"3335",5,2,"conf_166",5000,6,9e-10,5
"3336",5,2,"conf_166",7500,6,9e-10,5
"3337",5,2,"conf_166",250,7,1683.7201010215,5
"3338",5,2,"conf_166",500,7,1160.6269337885,5
"3339",5,2,"conf_166",1500,7,0.3754731755,5
"3340",5,2,"conf_166",2500,7,6e-10,5
"3341",5,2,"conf_166",5000,7,6e-10,5
"3342",5,2,"conf_166",7500,7,6e-10,5
"3343",5,2,"conf_166",250,8,9706.1850222781,5
"3344",5,2,"conf_166",500,8,336.6654848818,5
"3345",5,2,"conf_166",1500,8,0.0002606221,5
"3346",5,2,"conf_166",2500,8,3e-10,5
"3347",5,2,"conf_166",5000,8,3e-10,5
"3348",5,2,"conf_166",7500,8,3e-10,5
"3349",5,2,"conf_166",250,9,1156.8649528226,5
"3350",5,2,"conf_166",500,9,350.2000924211,5
"3351",5,2,"conf_166",1500,9,2.2107131976,5
"3352",5,2,"conf_166",2500,9,5e-10,5
"3353",5,2,"conf_166",5000,9,5e-10,5
"3354",5,2,"conf_166",7500,9,5e-10,5
"3355",5,2,"conf_166",250,10,89.6438516237,5
"3356",5,2,"conf_166",500,10,45.2518990275,5
"3357",5,2,"conf_166",1500,10,0.0360178226,5
"3358",5,2,"conf_166",2500,10,5e-10,5
"3359",5,2,"conf_166",5000,10,5e-10,5
"3360",5,2,"conf_166",7500,10,5e-10,5
"3361",5,2,"conf_166",250,11,1923.9910917046,4
"3362",5,2,"conf_166",500,11,399.0338369865,4
"3363",5,2,"conf_166",1500,11,0.0123667323,4
"3364",5,2,"conf_166",2500,11,7e-10,4
"3365",5,2,"conf_166",5000,11,7e-10,4
"3366",5,2,"conf_166",7500,11,7e-10,4
"3367",5,2,"conf_166",250,12,300.48734643,4
"3368",5,2,"conf_166",500,12,75.8158635774,4
"3369",5,2,"conf_166",1500,12,0.1386768855,4
"3370",5,2,"conf_166",2500,12,8e-10,4
"3371",5,2,"conf_166",5000,12,8e-10,4
"3372",5,2,"conf_166",7500,12,8e-10,4
"3373",5,2,"conf_166",250,13,562.0086022381,4
"3374",5,2,"conf_166",500,13,151.5287938256,4
"3375",5,2,"conf_166",1500,13,2.4795664984,4
"3376",5,2,"conf_166",2500,13,2e-10,4
"3377",5,2,"conf_166",5000,13,2e-10,4
"3378",5,2,"conf_166",7500,13,2e-10,4
"3379",5,2,"conf_166",250,14,1360.7271614759,4
"3380",5,2,"conf_166",500,14,35.8978444419,4
"3381",5,2,"conf_166",1500,14,0.0730992802,4
"3382",5,2,"conf_166",2500,14,8e-10,4
"3383",5,2,"conf_166",5000,14,8e-10,4
"3384",5,2,"conf_166",7500,14,8e-10,4
"3385",5,2,"conf_166",250,15,686.2083971386,4
"3386",5,2,"conf_166",500,15,95.3138489635,4
"3387",5,2,"conf_166",1500,15,10.0711752071,4
"3388",5,2,"conf_166",2500,15,8e-10,4
"3389",5,2,"conf_166",5000,15,8e-10,4
"3390",5,2,"conf_166",7500,15,8e-10,4
"3391",5,2,"conf_166",250,16,2099.557009679,4
"3392",5,2,"conf_166",500,16,112.201738067,4
"3393",5,2,"conf_166",1500,16,1.7350432889,4
"3394",5,2,"conf_166",2500,16,8e-10,4
"3395",5,2,"conf_166",5000,16,8e-10,4
"3396",5,2,"conf_166",7500,16,8e-10,4
"3397",5,2,"conf_166",250,17,7730.0177212527,4
"3398",5,2,"conf_166",500,17,201.3540946088,4
"3399",5,2,"conf_166",1500,17,2.555358722,4
"3400",5,2,"conf_166",2500,17,9e-10,4
"3401",5,2,"conf_166",5000,17,9e-10,4
"3402",5,2,"conf_166",7500,17,9e-10,4
"3403",5,2,"conf_166",250,18,17170.8156289254,4
"3404",5,2,"conf_166",500,18,126.9269925806,4
"3405",5,2,"conf_166",1500,18,0.1602493146,4
"3406",5,2,"conf_166",2500,18,8e-10,4
"3407",5,2,"conf_166",5000,18,8e-10,4
"3408",5,2,"conf_166",7500,18,8e-10,4
"3409",5,2,"conf_166",250,19,8180.9664241259,4
"3410",5,2,"conf_166",500,19,1378.701897405,4
"3411",5,2,"conf_166",1500,19,2.9662074079,4
"3412",5,2,"conf_166",2500,19,6e-10,4
"3413",5,2,"conf_166",5000,19,6e-10,4
"3414",5,2,"conf_166",7500,19,6e-10,4
"3415",5,2,"conf_166",250,20,6066.8937047053,4
"3416",5,2,"conf_166",500,20,637.0776042256,4
"3417",5,2,"conf_166",1500,20,0.5507422403,4
"3418",5,2,"conf_166",2500,20,1e-09,4
"3419",5,2,"conf_166",5000,20,1e-09,4
"3420",5,2,"conf_166",7500,20,1e-09,4
"3421",5,2,"conf_166",250,21,620.127037341,3
"3422",5,2,"conf_166",500,21,209.7216132281,3
"3423",5,2,"conf_166",1500,21,1.9972963664,3
"3424",5,2,"conf_166",2500,21,6e-10,3
"3425",5,2,"conf_166",5000,21,6e-10,3
"3426",5,2,"conf_166",7500,21,6e-10,3
"3427",5,2,"conf_166",250,22,2404.8062980454,3
"3428",5,2,"conf_166",500,22,229.9719555573,3
"3429",5,2,"conf_166",1500,22,0.1683564519,3
"3430",5,2,"conf_166",2500,22,3e-10,3
"3431",5,2,"conf_166",5000,22,3e-10,3
"3432",5,2,"conf_166",7500,22,3e-10,3
"3433",5,2,"conf_166",250,23,8436.2866968407,3
"3434",5,2,"conf_166",500,23,880.3534476727,3
"3435",5,2,"conf_166",1500,23,0.0376301121,3
"3436",5,2,"conf_166",2500,23,1e-09,3
"3437",5,2,"conf_166",5000,23,1e-09,3
"3438",5,2,"conf_166",7500,23,1e-09,3
"3439",5,2,"conf_166",250,24,4818.3495201031,3
"3440",5,2,"conf_166",500,24,36.5430933427,3
"3441",5,2,"conf_166",1500,24,0.6841218621,3
"3442",5,2,"conf_166",2500,24,9e-10,3
"3443",5,2,"conf_166",5000,24,9e-10,3
"3444",5,2,"conf_166",7500,24,9e-10,3
"3445",5,2,"conf_166",250,25,539.0245248337,3
"3446",5,2,"conf_166",500,25,188.2296748676,3
"3447",5,2,"conf_166",1500,25,3.0938082398,3
"3448",5,2,"conf_166",2500,25,8e-10,3
"3449",5,2,"conf_166",5000,25,8e-10,3
"3450",5,2,"conf_166",7500,25,8e-10,3
"3451",5,2,"conf_166",250,26,901.7628577456,3
"3452",5,2,"conf_166",500,26,901.7628577456,3
"3453",5,2,"conf_166",1500,26,0.032248158,3
"3454",5,2,"conf_166",2500,26,8e-10,3
"3455",5,2,"conf_166",5000,26,8e-10,3
"3456",5,2,"conf_166",7500,26,8e-10,3
"3457",5,2,"conf_166",250,27,4787.0101384773,3
"3458",5,2,"conf_166",500,27,1102.3037055628,3
"3459",5,2,"conf_166",1500,27,0.4883645748,3
"3460",5,2,"conf_166",2500,27,9e-10,3
"3461",5,2,"conf_166",5000,27,9e-10,3
"3462",5,2,"conf_166",7500,27,9e-10,3
"3463",5,2,"conf_166",250,28,10418.0068370706,3
"3464",5,2,"conf_166",500,28,2437.9952708726,3
"3465",5,2,"conf_166",1500,28,6.0846983029,3
"3466",5,2,"conf_166",2500,28,1e-09,3
"3467",5,2,"conf_166",5000,28,1e-09,3
"3468",5,2,"conf_166",7500,28,1e-09,3
"3469",5,2,"conf_166",250,29,516.1666839329,3
"3470",5,2,"conf_166",500,29,108.9669947517,3
"3471",5,2,"conf_166",1500,29,0.1340469407,3
"3472",5,2,"conf_166",2500,29,7e-10,3
"3473",5,2,"conf_166",5000,29,7e-10,3
"3474",5,2,"conf_166",7500,29,7e-10,3
"3475",5,2,"conf_166",250,30,1629.8257189048,3
"3476",5,2,"conf_166",500,30,144.7462985734,3
"3477",5,2,"conf_166",1500,30,0.0153646436,3
"3478",5,2,"conf_166",2500,30,6e-10,3
"3479",5,2,"conf_166",5000,30,6e-10,3
"3480",5,2,"conf_166",7500,30,6e-10,3
"3481",5,2,"conf_166",250,31,4308.9614156994,2
"3482",5,2,"conf_166",500,31,1090.984297513,2
"3483",5,2,"conf_166",1500,31,2.0578969002,2
"3484",5,2,"conf_166",2500,31,5e-10,2
"3485",5,2,"conf_166",5000,31,5e-10,2
"3486",5,2,"conf_166",7500,31,5e-10,2
"3487",5,2,"conf_166",250,32,744.4902219758,2
"3488",5,2,"conf_166",500,32,148.596507563,2
"3489",5,2,"conf_166",1500,32,0.0055452382,2
"3490",5,2,"conf_166",2500,32,1e-09,2
"3491",5,2,"conf_166",5000,32,1e-09,2
"3492",5,2,"conf_166",7500,32,1e-09,2
"3493",5,2,"conf_166",250,33,6456.3057906571,2
"3494",5,2,"conf_166",500,33,777.0153854145,2
"3495",5,2,"conf_166",1500,33,0.0592156563,2
"3496",5,2,"conf_166",2500,33,9e-10,2
"3497",5,2,"conf_166",5000,33,9e-10,2
"3498",5,2,"conf_166",7500,33,9e-10,2
"3499",5,2,"conf_166",250,34,990.4261161327,2
"3500",5,2,"conf_166",500,34,769.9145155657,2
"3501",5,2,"conf_166",1500,34,0.0085353131,2
"3502",5,2,"conf_166",2500,34,6e-10,2
"3503",5,2,"conf_166",5000,34,6e-10,2
"3504",5,2,"conf_166",7500,34,6e-10,2
"3505",5,2,"conf_166",250,35,679.4943792269,2
"3506",5,2,"conf_166",500,35,43.776881539,2
"3507",5,2,"conf_166",1500,35,0.001160212,2
"3508",5,2,"conf_166",2500,35,4e-10,2
"3509",5,2,"conf_166",5000,35,4e-10,2
"3510",5,2,"conf_166",7500,35,4e-10,2
"3511",5,2,"conf_166",250,36,699.5149929917,2
"3512",5,2,"conf_166",500,36,412.8612698786,2
"3513",5,2,"conf_166",1500,36,0.0583674486,2
"3514",5,2,"conf_166",2500,36,8e-10,2
"3515",5,2,"conf_166",5000,36,8e-10,2
"3516",5,2,"conf_166",7500,36,8e-10,2
"3517",5,2,"conf_166",250,37,1845.026234084,2
"3518",5,2,"conf_166",500,37,130.2783944693,2
"3519",5,2,"conf_166",1500,37,0.0773305727,2
"3520",5,2,"conf_166",2500,37,1e-09,2
"3521",5,2,"conf_166",5000,37,1e-09,2
"3522",5,2,"conf_166",7500,37,1e-09,2
"3523",5,2,"conf_166",250,38,777.98836281,2
"3524",5,2,"conf_166",500,38,13.1189936096,2
"3525",5,2,"conf_166",1500,38,0.0286993795,2
"3526",5,2,"conf_166",2500,38,9e-10,2
"3527",5,2,"conf_166",5000,38,9e-10,2
"3528",5,2,"conf_166",7500,38,9e-10,2
"3529",5,2,"conf_166",250,39,2597.3526203666,2
"3530",5,2,"conf_166",500,39,200.6631744872,2
"3531",5,2,"conf_166",1500,39,1.8182759883,2
"3532",5,2,"conf_166",2500,39,8e-10,2
"3533",5,2,"conf_166",5000,39,8e-10,2
"3534",5,2,"conf_166",7500,39,8e-10,2
"3535",5,2,"conf_166",250,40,1131.0790648663,2
"3536",5,2,"conf_166",500,40,630.8188119906,2
"3537",5,2,"conf_166",1500,40,0.6480712246,2
"3538",5,2,"conf_166",2500,40,3e-10,2
"3539",5,2,"conf_166",5000,40,3e-10,2
"3540",5,2,"conf_166",7500,40,3e-10,2
"3541",5,2,"conf_166",250,41,28848.0559080251,1
"3542",5,2,"conf_166",500,41,884.8911237045,1
"3543",5,2,"conf_166",1500,41,0.0658790169,1
"3544",5,2,"conf_166",2500,41,2e-10,1
"3545",5,2,"conf_166",5000,41,2e-10,1
"3546",5,2,"conf_166",7500,41,2e-10,1
"3547",5,2,"conf_166",250,42,660.5991881969,1
"3548",5,2,"conf_166",500,42,70.572845466,1
"3549",5,2,"conf_166",1500,42,2.0310046619,1
"3550",5,2,"conf_166",2500,42,9e-10,1
"3551",5,2,"conf_166",5000,42,9e-10,1
"3552",5,2,"conf_166",7500,42,9e-10,1
"3553",5,2,"conf_166",250,43,16549.0097465389,1
"3554",5,2,"conf_166",500,43,135.1985400568,1
"3555",5,2,"conf_166",1500,43,1.3154072677,1
"3556",5,2,"conf_166",2500,43,6e-10,1
"3557",5,2,"conf_166",5000,43,6e-10,1
"3558",5,2,"conf_166",7500,43,6e-10,1
"3559",5,2,"conf_166",250,44,8041.6421758363,1
"3560",5,2,"conf_166",500,44,61.7347311414,1
"3561",5,2,"conf_166",1500,44,0.1083096631,1
"3562",5,2,"conf_166",2500,44,5e-10,1
"3563",5,2,"conf_166",5000,44,5e-10,1
"3564",5,2,"conf_166",7500,44,5e-10,1
"3565",5,2,"conf_166",250,45,1426.0627406183,1
"3566",5,2,"conf_166",500,45,1139.6638409195,1
"3567",5,2,"conf_166",1500,45,5.87859e-05,1
"3568",5,2,"conf_166",2500,45,5e-10,1
"3569",5,2,"conf_166",5000,45,5e-10,1
"3570",5,2,"conf_166",7500,45,5e-10,1
"3571",5,2,"conf_166",250,46,5233.7949373604,1
"3572",5,2,"conf_166",500,46,35.3171640771,1
"3573",5,2,"conf_166",1500,46,0.1471077273,1
"3574",5,2,"conf_166",2500,46,7e-10,1
"3575",5,2,"conf_166",5000,46,7e-10,1
"3576",5,2,"conf_166",7500,46,7e-10,1
"3577",5,2,"conf_166",250,47,1953.4098960303,1
"3578",5,2,"conf_166",500,47,151.273712569,1
"3579",5,2,"conf_166",1500,47,0.5213524066,1
"3580",5,2,"conf_166",2500,47,8e-10,1
"3581",5,2,"conf_166",5000,47,8e-10,1
"3582",5,2,"conf_166",7500,47,8e-10,1
"3583",5,2,"conf_166",250,48,23124.6544715518,1
"3584",5,2,"conf_166",500,48,634.2569752315,1
"3585",5,2,"conf_166",1500,48,0.5133571658,1
"3586",5,2,"conf_166",2500,48,3e-10,1
"3587",5,2,"conf_166",5000,48,3e-10,1
"3588",5,2,"conf_166",7500,48,3e-10,1
"3589",5,2,"conf_166",250,49,3271.4979718132,1
"3590",5,2,"conf_166",500,49,407.2018507072,1
"3591",5,2,"conf_166",1500,49,2.2239033912,1
"3592",5,2,"conf_166",2500,49,8e-10,1
"3593",5,2,"conf_166",5000,49,8e-10,1
"3594",5,2,"conf_166",7500,49,8e-10,1
"3595",5,2,"conf_166",250,50,5159.2386386752,1
"3596",5,2,"conf_166",500,50,142.9092851711,1
"3597",5,2,"conf_166",1500,50,0.0654059908,1
"3598",5,2,"conf_166",2500,50,8e-10,1
"3599",5,2,"conf_166",5000,50,8e-10,1
"3600",5,2,"conf_166",7500,50,8e-10,1
"3601",5,20,"conf_166",250,1,2.5113304127,3
"3602",5,20,"conf_166",500,1,1.5881583353,3
"3603",5,20,"conf_166",1500,1,1.5881583353,3
"3604",5,20,"conf_166",2500,1,1.5881583353,3
"3605",5,20,"conf_166",5000,1,1.1054353468,3
"3606",5,20,"conf_166",7500,1,1.1054353468,3
"3607",5,20,"conf_166",250,2,2.0215369682,3
"3608",5,20,"conf_166",500,2,1.2696008527,3
"3609",5,20,"conf_166",1500,2,1.2633694355,3
"3610",5,20,"conf_166",2500,2,1.038706262,3
"3611",5,20,"conf_166",5000,2,0.671156008,3
"3612",5,20,"conf_166",7500,2,0.671156008,3
"3613",5,20,"conf_166",250,3,2.0431852366,3
"3614",5,20,"conf_166",500,3,2.0431852366,3
"3615",5,20,"conf_166",1500,3,2.0431852366,3
"3616",5,20,"conf_166",2500,3,1.6923416624,3
"3617",5,20,"conf_166",5000,3,1.342312016,3
"3618",5,20,"conf_166",7500,3,1.342312016,3
"3619",5,20,"conf_166",250,4,2.0687499105,3
"3620",5,20,"conf_166",500,4,1.3479373414,3
"3621",5,20,"conf_166",1500,4,1.1054353468,3
"3622",5,20,"conf_166",2500,4,1.1054353468,3
"3623",5,20,"conf_166",5000,4,1.1054353468,3
"3624",5,20,"conf_166",7500,4,1.1054353468,3
"3625",5,20,"conf_166",250,5,2.2959391646,3
"3626",5,20,"conf_166",500,5,2.1741015449,3
"3627",5,20,"conf_166",1500,5,0.9080326773,3
"3628",5,20,"conf_166",2500,5,0.9080326772,3
"3629",5,20,"conf_166",5000,5,0.9080326772,3
"3630",5,20,"conf_166",7500,5,0.7106323109,3
"3631",5,20,"conf_166",250,6,1.9942359842,3
"3632",5,20,"conf_166",500,6,1.9942359842,3
"3633",5,20,"conf_166",1500,6,1.9942359842,3
"3634",5,20,"conf_166",2500,6,1.1474401388,3
"3635",5,20,"conf_166",5000,6,0.7148709168,3
"3636",5,20,"conf_166",7500,6,0.7106300123,3
"3637",5,20,"conf_166",250,7,2.0338913155,3
"3638",5,20,"conf_166",500,7,1.6730025761,3
"3639",5,20,"conf_166",1500,7,1.6583585317,3
"3640",5,20,"conf_166",2500,7,0.9883518167,3
"3641",5,20,"conf_166",5000,7,0.9080326772,3
"3642",5,20,"conf_166",7500,7,0.9080326772,3
"3643",5,20,"conf_166",250,8,2.1643793357,3
"3644",5,20,"conf_166",500,8,2.1643793357,3
"3645",5,20,"conf_166",1500,8,2.1643793357,3
"3646",5,20,"conf_166",2500,8,1.54798205,3
"3647",5,20,"conf_166",5000,8,1.5397146856,3
"3648",5,20,"conf_166",7500,8,1.5397146856,3
"3649",5,20,"conf_166",250,9,2.7620352875,3
"3650",5,20,"conf_166",500,9,2.1121471446,3
"3651",5,20,"conf_166",1500,9,0.8290900968,3
"3652",5,20,"conf_166",2500,9,0.8290900967,3
"3653",5,20,"conf_166",5000,9,0.8290900967,3
"3654",5,20,"conf_166",7500,9,0.8290900967,3
"3655",5,20,"conf_166",250,10,1.7243106245,3
"3656",5,20,"conf_166",500,10,1.1502768259,3
"3657",5,20,"conf_166",1500,10,1.1449751494,3
"3658",5,20,"conf_166",2500,10,1.1449751494,3
"3659",5,20,"conf_166",5000,10,1.1449751494,3
"3660",5,20,"conf_166",7500,10,1.1449751494,3
"3661",5,20,"conf_166",250,11,2.4812891043,1
"3662",5,20,"conf_166",500,11,2.2111302641,1
"3663",5,20,"conf_166",1500,11,2.2109196213,1
"3664",5,20,"conf_166",2500,11,1.1739976115,1
"3665",5,20,"conf_166",5000,11,1.1449093465,1
"3666",5,20,"conf_166",7500,11,1.1204938116,1
"3667",5,20,"conf_166",250,12,2.7495101578,1
"3668",5,20,"conf_166",500,12,2.1537777852,1
"3669",5,20,"conf_166",1500,12,1.737122774,1
"3670",5,20,"conf_166",2500,12,1.737122774,1
"3671",5,20,"conf_166",5000,12,1.4213035243,1
"3672",5,20,"conf_166",7500,12,1.4213035243,1
"3673",5,20,"conf_166",250,13,2.7350183926,1
"3674",5,20,"conf_166",500,13,2.7350183926,1
"3675",5,20,"conf_166",1500,13,2.6849225198,1
"3676",5,20,"conf_166",2500,13,1.3028573057,1
"3677",5,20,"conf_166",5000,13,1.3028573057,1
"3678",5,20,"conf_166",7500,13,1.3028573057,1
"3679",5,20,"conf_166",250,14,2.219272917,1
"3680",5,20,"conf_166",500,14,1.6992838113,1
"3681",5,20,"conf_166",1500,14,1.6976487743,1
"3682",5,20,"conf_166",2500,14,1.6024586846,1
"3683",5,20,"conf_166",5000,14,1.0264927663,1
"3684",5,20,"conf_166",7500,14,1.0264927663,1
"3685",5,20,"conf_166",250,15,2.6405107871,1
"3686",5,20,"conf_166",500,15,2.4936159339,1
"3687",5,20,"conf_166",1500,15,2.4873583873,1
"3688",5,20,"conf_166",2500,15,2.0890865685,1
"3689",5,20,"conf_166",5000,15,1.3675794867,1
"3690",5,20,"conf_166",7500,15,1.3675794867,1
"3691",5,20,"conf_166",250,16,1.6227107168,1
"3692",5,20,"conf_166",500,16,0.4762888857,1
"3693",5,20,"conf_166",1500,16,0.4737533385,1
"3694",5,20,"conf_166",2500,16,0.4737533385,1
"3695",5,20,"conf_166",5000,16,0.4737533385,1
"3696",5,20,"conf_166",7500,16,0.4737533385,1
"3697",5,20,"conf_166",250,17,1.8840938157,1
"3698",5,20,"conf_166",500,17,0.8056112518,1
"3699",5,20,"conf_166",1500,17,0.7897998541,1
"3700",5,20,"conf_166",2500,17,0.7897998541,1
"3701",5,20,"conf_166",5000,17,0.7897998541,1
"3702",5,20,"conf_166",7500,17,0.7897998541,1
"3703",5,20,"conf_166",250,18,2.3455341912,1
"3704",5,20,"conf_166",500,18,1.7815879468,1
"3705",5,20,"conf_166",1500,18,1.7766625766,1
"3706",5,20,"conf_166",2500,18,1.7766625766,1
"3707",5,20,"conf_166",5000,18,1.5370049948,1
"3708",5,20,"conf_166",7500,18,1.4213258422,1
"3709",5,20,"conf_166",250,19,2.7205973469,1
"3710",5,20,"conf_166",500,19,1.7474322881,1
"3711",5,20,"conf_166",1500,19,1.6976487743,1
"3712",5,20,"conf_166",2500,19,1.2019596645,1
"3713",5,20,"conf_166",5000,19,1.2019596645,1
"3714",5,20,"conf_166",7500,19,1.2019596645,1
"3715",5,20,"conf_166",250,20,2.1518093168,1
"3716",5,20,"conf_166",500,20,1.6575394136,1
"3717",5,20,"conf_166",1500,20,1.6187284879,1
"3718",5,20,"conf_166",2500,20,1.4083429463,1
"3719",5,20,"conf_166",5000,20,1.4083429463,1
"3720",5,20,"conf_166",7500,20,1.4083429463,1
"3721",5,20,"conf_166",250,21,2.4576937022,4
"3722",5,20,"conf_166",500,21,2.3338698408,4
"3723",5,20,"conf_166",1500,21,1.4213035243,4
"3724",5,20,"conf_166",2500,21,0.7237859022,4
"3725",5,20,"conf_166",5000,21,0.671156008,4
"3726",5,20,"conf_166",7500,21,0.671156008,4
"3727",5,20,"conf_166",250,22,1.5327976781,4
"3728",5,20,"conf_166",500,22,1.3821001604,4
"3729",5,20,"conf_166",1500,22,1.3818518187,4
"3730",5,20,"conf_166",2500,22,1.1449566474,4
"3731",5,20,"conf_166",5000,22,1.1449093465,4
"3732",5,20,"conf_166",7500,22,1.1449093465,4
"3733",5,20,"conf_166",250,23,1.908523174,4
"3734",5,20,"conf_166",500,23,1.3825526275,4
"3735",5,20,"conf_166",1500,23,1.3818518187,4
"3736",5,20,"conf_166",2500,23,1.3818518187,4
"3737",5,20,"conf_166",5000,23,1.3818518187,4
"3738",5,20,"conf_166",7500,23,1.3818518187,4
"3739",5,20,"conf_166",250,24,2.0833686388,4
"3740",5,20,"conf_166",500,24,1.2968372301,4
"3741",5,20,"conf_166",1500,24,1.2633694355,4
"3742",5,20,"conf_166",2500,24,1.2633694355,4
"3743",5,20,"conf_166",5000,24,1.2633694355,4
"3744",5,20,"conf_166",7500,24,1.2633694355,4
"3745",5,20,"conf_166",250,25,2.8492057755,4
"3746",5,20,"conf_166",500,25,2.1932171426,4
"3747",5,20,"conf_166",1500,25,2.0926432893,4
"3748",5,20,"conf_166",2500,25,1.3091231576,4
"3749",5,20,"conf_166",5000,25,1.2633694355,4
"3750",5,20,"conf_166",7500,25,0.5922134275,4
"3751",5,20,"conf_166",250,26,1.4743025461,4
"3752",5,20,"conf_166",500,26,0.7129502102,4
"3753",5,20,"conf_166",1500,26,0.7106300077,4
"3754",5,20,"conf_166",2500,26,0.7106300077,4
"3755",5,20,"conf_166",5000,26,0.7106300077,4
"3756",5,20,"conf_166",7500,26,0.7106300077,4
"3757",5,20,"conf_166",250,27,2.1972354114,4
"3758",5,20,"conf_166",500,27,1.2915726795,4
"3759",5,20,"conf_166",1500,27,1.2915726795,4
"3760",5,20,"conf_166",2500,27,1.2915726795,4
"3761",5,20,"conf_166",5000,27,0.9080326772,4
"3762",5,20,"conf_166",7500,27,0.9080326772,4
"3763",5,20,"conf_166",250,28,1.1041817344,4
"3764",5,20,"conf_166",500,28,1.1041817344,4
"3765",5,20,"conf_166",1500,28,1.1041817344,4
"3766",5,20,"conf_166",2500,28,1.1041817344,4
"3767",5,20,"conf_166",5000,28,0.4746549612,4
"3768",5,20,"conf_166",7500,28,0.4737533563,4
"3769",5,20,"conf_166",250,29,2.560171611,4
"3770",5,20,"conf_166",500,29,2.560171611,4
"3771",5,20,"conf_166",1500,29,2.560171611,4
"3772",5,20,"conf_166",2500,29,1.6190556952,4
"3773",5,20,"conf_166",5000,29,1.6188899508,4
"3774",5,20,"conf_166",7500,29,1.4267813007,4
"3775",5,20,"conf_166",250,30,2.1036442554,4
"3776",5,20,"conf_166",500,30,0.3191901287,4
"3777",5,20,"conf_166",1500,30,0.2368766692,4
"3778",5,20,"conf_166",2500,30,0.2368766692,4
"3779",5,20,"conf_166",5000,30,0.2368766692,4
"3780",5,20,"conf_166",7500,30,0.2368766692,4
"3781",5,20,"conf_166",250,31,2.3402228646,2
"3782",5,20,"conf_166",500,31,1.8614043807,2
"3783",5,20,"conf_166",1500,31,1.7371885769,2
"3784",5,20,"conf_166",2500,31,1.7371885769,2
"3785",5,20,"conf_166",5000,31,1.7371885769,2
"3786",5,20,"conf_166",7500,31,1.4213035248,2
"3787",5,20,"conf_166",250,32,2.0793583644,2
"3788",5,20,"conf_166",500,32,1.4712724272,2
"3789",5,20,"conf_166",1500,32,1.4609558621,2
"3790",5,20,"conf_166",2500,32,1.4609558621,2
"3791",5,20,"conf_166",5000,32,1.4609558621,2
"3792",5,20,"conf_166",7500,32,1.3818518187,2
"3793",5,20,"conf_166",250,33,2.3537863477,2
"3794",5,20,"conf_166",500,33,1.5088010905,2
"3795",5,20,"conf_166",1500,33,1.5002461048,2
"3796",5,20,"conf_166",2500,33,1.5002461048,2
"3797",5,20,"conf_166",5000,33,1.5002461048,2
"3798",5,20,"conf_166",7500,33,1.5002461048,2
"3799",5,20,"conf_166",250,34,2.5026960406,2
"3800",5,20,"conf_166",500,34,2.2135080482,2
"3801",5,20,"conf_166",1500,34,1.9347092006,2
"3802",5,20,"conf_166",2500,34,1.8587183409,2
"3803",5,20,"conf_166",5000,34,1.2189586939,2
"3804",5,20,"conf_166",7500,34,1.2189586939,2
"3805",5,20,"conf_166",250,35,1.6856334907,2
"3806",5,20,"conf_166",500,35,0.9098892483,2
"3807",5,20,"conf_166",1500,35,0.9080326772,2
"3808",5,20,"conf_166",2500,35,0.9080326772,2
"3809",5,20,"conf_166",5000,35,0.9080326772,2
"3810",5,20,"conf_166",7500,35,0.9080326772,2
"3811",5,20,"conf_166",250,36,2.1958159748,2
"3812",5,20,"conf_166",500,36,1.9863543533,2
"3813",5,20,"conf_166",1500,36,1.9739940244,2
"3814",5,20,"conf_166",2500,36,0.736288671,2
"3815",5,20,"conf_166",5000,36,0.671156008,2
"3816",5,20,"conf_166",7500,36,0.4737534296,2
"3817",5,20,"conf_166",250,37,1.9741817395,2
"3818",5,20,"conf_166",500,37,1.7443555731,2
"3819",5,20,"conf_166",1500,37,1.7371885769,2
"3820",5,20,"conf_166",2500,37,1.7034351372,2
"3821",5,20,"conf_166",5000,37,1.3028380163,2
"3822",5,20,"conf_166",7500,37,1.3028380163,2
"3823",5,20,"conf_166",250,38,1.6967880117,2
"3824",5,20,"conf_166",500,38,1.6967880117,2
"3825",5,20,"conf_166",1500,38,1.6967880117,2
"3826",5,20,"conf_166",2500,38,1.5142817742,2
"3827",5,20,"conf_166",5000,38,0.8303613759,2
"3828",5,20,"conf_166",7500,38,0.8290900977,2
"3829",5,20,"conf_166",250,39,2.6666995957,2
"3830",5,20,"conf_166",500,39,2.4430969851,2
"3831",5,20,"conf_166",1500,39,2.3688760041,2
"3832",5,20,"conf_166",2500,39,1.1454541966,2
"3833",5,20,"conf_166",5000,39,0.7110088642,2
"3834",5,20,"conf_166",7500,39,0.7106300084,2
"3835",5,20,"conf_166",250,40,2.0361175424,2
"3836",5,20,"conf_166",500,40,1.7372390581,2
"3837",5,20,"conf_166",1500,40,1.737122774,2
"3838",5,20,"conf_166",2500,40,1.3767480406,2
"3839",5,20,"conf_166",5000,40,1.3767480406,2
"3840",5,20,"conf_166",7500,40,1.3767480406,2
"3841",5,20,"conf_166",250,41,2.3412070661,5
"3842",5,20,"conf_166",500,41,2.0084119237,5
"3843",5,20,"conf_166",1500,41,1.5791886853,5
"3844",5,20,"conf_166",2500,41,1.5791886852,5
"3845",5,20,"conf_166",5000,41,1.5791886852,5
"3846",5,20,"conf_166",7500,41,1.5791886852,5
"3847",5,20,"conf_166",250,42,2.6925980224,5
"3848",5,20,"conf_166",500,42,1.9484359665,5
"3849",5,20,"conf_166",1500,42,1.8950568627,5
"3850",5,20,"conf_166",2500,42,1.8950568627,5
"3851",5,20,"conf_166",5000,42,1.8161311574,5
"3852",5,20,"conf_166",7500,42,1.5397859099,5
"3853",5,20,"conf_166",250,43,1.8407797391,5
"3854",5,20,"conf_166",500,43,1.0321266304,5
"3855",5,20,"conf_166",1500,43,1.0321266304,5
"3856",5,20,"conf_166",2500,43,1.0321266304,5
"3857",5,20,"conf_166",5000,43,1.0321266304,5
"3858",5,20,"conf_166",7500,43,1.0321266304,5
"3859",5,20,"conf_166",250,44,2.5917656727,5
"3860",5,20,"conf_166",500,44,1.4586354977,5
"3861",5,20,"conf_166",1500,44,1.342312016,5
"3862",5,20,"conf_166",2500,44,1.342312016,5
"3863",5,20,"conf_166",5000,44,1.342312016,5
"3864",5,20,"conf_166",7500,44,1.342312016,5
"3865",5,20,"conf_166",250,45,2.5292884874,5
"3866",5,20,"conf_166",500,45,2.2548741577,5
"3867",5,20,"conf_166",1500,45,1.9347750035,5
"3868",5,20,"conf_166",2500,45,1.9347750035,5
"3869",5,20,"conf_166",5000,45,1.184426855,5
"3870",5,20,"conf_166",7500,45,1.184426855,5
"3871",5,20,"conf_166",250,46,2.0864755302,5
"3872",5,20,"conf_166",500,46,2.0835398734,5
"3873",5,20,"conf_166",1500,46,1.737122774,5
"3874",5,20,"conf_166",2500,46,1.737122774,5
"3875",5,20,"conf_166",5000,46,1.342312016,5
"3876",5,20,"conf_166",7500,46,1.2899200968,5
"3877",5,20,"conf_166",250,47,2.3921177034,5
"3878",5,20,"conf_166",500,47,2.2483108958,5
"3879",5,20,"conf_166",1500,47,2.1367881271,5
"3880",5,20,"conf_166",2500,47,1.3938896815,5
"3881",5,20,"conf_166",5000,47,1.0266765233,5
"3882",5,20,"conf_166",7500,47,1.0266765233,5
"3883",5,20,"conf_166",250,48,1.8344596119,5
"3884",5,20,"conf_166",500,48,1.8344596119,5
"3885",5,20,"conf_166",1500,48,1.8344596119,5
"3886",5,20,"conf_166",2500,48,1.6484816557,5
"3887",5,20,"conf_166",5000,48,1.5831395975,5
"3888",5,20,"conf_166",7500,48,1.3028434353,5
"3889",5,20,"conf_166",250,49,1.3344057768,5
"3890",5,20,"conf_166",500,49,1.3344057768,5
"3891",5,20,"conf_166",1500,49,1.3344057768,5
"3892",5,20,"conf_166",2500,49,1.2677469444,5
"3893",5,20,"conf_166",5000,49,1.2633694355,5
"3894",5,20,"conf_166",7500,49,1.2633694355,5
"3895",5,20,"conf_166",250,50,1.8972561233,5
"3896",5,20,"conf_166",500,50,1.8972561233,5
"3897",5,20,"conf_166",1500,50,1.8972561233,5
"3898",5,20,"conf_166",2500,50,1.8972561233,5
"3899",5,20,"conf_166",5000,50,1.1206478687,5
"3900",5,20,"conf_166",7500,50,1.1206478687,5
"3901",5,21,"conf_166",250,1,0.0543624508,3
"3902",5,21,"conf_166",500,1,3.6e-09,3
"3903",5,21,"conf_166",1500,1,1e-10,3
"3904",5,21,"conf_166",2500,1,1e-10,3
"3905",5,21,"conf_166",5000,1,1e-10,3
"3906",5,21,"conf_166",7500,1,1e-10,3
"3907",5,21,"conf_166",250,2,2.3008269025,3
"3908",5,21,"conf_166",500,2,2.2564411862,3
"3909",5,21,"conf_166",1500,2,2.2558046241,3
"3910",5,21,"conf_166",2500,2,1.8030194233,3
"3911",5,21,"conf_166",5000,2,1.8030193778,3
"3912",5,21,"conf_166",7500,2,4.654e-05,3
"3913",5,21,"conf_166",250,3,3.2718975777,3
"3914",5,21,"conf_166",500,3,2.7786194341,3
"3915",5,21,"conf_166",1500,3,2.7779884071,3
"3916",5,21,"conf_166",2500,3,1.9377411755,3
"3917",5,21,"conf_166",5000,3,1.9377404959,3
"3918",5,21,"conf_166",7500,3,0.0354712482,3
"3919",5,21,"conf_166",250,4,3.2206549436,3
"3920",5,21,"conf_166",500,4,2.7861924627,3
"3921",5,21,"conf_166",1500,4,2.7779884071,3
"3922",5,21,"conf_166",2500,4,0.0017973945,3
"3923",5,21,"conf_166",5000,4,5e-10,3
"3924",5,21,"conf_166",7500,4,5e-10,3
"3925",5,21,"conf_166",250,5,2.5270069302,3
"3926",5,21,"conf_166",500,5,2.2574225867,3
"3927",5,21,"conf_166",1500,5,2.2558046241,3
"3928",5,21,"conf_166",2500,5,1e-09,3
"3929",5,21,"conf_166",5000,5,1e-09,3
"3930",5,21,"conf_166",7500,5,1e-09,3
"3931",5,21,"conf_166",250,6,0.000913808,3
"3932",5,21,"conf_166",500,6,4.84e-08,3
"3933",5,21,"conf_166",1500,6,7e-10,3
"3934",5,21,"conf_166",2500,6,7e-10,3
"3935",5,21,"conf_166",5000,6,7e-10,3
"3936",5,21,"conf_166",7500,6,7e-10,3
"3937",5,21,"conf_166",250,7,4.4494492744,3
"3938",5,21,"conf_166",500,7,4.1622385378,3
"3939",5,21,"conf_166",1500,7,4.1617791375,3
"3940",5,21,"conf_166",2500,7,2.0436611412,3
"3941",5,21,"conf_166",5000,7,2.0222954369,3
"3942",5,21,"conf_166",7500,7,1.5205307186,3
"3943",5,21,"conf_166",250,8,2.5357575428,3
"3944",5,21,"conf_166",500,8,2.2560254745,3
"3945",5,21,"conf_166",1500,8,0.1680590036,3
"3946",5,21,"conf_166",2500,8,8e-10,3
"3947",5,21,"conf_166",5000,8,8e-10,3
"3948",5,21,"conf_166",7500,8,8e-10,3
"3949",5,21,"conf_166",250,9,2.5074189502,3
"3950",5,21,"conf_166",500,9,2.2571204817,3
"3951",5,21,"conf_166",1500,9,2.2558046241,3
"3952",5,21,"conf_166",2500,9,1.5631449285,3
"3953",5,21,"conf_166",5000,9,3e-10,3
"3954",5,21,"conf_166",7500,9,3e-10,3
"3955",5,21,"conf_166",250,10,1.8144642034,3
"3956",5,21,"conf_166",500,10,1.8030220405,3
"3957",5,21,"conf_166",1500,10,1.8030193778,3
"3958",5,21,"conf_166",2500,10,1.8030193778,3
"3959",5,21,"conf_166",5000,10,4e-10,3
"3960",5,21,"conf_166",7500,10,4e-10,3
"3961",5,21,"conf_166",250,11,1.0107206316,5
"3962",5,21,"conf_166",500,11,0.9303709376,5
"3963",5,21,"conf_166",1500,11,0.9299973893,5
"3964",5,21,"conf_166",2500,11,1e-10,5
"3965",5,21,"conf_166",5000,11,1e-10,5
"3966",5,21,"conf_166",7500,11,1e-10,5
"3967",5,21,"conf_166",250,12,2.1745173508,5
"3968",5,21,"conf_166",500,12,2.1186498424,5
"3969",5,21,"conf_166",1500,12,2.0199429299,5
"3970",5,21,"conf_166",2500,12,1e-09,5
"3971",5,21,"conf_166",5000,12,1e-09,5
"3972",5,21,"conf_166",7500,12,1e-09,5
"3973",5,21,"conf_166",250,13,1.0140486888,5
"3974",5,21,"conf_166",500,13,0.9311756936,5
"3975",5,21,"conf_166",1500,13,0.9299973893,5
"3976",5,21,"conf_166",2500,13,0.9299973893,5
"3977",5,21,"conf_166",5000,13,9e-10,5
"3978",5,21,"conf_166",7500,13,9e-10,5
"3979",5,21,"conf_166",250,14,0.7097083758,5
"3980",5,21,"conf_166",500,14,0.692086397,5
"3981",5,21,"conf_166",1500,14,0.6918569112,5
"3982",5,21,"conf_166",2500,14,0.6918569112,5
"3983",5,21,"conf_166",5000,14,0.6918569112,5
"3984",5,21,"conf_166",7500,14,0.6918569112,5
"3985",5,21,"conf_166",250,15,1.2800450092,5
"3986",5,21,"conf_166",500,15,1.2452830165,5
"3987",5,21,"conf_166",1500,15,1.2452555353,5
"3988",5,21,"conf_166",2500,15,1.2452555353,5
"3989",5,21,"conf_166",5000,15,0.0008358283,5
"3990",5,21,"conf_166",7500,15,3e-10,5
"3991",5,21,"conf_166",250,16,0.7757596032,5
"3992",5,21,"conf_166",500,16,0.6918907984,5
"3993",5,21,"conf_166",1500,16,0.6918569112,5
"3994",5,21,"conf_166",2500,16,0.6918569112,5
"3995",5,21,"conf_166",5000,16,0.6918569112,5
"3996",5,21,"conf_166",7500,16,0.6830774632,5
"3997",5,21,"conf_166",250,17,7.5835455815,5
"3998",5,21,"conf_166",500,17,7.5835455815,5
"3999",5,21,"conf_166",1500,17,7.5835455815,5
"4000",5,21,"conf_166",2500,17,2.777988761,5
"4001",5,21,"conf_166",5000,17,2.118634928,5
"4002",5,21,"conf_166",7500,17,1.247296839,5
"4003",5,21,"conf_166",250,18,2.1236347532,5
"4004",5,21,"conf_166",500,18,2.1186441108,5
"4005",5,21,"conf_166",1500,18,2.118634928,5
"4006",5,21,"conf_166",2500,18,2.118634928,5
"4007",5,21,"conf_166",5000,18,1.2454670782,5
"4008",5,21,"conf_166",7500,18,1.2452555353,5
"4009",5,21,"conf_166",250,19,2.1266338912,5
"4010",5,21,"conf_166",500,19,2.118638541,5
"4011",5,21,"conf_166",1500,19,2.118634928,5
"4012",5,21,"conf_166",2500,19,1.2452559156,5
"4013",5,21,"conf_166",5000,19,1.2452555353,5
"4014",5,21,"conf_166",7500,19,1.2452555353,5
"4015",5,21,"conf_166",250,20,3.4109778212,5
"4016",5,21,"conf_166",500,20,3.1705498902,5
"4017",5,21,"conf_166",1500,20,3.1698055873,5
"4018",5,21,"conf_166",2500,20,3.1698055873,5
"4019",5,21,"conf_166",5000,20,2.118634928,5
"4020",5,21,"conf_166",7500,20,0.0004343581,5
"4021",5,21,"conf_166",250,21,0.0079840454,4
"4022",5,21,"conf_166",500,21,1.26e-08,4
"4023",5,21,"conf_166",1500,21,3e-10,4
"4024",5,21,"conf_166",2500,21,3e-10,4
"4025",5,21,"conf_166",5000,21,3e-10,4
"4026",5,21,"conf_166",7500,21,3e-10,4
"4027",5,21,"conf_166",250,22,2.3009283505,4
"4028",5,21,"conf_166",500,22,1.8144609174,4
"4029",5,21,"conf_166",1500,22,1.8030193778,4
"4030",5,21,"conf_166",2500,22,1.8030193778,4
"4031",5,21,"conf_166",5000,22,1.8030193778,4
"4032",5,21,"conf_166",7500,22,0.0009403124,4
"4033",5,21,"conf_166",250,23,1.3054507531,4
"4034",5,21,"conf_166",500,23,1.24531197,4
"4035",5,21,"conf_166",1500,23,1.2452555353,4
"4036",5,21,"conf_166",2500,23,1.2452555353,4
"4037",5,21,"conf_166",5000,23,1.2452555353,4
"4038",5,21,"conf_166",7500,23,1.2452555353,4
"4039",5,21,"conf_166",250,24,2.1278277516,4
"4040",5,21,"conf_166",500,24,0.9405596603,4
"4041",5,21,"conf_166",1500,24,0.9299973893,4
"4042",5,21,"conf_166",2500,24,0.9299973893,4
"4043",5,21,"conf_166",5000,24,0.9299973893,4
"4044",5,21,"conf_166",7500,24,0.9299973893,4
"4045",5,21,"conf_166",250,25,5.3298713106,4
"4046",5,21,"conf_166",500,25,5.2628117089,4
"4047",5,21,"conf_166",1500,25,1.994562897,4
"4048",5,21,"conf_166",2500,25,8e-10,4
"4049",5,21,"conf_166",5000,25,8e-10,4
"4050",5,21,"conf_166",7500,25,8e-10,4
"4051",5,21,"conf_166",250,26,5.3150135897,4
"4052",5,21,"conf_166",500,26,5.2628356058,4
"4053",5,21,"conf_166",1500,26,5.2628036692,4
"4054",5,21,"conf_166",2500,26,3.1698058767,4
"4055",5,21,"conf_166",5000,26,3.1698055873,4
"4056",5,21,"conf_166",7500,26,1.9377404959,4
"4057",5,21,"conf_166",250,27,1.4375981407,4
"4058",5,21,"conf_166",500,27,1.2469200382,4
"4059",5,21,"conf_166",1500,27,1.2452555353,4
"4060",5,21,"conf_166",2500,27,1.2452555353,4
"4061",5,21,"conf_166",5000,27,1.2452555353,4
"4062",5,21,"conf_166",7500,27,0,4
"4063",5,21,"conf_166",250,28,5.2755629878,4
"4064",5,21,"conf_166",500,28,5.2628117813,4
"4065",5,21,"conf_166",1500,28,5.2628036692,4
"4066",5,21,"conf_166",2500,28,5.2628036692,4
"4067",5,21,"conf_166",5000,28,5.2628036692,4
"4068",5,21,"conf_166",7500,28,0.6918569112,4
"4069",5,21,"conf_166",250,29,7.7492862402,4
"4070",5,21,"conf_166",500,29,7.5937220349,4
"4071",5,21,"conf_166",1500,29,7.5935606846,4
"4072",5,21,"conf_166",2500,29,7.5935606846,4
"4073",5,21,"conf_166",5000,29,3e-10,4
"4074",5,21,"conf_166",7500,29,3e-10,4
"4075",5,21,"conf_166",250,30,5.3659156482,4
"4076",5,21,"conf_166",500,30,5.2628578997,4
"4077",5,21,"conf_166",1500,30,4.6833550327,4
"4078",5,21,"conf_166",2500,30,1.2452567021,4
"4079",5,21,"conf_166",5000,30,1.2452555353,4
"4080",5,21,"conf_166",7500,30,5e-10,4
"4081",5,21,"conf_166",250,31,1.2723605368,1
"4082",5,21,"conf_166",500,31,1.2452706764,1
"4083",5,21,"conf_166",1500,31,1.2452555353,1
"4084",5,21,"conf_166",2500,31,1.2452555353,1
"4085",5,21,"conf_166",5000,31,1.2452555353,1
"4086",5,21,"conf_166",7500,31,1.2452555353,1
"4087",5,21,"conf_166",250,32,1.2612447885,1
"4088",5,21,"conf_166",500,32,1.24526265,1
"4089",5,21,"conf_166",1500,32,1.2452555353,1
"4090",5,21,"conf_166",2500,32,1.2452555353,1
"4091",5,21,"conf_166",5000,32,1.2452555353,1
"4092",5,21,"conf_166",7500,32,1.2452555353,1
"4093",5,21,"conf_166",250,33,1.2525701879,1
"4094",5,21,"conf_166",500,33,1.245256597,1
"4095",5,21,"conf_166",1500,33,1.2452555353,1
"4096",5,21,"conf_166",2500,33,1.2452555353,1
"4097",5,21,"conf_166",5000,33,1.2452555353,1
"4098",5,21,"conf_166",7500,33,1.2452555353,1
"4099",5,21,"conf_166",250,34,1.5695109139,1
"4100",5,21,"conf_166",500,34,1.2453271721,1
"4101",5,21,"conf_166",1500,34,1.2452555353,1
"4102",5,21,"conf_166",2500,34,1.2452555353,1
"4103",5,21,"conf_166",5000,34,1.2452555353,1
"4104",5,21,"conf_166",7500,34,1.2452555353,1
"4105",5,21,"conf_166",250,35,1.318344882,1
"4106",5,21,"conf_166",500,35,1.2453326385,1
"4107",5,21,"conf_166",1500,35,1.2452555353,1
"4108",5,21,"conf_166",2500,35,1.2452555353,1
"4109",5,21,"conf_166",5000,35,1.2452555353,1
"4110",5,21,"conf_166",7500,35,1.2452555353,1
"4111",5,21,"conf_166",250,36,1.2598406423,1
"4112",5,21,"conf_166",500,36,1.2452614805,1
"4113",5,21,"conf_166",1500,36,1.2452555353,1
"4114",5,21,"conf_166",2500,36,1.2452555353,1
"4115",5,21,"conf_166",5000,36,1.2452555353,1
"4116",5,21,"conf_166",7500,36,1.2452555353,1
"4117",5,21,"conf_166",250,37,1.4357193807,1
"4118",5,21,"conf_166",500,37,1.2453173362,1
"4119",5,21,"conf_166",1500,37,1.2452555353,1
"4120",5,21,"conf_166",2500,37,1.2452555353,1
"4121",5,21,"conf_166",5000,37,1.2452555353,1
"4122",5,21,"conf_166",7500,37,1.2452555353,1
"4123",5,21,"conf_166",250,38,1.2852378188,1
"4124",5,21,"conf_166",500,38,1.245265304,1
"4125",5,21,"conf_166",1500,38,1.2452555353,1
"4126",5,21,"conf_166",2500,38,1.2452555353,1
"4127",5,21,"conf_166",5000,38,1.2452555353,1
"4128",5,21,"conf_166",7500,38,1.2452555353,1
"4129",5,21,"conf_166",250,39,1.2878273488,1
"4130",5,21,"conf_166",500,39,1.2453721249,1
"4131",5,21,"conf_166",1500,39,1.2452555353,1
"4132",5,21,"conf_166",2500,39,1.2452555353,1
"4133",5,21,"conf_166",5000,39,1.2452555353,1
"4134",5,21,"conf_166",7500,39,1.2452555353,1
"4135",5,21,"conf_166",250,40,2.1866283491,1
"4136",5,21,"conf_166",500,40,2.1186417816,1
"4137",5,21,"conf_166",1500,40,1.9944606312,1
"4138",5,21,"conf_166",2500,40,1.2452556223,1
"4139",5,21,"conf_166",5000,40,1.2452555353,1
"4140",5,21,"conf_166",7500,40,1.2452555353,1
"4141",5,21,"conf_166",250,41,7.0587691972,2
"4142",5,21,"conf_166",500,41,7.0111578525,2
"4143",5,21,"conf_166",1500,41,2.3077595976,2
"4144",5,21,"conf_166",2500,41,1.9377411576,2
"4145",5,21,"conf_166",5000,41,1.8030193778,2
"4146",5,21,"conf_166",7500,41,0.4895180943,2
"4147",5,21,"conf_166",250,42,3.3941649496,2
"4148",5,21,"conf_166",500,42,3.16983622,2
"4149",5,21,"conf_166",1500,42,3.1698055873,2
"4150",5,21,"conf_166",2500,42,3.1698055873,2
"4151",5,21,"conf_166",5000,42,1.8030193778,2
"4152",5,21,"conf_166",7500,42,0.9299973893,2
"4153",5,21,"conf_166",250,43,7.0505959665,2
"4154",5,21,"conf_166",500,43,7.011130611,2
"4155",5,21,"conf_166",1500,43,7.0110980338,2
"4156",5,21,"conf_166",2500,43,4e-10,2
"4157",5,21,"conf_166",5000,43,4e-10,2
"4158",5,21,"conf_166",7500,43,4e-10,2
"4159",5,21,"conf_166",250,44,1.2327273232,2
"4160",5,21,"conf_166",500,44,1.2327273232,2
"4161",5,21,"conf_166",1500,44,1.2327273232,2
"4162",5,21,"conf_166",2500,44,1.2327273232,2
"4163",5,21,"conf_166",5000,44,7e-10,2
"4164",5,21,"conf_166",7500,44,7e-10,2
"4165",5,21,"conf_166",250,45,7.0186585399,2
"4166",5,21,"conf_166",500,45,7.0110990679,2
"4167",5,21,"conf_166",1500,45,2.346458112,2
"4168",5,21,"conf_166",2500,45,1.9377405278,2
"4169",5,21,"conf_166",5000,45,1.9377404959,2
"4170",5,21,"conf_166",7500,45,1e-10,2
"4171",5,21,"conf_166",250,46,2.0692125697,2
"4172",5,21,"conf_166",500,46,2.0437574422,2
"4173",5,21,"conf_166",1500,46,2.0436611087,2
"4174",5,21,"conf_166",2500,46,2.41976e-05,2
"4175",5,21,"conf_166",5000,46,8e-10,2
"4176",5,21,"conf_166",7500,46,8e-10,2
"4177",5,21,"conf_166",250,47,0.0001050171,2
"4178",5,21,"conf_166",500,47,1.1e-09,2
"4179",5,21,"conf_166",1500,47,0,2
"4180",5,21,"conf_166",2500,47,0,2
"4181",5,21,"conf_166",5000,47,0,2
"4182",5,21,"conf_166",7500,47,0,2
"4183",5,21,"conf_166",250,48,0.4718581674,2
"4184",5,21,"conf_166",500,48,1.67362e-05,2
"4185",5,21,"conf_166",1500,48,6e-10,2
"4186",5,21,"conf_166",2500,48,6e-10,2
"4187",5,21,"conf_166",5000,48,6e-10,2
"4188",5,21,"conf_166",7500,48,6e-10,2
"4189",5,21,"conf_166",250,49,3.1802660989,2
"4190",5,21,"conf_166",500,49,3.1698127159,2
"4191",5,21,"conf_166",1500,49,3.1698055873,2
"4192",5,21,"conf_166",2500,49,3.1698055873,2
"4193",5,21,"conf_166",5000,49,1.9377404959,2
"4194",5,21,"conf_166",7500,49,3e-10,2
"4195",5,21,"conf_166",250,50,3.1797056662,2
"4196",5,21,"conf_166",500,50,3.1698060303,2
"4197",5,21,"conf_166",1500,50,3.1698055873,2
"4198",5,21,"conf_166",2500,50,3.1698055873,2
"4199",5,21,"conf_166",5000,50,3e-10,2
"4200",5,21,"conf_166",7500,50,3e-10,2
"4201",5,22,"conf_166",250,1,7.3286783297,4
"4202",5,22,"conf_166",500,1,7.2716351955,4
"4203",5,22,"conf_166",1500,1,7.2716291936,4
"4204",5,22,"conf_166",2500,1,7.2716291936,4
"4205",5,22,"conf_166",5000,1,0.7036311994,4
"4206",5,22,"conf_166",7500,1,0.6918569112,4
"4207",5,22,"conf_166",250,2,7.2817026621,4
"4208",5,22,"conf_166",500,2,7.2716390448,4
"4209",5,22,"conf_166",1500,2,3.6751397254,4
"4210",5,22,"conf_166",2500,2,3.6751397254,4
"4211",5,22,"conf_166",5000,2,0.6918569112,4
"4212",5,22,"conf_166",7500,2,0.6918569112,4
"4213",5,22,"conf_166",250,3,0.7045312552,4
"4214",5,22,"conf_166",500,3,0.6918619702,4
"4215",5,22,"conf_166",1500,3,0.6918569112,4
"4216",5,22,"conf_166",2500,3,0.6918569112,4
"4217",5,22,"conf_166",5000,3,0.4002693504,4
"4218",5,22,"conf_166",7500,3,0.4002693504,4
"4219",5,22,"conf_166",250,4,7.2888558148,4
"4220",5,22,"conf_166",500,4,7.2716416131,4
"4221",5,22,"conf_166",1500,4,7.2716291936,4
"4222",5,22,"conf_166",2500,4,7.2716291936,4
"4223",5,22,"conf_166",5000,4,1.9549988595,4
"4224",5,22,"conf_166",7500,4,1.9549988595,4
"4225",5,22,"conf_166",250,5,7.30323267,4
"4226",5,22,"conf_166",500,5,7.2716352956,4
"4227",5,22,"conf_166",1500,5,2.034828752,4
"4228",5,22,"conf_166",2500,5,1.9549990681,4
"4229",5,22,"conf_166",5000,5,1.9549988595,4
"4230",5,22,"conf_166",7500,5,0.6921751595,4
"4231",5,22,"conf_166",250,6,7.2988954313,4
"4232",5,22,"conf_166",500,6,7.2716359189,4
"4233",5,22,"conf_166",1500,6,7.2716291936,4
"4234",5,22,"conf_166",2500,6,7.2716291936,4
"4235",5,22,"conf_166",5000,6,7.2716291936,4
"4236",5,22,"conf_166",7500,6,7.2716291936,4
"4237",5,22,"conf_166",250,7,0.55065691,4
"4238",5,22,"conf_166",500,7,0.0216059444,4
"4239",5,22,"conf_166",1500,7,9e-10,4
"4240",5,22,"conf_166",2500,7,9e-10,4
"4241",5,22,"conf_166",5000,7,9e-10,4
"4242",5,22,"conf_166",7500,7,9e-10,4
"4243",5,22,"conf_166",250,8,7.2982115409,4
"4244",5,22,"conf_166",500,8,7.2716551572,4
"4245",5,22,"conf_166",1500,8,7.2716291936,4
"4246",5,22,"conf_166",2500,8,7.2716291936,4
"4247",5,22,"conf_166",5000,8,0.6918569112,4
"4248",5,22,"conf_166",7500,8,0.6918569112,4
"4249",5,22,"conf_166",250,9,7.2753861046,4
"4250",5,22,"conf_166",500,9,7.2716299833,4
"4251",5,22,"conf_166",1500,9,4.426027989,4
"4252",5,22,"conf_166",2500,9,4.426027989,4
"4253",5,22,"conf_166",5000,9,0.6918569112,4
"4254",5,22,"conf_166",7500,9,0.6918569112,4
"4255",5,22,"conf_166",250,10,0.7415386329,4
"4256",5,22,"conf_166",500,10,0.6919246392,4
"4257",5,22,"conf_166",1500,10,0.6918569112,4
"4258",5,22,"conf_166",2500,10,1.12249e-05,4
"4259",5,22,"conf_166",5000,10,8e-10,4
"4260",5,22,"conf_166",7500,10,8e-10,4
"4261",5,22,"conf_166",250,11,30.6117077792,1
"4262",5,22,"conf_166",500,11,30.0832478912,1
"4263",5,22,"conf_166",1500,11,7.2929773573,1
"4264",5,22,"conf_166",2500,11,2.590661361,1
"4265",5,22,"conf_166",5000,11,2.5905477301,1
"4266",5,22,"conf_166",7500,11,5e-10,1
"4267",5,22,"conf_166",250,12,3.3767320405,1
"4268",5,22,"conf_166",500,12,3.3767320405,1
"4269",5,22,"conf_166",1500,12,3.3767320405,1
"4270",5,22,"conf_166",2500,12,4.06581e-05,1
"4271",5,22,"conf_166",5000,12,7e-10,1
"4272",5,22,"conf_166",7500,12,7e-10,1
"4273",5,22,"conf_166",250,13,0.0311364748,1
"4274",5,22,"conf_166",500,13,4.974e-07,1
"4275",5,22,"conf_166",1500,13,1e-09,1
"4276",5,22,"conf_166",2500,13,1e-09,1
"4277",5,22,"conf_166",5000,13,1e-09,1
"4278",5,22,"conf_166",7500,13,1e-09,1
"4279",5,22,"conf_166",250,14,19.8092153671,1
"4280",5,22,"conf_166",500,14,18.2893937027,1
"4281",5,22,"conf_166",1500,14,3.3536954214,1
"4282",5,22,"conf_166",2500,14,1.28e-08,1
"4283",5,22,"conf_166",5000,14,1e-10,1
"4284",5,22,"conf_166",7500,14,1e-10,1
"4285",5,22,"conf_166",250,15,0.0239527101,1
"4286",5,22,"conf_166",500,15,0.0011184706,1
"4287",5,22,"conf_166",1500,15,2e-10,1
"4288",5,22,"conf_166",2500,15,2e-10,1
"4289",5,22,"conf_166",5000,15,2e-10,1
"4290",5,22,"conf_166",7500,15,2e-10,1
"4291",5,22,"conf_166",250,16,0.3040137704,1
"4292",5,22,"conf_166",500,16,1.04076e-05,1
"4293",5,22,"conf_166",1500,16,2e-10,1
"4294",5,22,"conf_166",2500,16,2e-10,1
"4295",5,22,"conf_166",5000,16,2e-10,1
"4296",5,22,"conf_166",7500,16,2e-10,1
"4297",5,22,"conf_166",250,17,0.004471902,1
"4298",5,22,"conf_166",500,17,8.378e-07,1
"4299",5,22,"conf_166",1500,17,3e-10,1
"4300",5,22,"conf_166",2500,17,3e-10,1
"4301",5,22,"conf_166",5000,17,3e-10,1
"4302",5,22,"conf_166",7500,17,3e-10,1
"4303",5,22,"conf_166",250,18,1.9738940954,1
"4304",5,22,"conf_166",500,18,1.9550093086,1
"4305",5,22,"conf_166",1500,18,1.9549988595,1
"4306",5,22,"conf_166",2500,18,1.9549988595,1
"4307",5,22,"conf_166",5000,18,1.9549988595,1
"4308",5,22,"conf_166",7500,18,4.15585e-05,1
"4309",5,22,"conf_166",250,19,8.3933679359,1
"4310",5,22,"conf_166",500,19,7.1262976835,1
"4311",5,22,"conf_166",1500,19,5.0627374564,1
"4312",5,22,"conf_166",2500,19,0.0036448408,1
"4313",5,22,"conf_166",5000,19,8e-10,1
"4314",5,22,"conf_166",7500,19,8e-10,1
"4315",5,22,"conf_166",250,20,0.3917815545,1
"4316",5,22,"conf_166",500,20,5.83e-08,1
"4317",5,22,"conf_166",1500,20,3e-10,1
"4318",5,22,"conf_166",2500,20,3e-10,1
"4319",5,22,"conf_166",5000,20,3e-10,1
"4320",5,22,"conf_166",7500,20,3e-10,1
"4321",5,22,"conf_166",250,21,7.4004662391,2
"4322",5,22,"conf_166",500,21,7.2716750034,2
"4323",5,22,"conf_166",1500,21,2.6695800076,2
"4324",5,22,"conf_166",2500,21,2.5905490377,2
"4325",5,22,"conf_166",5000,21,1.7937389475,2
"4326",5,22,"conf_166",7500,21,0.6918569112,2
"4327",5,22,"conf_166",250,22,1.7241837938,2
"4328",5,22,"conf_166",500,22,0.6920182132,2
"4329",5,22,"conf_166",1500,22,0.6918569112,2
"4330",5,22,"conf_166",2500,22,0.6918569112,2
"4331",5,22,"conf_166",5000,22,0.6918569112,2
"4332",5,22,"conf_166",7500,22,0.6918569112,2
"4333",5,22,"conf_166",250,23,1.9597160963,2
"4334",5,22,"conf_166",500,23,1.9550006076,2
"4335",5,22,"conf_166",1500,23,0.9715540186,2
"4336",5,22,"conf_166",2500,23,0.6918569292,2
"4337",5,22,"conf_166",5000,23,0.6918569112,2
"4338",5,22,"conf_166",7500,23,0.6918569112,2
"4339",5,22,"conf_166",250,24,0.9475802795,2
"4340",5,22,"conf_166",500,24,0.692073492,2
"4341",5,22,"conf_166",1500,24,0.6918569112,2
"4342",5,22,"conf_166",2500,24,0.6918569112,2
"4343",5,22,"conf_166",5000,24,0.6918569112,2
"4344",5,22,"conf_166",7500,24,0.6918569112,2
"4345",5,22,"conf_166",250,25,5.1434929291,2
"4346",5,22,"conf_166",500,25,2.6120866902,2
"4347",5,22,"conf_166",1500,25,2.5905477301,2
"4348",5,22,"conf_166",2500,25,1.9549989894,2
"4349",5,22,"conf_166",5000,25,1.0553703643,2
"4350",5,22,"conf_166",7500,25,0.6918569112,2
"4351",5,22,"conf_166",250,26,0.7622183242,2
"4352",5,22,"conf_166",500,26,0.6919139659,2
"4353",5,22,"conf_166",1500,26,0.6918569112,2
"4354",5,22,"conf_166",2500,26,0.6918569112,2
"4355",5,22,"conf_166",5000,26,0.6918569112,2
"4356",5,22,"conf_166",7500,26,0.6918569112,2
"4357",5,22,"conf_166",250,27,7.7412345473,2
"4358",5,22,"conf_166",500,27,7.2806911313,2
"4359",5,22,"conf_166",1500,27,7.2716291936,2
"4360",5,22,"conf_166",2500,27,0.6918588496,2
"4361",5,22,"conf_166",5000,27,0.6918569112,2
"4362",5,22,"conf_166",7500,27,0.6918569112,2
"4363",5,22,"conf_166",250,28,1.9674939654,2
"4364",5,22,"conf_166",500,28,1.9550085354,2
"4365",5,22,"conf_166",1500,28,1.9549988595,2
"4366",5,22,"conf_166",2500,28,1.9549988595,2
"4367",5,22,"conf_166",5000,28,1.9549988595,2
"4368",5,22,"conf_166",7500,28,1.9549988595,2
"4369",5,22,"conf_166",250,29,1.1266706493,2
"4370",5,22,"conf_166",500,29,0.693502543,2
"4371",5,22,"conf_166",1500,29,0.6918569112,2
"4372",5,22,"conf_166",2500,29,0.6918569112,2
"4373",5,22,"conf_166",5000,29,0.6918569112,2
"4374",5,22,"conf_166",7500,29,8e-10,2
"4375",5,22,"conf_166",250,30,1.964951575,2
"4376",5,22,"conf_166",500,30,1.9550027997,2
"4377",5,22,"conf_166",1500,30,1.9549988595,2
"4378",5,22,"conf_166",2500,30,0.6918573312,2
"4379",5,22,"conf_166",5000,30,0.6918569112,2
"4380",5,22,"conf_166",7500,30,0.6918569112,2
"4381",5,22,"conf_166",250,31,8.7559183805,3
"4382",5,22,"conf_166",500,31,8.7427649348,3
"4383",5,22,"conf_166",1500,31,2.9741900724,3
"4384",5,22,"conf_166",2500,31,1.9550442341,3
"4385",5,22,"conf_166",5000,31,1.9549988595,3
"4386",5,22,"conf_166",7500,31,1.9549988595,3
"4387",5,22,"conf_166",250,32,8.7533155855,3
"4388",5,22,"conf_166",500,32,8.7427562673,3
"4389",5,22,"conf_166",1500,32,2.1074570498,3
"4390",5,22,"conf_166",2500,32,1.9550045688,3
"4391",5,22,"conf_166",5000,32,1.9549988595,3
"4392",5,22,"conf_166",7500,32,7e-10,3
"4393",5,22,"conf_166",250,33,11.1821417155,3
"4394",5,22,"conf_166",500,33,11.1256612,3
"4395",5,22,"conf_166",1500,33,7.0871683512,3
"4396",5,22,"conf_166",2500,33,0.6918570218,3
"4397",5,22,"conf_166",5000,33,0.6918569112,3
"4398",5,22,"conf_166",7500,33,0.6918569112,3
"4399",5,22,"conf_166",250,34,11.1439050559,3
"4400",5,22,"conf_166",500,34,11.1256208929,3
"4401",5,22,"conf_166",1500,34,3.3601824695,3
"4402",5,22,"conf_166",2500,34,1.22e-08,3
"4403",5,22,"conf_166",5000,34,4e-10,3
"4404",5,22,"conf_166",7500,34,4e-10,3
"4405",5,22,"conf_166",250,35,2.1045584608,3
"4406",5,22,"conf_166",500,35,1.959535888,3
"4407",5,22,"conf_166",1500,35,1.9549988595,3
"4408",5,22,"conf_166",2500,35,1.9549988595,3
"4409",5,22,"conf_166",5000,35,1.9549988595,3
"4410",5,22,"conf_166",7500,35,0.7027939408,3
"4411",5,22,"conf_166",250,36,2.0048977864,3
"4412",5,22,"conf_166",500,36,2.0048977864,3
"4413",5,22,"conf_166",1500,36,2.0048977864,3
"4414",5,22,"conf_166",2500,36,1.9550118728,3
"4415",5,22,"conf_166",5000,36,0,3
"4416",5,22,"conf_166",7500,36,0,3
"4417",5,22,"conf_166",250,37,4.1829079965,3
"4418",5,22,"conf_166",500,37,0.1408011199,3
"4419",5,22,"conf_166",1500,37,5e-10,3
"4420",5,22,"conf_166",2500,37,5e-10,3
"4421",5,22,"conf_166",5000,37,5e-10,3
"4422",5,22,"conf_166",7500,37,5e-10,3
"4423",5,22,"conf_166",250,38,1.0585246096,3
"4424",5,22,"conf_166",500,38,0.0035160078,3
"4425",5,22,"conf_166",1500,38,3e-10,3
"4426",5,22,"conf_166",2500,38,3e-10,3
"4427",5,22,"conf_166",5000,38,3e-10,3
"4428",5,22,"conf_166",7500,38,3e-10,3
"4429",5,22,"conf_166",250,39,2.035143747,3
"4430",5,22,"conf_166",500,39,2.035143747,3
"4431",5,22,"conf_166",1500,39,2.035143747,3
"4432",5,22,"conf_166",2500,39,2.035143747,3
"4433",5,22,"conf_166",5000,39,0.6918569112,3
"4434",5,22,"conf_166",7500,39,0.6918569112,3
"4435",5,22,"conf_166",250,40,11.1639745414,3
"4436",5,22,"conf_166",500,40,11.1256751062,3
"4437",5,22,"conf_166",1500,40,0.4543561686,3
"4438",5,22,"conf_166",2500,40,3e-09,3
"4439",5,22,"conf_166",5000,40,2e-10,3
"4440",5,22,"conf_166",7500,40,2e-10,3
"4441",5,22,"conf_166",250,41,7.293429569,5
"4442",5,22,"conf_166",500,41,7.2716463611,5
"4443",5,22,"conf_166",1500,41,7.2716291936,5
"4444",5,22,"conf_166",2500,41,6.6864e-06,5
"4445",5,22,"conf_166",5000,41,7e-10,5
"4446",5,22,"conf_166",7500,41,7e-10,5
"4447",5,22,"conf_166",250,42,26.0910191472,5
"4448",5,22,"conf_166",500,42,25.4816910776,5
"4449",5,22,"conf_166",1500,42,12.2062980518,5
"4450",5,22,"conf_166",2500,42,1.9577639681,5
"4451",5,22,"conf_166",5000,42,8.4533e-06,5
"4452",5,22,"conf_166",7500,42,1e-10,5
"4453",5,22,"conf_166",250,43,1.4244686733,5
"4454",5,22,"conf_166",500,43,0.6921569298,5
"4455",5,22,"conf_166",1500,43,0.6918569112,5
"4456",5,22,"conf_166",2500,43,0.6918569112,5
"4457",5,22,"conf_166",5000,43,9e-10,5
"4458",5,22,"conf_166",7500,43,9e-10,5
"4459",5,22,"conf_166",250,44,0.7228248204,5
"4460",5,22,"conf_166",500,44,0.6919614469,5
"4461",5,22,"conf_166",1500,44,0.6918569112,5
"4462",5,22,"conf_166",2500,44,0.6918569112,5
"4463",5,22,"conf_166",5000,44,0.6918569112,5
"4464",5,22,"conf_166",7500,44,0.6918569112,5
"4465",5,22,"conf_166",250,45,15.8359048524,5
"4466",5,22,"conf_166",500,45,14.5985941721,5
"4467",5,22,"conf_166",1500,45,14.584841529,5
"4468",5,22,"conf_166",2500,45,8.7427636005,5
"4469",5,22,"conf_166",5000,45,5.0627374567,5
"4470",5,22,"conf_166",7500,45,0.6976198715,5
"4471",5,22,"conf_166",250,46,0.7582289539,5
"4472",5,22,"conf_166",500,46,0.6918719081,5
"4473",5,22,"conf_166",1500,46,0.6918569112,5
"4474",5,22,"conf_166",2500,46,6.6379e-06,5
"4475",5,22,"conf_166",5000,46,4e-10,5
"4476",5,22,"conf_166",7500,46,4e-10,5
"4477",5,22,"conf_166",250,47,0.0037747085,5
"4478",5,22,"conf_166",500,47,2.906e-07,5
"4479",5,22,"conf_166",1500,47,8e-10,5
"4480",5,22,"conf_166",2500,47,8e-10,5
"4481",5,22,"conf_166",5000,47,8e-10,5
"4482",5,22,"conf_166",7500,47,8e-10,5
"4483",5,22,"conf_166",250,48,0.7375545951,5
"4484",5,22,"conf_166",500,48,0.691886428,5
"4485",5,22,"conf_166",1500,48,0.6918569112,5
"4486",5,22,"conf_166",2500,48,0.6918569112,5
"4487",5,22,"conf_166",5000,48,4e-10,5
"4488",5,22,"conf_166",7500,48,4e-10,5
"4489",5,22,"conf_166",250,49,16.1921110149,5
"4490",5,22,"conf_166",500,49,14.7587951082,5
"4491",5,22,"conf_166",1500,49,14.584841529,5
"4492",5,22,"conf_166",2500,49,0.6919712802,5
"4493",5,22,"conf_166",5000,49,0.6918569112,5
"4494",5,22,"conf_166",7500,49,0.6918569112,5
"4495",5,22,"conf_166",250,50,0.7191221946,5
"4496",5,22,"conf_166",500,50,0.6918713935,5
"4497",5,22,"conf_166",1500,50,0.6918569112,5
"4498",5,22,"conf_166",2500,50,2.4e-09,5
"4499",5,22,"conf_166",5000,50,5e-10,5
"4500",5,22,"conf_166",7500,50,5e-10,5
"4501",5,23,"conf_166",250,1,2.1613872993,1
"4502",5,23,"conf_166",500,1,2.1613872993,1
"4503",5,23,"conf_166",1500,1,2.1613872993,1
"4504",5,23,"conf_166",2500,1,1.7892532917,1
"4505",5,23,"conf_166",5000,1,1.5232290438,1
"4506",5,23,"conf_166",7500,1,1.5232290438,1
"4507",5,23,"conf_166",250,2,2.7425713131,1
"4508",5,23,"conf_166",500,2,2.5810771444,1
"4509",5,23,"conf_166",1500,2,1.0390229096,1
"4510",5,23,"conf_166",2500,2,1.0390229096,1
"4511",5,23,"conf_166",5000,2,1.0390229096,1
"4512",5,23,"conf_166",7500,2,1.0390229096,1
"4513",5,23,"conf_166",250,3,5.1034750448,1
"4514",5,23,"conf_166",500,3,3.0492778097,1
"4515",5,23,"conf_166",1500,3,2.1957215976,1
"4516",5,23,"conf_166",2500,3,2.1957215976,1
"4517",5,23,"conf_166",5000,3,1.8485610981,1
"4518",5,23,"conf_166",7500,3,1.0861751596,1
"4519",5,23,"conf_166",250,4,2.2184529919,1
"4520",5,23,"conf_166",500,4,2.2184529919,1
"4521",5,23,"conf_166",1500,4,1.4019631919,1
"4522",5,23,"conf_166",2500,4,1.4019631919,1
"4523",5,23,"conf_166",5000,4,1.2852918172,1
"4524",5,23,"conf_166",7500,4,1.2852918172,1
"4525",5,23,"conf_166",250,5,3.6077718461,1
"4526",5,23,"conf_166",500,5,2.5336196869,1
"4527",5,23,"conf_166",1500,5,2.0974250027,1
"4528",5,23,"conf_166",2500,5,2.0407247868,1
"4529",5,23,"conf_166",5000,5,1.3514156777,1
"4530",5,23,"conf_166",7500,5,1.3514156777,1
"4531",5,23,"conf_166",250,6,2.6474866971,1
"4532",5,23,"conf_166",500,6,2.4190345771,1
"4533",5,23,"conf_166",1500,6,2.1028537532,1
"4534",5,23,"conf_166",2500,6,2.1002335449,1
"4535",5,23,"conf_166",5000,6,0.0158049812,1
"4536",5,23,"conf_166",7500,6,1.28e-08,1
"4537",5,23,"conf_166",250,7,3.3006540408,1
"4538",5,23,"conf_166",500,7,2.9551923858,1
"4539",5,23,"conf_166",1500,7,0.7070447165,1
"4540",5,23,"conf_166",2500,7,0.2147659649,1
"4541",5,23,"conf_166",5000,7,0.2147486389,1
"4542",5,23,"conf_166",7500,7,0.2147486389,1
"4543",5,23,"conf_166",250,8,3.3104435926,1
"4544",5,23,"conf_166",500,8,3.3104435926,1
"4545",5,23,"conf_166",1500,8,0.9189784566,1
"4546",5,23,"conf_166",2500,8,0.8440419715,1
"4547",5,23,"conf_166",5000,8,0.8440415366,1
"4548",5,23,"conf_166",7500,8,0.8440415366,1
"4549",5,23,"conf_166",250,9,3.9745960865,1
"4550",5,23,"conf_166",500,9,2.0367056997,1
"4551",5,23,"conf_166",1500,9,2.0223723761,1
"4552",5,23,"conf_166",2500,9,1.2423285815,1
"4553",5,23,"conf_166",5000,9,1.2423285815,1
"4554",5,23,"conf_166",7500,9,1.2423285815,1
"4555",5,23,"conf_166",250,10,2.3282151151,1
"4556",5,23,"conf_166",500,10,2.3282151151,1
"4557",5,23,"conf_166",1500,10,1.4299131765,1
"4558",5,23,"conf_166",2500,10,1.4299131765,1
"4559",5,23,"conf_166",5000,10,1.4299131765,1
"4560",5,23,"conf_166",7500,10,1.2741989379,1
"4561",5,23,"conf_166",250,11,2.8890871792,2
"4562",5,23,"conf_166",500,11,1.4053136766,2
"4563",5,23,"conf_166",1500,11,1.1294889604,2
"4564",5,23,"conf_166",2500,11,0.63636903,2
"4565",5,23,"conf_166",5000,11,0.6175411233,2
"4566",5,23,"conf_166",7500,11,0.6175411233,2
"4567",5,23,"conf_166",250,12,1.695563868,2
"4568",5,23,"conf_166",500,12,1.695563868,2
"4569",5,23,"conf_166",1500,12,1.2662960539,2
"4570",5,23,"conf_166",2500,12,1.2662960539,2
"4571",5,23,"conf_166",5000,12,1.2662960539,2
"4572",5,23,"conf_166",7500,12,1.2662960539,2
"4573",5,23,"conf_166",250,13,4.6005635015,2
"4574",5,23,"conf_166",500,13,2.0574784946,2
"4575",5,23,"conf_166",1500,13,1.3954054975,2
"4576",5,23,"conf_166",2500,13,1.3954054975,2
"4577",5,23,"conf_166",5000,13,1.3954054975,2
"4578",5,23,"conf_166",7500,13,0.5612038792,2
"4579",5,23,"conf_166",250,14,3.2218570171,2
"4580",5,23,"conf_166",500,14,2.1103821118,2
"4581",5,23,"conf_166",1500,14,2.1103821118,2
"4582",5,23,"conf_166",2500,14,2.1103821118,2
"4583",5,23,"conf_166",5000,14,2.1103821118,2
"4584",5,23,"conf_166",7500,14,1.7922705189,2
"4585",5,23,"conf_166",250,15,2.2554651928,2
"4586",5,23,"conf_166",500,15,1.9292645431,2
"4587",5,23,"conf_166",1500,15,1.9292645431,2
"4588",5,23,"conf_166",2500,15,1.2430136066,2
"4589",5,23,"conf_166",5000,15,1.2430136066,2
"4590",5,23,"conf_166",7500,15,0.113531711,2
"4591",5,23,"conf_166",250,16,2.8615740548,2
"4592",5,23,"conf_166",500,16,2.5020614365,2
"4593",5,23,"conf_166",1500,16,1.142060307,2
"4594",5,23,"conf_166",2500,16,1.142060307,2
"4595",5,23,"conf_166",5000,16,1.142060307,2
"4596",5,23,"conf_166",7500,16,1.1250649643,2
"4597",5,23,"conf_166",250,17,2.3431880907,2
"4598",5,23,"conf_166",500,17,2.3431880907,2
"4599",5,23,"conf_166",1500,17,1.5867033391,2
"4600",5,23,"conf_166",2500,17,1.2872011078,2
"4601",5,23,"conf_166",5000,17,0.7411657864,2
"4602",5,23,"conf_166",7500,17,0.7411657864,2
"4603",5,23,"conf_166",250,18,3.6242021641,2
"4604",5,23,"conf_166",500,18,1.909529702,2
"4605",5,23,"conf_166",1500,18,1.8575326224,2
"4606",5,23,"conf_166",2500,18,1.513738988,2
"4607",5,23,"conf_166",5000,18,0.3459327227,2
"4608",5,23,"conf_166",7500,18,0.3459327227,2
"4609",5,23,"conf_166",250,19,3.4922816228,2
"4610",5,23,"conf_166",500,19,2.4130401306,2
"4611",5,23,"conf_166",1500,19,0.1005116027,2
"4612",5,23,"conf_166",2500,19,0.1001851368,2
"4613",5,23,"conf_166",5000,19,0.1001851356,2
"4614",5,23,"conf_166",7500,19,0.1001851356,2
"4615",5,23,"conf_166",250,20,2.4951468553,2
"4616",5,23,"conf_166",500,20,2.4951468553,2
"4617",5,23,"conf_166",1500,20,1.9471031591,2
"4618",5,23,"conf_166",2500,20,1.9471031591,2
"4619",5,23,"conf_166",5000,20,1.6006024551,2
"4620",5,23,"conf_166",7500,20,1.1108166169,2
"4621",5,23,"conf_166",250,21,2.2893234715,3
"4622",5,23,"conf_166",500,21,2.2893234715,3
"4623",5,23,"conf_166",1500,21,1.8841983538,3
"4624",5,23,"conf_166",2500,21,1.8841983538,3
"4625",5,23,"conf_166",5000,21,1.5558909106,3
"4626",5,23,"conf_166",7500,21,1.5558909106,3
"4627",5,23,"conf_166",250,22,2.9658001402,3
"4628",5,23,"conf_166",500,22,2.1036025724,3
"4629",5,23,"conf_166",1500,22,2.1036025724,3
"4630",5,23,"conf_166",2500,22,1.2698048363,3
"4631",5,23,"conf_166",5000,22,0.8199197841,3
"4632",5,23,"conf_166",7500,22,0.4198754807,3
"4633",5,23,"conf_166",250,23,1.7738409712,3
"4634",5,23,"conf_166",500,23,1.7738409712,3
"4635",5,23,"conf_166",1500,23,0.0165129437,3
"4636",5,23,"conf_166",2500,23,1.289e-07,3
"4637",5,23,"conf_166",5000,23,3.1e-09,3
"4638",5,23,"conf_166",7500,23,3.1e-09,3
"4639",5,23,"conf_166",250,24,2.0001470425,3
"4640",5,23,"conf_166",500,24,2.0001470425,3
"4641",5,23,"conf_166",1500,24,2.0001470425,3
"4642",5,23,"conf_166",2500,24,2.0001470425,3
"4643",5,23,"conf_166",5000,24,0.2040423147,3
"4644",5,23,"conf_166",7500,24,0.2029416578,3
"4645",5,23,"conf_166",250,25,3.8281492886,3
"4646",5,23,"conf_166",500,25,1.8635379912,3
"4647",5,23,"conf_166",1500,25,1.8635379912,3
"4648",5,23,"conf_166",2500,25,1.5173908167,3
"4649",5,23,"conf_166",5000,25,1.5173908167,3
"4650",5,23,"conf_166",7500,25,1.5173908167,3
"4651",5,23,"conf_166",250,26,3.5925836628,3
"4652",5,23,"conf_166",500,26,1.8923340355,3
"4653",5,23,"conf_166",1500,26,1.8923340355,3
"4654",5,23,"conf_166",2500,26,1.8923340355,3
"4655",5,23,"conf_166",5000,26,1.8923340355,3
"4656",5,23,"conf_166",7500,26,1.8923340355,3
"4657",5,23,"conf_166",250,27,2.5758088038,3
"4658",5,23,"conf_166",500,27,2.5758088038,3
"4659",5,23,"conf_166",1500,27,1.8718098686,3
"4660",5,23,"conf_166",2500,27,0.4599977223,3
"4661",5,23,"conf_166",5000,27,0.4359053222,3
"4662",5,23,"conf_166",7500,27,0.4359053222,3
"4663",5,23,"conf_166",250,28,2.1412780746,3
"4664",5,23,"conf_166",500,28,2.1412780746,3
"4665",5,23,"conf_166",1500,28,1.8308834664,3
"4666",5,23,"conf_166",2500,28,1.8308834664,3
"4667",5,23,"conf_166",5000,28,1.3156435053,3
"4668",5,23,"conf_166",7500,28,1.3156435053,3
"4669",5,23,"conf_166",250,29,1.3485982477,3
"4670",5,23,"conf_166",500,29,1.3485982477,3
"4671",5,23,"conf_166",1500,29,0.9667982924,3
"4672",5,23,"conf_166",2500,29,0.206297989,3
"4673",5,23,"conf_166",5000,29,0.2061094072,3
"4674",5,23,"conf_166",7500,29,0.2061094072,3
"4675",5,23,"conf_166",250,30,1.8651674929,3
"4676",5,23,"conf_166",500,30,1.8651674929,3
"4677",5,23,"conf_166",1500,30,1.4765750582,3
"4678",5,23,"conf_166",2500,30,1.4765750582,3
"4679",5,23,"conf_166",5000,30,1.3136762786,3
"4680",5,23,"conf_166",7500,30,1.3136762786,3
"4681",5,23,"conf_166",250,31,2.88337903,4
"4682",5,23,"conf_166",500,31,2.88337903,4
"4683",5,23,"conf_166",1500,31,2.0363711988,4
"4684",5,23,"conf_166",2500,31,0.8758847714,4
"4685",5,23,"conf_166",5000,31,0.8758847714,4
"4686",5,23,"conf_166",7500,31,0.1527685471,4
"4687",5,23,"conf_166",250,32,1.5144936738,4
"4688",5,23,"conf_166",500,32,1.5144936738,4
"4689",5,23,"conf_166",1500,32,1.5144936738,4
"4690",5,23,"conf_166",2500,32,1.5144936738,4
"4691",5,23,"conf_166",5000,32,0.2801226564,4
"4692",5,23,"conf_166",7500,32,0.2801226564,4
"4693",5,23,"conf_166",250,33,3.0443391263,4
"4694",5,23,"conf_166",500,33,2.049090959,4
"4695",5,23,"conf_166",1500,33,1.6743604835,4
"4696",5,23,"conf_166",2500,33,1.0526987484,4
"4697",5,23,"conf_166",5000,33,1.0526987484,4
"4698",5,23,"conf_166",7500,33,1.0526987484,4
"4699",5,23,"conf_166",250,34,3.0377736004,4
"4700",5,23,"conf_166",500,34,2.6646452576,4
"4701",5,23,"conf_166",1500,34,0.9769914304,4
"4702",5,23,"conf_166",2500,34,0.1502694942,4
"4703",5,23,"conf_166",5000,34,0.1502312619,4
"4704",5,23,"conf_166",7500,34,0.1502312619,4
"4705",5,23,"conf_166",250,35,1.6215156612,4
"4706",5,23,"conf_166",500,35,1.6215156612,4
"4707",5,23,"conf_166",1500,35,0.0603761355,4
"4708",5,23,"conf_166",2500,35,0.0205449549,4
"4709",5,23,"conf_166",5000,35,0.0205446682,4
"4710",5,23,"conf_166",7500,35,0.0205446682,4
"4711",5,23,"conf_166",250,36,3.2700019909,4
"4712",5,23,"conf_166",500,36,1.8173365117,4
"4713",5,23,"conf_166",1500,36,1.3695008133,4
"4714",5,23,"conf_166",2500,36,0.9735798121,4
"4715",5,23,"conf_166",5000,36,0.97354759,4
"4716",5,23,"conf_166",7500,36,0.97354759,4
"4717",5,23,"conf_166",250,37,3.1779264291,4
"4718",5,23,"conf_166",500,37,1.1418410354,4
"4719",5,23,"conf_166",1500,37,1.1418410354,4
"4720",5,23,"conf_166",2500,37,1.1418410354,4
"4721",5,23,"conf_166",5000,37,1.1418410354,4
"4722",5,23,"conf_166",7500,37,0.1104013899,4
"4723",5,23,"conf_166",250,38,3.2258863795,4
"4724",5,23,"conf_166",500,38,2.2285695575,4
"4725",5,23,"conf_166",1500,38,2.051974211,4
"4726",5,23,"conf_166",2500,38,1.0778262665,4
"4727",5,23,"conf_166",5000,38,1.0778262665,4
"4728",5,23,"conf_166",7500,38,1.0778262665,4
"4729",5,23,"conf_166",250,39,2.4486652614,4
"4730",5,23,"conf_166",500,39,2.4486652614,4
"4731",5,23,"conf_166",1500,39,0.2007046742,4
"4732",5,23,"conf_166",2500,39,0.1914301326,4
"4733",5,23,"conf_166",5000,39,0.1907116555,4
"4734",5,23,"conf_166",7500,39,0.1907116555,4
"4735",5,23,"conf_166",250,40,2.3599313575,4
"4736",5,23,"conf_166",500,40,1.7596682692,4
"4737",5,23,"conf_166",1500,40,1.7596682692,4
"4738",5,23,"conf_166",2500,40,0.2060248032,4
"4739",5,23,"conf_166",5000,40,0.2059108475,4
"4740",5,23,"conf_166",7500,40,0.2059108475,4
"4741",5,23,"conf_166",250,41,1.6425170264,5
"4742",5,23,"conf_166",500,41,1.6425170264,5
"4743",5,23,"conf_166",1500,41,0.4328516906,5
"4744",5,23,"conf_166",2500,41,0.0651066136,5
"4745",5,23,"conf_166",5000,41,0.0651056121,5
"4746",5,23,"conf_166",7500,41,0.0651056121,5
"4747",5,23,"conf_166",250,42,3.5200452046,5
"4748",5,23,"conf_166",500,42,3.5200452046,5
"4749",5,23,"conf_166",1500,42,1.994677269,5
"4750",5,23,"conf_166",2500,42,1.0693731642,5
"4751",5,23,"conf_166",5000,42,1.0693731642,5
"4752",5,23,"conf_166",7500,42,1.0693731642,5
"4753",5,23,"conf_166",250,43,2.588327035,5
"4754",5,23,"conf_166",500,43,2.588327035,5
"4755",5,23,"conf_166",1500,43,2.0735985009,5
"4756",5,23,"conf_166",2500,43,2.0735985009,5
"4757",5,23,"conf_166",5000,43,0.8426775177,5
"4758",5,23,"conf_166",7500,43,0.8426775177,5
"4759",5,23,"conf_166",250,44,1.9101518984,5
"4760",5,23,"conf_166",500,44,1.9101518984,5
"4761",5,23,"conf_166",1500,44,0.7322854843,5
"4762",5,23,"conf_166",2500,44,0.7059578784,5
"4763",5,23,"conf_166",5000,44,0.7059575327,5
"4764",5,23,"conf_166",7500,44,0.4876223918,5
"4765",5,23,"conf_166",250,45,1.628481304,5
"4766",5,23,"conf_166",500,45,1.628481304,5
"4767",5,23,"conf_166",1500,45,1.628481304,5
"4768",5,23,"conf_166",2500,45,1.4382804804,5
"4769",5,23,"conf_166",5000,45,0.4722001002,5
"4770",5,23,"conf_166",7500,45,0.4713098458,5
"4771",5,23,"conf_166",250,46,1.8612723985,5
"4772",5,23,"conf_166",500,46,1.8612723985,5
"4773",5,23,"conf_166",1500,46,1.8612723985,5
"4774",5,23,"conf_166",2500,46,1.7751708579,5
"4775",5,23,"conf_166",5000,46,1.322831926,5
"4776",5,23,"conf_166",7500,46,1.322831926,5
"4777",5,23,"conf_166",250,47,2.5770715447,5
"4778",5,23,"conf_166",500,47,1.3847212537,5
"4779",5,23,"conf_166",1500,47,1.3847212537,5
"4780",5,23,"conf_166",2500,47,1.3847212537,5
"4781",5,23,"conf_166",5000,47,1.3847212537,5
"4782",5,23,"conf_166",7500,47,1.3847212537,5
"4783",5,23,"conf_166",250,48,4.131607748,5
"4784",5,23,"conf_166",500,48,2.7272696726,5
"4785",5,23,"conf_166",1500,48,1.9239521104,5
"4786",5,23,"conf_166",2500,48,1.6579926581,5
"4787",5,23,"conf_166",5000,48,1.584263292,5
"4788",5,23,"conf_166",7500,48,1.3390492291,5
"4789",5,23,"conf_166",250,49,1.9205379663,5
"4790",5,23,"conf_166",500,49,1.4913568672,5
"4791",5,23,"conf_166",1500,49,1.4913568672,5
"4792",5,23,"conf_166",2500,49,1.4913568672,5
"4793",5,23,"conf_166",5000,49,1.1332592849,5
"4794",5,23,"conf_166",7500,49,0.0446726701,5
"4795",5,23,"conf_166",250,50,2.2860446713,5
"4796",5,23,"conf_166",500,50,1.5615321155,5
"4797",5,23,"conf_166",1500,50,1.5615321155,5
"4798",5,23,"conf_166",2500,50,1.5615321155,5
"4799",5,23,"conf_166",5000,50,0.1035780773,5
"4800",5,23,"conf_166",7500,50,0.0732879073,5
"4801",5,24,"conf_166",250,1,7.7334807904,1
"4802",5,24,"conf_166",500,1,7.7334807904,1
"4803",5,24,"conf_166",1500,1,2.4624590961,1
"4804",5,24,"conf_166",2500,1,2.4279557404,1
"4805",5,24,"conf_166",5000,1,2.4279557404,1
"4806",5,24,"conf_166",7500,1,2.4279557404,1
"4807",5,24,"conf_166",250,2,31.8139334188,1
"4808",5,24,"conf_166",500,2,13.640896955,1
"4809",5,24,"conf_166",1500,2,11.3051586871,1
"4810",5,24,"conf_166",2500,2,11.3051567881,1
"4811",5,24,"conf_166",5000,2,9.4395129029,1
"4812",5,24,"conf_166",7500,2,9.4395128222,1
"4813",5,24,"conf_166",250,3,26.1918409103,1
"4814",5,24,"conf_166",500,3,26.1918409103,1
"4815",5,24,"conf_166",1500,3,20.9343815326,1
"4816",5,24,"conf_166",2500,3,20.9122193694,1
"4817",5,24,"conf_166",5000,3,13.4974908284,1
"4818",5,24,"conf_166",7500,3,12.6433477248,1
"4819",5,24,"conf_166",250,4,17.1740731193,1
"4820",5,24,"conf_166",500,4,13.9265516555,1
"4821",5,24,"conf_166",1500,4,8.1582444193,1
"4822",5,24,"conf_166",2500,4,8.1581718006,1
"4823",5,24,"conf_166",5000,4,8.1581718006,1
"4824",5,24,"conf_166",7500,4,5.7192250192,1
"4825",5,24,"conf_166",250,5,23.3805965351,1
"4826",5,24,"conf_166",500,5,23.3805965351,1
"4827",5,24,"conf_166",1500,5,14.2510430352,1
"4828",5,24,"conf_166",2500,5,11.4749883154,1
"4829",5,24,"conf_166",5000,5,6.5823692102,1
"4830",5,24,"conf_166",7500,5,6.2446394621,1
"4831",5,24,"conf_166",250,6,26.4691766774,1
"4832",5,24,"conf_166",500,6,23.7275043119,1
"4833",5,24,"conf_166",1500,6,18.0361261585,1
"4834",5,24,"conf_166",2500,6,17.8861960005,1
"4835",5,24,"conf_166",5000,6,6.7512547898,1
"4836",5,24,"conf_166",7500,6,0.8702016699,1
"4837",5,24,"conf_166",250,7,23.7257259655,1
"4838",5,24,"conf_166",500,7,9.0491730896,1
"4839",5,24,"conf_166",1500,7,3.2519250457,1
"4840",5,24,"conf_166",2500,7,3.1689713248,1
"4841",5,24,"conf_166",5000,7,3.1689713248,1
"4842",5,24,"conf_166",7500,7,3.1689713248,1
"4843",5,24,"conf_166",250,8,21.2377662212,1
"4844",5,24,"conf_166",500,8,12.8941343193,1
"4845",5,24,"conf_166",1500,8,5.2058841639,1
"4846",5,24,"conf_166",2500,8,5.1667875946,1
"4847",5,24,"conf_166",5000,8,4.5830447236,1
"4848",5,24,"conf_166",7500,8,4.5830447236,1
"4849",5,24,"conf_166",250,9,27.9800041581,1
"4850",5,24,"conf_166",500,9,13.260849357,1
"4851",5,24,"conf_166",1500,9,13.260849357,1
"4852",5,24,"conf_166",2500,9,11.915999134,1
"4853",5,24,"conf_166",5000,9,8.0023721407,1
"4854",5,24,"conf_166",7500,9,6.0169085087,1
"4855",5,24,"conf_166",250,10,17.6114451955,1
"4856",5,24,"conf_166",500,10,12.3100199734,1
"4857",5,24,"conf_166",1500,10,11.4521470933,1
"4858",5,24,"conf_166",2500,10,11.4521461189,1
"4859",5,24,"conf_166",5000,10,11.4521461189,1
"4860",5,24,"conf_166",7500,10,8.3881765892,1
"4861",5,24,"conf_166",250,11,28.0430716589,2
"4862",5,24,"conf_166",500,11,24.2830906045,2
"4863",5,24,"conf_166",1500,11,18.2273904465,2
"4864",5,24,"conf_166",2500,11,9.5512435667,2
"4865",5,24,"conf_166",5000,11,6.782144955,2
"4866",5,24,"conf_166",7500,11,6.782144955,2
"4867",5,24,"conf_166",250,12,31.7741269282,2
"4868",5,24,"conf_166",500,12,16.9773103861,2
"4869",5,24,"conf_166",1500,12,16.9773103861,2
"4870",5,24,"conf_166",2500,12,9.0724527289,2
"4871",5,24,"conf_166",5000,12,6.8469870026,2
"4872",5,24,"conf_166",7500,12,6.8469870026,2
"4873",5,24,"conf_166",250,13,13.1290511405,2
"4874",5,24,"conf_166",500,13,13.1290511405,2
"4875",5,24,"conf_166",1500,13,8.6033686843,2
"4876",5,24,"conf_166",2500,13,8.6031230473,2
"4877",5,24,"conf_166",5000,13,8.6031230473,2
"4878",5,24,"conf_166",7500,13,8.6031230473,2
"4879",5,24,"conf_166",250,14,14.7549624549,2
"4880",5,24,"conf_166",500,14,14.7549624549,2
"4881",5,24,"conf_166",1500,14,14.7549624549,2
"4882",5,24,"conf_166",2500,14,14.7549624549,2
"4883",5,24,"conf_166",5000,14,7.0448657767,2
"4884",5,24,"conf_166",7500,14,7.044865774,2
"4885",5,24,"conf_166",250,15,18.9986407399,2
"4886",5,24,"conf_166",500,15,10.660215189,2
"4887",5,24,"conf_166",1500,15,6.3687477801,2
"4888",5,24,"conf_166",2500,15,6.3687477789,2
"4889",5,24,"conf_166",5000,15,6.3687477789,2
"4890",5,24,"conf_166",7500,15,6.3687477789,2
"4891",5,24,"conf_166",250,16,12.5972589401,2
"4892",5,24,"conf_166",500,16,12.002636859,2
"4893",5,24,"conf_166",1500,16,4.6019576121,2
"4894",5,24,"conf_166",2500,16,2.8456784092,2
"4895",5,24,"conf_166",5000,16,2.8157829143,2
"4896",5,24,"conf_166",7500,16,2.8157829143,2
"4897",5,24,"conf_166",250,17,17.1543527719,2
"4898",5,24,"conf_166",500,17,17.1543527719,2
"4899",5,24,"conf_166",1500,17,16.5140800309,2
"4900",5,24,"conf_166",2500,17,16.3894808516,2
"4901",5,24,"conf_166",5000,17,13.941728912,2
"4902",5,24,"conf_166",7500,17,13.941728912,2
"4903",5,24,"conf_166",250,18,21.2424799267,2
"4904",5,24,"conf_166",500,18,20.186531661,2
"4905",5,24,"conf_166",1500,18,13.093829395,2
"4906",5,24,"conf_166",2500,18,10.6673477004,2
"4907",5,24,"conf_166",5000,18,6.0675198394,2
"4908",5,24,"conf_166",7500,18,6.0675198394,2
"4909",5,24,"conf_166",250,19,14.3379865269,2
"4910",5,24,"conf_166",500,19,9.1981434235,2
"4911",5,24,"conf_166",1500,19,9.1981434235,2
"4912",5,24,"conf_166",2500,19,9.1981434235,2
"4913",5,24,"conf_166",5000,19,6.0751743986,2
"4914",5,24,"conf_166",7500,19,6.0197209743,2
"4915",5,24,"conf_166",250,20,14.7410997438,2
"4916",5,24,"conf_166",500,20,14.7410997438,2
"4917",5,24,"conf_166",1500,20,8.4184483586,2
"4918",5,24,"conf_166",2500,20,8.4183899416,2
"4919",5,24,"conf_166",5000,20,5.9450114309,2
"4920",5,24,"conf_166",7500,20,5.9450114308,2
"4921",5,24,"conf_166",250,21,22.6793682998,4
"4922",5,24,"conf_166",500,21,22.6793682998,4
"4923",5,24,"conf_166",1500,21,22.2459533803,4
"4924",5,24,"conf_166",2500,21,16.0857619008,4
"4925",5,24,"conf_166",5000,21,12.35931843,4
"4926",5,24,"conf_166",7500,21,11.6514173598,4
"4927",5,24,"conf_166",250,22,31.9869470111,4
"4928",5,24,"conf_166",500,22,31.489177846,4
"4929",5,24,"conf_166",1500,22,12.3056062928,4
"4930",5,24,"conf_166",2500,22,12.3055889046,4
"4931",5,24,"conf_166",5000,22,8.6779802271,4
"4932",5,24,"conf_166",7500,22,8.1877808202,4
"4933",5,24,"conf_166",250,23,27.0600997699,4
"4934",5,24,"conf_166",500,23,16.577194968,4
"4935",5,24,"conf_166",1500,23,3.9632484574,4
"4936",5,24,"conf_166",2500,23,3.9632443901,4
"4937",5,24,"conf_166",5000,23,3.9632443901,4
"4938",5,24,"conf_166",7500,23,3.9632443901,4
"4939",5,24,"conf_166",250,24,24.7739350694,4
"4940",5,24,"conf_166",500,24,17.4174561217,4
"4941",5,24,"conf_166",1500,24,17.4174561217,4
"4942",5,24,"conf_166",2500,24,17.4174561217,4
"4943",5,24,"conf_166",5000,24,13.5273891193,4
"4944",5,24,"conf_166",7500,24,1.1411318304,4
"4945",5,24,"conf_166",250,25,25.1399933082,4
"4946",5,24,"conf_166",500,25,20.6436205836,4
"4947",5,24,"conf_166",1500,25,12.8668628707,4
"4948",5,24,"conf_166",2500,25,10.1131252241,4
"4949",5,24,"conf_166",5000,25,10.1119472515,4
"4950",5,24,"conf_166",7500,25,10.1119472515,4
"4951",5,24,"conf_166",250,26,23.1529249233,4
"4952",5,24,"conf_166",500,26,16.8250558011,4
"4953",5,24,"conf_166",1500,26,12.9861587804,4
"4954",5,24,"conf_166",2500,26,11.4934486956,4
"4955",5,24,"conf_166",5000,26,7.2551039863,4
"4956",5,24,"conf_166",7500,26,7.2551039863,4
"4957",5,24,"conf_166",250,27,20.8668952778,4
"4958",5,24,"conf_166",500,27,20.8668952778,4
"4959",5,24,"conf_166",1500,27,13.1731988717,4
"4960",5,24,"conf_166",2500,27,6.6574968946,4
"4961",5,24,"conf_166",5000,27,6.6574947531,4
"4962",5,24,"conf_166",7500,27,6.6574947531,4
"4963",5,24,"conf_166",250,28,20.0915858256,4
"4964",5,24,"conf_166",500,28,17.6250135075,4
"4965",5,24,"conf_166",1500,28,8.3195928623,4
"4966",5,24,"conf_166",2500,28,8.3002692347,4
"4967",5,24,"conf_166",5000,28,8.3002692347,4
"4968",5,24,"conf_166",7500,28,8.3002692347,4
"4969",5,24,"conf_166",250,29,28.1863206824,4
"4970",5,24,"conf_166",500,29,18.6880587534,4
"4971",5,24,"conf_166",1500,29,12.1577949855,4
"4972",5,24,"conf_166",2500,29,12.1577949855,4
"4973",5,24,"conf_166",5000,29,8.815309469,4
"4974",5,24,"conf_166",7500,29,7.6814573257,4
"4975",5,24,"conf_166",250,30,23.109792028,4
"4976",5,24,"conf_166",500,30,9.3443547677,4
"4977",5,24,"conf_166",1500,30,9.3443547677,4
"4978",5,24,"conf_166",2500,30,9.3443547677,4
"4979",5,24,"conf_166",5000,30,9.3443547677,4
"4980",5,24,"conf_166",7500,30,9.3443547677,4
"4981",5,24,"conf_166",250,31,17.5354266603,3
"4982",5,24,"conf_166",500,31,17.5354266603,3
"4983",5,24,"conf_166",1500,31,14.6240425919,3
"4984",5,24,"conf_166",2500,31,9.5800212309,3
"4985",5,24,"conf_166",5000,31,9.5793301419,3
"4986",5,24,"conf_166",7500,31,9.5793301419,3
"4987",5,24,"conf_166",250,32,27.8420221439,3
"4988",5,24,"conf_166",500,32,21.8300975277,3
"4989",5,24,"conf_166",1500,32,14.4345971559,3
"4990",5,24,"conf_166",2500,32,14.4345971559,3
"4991",5,24,"conf_166",5000,32,6.1925957105,3
"4992",5,24,"conf_166",7500,32,3.8910487382,3
"4993",5,24,"conf_166",250,33,19.2022389922,3
"4994",5,24,"conf_166",500,33,13.2812693824,3
"4995",5,24,"conf_166",1500,33,13.2812693824,3
"4996",5,24,"conf_166",2500,33,13.2812693824,3
"4997",5,24,"conf_166",5000,33,10.0675459167,3
"4998",5,24,"conf_166",7500,33,10.0675459167,3
"4999",5,24,"conf_166",250,34,28.113207428,3
"5000",5,24,"conf_166",500,34,12.6123488434,3
"5001",5,24,"conf_166",1500,34,12.5649233283,3
"5002",5,24,"conf_166",2500,34,6.8739524746,3
"5003",5,24,"conf_166",5000,34,6.8739506616,3
"5004",5,24,"conf_166",7500,34,4.4803653643,3
"5005",5,24,"conf_166",250,35,19.1660887735,3
"5006",5,24,"conf_166",500,35,19.1660887735,3
"5007",5,24,"conf_166",1500,35,15.9718596805,3
"5008",5,24,"conf_166",2500,35,15.9716992965,3
"5009",5,24,"conf_166",5000,35,11.3538766335,3
"5010",5,24,"conf_166",7500,35,9.7585876983,3
"5011",5,24,"conf_166",250,36,22.6254074569,3
"5012",5,24,"conf_166",500,36,22.6254074569,3
"5013",5,24,"conf_166",1500,36,14.0069347172,3
"5014",5,24,"conf_166",2500,36,13.5760407679,3
"5015",5,24,"conf_166",5000,36,10.3155230222,3
"5016",5,24,"conf_166",7500,36,8.3971348548,3
"5017",5,24,"conf_166",250,37,32.3977890789,3
"5018",5,24,"conf_166",500,37,26.0659195576,3
"5019",5,24,"conf_166",1500,37,17.5647492006,3
"5020",5,24,"conf_166",2500,37,11.5603529508,3
"5021",5,24,"conf_166",5000,37,6.5910369308,3
"5022",5,24,"conf_166",7500,37,4.8649131981,3
"5023",5,24,"conf_166",250,38,28.4035557646,3
"5024",5,24,"conf_166",500,38,20.1798092269,3
"5025",5,24,"conf_166",1500,38,9.0312563726,3
"5026",5,24,"conf_166",2500,38,9.0312563726,3
"5027",5,24,"conf_166",5000,38,7.5828166759,3
"5028",5,24,"conf_166",7500,38,7.3227162829,3
"5029",5,24,"conf_166",250,39,30.3963241558,3
"5030",5,24,"conf_166",500,39,14.8401148781,3
"5031",5,24,"conf_166",1500,39,14.8401148781,3
"5032",5,24,"conf_166",2500,39,9.2800326143,3
"5033",5,24,"conf_166",5000,39,9.2799845605,3
"5034",5,24,"conf_166",7500,39,9.2799845605,3
"5035",5,24,"conf_166",250,40,25.8180125439,3
"5036",5,24,"conf_166",500,40,23.0966273935,3
"5037",5,24,"conf_166",1500,40,16.8127107737,3
"5038",5,24,"conf_166",2500,40,15.1548311713,3
"5039",5,24,"conf_166",5000,40,6.2056954145,3
"5040",5,24,"conf_166",7500,40,6.2056954145,3
"5041",5,24,"conf_166",250,41,28.6810855463,5
"5042",5,24,"conf_166",500,41,28.6810855463,5
"5043",5,24,"conf_166",1500,41,20.3679508225,5
"5044",5,24,"conf_166",2500,41,15.7061672952,5
"5045",5,24,"conf_166",5000,41,12.6438333049,5
"5046",5,24,"conf_166",7500,41,11.1238269247,5
"5047",5,24,"conf_166",250,42,21.468326346,5
"5048",5,24,"conf_166",500,42,21.468326346,5
"5049",5,24,"conf_166",1500,42,13.3600098749,5
"5050",5,24,"conf_166",2500,42,12.0022961007,5
"5051",5,24,"conf_166",5000,42,11.7554850415,5
"5052",5,24,"conf_166",7500,42,9.1708274013,5
"5053",5,24,"conf_166",250,43,16.9560806295,5
"5054",5,24,"conf_166",500,43,14.6008458653,5
"5055",5,24,"conf_166",1500,43,6.6913740305,5
"5056",5,24,"conf_166",2500,43,5.2442147472,5
"5057",5,24,"conf_166",5000,43,3.3957892442,5
"5058",5,24,"conf_166",7500,43,3.3957892442,5
"5059",5,24,"conf_166",250,44,25.9932956437,5
"5060",5,24,"conf_166",500,44,12.4845611995,5
"5061",5,24,"conf_166",1500,44,12.4845611995,5
"5062",5,24,"conf_166",2500,44,12.4845611995,5
"5063",5,24,"conf_166",5000,44,12.4845611995,5
"5064",5,24,"conf_166",7500,44,0.9119985054,5
"5065",5,24,"conf_166",250,45,34.5775042925,5
"5066",5,24,"conf_166",500,45,20.4176010476,5
"5067",5,24,"conf_166",1500,45,5.7149738076,5
"5068",5,24,"conf_166",2500,45,5.6250518288,5
"5069",5,24,"conf_166",5000,45,5.6250518288,5
"5070",5,24,"conf_166",7500,45,5.6250518288,5
"5071",5,24,"conf_166",250,46,23.4961894537,5
"5072",5,24,"conf_166",500,46,23.4961894537,5
"5073",5,24,"conf_166",1500,46,17.2358849343,5
"5074",5,24,"conf_166",2500,46,16.2490361964,5
"5075",5,24,"conf_166",5000,46,8.1084846827,5
"5076",5,24,"conf_166",7500,46,8.10146766,5
"5077",5,24,"conf_166",250,47,20.7358616961,5
"5078",5,24,"conf_166",500,47,20.7358616961,5
"5079",5,24,"conf_166",1500,47,11.2066248705,5
"5080",5,24,"conf_166",2500,47,5.80551631,5
"5081",5,24,"conf_166",5000,47,5.7928998965,5
"5082",5,24,"conf_166",7500,47,5.7928998965,5
"5083",5,24,"conf_166",250,48,25.5079297695,5
"5084",5,24,"conf_166",500,48,15.7003464648,5
"5085",5,24,"conf_166",1500,48,9.9134279502,5
"5086",5,24,"conf_166",2500,48,9.8899075765,5
"5087",5,24,"conf_166",5000,48,3.1933502779,5
"5088",5,24,"conf_166",7500,48,3.1933502779,5
"5089",5,24,"conf_166",250,49,16.7082233081,5
"5090",5,24,"conf_166",500,49,16.7082233081,5
"5091",5,24,"conf_166",1500,49,12.0053259071,5
"5092",5,24,"conf_166",2500,49,7.5745827159,5
"5093",5,24,"conf_166",5000,49,6.706204874,5
"5094",5,24,"conf_166",7500,49,1.4420351999,5
"5095",5,24,"conf_166",250,50,24.3112307749,5
"5096",5,24,"conf_166",500,50,15.8440390703,5
"5097",5,24,"conf_166",1500,50,15.8440390703,5
"5098",5,24,"conf_166",2500,50,15.8440390703,5
"5099",5,24,"conf_166",5000,50,10.9124207484,5
"5100",5,24,"conf_166",7500,50,9.7532510946,5
"5101",5,3,"conf_166",250,1,21.514287936,4
"5102",5,3,"conf_166",500,1,21.514287936,4
"5103",5,3,"conf_166",1500,1,3.9799400012,4
"5104",5,3,"conf_166",2500,1,3.9798362284,4
"5105",5,3,"conf_166",5000,1,2.44e-08,4
"5106",5,3,"conf_166",7500,1,2.44e-08,4
"5107",5,3,"conf_166",250,2,30.9560093537,4
"5108",5,3,"conf_166",500,2,14.3517401589,4
"5109",5,3,"conf_166",1500,2,13.9293914891,4
"5110",5,3,"conf_166",2500,2,13.9293914891,4
"5111",5,3,"conf_166",5000,2,2.9848771713,4
"5112",5,3,"conf_166",7500,2,2.9848771713,4
"5113",5,3,"conf_166",250,3,18.8254614283,4
"5114",5,3,"conf_166",500,3,18.8254614283,4
"5115",5,3,"conf_166",1500,3,9.949580499,4
"5116",5,3,"conf_166",2500,3,9.9495804953,4
"5117",5,3,"conf_166",5000,3,5.9697493053,4
"5118",5,3,"conf_166",7500,3,5.9697493053,4
"5119",5,3,"conf_166",250,4,13.388727466,4
"5120",5,3,"conf_166",500,4,13.388727466,4
"5121",5,3,"conf_166",1500,4,9.9495804953,4
"5122",5,3,"conf_166",2500,4,9.9495804953,4
"5123",5,3,"conf_166",5000,4,0.9949590571,4
"5124",5,3,"conf_166",7500,4,0.9949590571,4
"5125",5,3,"conf_166",250,5,11.2927214029,4
"5126",5,3,"conf_166",500,5,11.2927214029,4
"5127",5,3,"conf_166",1500,5,5.9697493048,4
"5128",5,3,"conf_166",2500,5,5.9697493047,4
"5129",5,3,"conf_166",5000,5,2.9848771713,4
"5130",5,3,"conf_166",7500,5,2.9848771713,4
"5131",5,3,"conf_166",250,6,15.786485418,4
"5132",5,3,"conf_166",500,6,7.6149273578,4
"5133",5,3,"conf_166",1500,6,6.9647083618,4
"5134",5,3,"conf_166",2500,6,6.9647083618,4
"5135",5,3,"conf_166",5000,6,0.9949590571,4
"5136",5,3,"conf_166",7500,6,0.9949590571,4
"5137",5,3,"conf_166",250,7,25.1036751116,4
"5138",5,3,"conf_166",500,7,6.1759005716,4
"5139",5,3,"conf_166",1500,7,5.9697493047,4
"5140",5,3,"conf_166",2500,7,5.9697493047,4
"5141",5,3,"conf_166",5000,7,2.9848771713,4
"5142",5,3,"conf_166",7500,7,2.9848771713,4
"5143",5,3,"conf_166",250,8,24.7114403598,4
"5144",5,3,"conf_166",500,8,18.8453319237,4
"5145",5,3,"conf_166",1500,8,17.9092226797,4
"5146",5,3,"conf_166",2500,8,5.7990297459,4
"5147",5,3,"conf_166",5000,8,0.9949590571,4
"5148",5,3,"conf_166",7500,8,0.9949590571,4
"5149",5,3,"conf_166",250,9,13.4420686801,4
"5150",5,3,"conf_166",500,9,7.0244532923,4
"5151",5,3,"conf_166",1500,9,6.9647083618,4
"5152",5,3,"conf_166",2500,9,6.9647083618,4
"5153",5,3,"conf_166",5000,9,5.9697496315,4
"5154",5,3,"conf_166",7500,9,3.9798312252,4
"5155",5,3,"conf_166",250,10,17.7183072558,4
"5156",5,3,"conf_166",500,10,5.3155237971,4
"5157",5,3,"conf_166",1500,10,0.9949590571,4
"5158",5,3,"conf_166",2500,10,0.9949590571,4
"5159",5,3,"conf_166",5000,10,0.9949590571,4
"5160",5,3,"conf_166",7500,10,0.9949590571,4
"5161",5,3,"conf_166",250,11,16.9045810363,3
"5162",5,3,"conf_166",500,11,4.4355937843,3
"5163",5,3,"conf_166",1500,11,0.9949590571,3
"5164",5,3,"conf_166",2500,11,0.9949590571,3
"5165",5,3,"conf_166",5000,11,0.9949590571,3
"5166",5,3,"conf_166",7500,11,0.9949590571,3
"5167",5,3,"conf_166",250,12,20.7545650197,3
"5168",5,3,"conf_166",500,12,12.3386251261,3
"5169",5,3,"conf_166",1500,12,9.9495804953,3
"5170",5,3,"conf_166",2500,12,6.9260593714,3
"5171",5,3,"conf_166",5000,12,0.9949590571,3
"5172",5,3,"conf_166",7500,12,0.9949590571,3
"5173",5,3,"conf_166",250,13,18.5520916841,3
"5174",5,3,"conf_166",500,13,10.2889106199,3
"5175",5,3,"conf_166",1500,13,9.9495804953,3
"5176",5,3,"conf_166",2500,13,9.9495804953,3
"5177",5,3,"conf_166",5000,13,3.9798362355,3
"5178",5,3,"conf_166",7500,13,3.9798362284,3
"5179",5,3,"conf_166",250,14,33.7343925058,3
"5180",5,3,"conf_166",500,14,20.9443102363,3
"5181",5,3,"conf_166",1500,14,20.8940340401,3
"5182",5,3,"conf_166",2500,14,3.5662888315,3
"5183",5,3,"conf_166",5000,14,2.9848771713,3
"5184",5,3,"conf_166",7500,14,2.9848771713,3
"5185",5,3,"conf_166",250,15,25.6614064914,3
"5186",5,3,"conf_166",500,15,10.7528993419,3
"5187",5,3,"conf_166",1500,15,5.9697493047,3
"5188",5,3,"conf_166",2500,15,5.9697493047,3
"5189",5,3,"conf_166",5000,15,1.9899181142,3
"5190",5,3,"conf_166",7500,15,1.9899181142,3
"5191",5,3,"conf_166",250,16,12.2221985945,3
"5192",5,3,"conf_166",500,16,7.9671666179,3
"5193",5,3,"conf_166",1500,16,7.9596674189,3
"5194",5,3,"conf_166",2500,16,5.1582966481,3
"5195",5,3,"conf_166",5000,16,4.306144401,3
"5196",5,3,"conf_166",7500,16,3.9798362431,3
"5197",5,3,"conf_166",250,17,17.7040780448,3
"5198",5,3,"conf_166",500,17,10.9942620708,3
"5199",5,3,"conf_166",1500,17,1.9899181142,3
"5200",5,3,"conf_166",2500,17,1.9899181142,3
"5201",5,3,"conf_166",5000,17,1.9899181142,3
"5202",5,3,"conf_166",7500,17,1.16e-08,3
"5203",5,3,"conf_166",250,18,7.6485750593,3
"5204",5,3,"conf_166",500,18,5.4778902514,3
"5205",5,3,"conf_166",1500,18,3.9798362288,3
"5206",5,3,"conf_166",2500,18,2.6223938215,3
"5207",5,3,"conf_166",5000,18,1.9899181142,3
"5208",5,3,"conf_166",7500,18,1.9899181142,3
"5209",5,3,"conf_166",250,19,26.6629326535,3
"5210",5,3,"conf_166",500,19,1.4148791612,3
"5211",5,3,"conf_166",1500,19,0.9949590571,3
"5212",5,3,"conf_166",2500,19,0.9949590571,3
"5213",5,3,"conf_166",5000,19,0.9949590571,3
"5214",5,3,"conf_166",7500,19,0.9949590571,3
"5215",5,3,"conf_166",250,20,16.0421190151,3
"5216",5,3,"conf_166",500,20,5.0965396722,3
"5217",5,3,"conf_166",1500,20,4.9747952855,3
"5218",5,3,"conf_166",2500,20,4.9747952855,3
"5219",5,3,"conf_166",5000,20,4.9747952855,3
"5220",5,3,"conf_166",7500,20,1.9899181333,3
"5221",5,3,"conf_166",250,21,16.22994931,5
"5222",5,3,"conf_166",500,21,9.1271583029,5
"5223",5,3,"conf_166",1500,21,8.9546214382,5
"5224",5,3,"conf_166",2500,21,8.9546214382,5
"5225",5,3,"conf_166",5000,21,1.9899181142,5
"5226",5,3,"conf_166",7500,21,1.9899181142,5
"5227",5,3,"conf_166",250,22,23.3717552648,5
"5228",5,3,"conf_166",500,22,15.5710185961,5
"5229",5,3,"conf_166",1500,22,14.9243505462,5
"5230",5,3,"conf_166",2500,22,8.0419001241,5
"5231",5,3,"conf_166",5000,22,6.9647083618,5
"5232",5,3,"conf_166",7500,22,5.9697493459,5
"5233",5,3,"conf_166",250,23,30.8617424029,5
"5234",5,3,"conf_166",500,23,12.9374452403,5
"5235",5,3,"conf_166",1500,23,10.9445395524,5
"5236",5,3,"conf_166",2500,23,7.8379057282,5
"5237",5,3,"conf_166",5000,23,1.9899181142,5
"5238",5,3,"conf_166",7500,23,1.9899181142,5
"5239",5,3,"conf_166",250,24,30.8903130989,5
"5240",5,3,"conf_166",500,24,17.1834165314,5
"5241",5,3,"conf_166",1500,24,13.9293914891,5
"5242",5,3,"conf_166",2500,24,11.55869404,5
"5243",5,3,"conf_166",5000,24,8.9546214383,5
"5244",5,3,"conf_166",7500,24,5.9697493918,5
"5245",5,3,"conf_166",250,25,33.3746108975,5
"5246",5,3,"conf_166",500,25,19.2880689488,5
"5247",5,3,"conf_166",1500,25,18.9041817368,5
"5248",5,3,"conf_166",2500,25,16.7212869726,5
"5249",5,3,"conf_166",5000,25,5.9697493047,5
"5250",5,3,"conf_166",7500,25,5.9697493047,5
"5251",5,3,"conf_166",250,26,18.1540020765,5
"5252",5,3,"conf_166",500,26,4.8801660235,5
"5253",5,3,"conf_166",1500,26,0.9950472013,5
"5254",5,3,"conf_166",2500,26,0.9949590571,5
"5255",5,3,"conf_166",5000,26,0.9949590571,5
"5256",5,3,"conf_166",7500,26,0.9949590571,5
"5257",5,3,"conf_166",250,27,20.4281620552,5
"5258",5,3,"conf_166",500,27,11.0109718541,5
"5259",5,3,"conf_166",1500,27,10.9445193557,5
"5260",5,3,"conf_166",2500,27,6.3215202259,5
"5261",5,3,"conf_166",5000,27,2.9848771713,5
"5262",5,3,"conf_166",7500,27,0.9949590614,5
"5263",5,3,"conf_166",250,28,26.1172695258,5
"5264",5,3,"conf_166",500,28,9.9589909134,5
"5265",5,3,"conf_166",1500,28,9.9495602986,5
"5266",5,3,"conf_166",2500,28,9.9495602986,5
"5267",5,3,"conf_166",5000,28,2.9848771713,5
"5268",5,3,"conf_166",7500,28,2.9848771713,5
"5269",5,3,"conf_166",250,29,16.9408789231,5
"5270",5,3,"conf_166",500,29,6.1535380176,5
"5271",5,3,"conf_166",1500,29,3.9798311906,5
"5272",5,3,"conf_166",2500,29,3.9798311906,5
"5273",5,3,"conf_166",5000,29,3.9798311906,5
"5274",5,3,"conf_166",7500,29,1.9899181695,5
"5275",5,3,"conf_166",250,30,20.6060612477,5
"5276",5,3,"conf_166",500,30,15.9047897277,5
"5277",5,3,"conf_166",1500,30,7.9596674269,5
"5278",5,3,"conf_166",2500,30,7.9596674189,5
"5279",5,3,"conf_166",5000,30,0.9949590571,5
"5280",5,3,"conf_166",7500,30,0.9949590571,5
"5281",5,3,"conf_166",250,31,31.1290553059,2
"5282",5,3,"conf_166",500,31,12.1135671589,2
"5283",5,3,"conf_166",1500,31,11.9394784128,2
"5284",5,3,"conf_166",2500,31,3.1163508449,2
"5285",5,3,"conf_166",5000,31,2.9848771713,2
"5286",5,3,"conf_166",7500,31,1.9899181143,2
"5287",5,3,"conf_166",250,32,10.9382211282,2
"5288",5,3,"conf_166",500,32,7.8091278354,2
"5289",5,3,"conf_166",1500,32,6.9647083618,2
"5290",5,3,"conf_166",2500,32,6.9647083618,2
"5291",5,3,"conf_166",5000,32,5.9697493047,2
"5292",5,3,"conf_166",7500,32,5.9697493047,2
"5293",5,3,"conf_166",250,33,13.1994758579,2
"5294",5,3,"conf_166",500,33,3.0676457428,2
"5295",5,3,"conf_166",1500,33,2.9848771713,2
"5296",5,3,"conf_166",2500,33,2.9848771713,2
"5297",5,3,"conf_166",5000,33,2.3289075047,2
"5298",5,3,"conf_166",7500,33,1.9899181146,2
"5299",5,3,"conf_166",250,34,10.6374320332,2
"5300",5,3,"conf_166",500,34,8.422671546,2
"5301",5,3,"conf_166",1500,34,5.9697493047,2
"5302",5,3,"conf_166",2500,34,5.3262291997,2
"5303",5,3,"conf_166",5000,34,1.9899181142,2
"5304",5,3,"conf_166",7500,34,1.9899181142,2
"5305",5,3,"conf_166",250,35,14.158922735,2
"5306",5,3,"conf_166",500,35,10.991453328,2
"5307",5,3,"conf_166",1500,35,9.949580496,2
"5308",5,3,"conf_166",2500,35,9.9495804953,2
"5309",5,3,"conf_166",5000,35,2.9848771713,2
"5310",5,3,"conf_166",7500,35,2.9848771713,2
"5311",5,3,"conf_166",250,36,6.9771656386,2
"5312",5,3,"conf_166",500,36,6.9771656386,2
"5313",5,3,"conf_166",1500,36,5.9697493096,2
"5314",5,3,"conf_166",2500,36,5.9697493047,2
"5315",5,3,"conf_166",5000,36,5.9697493047,2
"5316",5,3,"conf_166",7500,36,3.9798362348,2
"5317",5,3,"conf_166",250,37,25.6751972516,2
"5318",5,3,"conf_166",500,37,9.1258187267,2
"5319",5,3,"conf_166",1500,37,3.9798362317,2
"5320",5,3,"conf_166",2500,37,3.9798362284,2
"5321",5,3,"conf_166",5000,37,3.9798362284,2
"5322",5,3,"conf_166",7500,37,2.9848792348,2
"5323",5,3,"conf_166",250,38,13.027621004,2
"5324",5,3,"conf_166",500,38,6.1861819352,2
"5325",5,3,"conf_166",1500,38,5.9697493047,2
"5326",5,3,"conf_166",2500,38,5.9697493047,2
"5327",5,3,"conf_166",5000,38,1.9899181142,2
"5328",5,3,"conf_166",7500,38,0.9962756023,2
"5329",5,3,"conf_166",250,39,13.3476158646,2
"5330",5,3,"conf_166",500,39,2.2283386832,2
"5331",5,3,"conf_166",1500,39,1.9899181142,2
"5332",5,3,"conf_166",2500,39,1.9899181142,2
"5333",5,3,"conf_166",5000,39,1.9899181142,2
"5334",5,3,"conf_166",7500,39,1.9899181142,2
"5335",5,3,"conf_166",250,40,8.964253111,2
"5336",5,3,"conf_166",500,40,6.9700031819,2
"5337",5,3,"conf_166",1500,40,6.9647083618,2
"5338",5,3,"conf_166",2500,40,2.1667256476,2
"5339",5,3,"conf_166",5000,40,1.0755500069,2
"5340",5,3,"conf_166",7500,40,0.9949590588,2
"5341",5,3,"conf_166",250,41,14.8065913436,1
"5342",5,3,"conf_166",500,41,9.7532668226,1
"5343",5,3,"conf_166",1500,41,8.9546214382,1
"5344",5,3,"conf_166",2500,41,8.9546214382,1
"5345",5,3,"conf_166",5000,41,5.9697493047,1
"5346",5,3,"conf_166",7500,41,1.9899181155,1
"5347",5,3,"conf_166",250,42,13.3091247019,1
"5348",5,3,"conf_166",500,42,5.8604433431,1
"5349",5,3,"conf_166",1500,42,3.9798311906,1
"5350",5,3,"conf_166",2500,42,3.9798311906,1
"5351",5,3,"conf_166",5000,42,3.9798311906,1
"5352",5,3,"conf_166",7500,42,0.9949590637,1
"5353",5,3,"conf_166",250,43,23.1914555897,1
"5354",5,3,"conf_166",500,43,12.9769823117,1
"5355",5,3,"conf_166",1500,43,9.9495602986,1
"5356",5,3,"conf_166",2500,43,9.9495602986,1
"5357",5,3,"conf_166",5000,43,3.9798362284,1
"5358",5,3,"conf_166",7500,43,3.9798362284,1
"5359",5,3,"conf_166",250,44,13.6147079788,1
"5360",5,3,"conf_166",500,44,6.3680029825,1
"5361",5,3,"conf_166",1500,44,5.9697493047,1
"5362",5,3,"conf_166",2500,44,5.9697493047,1
"5363",5,3,"conf_166",5000,44,5.9697493047,1
"5364",5,3,"conf_166",7500,44,5.9697493047,1
"5365",5,3,"conf_166",250,45,35.7485031982,1
"5366",5,3,"conf_166",500,45,24.6982302723,1
"5367",5,3,"conf_166",1500,45,5.9697493055,1
"5368",5,3,"conf_166",2500,45,5.9697493047,1
"5369",5,3,"conf_166",5000,45,5.9697493047,1
"5370",5,3,"conf_166",7500,45,5.9697493047,1
"5371",5,3,"conf_166",250,46,24.6020647126,1
"5372",5,3,"conf_166",500,46,7.1568849943,1
"5373",5,3,"conf_166",1500,46,6.9647083618,1
"5374",5,3,"conf_166",2500,46,2.050219288,1
"5375",5,3,"conf_166",5000,46,1.9899181142,1
"5376",5,3,"conf_166",7500,46,1.9899181142,1
"5377",5,3,"conf_166",250,47,24.3136618246,1
"5378",5,3,"conf_166",500,47,6.0227362889,1
"5379",5,3,"conf_166",1500,47,4.9747902476,1
"5380",5,3,"conf_166",2500,47,4.9747902476,1
"5381",5,3,"conf_166",5000,47,3.9798311906,1
"5382",5,3,"conf_166",7500,47,1.9899181146,1
"5383",5,3,"conf_166",250,48,15.4688878979,1
"5384",5,3,"conf_166",500,48,11.0004965531,1
"5385",5,3,"conf_166",1500,48,6.9647083618,1
"5386",5,3,"conf_166",2500,48,6.1949392485,1
"5387",5,3,"conf_166",5000,48,1.9899181142,1
"5388",5,3,"conf_166",7500,48,1.9899181142,1
"5389",5,3,"conf_166",250,49,24.3308773622,1
"5390",5,3,"conf_166",500,49,9.9692726675,1
"5391",5,3,"conf_166",1500,49,8.9546214382,1
"5392",5,3,"conf_166",2500,49,1.9189767751,1
"5393",5,3,"conf_166",5000,49,0.9949590571,1
"5394",5,3,"conf_166",7500,49,0.9949590571,1
"5395",5,3,"conf_166",250,50,17.8230249575,1
"5396",5,3,"conf_166",500,50,3.3492758643,1
"5397",5,3,"conf_166",1500,50,2.9848771713,1
"5398",5,3,"conf_166",2500,50,2.9848771713,1
"5399",5,3,"conf_166",5000,50,2.9848771713,1
"5400",5,3,"conf_166",7500,50,1.9899181142,1
"5401",5,4,"conf_166",250,1,37.8123768474,4
"5402",5,4,"conf_166",500,1,24.9088434437,4
"5403",5,4,"conf_166",1500,1,24.8738652307,4
"5404",5,4,"conf_166",2500,1,12.8867828017,4
"5405",5,4,"conf_166",5000,1,6.9647083618,4
"5406",5,4,"conf_166",7500,1,6.9647083618,4
"5407",5,4,"conf_166",250,2,15.5813952262,4
"5408",5,4,"conf_166",500,2,11.3968866818,4
"5409",5,4,"conf_166",1500,2,3.9798311907,4
"5410",5,4,"conf_166",2500,2,3.9798311906,4
"5411",5,4,"conf_166",5000,2,3.9798311906,4
"5412",5,4,"conf_166",7500,2,3.9798311906,4
"5413",5,4,"conf_166",250,3,25.2152323128,4
"5414",5,4,"conf_166",500,3,13.8491961657,4
"5415",5,4,"conf_166",1500,3,2.9848772005,4
"5416",5,4,"conf_166",2500,3,2.9848771713,4
"5417",5,4,"conf_166",5000,3,2.9848771713,4
"5418",5,4,"conf_166",7500,3,2.9848771713,4
"5419",5,4,"conf_166",250,4,20.7294212997,4
"5420",5,4,"conf_166",500,4,11.4780939985,4
"5421",5,4,"conf_166",1500,4,10.9445395524,4
"5422",5,4,"conf_166",2500,4,9.1346795139,4
"5423",5,4,"conf_166",5000,4,7.9596674189,4
"5424",5,4,"conf_166",7500,4,3.9803625837,4
"5425",5,4,"conf_166",250,5,29.5323664521,4
"5426",5,4,"conf_166",500,5,21.9213354979,4
"5427",5,4,"conf_166",1500,5,21.8890538702,4
"5428",5,4,"conf_166",2500,5,8.772301066,4
"5429",5,4,"conf_166",5000,5,7.9596674189,4
"5430",5,4,"conf_166",7500,5,7.9596674189,4
"5431",5,4,"conf_166",250,6,45.8422700057,4
"5432",5,4,"conf_166",500,6,29.6539164933,4
"5433",5,4,"conf_166",1500,6,18.9041817371,4
"5434",5,4,"conf_166",2500,6,12.6864589868,4
"5435",5,4,"conf_166",5000,6,4.9747902477,4
"5436",5,4,"conf_166",7500,6,4.9747902476,4
"5437",5,4,"conf_166",250,7,24.5249402101,4
"5438",5,4,"conf_166",500,7,7.0535262733,4
"5439",5,4,"conf_166",1500,7,5.9697493047,4
"5440",5,4,"conf_166",2500,7,5.9697493047,4
"5441",5,4,"conf_166",5000,7,5.9697493047,4
"5442",5,4,"conf_166",7500,7,5.9697493047,4
"5443",5,4,"conf_166",250,8,19.3000046322,4
"5444",5,4,"conf_166",500,8,15.9719947056,4
"5445",5,4,"conf_166",1500,8,3.9798356865,4
"5446",5,4,"conf_166",2500,8,3.9798311906,4
"5447",5,4,"conf_166",5000,8,3.9798311906,4
"5448",5,4,"conf_166",7500,8,3.9798311906,4
"5449",5,4,"conf_166",250,9,26.5043760037,4
"5450",5,4,"conf_166",500,9,9.0112974548,4
"5451",5,4,"conf_166",1500,9,8.9546214382,4
"5452",5,4,"conf_166",2500,9,8.9546214382,4
"5453",5,4,"conf_166",5000,9,6.9647083618,4
"5454",5,4,"conf_166",7500,9,6.9647083618,4
"5455",5,4,"conf_166",250,10,13.2841991804,4
"5456",5,4,"conf_166",500,10,13.2841991804,4
"5457",5,4,"conf_166",1500,10,10.9445395538,4
"5458",5,4,"conf_166",2500,10,10.9445395524,4
"5459",5,4,"conf_166",5000,10,5.9697493047,4
"5460",5,4,"conf_166",7500,10,5.9697493047,4
"5461",5,4,"conf_166",250,11,29.8878641154,3
"5462",5,4,"conf_166",500,11,7.8270353654,3
"5463",5,4,"conf_166",1500,11,6.9647083619,3
"5464",5,4,"conf_166",2500,11,6.9647083618,3
"5465",5,4,"conf_166",5000,11,6.9647083618,3
"5466",5,4,"conf_166",7500,11,6.9647083618,3
"5467",5,4,"conf_166",250,12,19.7594570647,3
"5468",5,4,"conf_166",500,12,6.9674571166,3
"5469",5,4,"conf_166",1500,12,6.9647083618,3
"5470",5,4,"conf_166",2500,12,6.9647083618,3
"5471",5,4,"conf_166",5000,12,6.9647083618,3
"5472",5,4,"conf_166",7500,12,6.9647083618,3
"5473",5,4,"conf_166",250,13,29.2366383094,3
"5474",5,4,"conf_166",500,13,5.9740487728,3
"5475",5,4,"conf_166",1500,13,4.9747902826,3
"5476",5,4,"conf_166",2500,13,4.9747902476,3
"5477",5,4,"conf_166",5000,13,2.9848771713,3
"5478",5,4,"conf_166",7500,13,2.9848771713,3
"5479",5,4,"conf_166",250,14,28.9812172553,3
"5480",5,4,"conf_166",500,14,12.29663632,3
"5481",5,4,"conf_166",1500,14,10.9445395524,3
"5482",5,4,"conf_166",2500,14,7.5503180087,3
"5483",5,4,"conf_166",5000,14,6.9647083618,3
"5484",5,4,"conf_166",7500,14,6.9647083618,3
"5485",5,4,"conf_166",250,15,31.54711228,3
"5486",5,4,"conf_166",500,15,14.9378500385,3
"5487",5,4,"conf_166",1500,15,14.9243505462,3
"5488",5,4,"conf_166",2500,15,10.988309955,3
"5489",5,4,"conf_166",5000,15,7.0555373414,3
"5490",5,4,"conf_166",7500,15,6.9647083645,3
"5491",5,4,"conf_166",250,16,42.974144872,3
"5492",5,4,"conf_166",500,16,22.2168917554,3
"5493",5,4,"conf_166",1500,16,18.9041209638,3
"5494",5,4,"conf_166",2500,16,13.9081176835,3
"5495",5,4,"conf_166",5000,16,6.9647083618,3
"5496",5,4,"conf_166",7500,16,5.9698039204,3
"5497",5,4,"conf_166",250,17,9.8697195378,3
"5498",5,4,"conf_166",500,17,4.9620183025,3
"5499",5,4,"conf_166",1500,17,3.9798362284,3
"5500",5,4,"conf_166",2500,17,3.9798362284,3
"5501",5,4,"conf_166",5000,17,3.9798362284,3
"5502",5,4,"conf_166",7500,17,2.984880778,3
"5503",5,4,"conf_166",250,18,22.130413965,3
"5504",5,4,"conf_166",500,18,11.6582475926,3
"5505",5,4,"conf_166",1500,18,10.9445395524,3
"5506",5,4,"conf_166",2500,18,10.9445395524,3
"5507",5,4,"conf_166",5000,18,10.9445395524,3
"5508",5,4,"conf_166",7500,18,4.974795287,3
"5509",5,4,"conf_166",250,19,20.3688103555,3
"5510",5,4,"conf_166",500,19,9.1096736784,3
"5511",5,4,"conf_166",1500,19,8.9546214382,3
"5512",5,4,"conf_166",2500,19,8.9546214382,3
"5513",5,4,"conf_166",5000,19,6.5947901039,3
"5514",5,4,"conf_166",7500,19,5.9697678607,3
"5515",5,4,"conf_166",250,20,26.5257836453,3
"5516",5,4,"conf_166",500,20,20.8376749634,3
"5517",5,4,"conf_166",1500,20,3.9798362654,3
"5518",5,4,"conf_166",2500,20,3.9798362284,3
"5519",5,4,"conf_166",5000,20,3.9798362284,3
"5520",5,4,"conf_166",7500,20,3.9798362284,3
"5521",5,4,"conf_166",250,21,30.3743551741,5
"5522",5,4,"conf_166",500,21,22.0861915933,5
"5523",5,4,"conf_166",1500,21,3.9798365175,5
"5524",5,4,"conf_166",2500,21,3.9798362284,5
"5525",5,4,"conf_166",5000,21,3.9798362284,5
"5526",5,4,"conf_166",7500,21,3.9798362284,5
"5527",5,4,"conf_166",250,22,27.7673943542,5
"5528",5,4,"conf_166",500,22,6.7999483308,5
"5529",5,4,"conf_166",1500,22,3.9798362284,5
"5530",5,4,"conf_166",2500,22,3.9798362284,5
"5531",5,4,"conf_166",5000,22,3.9798362284,5
"5532",5,4,"conf_166",7500,22,3.9798362284,5
"5533",5,4,"conf_166",250,23,18.1067193526,5
"5534",5,4,"conf_166",500,23,10.8054845512,5
"5535",5,4,"conf_166",1500,23,3.9798362287,5
"5536",5,4,"conf_166",2500,23,3.9798362284,5
"5537",5,4,"conf_166",5000,23,3.9798362284,5
"5538",5,4,"conf_166",7500,23,2.9848771819,5
"5539",5,4,"conf_166",250,24,16.9295269193,5
"5540",5,4,"conf_166",500,24,9.3606291723,5
"5541",5,4,"conf_166",1500,24,7.9596674189,5
"5542",5,4,"conf_166",2500,24,7.9596674189,5
"5543",5,4,"conf_166",5000,24,6.9647083618,5
"5544",5,4,"conf_166",7500,24,5.9697493152,5
"5545",5,4,"conf_166",250,25,39.0636657635,5
"5546",5,4,"conf_166",500,25,27.8714267253,5
"5547",5,4,"conf_166",1500,25,27.8587222052,5
"5548",5,4,"conf_166",2500,25,7.1004085908,5
"5549",5,4,"conf_166",5000,25,3.9996615827,5
"5550",5,4,"conf_166",7500,25,3.9798374522,5
"5551",5,4,"conf_166",250,26,15.9034766445,5
"5552",5,4,"conf_166",500,26,11.0111944175,5
"5553",5,4,"conf_166",1500,26,10.9445395524,5
"5554",5,4,"conf_166",2500,26,10.5199165323,5
"5555",5,4,"conf_166",5000,26,3.9798362284,5
"5556",5,4,"conf_166",7500,26,3.9798362284,5
"5557",5,4,"conf_166",250,27,34.6241081367,5
"5558",5,4,"conf_166",500,27,12.3188963672,5
"5559",5,4,"conf_166",1500,27,9.9495804956,5
"5560",5,4,"conf_166",2500,27,6.7904569655,5
"5561",5,4,"conf_166",5000,27,4.9747952855,5
"5562",5,4,"conf_166",7500,27,4.9747952855,5
"5563",5,4,"conf_166",250,28,12.432411873,5
"5564",5,4,"conf_166",500,28,4.7423082278,5
"5565",5,4,"conf_166",1500,28,3.9798362284,5
"5566",5,4,"conf_166",2500,28,3.9798362284,5
"5567",5,4,"conf_166",5000,28,3.9798362284,5
"5568",5,4,"conf_166",7500,28,3.9798362284,5
"5569",5,4,"conf_166",250,29,34.1541667029,5
"5570",5,4,"conf_166",500,29,8.4317314796,5
"5571",5,4,"conf_166",1500,29,6.9647083621,5
"5572",5,4,"conf_166",2500,29,6.9647083618,5
"5573",5,4,"conf_166",5000,29,6.9647083618,5
"5574",5,4,"conf_166",7500,29,1.9899181546,5
"5575",5,4,"conf_166",250,30,13.8084955536,5
"5576",5,4,"conf_166",500,30,5.2633243453,5
"5577",5,4,"conf_166",1500,30,4.9747902477,5
"5578",5,4,"conf_166",2500,30,4.9747902476,5
"5579",5,4,"conf_166",5000,30,3.9798362284,5
"5580",5,4,"conf_166",7500,30,2.9848822054,5
"5581",5,4,"conf_166",250,31,9.9602656048,2
"5582",5,4,"conf_166",500,31,8.0595215945,2
"5583",5,4,"conf_166",1500,31,7.9596674189,2
"5584",5,4,"conf_166",2500,31,7.9596674189,2
"5585",5,4,"conf_166",5000,31,4.9747952855,2
"5586",5,4,"conf_166",7500,31,4.9747952855,2
"5587",5,4,"conf_166",250,32,35.4822270526,2
"5588",5,4,"conf_166",500,32,11.4431072716,2
"5589",5,4,"conf_166",1500,32,10.9445395524,2
"5590",5,4,"conf_166",2500,32,10.2440892698,2
"5591",5,4,"conf_166",5000,32,9.9495804953,2
"5592",5,4,"conf_166",7500,32,3.9798365685,2
"5593",5,4,"conf_166",250,33,29.8220954143,2
"5594",5,4,"conf_166",500,33,15.55649173,2
"5595",5,4,"conf_166",1500,33,14.9243505462,2
"5596",5,4,"conf_166",2500,33,14.9243505462,2
"5597",5,4,"conf_166",5000,33,6.9647083618,2
"5598",5,4,"conf_166",7500,33,5.9698657745,2
"5599",5,4,"conf_166",250,34,20.1612354002,2
"5600",5,4,"conf_166",500,34,12.7326778835,2
"5601",5,4,"conf_166",1500,34,6.9647083623,2
"5602",5,4,"conf_166",2500,34,4.5455104602,2
"5603",5,4,"conf_166",5000,34,3.9798362284,2
"5604",5,4,"conf_166",7500,34,2.9853969336,2
"5605",5,4,"conf_166",250,35,23.1103820816,2
"5606",5,4,"conf_166",500,35,4.5252169187,2
"5607",5,4,"conf_166",1500,35,3.9798362284,2
"5608",5,4,"conf_166",2500,35,3.9798362284,2
"5609",5,4,"conf_166",5000,35,3.0769398905,2
"5610",5,4,"conf_166",7500,35,2.9848772668,2
"5611",5,4,"conf_166",250,36,23.8579189071,2
"5612",5,4,"conf_166",500,36,6.2310284201,2
"5613",5,4,"conf_166",1500,36,5.9697493048,2
"5614",5,4,"conf_166",2500,36,5.9697493047,2
"5615",5,4,"conf_166",5000,36,5.9697493047,2
"5616",5,4,"conf_166",7500,36,5.9697493047,2
"5617",5,4,"conf_166",250,37,12.228136025,2
"5618",5,4,"conf_166",500,37,7.9685922893,2
"5619",5,4,"conf_166",1500,37,7.9596674189,2
"5620",5,4,"conf_166",2500,37,7.9596674189,2
"5621",5,4,"conf_166",5000,37,2.9848771713,2
"5622",5,4,"conf_166",7500,37,2.9848771713,2
"5623",5,4,"conf_166",250,38,20.344976445,2
"5624",5,4,"conf_166",500,38,9.9007405927,2
"5625",5,4,"conf_166",1500,38,7.9596674189,2
"5626",5,4,"conf_166",2500,38,5.1438321186,2
"5627",5,4,"conf_166",5000,38,3.9798362284,2
"5628",5,4,"conf_166",7500,38,3.9798362284,2
"5629",5,4,"conf_166",250,39,18.7274252583,2
"5630",5,4,"conf_166",500,39,18.6286402847,2
"5631",5,4,"conf_166",1500,39,11.9394784838,2
"5632",5,4,"conf_166",2500,39,11.9394784128,2
"5633",5,4,"conf_166",5000,39,10.9445395524,2
"5634",5,4,"conf_166",7500,39,6.9647083986,2
"5635",5,4,"conf_166",250,40,22.089053676,2
"5636",5,4,"conf_166",500,40,7.4087355935,2
"5637",5,4,"conf_166",1500,40,6.9647083618,2
"5638",5,4,"conf_166",2500,40,6.9647083618,2
"5639",5,4,"conf_166",5000,40,6.9647083618,2
"5640",5,4,"conf_166",7500,40,6.9647083618,2
"5641",5,4,"conf_166",250,41,36.9382807574,1
"5642",5,4,"conf_166",500,41,16.0128212059,1
"5643",5,4,"conf_166",1500,41,15.9193096033,1
"5644",5,4,"conf_166",2500,41,10.4191590291,1
"5645",5,4,"conf_166",5000,41,6.9647083618,1
"5646",5,4,"conf_166",7500,41,6.9647083618,1
"5647",5,4,"conf_166",250,42,26.886201224,1
"5648",5,4,"conf_166",500,42,20.7840679883,1
"5649",5,4,"conf_166",1500,42,14.9243505462,1
"5650",5,4,"conf_166",2500,42,10.4750840825,1
"5651",5,4,"conf_166",5000,42,9.9495804953,1
"5652",5,4,"conf_166",7500,42,6.9647083767,1
"5653",5,4,"conf_166",250,43,24.77602412,1
"5654",5,4,"conf_166",500,43,10.01315051,1
"5655",5,4,"conf_166",1500,43,5.9697494352,1
"5656",5,4,"conf_166",2500,43,5.9697493047,1
"5657",5,4,"conf_166",5000,43,5.9697493047,1
"5658",5,4,"conf_166",7500,43,4.974790279,1
"5659",5,4,"conf_166",250,44,27.0039045227,1
"5660",5,4,"conf_166",500,44,8.5316774745,1
"5661",5,4,"conf_166",1500,44,7.9596674189,1
"5662",5,4,"conf_166",2500,44,7.9596674189,1
"5663",5,4,"conf_166",5000,44,6.1575864745,1
"5664",5,4,"conf_166",7500,44,5.969749305,1
"5665",5,4,"conf_166",250,45,12.6052921718,1
"5666",5,4,"conf_166",500,45,8.040643443,1
"5667",5,4,"conf_166",1500,45,7.9596674189,1
"5668",5,4,"conf_166",2500,45,4.9754263566,1
"5669",5,4,"conf_166",5000,45,4.9747952855,1
"5670",5,4,"conf_166",7500,45,3.9798362313,1
"5671",5,4,"conf_166",250,46,22.492301774,1
"5672",5,4,"conf_166",500,46,21.2218528577,1
"5673",5,4,"conf_166",1500,46,20.8940948131,1
"5674",5,4,"conf_166",2500,46,8.2136062205,1
"5675",5,4,"conf_166",5000,46,6.1151899839,1
"5676",5,4,"conf_166",7500,46,5.9703684006,1
"5677",5,4,"conf_166",250,47,35.6237113312,1
"5678",5,4,"conf_166",500,47,22.530338198,1
"5679",5,4,"conf_166",1500,47,21.8890336735,1
"5680",5,4,"conf_166",2500,47,8.9400079193,1
"5681",5,4,"conf_166",5000,47,6.9647083618,1
"5682",5,4,"conf_166",7500,47,6.9647083618,1
"5683",5,4,"conf_166",250,48,12.7675555453,1
"5684",5,4,"conf_166",500,48,3.0134937786,1
"5685",5,4,"conf_166",1500,48,2.9848771713,1
"5686",5,4,"conf_166",2500,48,2.9848771713,1
"5687",5,4,"conf_166",5000,48,2.9848771713,1
"5688",5,4,"conf_166",7500,48,2.9848771713,1
"5689",5,4,"conf_166",250,49,20.626147672,1
"5690",5,4,"conf_166",500,49,15.7624724791,1
"5691",5,4,"conf_166",1500,49,3.9798362284,1
"5692",5,4,"conf_166",2500,49,3.9798362284,1
"5693",5,4,"conf_166",5000,49,3.9798362284,1
"5694",5,4,"conf_166",7500,49,3.9798362284,1
"5695",5,4,"conf_166",250,50,31.4987162118,1
"5696",5,4,"conf_166",500,50,14.8624990227,1
"5697",5,4,"conf_166",1500,50,7.9596674203,1
"5698",5,4,"conf_166",2500,50,7.9596674189,1
"5699",5,4,"conf_166",5000,50,4.9747952855,1
"5700",5,4,"conf_166",7500,50,4.9747952855,1
"5701",5,5,"conf_166",250,1,5.7516949361,2
"5702",5,5,"conf_166",500,1,3.4947789651,2
"5703",5,5,"conf_166",1500,1,0,2
"5704",5,5,"conf_166",2500,1,0,2
"5705",5,5,"conf_166",5000,1,0,2
"5706",5,5,"conf_166",7500,1,0,2
"5707",5,5,"conf_166",250,2,0,2
"5708",5,5,"conf_166",500,2,0,2
"5709",5,5,"conf_166",1500,2,0,2
"5710",5,5,"conf_166",2500,2,0,2
"5711",5,5,"conf_166",5000,2,0,2
"5712",5,5,"conf_166",7500,2,0,2
"5713",5,5,"conf_166",250,3,0,2
"5714",5,5,"conf_166",500,3,0,2
"5715",5,5,"conf_166",1500,3,0,2
"5716",5,5,"conf_166",2500,3,0,2
"5717",5,5,"conf_166",5000,3,0,2
"5718",5,5,"conf_166",7500,3,0,2
"5719",5,5,"conf_166",250,4,2.8311348505,2
"5720",5,5,"conf_166",500,4,0,2
"5721",5,5,"conf_166",1500,4,0,2
"5722",5,5,"conf_166",2500,4,0,2
"5723",5,5,"conf_166",5000,4,0,2
"5724",5,5,"conf_166",7500,4,0,2
"5725",5,5,"conf_166",250,5,0,2
"5726",5,5,"conf_166",500,5,0,2
"5727",5,5,"conf_166",1500,5,0,2
"5728",5,5,"conf_166",2500,5,0,2
"5729",5,5,"conf_166",5000,5,0,2
"5730",5,5,"conf_166",7500,5,0,2
"5731",5,5,"conf_166",250,6,7.4623684626,2
"5732",5,5,"conf_166",500,6,0,2
"5733",5,5,"conf_166",1500,6,0,2
"5734",5,5,"conf_166",2500,6,0,2
"5735",5,5,"conf_166",5000,6,0,2
"5736",5,5,"conf_166",7500,6,0,2
"5737",5,5,"conf_166",250,7,8.7854013625,2
"5738",5,5,"conf_166",500,7,8.7854013625,2
"5739",5,5,"conf_166",1500,7,0,2
"5740",5,5,"conf_166",2500,7,0,2
"5741",5,5,"conf_166",5000,7,0,2
"5742",5,5,"conf_166",7500,7,0,2
"5743",5,5,"conf_166",250,8,0,2
"5744",5,5,"conf_166",500,8,0,2
"5745",5,5,"conf_166",1500,8,0,2
"5746",5,5,"conf_166",2500,8,0,2
"5747",5,5,"conf_166",5000,8,0,2
"5748",5,5,"conf_166",7500,8,0,2
"5749",5,5,"conf_166",250,9,10.2310524628,2
"5750",5,5,"conf_166",500,9,4.3297233499,2
"5751",5,5,"conf_166",1500,9,0,2
"5752",5,5,"conf_166",2500,9,0,2
"5753",5,5,"conf_166",5000,9,0,2
"5754",5,5,"conf_166",7500,9,0,2
"5755",5,5,"conf_166",250,10,0,2
"5756",5,5,"conf_166",500,10,0,2
"5757",5,5,"conf_166",1500,10,0,2
"5758",5,5,"conf_166",2500,10,0,2
"5759",5,5,"conf_166",5000,10,0,2
"5760",5,5,"conf_166",7500,10,0,2
"5761",5,5,"conf_166",250,11,0,4
"5762",5,5,"conf_166",500,11,0,4
"5763",5,5,"conf_166",1500,11,0,4
"5764",5,5,"conf_166",2500,11,0,4
"5765",5,5,"conf_166",5000,11,0,4
"5766",5,5,"conf_166",7500,11,0,4
"5767",5,5,"conf_166",250,12,0,4
"5768",5,5,"conf_166",500,12,0,4
"5769",5,5,"conf_166",1500,12,0,4
"5770",5,5,"conf_166",2500,12,0,4
"5771",5,5,"conf_166",5000,12,0,4
"5772",5,5,"conf_166",7500,12,0,4
"5773",5,5,"conf_166",250,13,0,4
"5774",5,5,"conf_166",500,13,0,4
"5775",5,5,"conf_166",1500,13,0,4
"5776",5,5,"conf_166",2500,13,0,4
"5777",5,5,"conf_166",5000,13,0,4
"5778",5,5,"conf_166",7500,13,0,4
"5779",5,5,"conf_166",250,14,3.4685435651,4
"5780",5,5,"conf_166",500,14,0,4
"5781",5,5,"conf_166",1500,14,0,4
"5782",5,5,"conf_166",2500,14,0,4
"5783",5,5,"conf_166",5000,14,0,4
"5784",5,5,"conf_166",7500,14,0,4
"5785",5,5,"conf_166",250,15,0,4
"5786",5,5,"conf_166",500,15,0,4
"5787",5,5,"conf_166",1500,15,0,4
"5788",5,5,"conf_166",2500,15,0,4
"5789",5,5,"conf_166",5000,15,0,4
"5790",5,5,"conf_166",7500,15,0,4
"5791",5,5,"conf_166",250,16,0,4
"5792",5,5,"conf_166",500,16,0,4
"5793",5,5,"conf_166",1500,16,0,4
"5794",5,5,"conf_166",2500,16,0,4
"5795",5,5,"conf_166",5000,16,0,4
"5796",5,5,"conf_166",7500,16,0,4
"5797",5,5,"conf_166",250,17,0,4
"5798",5,5,"conf_166",500,17,0,4
"5799",5,5,"conf_166",1500,17,0,4
"5800",5,5,"conf_166",2500,17,0,4
"5801",5,5,"conf_166",5000,17,0,4
"5802",5,5,"conf_166",7500,17,0,4
"5803",5,5,"conf_166",250,18,0,4
"5804",5,5,"conf_166",500,18,0,4
"5805",5,5,"conf_166",1500,18,0,4
"5806",5,5,"conf_166",2500,18,0,4
"5807",5,5,"conf_166",5000,18,0,4
"5808",5,5,"conf_166",7500,18,0,4
"5809",5,5,"conf_166",250,19,0,4
"5810",5,5,"conf_166",500,19,0,4
"5811",5,5,"conf_166",1500,19,0,4
"5812",5,5,"conf_166",2500,19,0,4
"5813",5,5,"conf_166",5000,19,0,4
"5814",5,5,"conf_166",7500,19,0,4
"5815",5,5,"conf_166",250,20,0,4
"5816",5,5,"conf_166",500,20,0,4
"5817",5,5,"conf_166",1500,20,0,4
"5818",5,5,"conf_166",2500,20,0,4
"5819",5,5,"conf_166",5000,20,0,4
"5820",5,5,"conf_166",7500,20,0,4
"5821",5,5,"conf_166",250,21,0,1
"5822",5,5,"conf_166",500,21,0,1
"5823",5,5,"conf_166",1500,21,0,1
"5824",5,5,"conf_166",2500,21,0,1
"5825",5,5,"conf_166",5000,21,0,1
"5826",5,5,"conf_166",7500,21,0,1
"5827",5,5,"conf_166",250,22,0,1
"5828",5,5,"conf_166",500,22,0,1
"5829",5,5,"conf_166",1500,22,0,1
"5830",5,5,"conf_166",2500,22,0,1
"5831",5,5,"conf_166",5000,22,0,1
"5832",5,5,"conf_166",7500,22,0,1
"5833",5,5,"conf_166",250,23,0,1
"5834",5,5,"conf_166",500,23,0,1
"5835",5,5,"conf_166",1500,23,0,1
"5836",5,5,"conf_166",2500,23,0,1
"5837",5,5,"conf_166",5000,23,0,1
"5838",5,5,"conf_166",7500,23,0,1
"5839",5,5,"conf_166",250,24,0,1
"5840",5,5,"conf_166",500,24,0,1
"5841",5,5,"conf_166",1500,24,0,1
"5842",5,5,"conf_166",2500,24,0,1
"5843",5,5,"conf_166",5000,24,0,1
"5844",5,5,"conf_166",7500,24,0,1
"5845",5,5,"conf_166",250,25,4.076137918,1
"5846",5,5,"conf_166",500,25,0,1
"5847",5,5,"conf_166",1500,25,0,1
"5848",5,5,"conf_166",2500,25,0,1
"5849",5,5,"conf_166",5000,25,0,1
"5850",5,5,"conf_166",7500,25,0,1
"5851",5,5,"conf_166",250,26,0,1
"5852",5,5,"conf_166",500,26,0,1
"5853",5,5,"conf_166",1500,26,0,1
"5854",5,5,"conf_166",2500,26,0,1
"5855",5,5,"conf_166",5000,26,0,1
"5856",5,5,"conf_166",7500,26,0,1
"5857",5,5,"conf_166",250,27,0,1
"5858",5,5,"conf_166",500,27,0,1
"5859",5,5,"conf_166",1500,27,0,1
"5860",5,5,"conf_166",2500,27,0,1
"5861",5,5,"conf_166",5000,27,0,1
"5862",5,5,"conf_166",7500,27,0,1
"5863",5,5,"conf_166",250,28,0,1
"5864",5,5,"conf_166",500,28,0,1
"5865",5,5,"conf_166",1500,28,0,1
"5866",5,5,"conf_166",2500,28,0,1
"5867",5,5,"conf_166",5000,28,0,1
"5868",5,5,"conf_166",7500,28,0,1
"5869",5,5,"conf_166",250,29,1.0362393574,1
"5870",5,5,"conf_166",500,29,0,1
"5871",5,5,"conf_166",1500,29,0,1
"5872",5,5,"conf_166",2500,29,0,1
"5873",5,5,"conf_166",5000,29,0,1
"5874",5,5,"conf_166",7500,29,0,1
"5875",5,5,"conf_166",250,30,9.628226336,1
"5876",5,5,"conf_166",500,30,9.628226336,1
"5877",5,5,"conf_166",1500,30,0,1
"5878",5,5,"conf_166",2500,30,0,1
"5879",5,5,"conf_166",5000,30,0,1
"5880",5,5,"conf_166",7500,30,0,1
"5881",5,5,"conf_166",250,31,7.2944648042,3
"5882",5,5,"conf_166",500,31,0,3
"5883",5,5,"conf_166",1500,31,0,3
"5884",5,5,"conf_166",2500,31,0,3
"5885",5,5,"conf_166",5000,31,0,3
"5886",5,5,"conf_166",7500,31,0,3
"5887",5,5,"conf_166",250,32,5.4831263662,3
"5888",5,5,"conf_166",500,32,0.0551590711,3
"5889",5,5,"conf_166",1500,32,0,3
"5890",5,5,"conf_166",2500,32,0,3
"5891",5,5,"conf_166",5000,32,0,3
"5892",5,5,"conf_166",7500,32,0,3
"5893",5,5,"conf_166",250,33,6.5076888661,3
"5894",5,5,"conf_166",500,33,2.1187321177,3
"5895",5,5,"conf_166",1500,33,0,3
"5896",5,5,"conf_166",2500,33,0,3
"5897",5,5,"conf_166",5000,33,0,3
"5898",5,5,"conf_166",7500,33,0,3
"5899",5,5,"conf_166",250,34,0,3
"5900",5,5,"conf_166",500,34,0,3
"5901",5,5,"conf_166",1500,34,0,3
"5902",5,5,"conf_166",2500,34,0,3
"5903",5,5,"conf_166",5000,34,0,3
"5904",5,5,"conf_166",7500,34,0,3
"5905",5,5,"conf_166",250,35,0,3
"5906",5,5,"conf_166",500,35,0,3
"5907",5,5,"conf_166",1500,35,0,3
"5908",5,5,"conf_166",2500,35,0,3
"5909",5,5,"conf_166",5000,35,0,3
"5910",5,5,"conf_166",7500,35,0,3
"5911",5,5,"conf_166",250,36,0,3
"5912",5,5,"conf_166",500,36,0,3
"5913",5,5,"conf_166",1500,36,0,3
"5914",5,5,"conf_166",2500,36,0,3
"5915",5,5,"conf_166",5000,36,0,3
"5916",5,5,"conf_166",7500,36,0,3
"5917",5,5,"conf_166",250,37,0,3
"5918",5,5,"conf_166",500,37,0,3
"5919",5,5,"conf_166",1500,37,0,3
"5920",5,5,"conf_166",2500,37,0,3
"5921",5,5,"conf_166",5000,37,0,3
"5922",5,5,"conf_166",7500,37,0,3
"5923",5,5,"conf_166",250,38,0,3
"5924",5,5,"conf_166",500,38,0,3
"5925",5,5,"conf_166",1500,38,0,3
"5926",5,5,"conf_166",2500,38,0,3
"5927",5,5,"conf_166",5000,38,0,3
"5928",5,5,"conf_166",7500,38,0,3
"5929",5,5,"conf_166",250,39,12.3432578103,3
"5930",5,5,"conf_166",500,39,0,3
"5931",5,5,"conf_166",1500,39,0,3
"5932",5,5,"conf_166",2500,39,0,3
"5933",5,5,"conf_166",5000,39,0,3
"5934",5,5,"conf_166",7500,39,0,3
"5935",5,5,"conf_166",250,40,0,3
"5936",5,5,"conf_166",500,40,0,3
"5937",5,5,"conf_166",1500,40,0,3
"5938",5,5,"conf_166",2500,40,0,3
"5939",5,5,"conf_166",5000,40,0,3
"5940",5,5,"conf_166",7500,40,0,3
"5941",5,5,"conf_166",250,41,0,5
"5942",5,5,"conf_166",500,41,0,5
"5943",5,5,"conf_166",1500,41,0,5
"5944",5,5,"conf_166",2500,41,0,5
"5945",5,5,"conf_166",5000,41,0,5
"5946",5,5,"conf_166",7500,41,0,5
"5947",5,5,"conf_166",250,42,0,5
"5948",5,5,"conf_166",500,42,0,5
"5949",5,5,"conf_166",1500,42,0,5
"5950",5,5,"conf_166",2500,42,0,5
"5951",5,5,"conf_166",5000,42,0,5
"5952",5,5,"conf_166",7500,42,0,5
"5953",5,5,"conf_166",250,43,1.1970972508,5
"5954",5,5,"conf_166",500,43,1.1970972508,5
"5955",5,5,"conf_166",1500,43,0,5
"5956",5,5,"conf_166",2500,43,0,5
"5957",5,5,"conf_166",5000,43,0,5
"5958",5,5,"conf_166",7500,43,0,5
"5959",5,5,"conf_166",250,44,0,5
"5960",5,5,"conf_166",500,44,0,5
"5961",5,5,"conf_166",1500,44,0,5
"5962",5,5,"conf_166",2500,44,0,5
"5963",5,5,"conf_166",5000,44,0,5
"5964",5,5,"conf_166",7500,44,0,5
"5965",5,5,"conf_166",250,45,0,5
"5966",5,5,"conf_166",500,45,0,5
"5967",5,5,"conf_166",1500,45,0,5
"5968",5,5,"conf_166",2500,45,0,5
"5969",5,5,"conf_166",5000,45,0,5
"5970",5,5,"conf_166",7500,45,0,5
"5971",5,5,"conf_166",250,46,0,5
"5972",5,5,"conf_166",500,46,0,5
"5973",5,5,"conf_166",1500,46,0,5
"5974",5,5,"conf_166",2500,46,0,5
"5975",5,5,"conf_166",5000,46,0,5
"5976",5,5,"conf_166",7500,46,0,5
"5977",5,5,"conf_166",250,47,0,5
"5978",5,5,"conf_166",500,47,0,5
"5979",5,5,"conf_166",1500,47,0,5
"5980",5,5,"conf_166",2500,47,0,5
"5981",5,5,"conf_166",5000,47,0,5
"5982",5,5,"conf_166",7500,47,0,5
"5983",5,5,"conf_166",250,48,0,5
"5984",5,5,"conf_166",500,48,0,5
"5985",5,5,"conf_166",1500,48,0,5
"5986",5,5,"conf_166",2500,48,0,5
"5987",5,5,"conf_166",5000,48,0,5
"5988",5,5,"conf_166",7500,48,0,5
"5989",5,5,"conf_166",250,49,8.7306184099,5
"5990",5,5,"conf_166",500,49,0,5
"5991",5,5,"conf_166",1500,49,0,5
"5992",5,5,"conf_166",2500,49,0,5
"5993",5,5,"conf_166",5000,49,0,5
"5994",5,5,"conf_166",7500,49,0,5
"5995",5,5,"conf_166",250,50,0,5
"5996",5,5,"conf_166",500,50,0,5
"5997",5,5,"conf_166",1500,50,0,5
"5998",5,5,"conf_166",2500,50,0,5
"5999",5,5,"conf_166",5000,50,0,5
"6000",5,5,"conf_166",7500,50,0,5
"6001",5,6,"conf_166",250,1,6.7296041114,5
"6002",5,6,"conf_166",500,1,0.8739756982,5
"6003",5,6,"conf_166",1500,1,2.4725e-06,5
"6004",5,6,"conf_166",2500,1,3e-10,5
"6005",5,6,"conf_166",5000,1,3e-10,5
"6006",5,6,"conf_166",7500,1,3e-10,5
"6007",5,6,"conf_166",250,2,2.4814385485,5
"6008",5,6,"conf_166",500,2,1.0542439723,5
"6009",5,6,"conf_166",1500,2,2.21116e-05,5
"6010",5,6,"conf_166",2500,2,7e-10,5
"6011",5,6,"conf_166",5000,2,7e-10,5
"6012",5,6,"conf_166",7500,2,7e-10,5
"6013",5,6,"conf_166",250,3,2.6598823891,5
"6014",5,6,"conf_166",500,3,0.1239492038,5
"6015",5,6,"conf_166",1500,3,1.563e-07,5
"6016",5,6,"conf_166",2500,3,1e-09,5
"6017",5,6,"conf_166",5000,3,1e-09,5
"6018",5,6,"conf_166",7500,3,1e-09,5
"6019",5,6,"conf_166",250,4,3.4474833548,5
"6020",5,6,"conf_166",500,4,0.2953996112,5
"6021",5,6,"conf_166",1500,4,3.78e-07,5
"6022",5,6,"conf_166",2500,4,9e-10,5
"6023",5,6,"conf_166",5000,4,9e-10,5
"6024",5,6,"conf_166",7500,4,9e-10,5
"6025",5,6,"conf_166",250,5,2.54637509,5
"6026",5,6,"conf_166",500,5,0.3261944482,5
"6027",5,6,"conf_166",1500,5,6.208e-07,5
"6028",5,6,"conf_166",2500,5,9e-10,5
"6029",5,6,"conf_166",5000,5,9e-10,5
"6030",5,6,"conf_166",7500,5,9e-10,5
"6031",5,6,"conf_166",250,6,2.7136661872,5
"6032",5,6,"conf_166",500,6,0.025076189,5
"6033",5,6,"conf_166",1500,6,2.73e-08,5
"6034",5,6,"conf_166",2500,6,9e-10,5
"6035",5,6,"conf_166",5000,6,9e-10,5
"6036",5,6,"conf_166",7500,6,9e-10,5
"6037",5,6,"conf_166",250,7,0.8920487622,5
"6038",5,6,"conf_166",500,7,0.0214137663,5
"6039",5,6,"conf_166",1500,7,4.5e-09,5
"6040",5,6,"conf_166",2500,7,6e-10,5
"6041",5,6,"conf_166",5000,7,6e-10,5
"6042",5,6,"conf_166",7500,7,6e-10,5
"6043",5,6,"conf_166",250,8,4.5763513052,5
"6044",5,6,"conf_166",500,8,0.1007393092,5
"6045",5,6,"conf_166",1500,8,1.06e-07,5
"6046",5,6,"conf_166",2500,8,1e-09,5
"6047",5,6,"conf_166",5000,8,1e-09,5
"6048",5,6,"conf_166",7500,8,1e-09,5
"6049",5,6,"conf_166",250,9,1.377957202,5
"6050",5,6,"conf_166",500,9,0.1931296566,5
"6051",5,6,"conf_166",1500,9,1.99e-08,5
"6052",5,6,"conf_166",2500,9,6e-10,5
"6053",5,6,"conf_166",5000,9,6e-10,5
"6054",5,6,"conf_166",7500,9,6e-10,5
"6055",5,6,"conf_166",250,10,8.2377685032,5
"6056",5,6,"conf_166",500,10,1.8467847375,5
"6057",5,6,"conf_166",1500,10,1.6643e-06,5
"6058",5,6,"conf_166",2500,10,6e-10,5
"6059",5,6,"conf_166",5000,10,6e-10,5
"6060",5,6,"conf_166",7500,10,6e-10,5
"6061",5,6,"conf_166",250,11,1.5274217138,4
"6062",5,6,"conf_166",500,11,0.0793060326,4
"6063",5,6,"conf_166",1500,11,3.661e-07,4
"6064",5,6,"conf_166",2500,11,6e-10,4
"6065",5,6,"conf_166",5000,11,6e-10,4
"6066",5,6,"conf_166",7500,11,6e-10,4
"6067",5,6,"conf_166",250,12,1.1606449724,4
"6068",5,6,"conf_166",500,12,0.0914350172,4
"6069",5,6,"conf_166",1500,12,4.331e-07,4
"6070",5,6,"conf_166",2500,12,6e-10,4
"6071",5,6,"conf_166",5000,12,6e-10,4
"6072",5,6,"conf_166",7500,12,6e-10,4
"6073",5,6,"conf_166",250,13,0.3757486154,4
"6074",5,6,"conf_166",500,13,0.0180535854,4
"6075",5,6,"conf_166",1500,13,1.87e-08,4
"6076",5,6,"conf_166",2500,13,6e-10,4
"6077",5,6,"conf_166",5000,13,6e-10,4
"6078",5,6,"conf_166",7500,13,6e-10,4
"6079",5,6,"conf_166",250,14,1.3736738038,4
"6080",5,6,"conf_166",500,14,0.0255851359,4
"6081",5,6,"conf_166",1500,14,8.1e-09,4
"6082",5,6,"conf_166",2500,14,8e-10,4
"6083",5,6,"conf_166",5000,14,8e-10,4
"6084",5,6,"conf_166",7500,14,8e-10,4
"6085",5,6,"conf_166",250,15,6.8548028736,4
"6086",5,6,"conf_166",500,15,0.1581535065,4
"6087",5,6,"conf_166",1500,15,1.7768e-06,4
"6088",5,6,"conf_166",2500,15,6e-10,4
"6089",5,6,"conf_166",5000,15,6e-10,4
"6090",5,6,"conf_166",7500,15,6e-10,4
"6091",5,6,"conf_166",250,16,2.4157952765,4
"6092",5,6,"conf_166",500,16,0.1258174298,4
"6093",5,6,"conf_166",1500,16,2.1e-07,4
"6094",5,6,"conf_166",2500,16,7e-10,4
"6095",5,6,"conf_166",5000,16,7e-10,4
"6096",5,6,"conf_166",7500,16,7e-10,4
"6097",5,6,"conf_166",250,17,3.5433547713,4
"6098",5,6,"conf_166",500,17,0.2358178502,4
"6099",5,6,"conf_166",1500,17,6.719e-07,4
"6100",5,6,"conf_166",2500,17,7e-10,4
"6101",5,6,"conf_166",5000,17,7e-10,4
"6102",5,6,"conf_166",7500,17,7e-10,4
"6103",5,6,"conf_166",250,18,2.0770283132,4
"6104",5,6,"conf_166",500,18,0.2170872579,4
"6105",5,6,"conf_166",1500,18,1.007e-07,4
"6106",5,6,"conf_166",2500,18,7e-10,4
"6107",5,6,"conf_166",5000,18,7e-10,4
"6108",5,6,"conf_166",7500,18,7e-10,4
"6109",5,6,"conf_166",250,19,4.8457484383,4
"6110",5,6,"conf_166",500,19,0.3480003325,4
"6111",5,6,"conf_166",1500,19,5.333e-07,4
"6112",5,6,"conf_166",2500,19,9e-10,4
"6113",5,6,"conf_166",5000,19,9e-10,4
"6114",5,6,"conf_166",7500,19,9e-10,4
"6115",5,6,"conf_166",250,20,1.3727440261,4
"6116",5,6,"conf_166",500,20,0.044963451,4
"6117",5,6,"conf_166",1500,20,5.19e-08,4
"6118",5,6,"conf_166",2500,20,7e-10,4
"6119",5,6,"conf_166",5000,20,7e-10,4
"6120",5,6,"conf_166",7500,20,7e-10,4
"6121",5,6,"conf_166",250,21,2.3224167722,2
"6122",5,6,"conf_166",500,21,0.3478949947,2
"6123",5,6,"conf_166",1500,21,3.06804e-05,2
"6124",5,6,"conf_166",2500,21,7e-10,2
"6125",5,6,"conf_166",5000,21,7e-10,2
"6126",5,6,"conf_166",7500,21,7e-10,2
"6127",5,6,"conf_166",250,22,3.060773582,2
"6128",5,6,"conf_166",500,22,0.1706589232,2
"6129",5,6,"conf_166",1500,22,9.56e-08,2
"6130",5,6,"conf_166",2500,22,1e-09,2
"6131",5,6,"conf_166",5000,22,1e-09,2
"6132",5,6,"conf_166",7500,22,1e-09,2
"6133",5,6,"conf_166",250,23,2.0087686984,2
"6134",5,6,"conf_166",500,23,0.1195735038,2
"6135",5,6,"conf_166",1500,23,5.95e-08,2
"6136",5,6,"conf_166",2500,23,7e-10,2
"6137",5,6,"conf_166",5000,23,7e-10,2
"6138",5,6,"conf_166",7500,23,7e-10,2
"6139",5,6,"conf_166",250,24,4.3773860124,2
"6140",5,6,"conf_166",500,24,0.2403165277,2
"6141",5,6,"conf_166",1500,24,1.271e-07,2
"6142",5,6,"conf_166",2500,24,7e-10,2
"6143",5,6,"conf_166",5000,24,7e-10,2
"6144",5,6,"conf_166",7500,24,7e-10,2
"6145",5,6,"conf_166",250,25,3.231219682,2
"6146",5,6,"conf_166",500,25,0.2354890983,2
"6147",5,6,"conf_166",1500,25,9.55e-08,2
"6148",5,6,"conf_166",2500,25,6e-10,2
"6149",5,6,"conf_166",5000,25,6e-10,2
"6150",5,6,"conf_166",7500,25,6e-10,2
"6151",5,6,"conf_166",250,26,7.3343957792,2
"6152",5,6,"conf_166",500,26,0.6965574557,2
"6153",5,6,"conf_166",1500,26,1.4125e-06,2
"6154",5,6,"conf_166",2500,26,8e-10,2
"6155",5,6,"conf_166",5000,26,8e-10,2
"6156",5,6,"conf_166",7500,26,8e-10,2
"6157",5,6,"conf_166",250,27,3.8809397841,2
"6158",5,6,"conf_166",500,27,0.1502976403,2
"6159",5,6,"conf_166",1500,27,5.533e-07,2
"6160",5,6,"conf_166",2500,27,7e-10,2
"6161",5,6,"conf_166",5000,27,7e-10,2
"6162",5,6,"conf_166",7500,27,7e-10,2
"6163",5,6,"conf_166",250,28,3.3259069472,2
"6164",5,6,"conf_166",500,28,0.0554455938,2
"6165",5,6,"conf_166",1500,28,1.831e-07,2
"6166",5,6,"conf_166",2500,28,7e-10,2
"6167",5,6,"conf_166",5000,28,7e-10,2
"6168",5,6,"conf_166",7500,28,7e-10,2
"6169",5,6,"conf_166",250,29,2.0383299077,2
"6170",5,6,"conf_166",500,29,0.1519519979,2
"6171",5,6,"conf_166",1500,29,3.79e-08,2
"6172",5,6,"conf_166",2500,29,8e-10,2
"6173",5,6,"conf_166",5000,29,8e-10,2
"6174",5,6,"conf_166",7500,29,8e-10,2
"6175",5,6,"conf_166",250,30,2.8008709738,2
"6176",5,6,"conf_166",500,30,0.0796471922,2
"6177",5,6,"conf_166",1500,30,1.07e-08,2
"6178",5,6,"conf_166",2500,30,1e-09,2
"6179",5,6,"conf_166",5000,30,1e-09,2
"6180",5,6,"conf_166",7500,30,1e-09,2
"6181",5,6,"conf_166",250,31,2.4720521125,3
"6182",5,6,"conf_166",500,31,0.0907376317,3
"6183",5,6,"conf_166",1500,31,2.658e-07,3
"6184",5,6,"conf_166",2500,31,6e-10,3
"6185",5,6,"conf_166",5000,31,6e-10,3
"6186",5,6,"conf_166",7500,31,6e-10,3
"6187",5,6,"conf_166",250,32,2.6177155582,3
"6188",5,6,"conf_166",500,32,0.0809568108,3
"6189",5,6,"conf_166",1500,32,3.379e-07,3
"6190",5,6,"conf_166",2500,32,7e-10,3
"6191",5,6,"conf_166",5000,32,7e-10,3
"6192",5,6,"conf_166",7500,32,7e-10,3
"6193",5,6,"conf_166",250,33,2.7644156398,3
"6194",5,6,"conf_166",500,33,0.2555976099,3
"6195",5,6,"conf_166",1500,33,1.652e-07,3
"6196",5,6,"conf_166",2500,33,1e-09,3
"6197",5,6,"conf_166",5000,33,1e-09,3
"6198",5,6,"conf_166",7500,33,1e-09,3
"6199",5,6,"conf_166",250,34,8.5260716258,3
"6200",5,6,"conf_166",500,34,0.2220194053,3
"6201",5,6,"conf_166",1500,34,9.197e-07,3
"6202",5,6,"conf_166",2500,34,8e-10,3
"6203",5,6,"conf_166",5000,34,8e-10,3
"6204",5,6,"conf_166",7500,34,8e-10,3
"6205",5,6,"conf_166",250,35,4.3230717292,3
"6206",5,6,"conf_166",500,35,0.1470762089,3
"6207",5,6,"conf_166",1500,35,1.744e-07,3
"6208",5,6,"conf_166",2500,35,8e-10,3
"6209",5,6,"conf_166",5000,35,8e-10,3
"6210",5,6,"conf_166",7500,35,8e-10,3
"6211",5,6,"conf_166",250,36,1.593007487,3
"6212",5,6,"conf_166",500,36,0.1888898506,3
"6213",5,6,"conf_166",1500,36,8.983e-07,3
"6214",5,6,"conf_166",2500,36,9e-10,3
"6215",5,6,"conf_166",5000,36,9e-10,3
"6216",5,6,"conf_166",7500,36,9e-10,3
"6217",5,6,"conf_166",250,37,1.6745299454,3
"6218",5,6,"conf_166",500,37,0.5088020666,3
"6219",5,6,"conf_166",1500,37,1.021e-07,3
"6220",5,6,"conf_166",2500,37,1e-09,3
"6221",5,6,"conf_166",5000,37,1e-09,3
"6222",5,6,"conf_166",7500,37,1e-09,3
"6223",5,6,"conf_166",250,38,2.4884311721,3
"6224",5,6,"conf_166",500,38,0.0632365218,3
"6225",5,6,"conf_166",1500,38,1.132e-07,3
"6226",5,6,"conf_166",2500,38,9e-10,3
"6227",5,6,"conf_166",5000,38,9e-10,3
"6228",5,6,"conf_166",7500,38,9e-10,3
"6229",5,6,"conf_166",250,39,4.278950232,3
"6230",5,6,"conf_166",500,39,0.1277426177,3
"6231",5,6,"conf_166",1500,39,4.083e-07,3
"6232",5,6,"conf_166",2500,39,6e-10,3
"6233",5,6,"conf_166",5000,39,6e-10,3
"6234",5,6,"conf_166",7500,39,6e-10,3
"6235",5,6,"conf_166",250,40,3.5043467099,3
"6236",5,6,"conf_166",500,40,0.2327942582,3
"6237",5,6,"conf_166",1500,40,1.668e-07,3
"6238",5,6,"conf_166",2500,40,7e-10,3
"6239",5,6,"conf_166",5000,40,7e-10,3
"6240",5,6,"conf_166",7500,40,7e-10,3
"6241",5,6,"conf_166",250,41,2.1181389425,1
"6242",5,6,"conf_166",500,41,0.0485601212,1
"6243",5,6,"conf_166",1500,41,8.462e-07,1
"6244",5,6,"conf_166",2500,41,6e-10,1
"6245",5,6,"conf_166",5000,41,6e-10,1
"6246",5,6,"conf_166",7500,41,6e-10,1
"6247",5,6,"conf_166",250,42,2.4778672601,1
"6248",5,6,"conf_166",500,42,0.2562012314,1
"6249",5,6,"conf_166",1500,42,8.1399e-06,1
"6250",5,6,"conf_166",2500,42,6e-10,1
"6251",5,6,"conf_166",5000,42,6e-10,1
"6252",5,6,"conf_166",7500,42,6e-10,1
"6253",5,6,"conf_166",250,43,2.5334559613,1
"6254",5,6,"conf_166",500,43,0.0415884757,1
"6255",5,6,"conf_166",1500,43,1.119e-07,1
"6256",5,6,"conf_166",2500,43,3e-10,1
"6257",5,6,"conf_166",5000,43,3e-10,1
"6258",5,6,"conf_166",7500,43,3e-10,1
"6259",5,6,"conf_166",250,44,4.9921152802,1
"6260",5,6,"conf_166",500,44,0.6262721507,1
"6261",5,6,"conf_166",1500,44,1.7346e-06,1
"6262",5,6,"conf_166",2500,44,1e-09,1
"6263",5,6,"conf_166",5000,44,1e-09,1
"6264",5,6,"conf_166",7500,44,1e-09,1
"6265",5,6,"conf_166",250,45,11.1423244374,1
"6266",5,6,"conf_166",500,45,0.2825508558,1
"6267",5,6,"conf_166",1500,45,1.382e-07,1
"6268",5,6,"conf_166",2500,45,9e-10,1
"6269",5,6,"conf_166",5000,45,9e-10,1
"6270",5,6,"conf_166",7500,45,9e-10,1
"6271",5,6,"conf_166",250,46,5.281453765,1
"6272",5,6,"conf_166",500,46,0.1460221318,1
"6273",5,6,"conf_166",1500,46,3.329e-07,1
"6274",5,6,"conf_166",2500,46,4e-10,1
"6275",5,6,"conf_166",5000,46,4e-10,1
"6276",5,6,"conf_166",7500,46,4e-10,1
"6277",5,6,"conf_166",250,47,3.6073472958,1
"6278",5,6,"conf_166",500,47,0.3449729881,1
"6279",5,6,"conf_166",1500,47,3.68e-08,1
"6280",5,6,"conf_166",2500,47,6e-10,1
"6281",5,6,"conf_166",5000,47,6e-10,1
"6282",5,6,"conf_166",7500,47,6e-10,1
"6283",5,6,"conf_166",250,48,2.4715412218,1
"6284",5,6,"conf_166",500,48,0.0198529381,1
"6285",5,6,"conf_166",1500,48,5.21e-08,1
"6286",5,6,"conf_166",2500,48,6e-10,1
"6287",5,6,"conf_166",5000,48,6e-10,1
"6288",5,6,"conf_166",7500,48,6e-10,1
"6289",5,6,"conf_166",250,49,3.0548859049,1
"6290",5,6,"conf_166",500,49,0.0243824522,1
"6291",5,6,"conf_166",1500,49,3.559e-07,1
"6292",5,6,"conf_166",2500,49,5e-10,1
"6293",5,6,"conf_166",5000,49,5e-10,1
"6294",5,6,"conf_166",7500,49,5e-10,1
"6295",5,6,"conf_166",250,50,4.0734557377,1
"6296",5,6,"conf_166",500,50,0.3925584954,1
"6297",5,6,"conf_166",1500,50,5.381e-07,1
"6298",5,6,"conf_166",2500,50,9e-10,1
"6299",5,6,"conf_166",5000,50,9e-10,1
"6300",5,6,"conf_166",7500,50,9e-10,1
"6301",5,7,"conf_166",250,1,3.3311863302,1
"6302",5,7,"conf_166",500,1,0.7299341378,1
"6303",5,7,"conf_166",1500,1,0.0423224348,1
"6304",5,7,"conf_166",2500,1,0.0183365243,1
"6305",5,7,"conf_166",5000,1,0,1
"6306",5,7,"conf_166",7500,1,0,1
"6307",5,7,"conf_166",250,2,3.7587278638,1
"6308",5,7,"conf_166",500,2,0.7299341378,1
"6309",5,7,"conf_166",1500,2,0.7299341378,1
"6310",5,7,"conf_166",2500,2,0.6380339492,1
"6311",5,7,"conf_166",5000,2,0,1
"6312",5,7,"conf_166",7500,2,0,1
"6313",5,7,"conf_166",250,3,4.3854992251,1
"6314",5,7,"conf_166",500,3,0.7299341378,1
"6315",5,7,"conf_166",1500,3,0.4584131079,1
"6316",5,7,"conf_166",2500,3,0.1972243686,1
"6317",5,7,"conf_166",5000,3,0,1
"6318",5,7,"conf_166",7500,3,0,1
"6319",5,7,"conf_166",250,4,0.677796553,1
"6320",5,7,"conf_166",500,4,0.6255700905,1
"6321",5,7,"conf_166",1500,4,0.442471141,1
"6322",5,7,"conf_166",2500,4,0.442471141,1
"6323",5,7,"conf_166",5000,4,0.0893590772,1
"6324",5,7,"conf_166",7500,4,0.0893590772,1
"6325",5,7,"conf_166",250,5,0.5725965062,1
"6326",5,7,"conf_166",500,5,0.5725965062,1
"6327",5,7,"conf_166",1500,5,0.4584131079,1
"6328",5,7,"conf_166",2500,5,0.4584131079,1
"6329",5,7,"conf_166",5000,5,0.4584131079,1
"6330",5,7,"conf_166",7500,5,0.1276874016,1
"6331",5,7,"conf_166",250,6,2.6438263183,1
"6332",5,7,"conf_166",500,6,1.2432854968,1
"6333",5,7,"conf_166",1500,6,0,1
"6334",5,7,"conf_166",2500,6,0,1
"6335",5,7,"conf_166",5000,6,0,1
"6336",5,7,"conf_166",7500,6,0,1
"6337",5,7,"conf_166",250,7,2.502280362,1
"6338",5,7,"conf_166",500,7,1.8336524316,1
"6339",5,7,"conf_166",1500,7,0.4584131079,1
"6340",5,7,"conf_166",2500,7,0.4584131079,1
"6341",5,7,"conf_166",5000,7,0.4584131079,1
"6342",5,7,"conf_166",7500,7,0.3209966733,1
"6343",5,7,"conf_166",250,8,1.8336524316,1
"6344",5,7,"conf_166",500,8,1.8336524316,1
"6345",5,7,"conf_166",1500,8,0.7299341378,1
"6346",5,7,"conf_166",2500,8,0.0178208384,1
"6347",5,7,"conf_166",5000,8,0,1
"6348",5,7,"conf_166",7500,8,0,1
"6349",5,7,"conf_166",250,9,0.8577722449,1
"6350",5,7,"conf_166",500,9,0.4584131079,1
"6351",5,7,"conf_166",1500,9,0,1
"6352",5,7,"conf_166",2500,9,0,1
"6353",5,7,"conf_166",5000,9,0,1
"6354",5,7,"conf_166",7500,9,0,1
"6355",5,7,"conf_166",250,10,0.0739161231,1
"6356",5,7,"conf_166",500,10,0.0090112109,1
"6357",5,7,"conf_166",1500,10,0,1
"6358",5,7,"conf_166",2500,10,0,1
"6359",5,7,"conf_166",5000,10,0,1
"6360",5,7,"conf_166",7500,10,0,1
"6361",5,7,"conf_166",250,11,0.6095068314,2
"6362",5,7,"conf_166",500,11,0.3185414947,2
"6363",5,7,"conf_166",1500,11,0.3185414947,2
"6364",5,7,"conf_166",2500,11,0.3185414947,2
"6365",5,7,"conf_166",5000,11,0.0099537107,2
"6366",5,7,"conf_166",7500,11,0.0095705233,2
"6367",5,7,"conf_166",250,12,0.4030048943,2
"6368",5,7,"conf_166",500,12,0,2
"6369",5,7,"conf_166",1500,12,0,2
"6370",5,7,"conf_166",2500,12,0,2
"6371",5,7,"conf_166",5000,12,0,2
"6372",5,7,"conf_166",7500,12,0,2
"6373",5,7,"conf_166",250,13,0.2382150673,2
"6374",5,7,"conf_166",500,13,0,2
"6375",5,7,"conf_166",1500,13,0,2
"6376",5,7,"conf_166",2500,13,0,2
"6377",5,7,"conf_166",5000,13,0,2
"6378",5,7,"conf_166",7500,13,0,2
"6379",5,7,"conf_166",250,14,0.7915013069,2
"6380",5,7,"conf_166",500,14,0.6615932945,2
"6381",5,7,"conf_166",1500,14,0,2
"6382",5,7,"conf_166",2500,14,0,2
"6383",5,7,"conf_166",5000,14,0,2
"6384",5,7,"conf_166",7500,14,0,2
"6385",5,7,"conf_166",250,15,0.7575271796,2
"6386",5,7,"conf_166",500,15,0.7194445961,2
"6387",5,7,"conf_166",1500,15,0,2
"6388",5,7,"conf_166",2500,15,0,2
"6389",5,7,"conf_166",5000,15,0,2
"6390",5,7,"conf_166",7500,15,0,2
"6391",5,7,"conf_166",250,16,2.3154366164,2
"6392",5,7,"conf_166",500,16,2.3141079361,2
"6393",5,7,"conf_166",1500,16,0.8534323469,2
"6394",5,7,"conf_166",2500,16,0.6615932945,2
"6395",5,7,"conf_166",5000,16,0.1305530503,2
"6396",5,7,"conf_166",7500,16,0.0099537107,2
"6397",5,7,"conf_166",250,17,0.5183883093,2
"6398",5,7,"conf_166",500,17,0.1257960031,2
"6399",5,7,"conf_166",1500,17,0,2
"6400",5,7,"conf_166",2500,17,0,2
"6401",5,7,"conf_166",5000,17,0,2
"6402",5,7,"conf_166",7500,17,0,2
"6403",5,7,"conf_166",250,18,0.7298805356,2
"6404",5,7,"conf_166",500,18,0.1305530503,2
"6405",5,7,"conf_166",1500,18,0.1305530503,2
"6406",5,7,"conf_166",2500,18,0.1305530503,2
"6407",5,7,"conf_166",5000,18,0.1305530503,2
"6408",5,7,"conf_166",7500,18,0.1305530503,2
"6409",5,7,"conf_166",250,19,0.0345980292,2
"6410",5,7,"conf_166",500,19,0.0175704833,2
"6411",5,7,"conf_166",1500,19,0.0175704833,2
"6412",5,7,"conf_166",2500,19,0.0175704833,2
"6413",5,7,"conf_166",5000,19,0.0175704833,2
"6414",5,7,"conf_166",7500,19,0,2
"6415",5,7,"conf_166",250,20,0.8815085864,2
"6416",5,7,"conf_166",500,20,0.8815085864,2
"6417",5,7,"conf_166",1500,20,0.1329265268,2
"6418",5,7,"conf_166",2500,20,0.1305530503,2
"6419",5,7,"conf_166",5000,20,0.0099537107,2
"6420",5,7,"conf_166",7500,20,0,2
"6421",5,7,"conf_166",250,21,0.2746120659,4
"6422",5,7,"conf_166",500,21,0.0032871629,4
"6423",5,7,"conf_166",1500,21,0,4
"6424",5,7,"conf_166",2500,21,0,4
"6425",5,7,"conf_166",5000,21,0,4
"6426",5,7,"conf_166",7500,21,0,4
"6427",5,7,"conf_166",250,22,1.2860959439,4
"6428",5,7,"conf_166",500,22,1.2860959439,4
"6429",5,7,"conf_166",1500,22,0,4
"6430",5,7,"conf_166",2500,22,0,4
"6431",5,7,"conf_166",5000,22,0,4
"6432",5,7,"conf_166",7500,22,0,4
"6433",5,7,"conf_166",250,23,1.1966044464,4
"6434",5,7,"conf_166",500,23,1.1966044464,4
"6435",5,7,"conf_166",1500,23,0.0032871629,4
"6436",5,7,"conf_166",2500,23,0,4
"6437",5,7,"conf_166",5000,23,0,4
"6438",5,7,"conf_166",7500,23,0,4
"6439",5,7,"conf_166",250,24,1.5236599291,4
"6440",5,7,"conf_166",500,24,0.814461735,4
"6441",5,7,"conf_166",1500,24,0.2088012995,4
"6442",5,7,"conf_166",2500,24,0.2088012995,4
"6443",5,7,"conf_166",5000,24,0,4
"6444",5,7,"conf_166",7500,24,0,4
"6445",5,7,"conf_166",250,25,0.2160610303,4
"6446",5,7,"conf_166",500,25,0.210646474,4
"6447",5,7,"conf_166",1500,25,0.210646474,4
"6448",5,7,"conf_166",2500,25,0.210646474,4
"6449",5,7,"conf_166",5000,25,0,4
"6450",5,7,"conf_166",7500,25,0,4
"6451",5,7,"conf_166",250,26,0.5192709527,4
"6452",5,7,"conf_166",500,26,0.2140858141,4
"6453",5,7,"conf_166",1500,26,0.210646474,4
"6454",5,7,"conf_166",2500,26,0.210646474,4
"6455",5,7,"conf_166",5000,26,0,4
"6456",5,7,"conf_166",7500,26,0,4
"6457",5,7,"conf_166",250,27,0.4248030103,4
"6458",5,7,"conf_166",500,27,0.4248030103,4
"6459",5,7,"conf_166",1500,27,0,4
"6460",5,7,"conf_166",2500,27,0,4
"6461",5,7,"conf_166",5000,27,0,4
"6462",5,7,"conf_166",7500,27,0,4
"6463",5,7,"conf_166",250,28,2.2240076887,4
"6464",5,7,"conf_166",500,28,0.210646474,4
"6465",5,7,"conf_166",1500,28,0.210646474,4
"6466",5,7,"conf_166",2500,28,0,4
"6467",5,7,"conf_166",5000,28,0,4
"6468",5,7,"conf_166",7500,28,0,4
"6469",5,7,"conf_166",250,29,6.0581439801,4
"6470",5,7,"conf_166",500,29,0.1133752952,4
"6471",5,7,"conf_166",1500,29,0.0131486516,4
"6472",5,7,"conf_166",2500,29,0.0131486516,4
"6473",5,7,"conf_166",5000,29,0,4
"6474",5,7,"conf_166",7500,29,0,4
"6475",5,7,"conf_166",250,30,0.3005669516,4
"6476",5,7,"conf_166",500,30,0.0032871629,4
"6477",5,7,"conf_166",1500,30,0.0032871629,4
"6478",5,7,"conf_166",2500,30,0.0032871629,4
"6479",5,7,"conf_166",5000,30,0,4
"6480",5,7,"conf_166",7500,30,0,4
"6481",5,7,"conf_166",250,31,0.3529944994,5
"6482",5,7,"conf_166",500,31,0.3529944994,5
"6483",5,7,"conf_166",1500,31,0.3529944994,5
"6484",5,7,"conf_166",2500,31,0.0130587135,5
"6485",5,7,"conf_166",5000,31,0,5
"6486",5,7,"conf_166",7500,31,0,5
"6487",5,7,"conf_166",250,32,0.8349893128,5
"6488",5,7,"conf_166",500,32,0.003529945,5
"6489",5,7,"conf_166",1500,32,0.003529945,5
"6490",5,7,"conf_166",2500,32,0.003529945,5
"6491",5,7,"conf_166",5000,32,0.003529945,5
"6492",5,7,"conf_166",7500,32,0.003529945,5
"6493",5,7,"conf_166",250,33,2.5424746016,5
"6494",5,7,"conf_166",500,33,2.4897005465,5
"6495",5,7,"conf_166",1500,33,0.2428777908,5
"6496",5,7,"conf_166",2500,33,0.2428777908,5
"6497",5,7,"conf_166",5000,33,0.2265153272,5
"6498",5,7,"conf_166",7500,33,0.2265153272,5
"6499",5,7,"conf_166",250,34,1.3894441487,5
"6500",5,7,"conf_166",500,34,1.3894441487,5
"6501",5,7,"conf_166",1500,34,0,5
"6502",5,7,"conf_166",2500,34,0,5
"6503",5,7,"conf_166",5000,34,0,5
"6504",5,7,"conf_166",7500,34,0,5
"6505",5,7,"conf_166",250,35,2.585646117,5
"6506",5,7,"conf_166",500,35,2.54291525,5
"6507",5,7,"conf_166",1500,35,0.488663376,5
"6508",5,7,"conf_166",2500,35,0.3529944994,5
"6509",5,7,"conf_166",5000,35,0.3529944994,5
"6510",5,7,"conf_166",7500,35,0,5
"6511",5,7,"conf_166",250,36,1.9421371832,5
"6512",5,7,"conf_166",500,36,1.9421371832,5
"6513",5,7,"conf_166",1500,36,0,5
"6514",5,7,"conf_166",2500,36,0,5
"6515",5,7,"conf_166",5000,36,0,5
"6516",5,7,"conf_166",7500,36,0,5
"6517",5,7,"conf_166",250,37,1.2814255596,5
"6518",5,7,"conf_166",500,37,1.2814255596,5
"6519",5,7,"conf_166",1500,37,0.3529944994,5
"6520",5,7,"conf_166",2500,37,0.3529944994,5
"6521",5,7,"conf_166",5000,37,0,5
"6522",5,7,"conf_166",7500,37,0,5
"6523",5,7,"conf_166",250,38,1.2814255596,5
"6524",5,7,"conf_166",500,38,0.8877733352,5
"6525",5,7,"conf_166",1500,38,0,5
"6526",5,7,"conf_166",2500,38,0,5
"6527",5,7,"conf_166",5000,38,0,5
"6528",5,7,"conf_166",7500,38,0,5
"6529",5,7,"conf_166",250,39,1.0674287262,5
"6530",5,7,"conf_166",500,39,0.3529944994,5
"6531",5,7,"conf_166",1500,39,0.3529944994,5
"6532",5,7,"conf_166",2500,39,0.3529944994,5
"6533",5,7,"conf_166",5000,39,0.0495002449,5
"6534",5,7,"conf_166",7500,39,0,5
"6535",5,7,"conf_166",250,40,0.438625096,5
"6536",5,7,"conf_166",500,40,0.3529944994,5
"6537",5,7,"conf_166",1500,40,0,5
"6538",5,7,"conf_166",2500,40,0,5
"6539",5,7,"conf_166",5000,40,0,5
"6540",5,7,"conf_166",7500,40,0,5
"6541",5,7,"conf_166",250,41,0.5343798439,3
"6542",5,7,"conf_166",500,41,0.3526702391,3
"6543",5,7,"conf_166",1500,41,0.3526702391,3
"6544",5,7,"conf_166",2500,41,0.3526702391,3
"6545",5,7,"conf_166",5000,41,0,3
"6546",5,7,"conf_166",7500,41,0,3
"6547",5,7,"conf_166",250,42,0.5665623775,3
"6548",5,7,"conf_166",500,42,0.3705359304,3
"6549",5,7,"conf_166",1500,42,0.3705359304,3
"6550",5,7,"conf_166",2500,42,0.2904944769,3
"6551",5,7,"conf_166",5000,42,0.2904944769,3
"6552",5,7,"conf_166",7500,42,0.2904944769,3
"6553",5,7,"conf_166",250,43,0.379931707,3
"6554",5,7,"conf_166",500,43,0.379931707,3
"6555",5,7,"conf_166",1500,43,0.379931707,3
"6556",5,7,"conf_166",2500,43,0,3
"6557",5,7,"conf_166",5000,43,0,3
"6558",5,7,"conf_166",7500,43,0,3
"6559",5,7,"conf_166",250,44,3.8369465779,3
"6560",5,7,"conf_166",500,44,3.8369465779,3
"6561",5,7,"conf_166",1500,44,0.0058983805,3
"6562",5,7,"conf_166",2500,44,0,3
"6563",5,7,"conf_166",5000,44,0,3
"6564",5,7,"conf_166",7500,44,0,3
"6565",5,7,"conf_166",250,45,3.9357204062,3
"6566",5,7,"conf_166",500,45,1.5369941009,3
"6567",5,7,"conf_166",1500,45,0.379931707,3
"6568",5,7,"conf_166",2500,45,0.0282257374,3
"6569",5,7,"conf_166",5000,45,0,3
"6570",5,7,"conf_166",7500,45,0,3
"6571",5,7,"conf_166",250,46,2.9324221446,3
"6572",5,7,"conf_166",500,46,1.5369941009,3
"6573",5,7,"conf_166",1500,46,0,3
"6574",5,7,"conf_166",2500,46,0,3
"6575",5,7,"conf_166",5000,46,0,3
"6576",5,7,"conf_166",7500,46,0,3
"6577",5,7,"conf_166",250,47,0.5543480128,3
"6578",5,7,"conf_166",500,47,0.379931707,3
"6579",5,7,"conf_166",1500,47,0,3
"6580",5,7,"conf_166",2500,47,0,3
"6581",5,7,"conf_166",5000,47,0,3
"6582",5,7,"conf_166",7500,47,0,3
"6583",5,7,"conf_166",250,48,0.2920759304,3
"6584",5,7,"conf_166",500,48,0.2920759304,3
"6585",5,7,"conf_166",1500,48,0.0391852365,3
"6586",5,7,"conf_166",2500,48,0,3
"6587",5,7,"conf_166",5000,48,0,3
"6588",5,7,"conf_166",7500,48,0,3
"6589",5,7,"conf_166",250,49,1.6647390211,3
"6590",5,7,"conf_166",500,49,0,3
"6591",5,7,"conf_166",1500,49,0,3
"6592",5,7,"conf_166",2500,49,0,3
"6593",5,7,"conf_166",5000,49,0,3
"6594",5,7,"conf_166",7500,49,0,3
"6595",5,7,"conf_166",250,50,4.9755549123,3
"6596",5,7,"conf_166",500,50,1.6213301524,3
"6597",5,7,"conf_166",1500,50,0.0122609169,3
"6598",5,7,"conf_166",2500,50,0,3
"6599",5,7,"conf_166",5000,50,0,3
"6600",5,7,"conf_166",7500,50,0,3
"6601",5,8,"conf_166",250,1,4.3343105215,4
"6602",5,8,"conf_166",500,1,3.8024320926,4
"6603",5,8,"conf_166",1500,1,0.1783441225,4
"6604",5,8,"conf_166",2500,1,1.1e-09,4
"6605",5,8,"conf_166",5000,1,8e-10,4
"6606",5,8,"conf_166",7500,1,8e-10,4
"6607",5,8,"conf_166",250,2,4.3104907493,4
"6608",5,8,"conf_166",500,2,0.9668522513,4
"6609",5,8,"conf_166",1500,2,2.1821e-06,4
"6610",5,8,"conf_166",2500,2,5e-10,4
"6611",5,8,"conf_166",5000,2,5e-10,4
"6612",5,8,"conf_166",7500,2,5e-10,4
"6613",5,8,"conf_166",250,3,4.8681125282,4
"6614",5,8,"conf_166",500,3,2.8854911813,4
"6615",5,8,"conf_166",1500,3,0.0367261582,4
"6616",5,8,"conf_166",2500,3,5e-10,4
"6617",5,8,"conf_166",5000,3,5e-10,4
"6618",5,8,"conf_166",7500,3,5e-10,4
"6619",5,8,"conf_166",250,4,5.1070126851,4
"6620",5,8,"conf_166",500,4,0.083208465,4
"6621",5,8,"conf_166",1500,4,3.1e-08,4
"6622",5,8,"conf_166",2500,4,6e-10,4
"6623",5,8,"conf_166",5000,4,6e-10,4
"6624",5,8,"conf_166",7500,4,6e-10,4
"6625",5,8,"conf_166",250,5,4.2730809455,4
"6626",5,8,"conf_166",500,5,2.5084889014,4
"6627",5,8,"conf_166",1500,5,0.0308030977,4
"6628",5,8,"conf_166",2500,5,5e-10,4
"6629",5,8,"conf_166",5000,5,5e-10,4
"6630",5,8,"conf_166",7500,5,5e-10,4
"6631",5,8,"conf_166",250,6,3.5519692335,4
"6632",5,8,"conf_166",500,6,2.2858933767,4
"6633",5,8,"conf_166",1500,6,0.0582514293,4
"6634",5,8,"conf_166",2500,6,7e-10,4
"6635",5,8,"conf_166",5000,6,7e-10,4
"6636",5,8,"conf_166",7500,6,7e-10,4
"6637",5,8,"conf_166",250,7,83.1193515533,4
"6638",5,8,"conf_166",500,7,0.6071211977,4
"6639",5,8,"conf_166",1500,7,2.46383e-05,4
"6640",5,8,"conf_166",2500,7,9e-10,4
"6641",5,8,"conf_166",5000,7,9e-10,4
"6642",5,8,"conf_166",7500,7,9e-10,4
"6643",5,8,"conf_166",250,8,6.3970489761,4
"6644",5,8,"conf_166",500,8,2.5318055507,4
"6645",5,8,"conf_166",1500,8,0.0856323135,4
"6646",5,8,"conf_166",2500,8,7e-10,4
"6647",5,8,"conf_166",5000,8,7e-10,4
"6648",5,8,"conf_166",7500,8,7e-10,4
"6649",5,8,"conf_166",250,9,11.1672186044,4
"6650",5,8,"conf_166",500,9,1.0214889233,4
"6651",5,8,"conf_166",1500,9,0.0021815878,4
"6652",5,8,"conf_166",2500,9,7e-10,4
"6653",5,8,"conf_166",5000,9,7e-10,4
"6654",5,8,"conf_166",7500,9,7e-10,4
"6655",5,8,"conf_166",250,10,4.0044840802,4
"6656",5,8,"conf_166",500,10,2.8656520088,4
"6657",5,8,"conf_166",1500,10,0.05531992,4
"6658",5,8,"conf_166",2500,10,5e-10,4
"6659",5,8,"conf_166",5000,10,5e-10,4
"6660",5,8,"conf_166",7500,10,5e-10,4
"6661",5,8,"conf_166",250,11,4.3503875849,1
"6662",5,8,"conf_166",500,11,2.9077430433,1
"6663",5,8,"conf_166",1500,11,0.1274124835,1
"6664",5,8,"conf_166",2500,11,6e-10,1
"6665",5,8,"conf_166",5000,11,6e-10,1
"6666",5,8,"conf_166",7500,11,6e-10,1
"6667",5,8,"conf_166",250,12,3.5581418819,1
"6668",5,8,"conf_166",500,12,1.9091143415,1
"6669",5,8,"conf_166",1500,12,0.0030032413,1
"6670",5,8,"conf_166",2500,12,9e-10,1
"6671",5,8,"conf_166",5000,12,9e-10,1
"6672",5,8,"conf_166",7500,12,9e-10,1
"6673",5,8,"conf_166",250,13,15.6468274514,1
"6674",5,8,"conf_166",500,13,8.6220831467,1
"6675",5,8,"conf_166",1500,13,4.4210773457,1
"6676",5,8,"conf_166",2500,13,3.9308395104,1
"6677",5,8,"conf_166",5000,13,0.3137023625,1
"6678",5,8,"conf_166",7500,13,0.2623725235,1
"6679",5,8,"conf_166",250,14,2.6192891914,1
"6680",5,8,"conf_166",500,14,0.2134869476,1
"6681",5,8,"conf_166",1500,14,3.8e-09,1
"6682",5,8,"conf_166",2500,14,7e-10,1
"6683",5,8,"conf_166",5000,14,7e-10,1
"6684",5,8,"conf_166",7500,14,7e-10,1
"6685",5,8,"conf_166",250,15,5.616827496,1
"6686",5,8,"conf_166",500,15,1.028224999,1
"6687",5,8,"conf_166",1500,15,0.0003836096,1
"6688",5,8,"conf_166",2500,15,6e-10,1
"6689",5,8,"conf_166",5000,15,6e-10,1
"6690",5,8,"conf_166",7500,15,6e-10,1
"6691",5,8,"conf_166",250,16,3.9013709694,1
"6692",5,8,"conf_166",500,16,1.8837355265,1
"6693",5,8,"conf_166",1500,16,1.15409e-05,1
"6694",5,8,"conf_166",2500,16,6e-10,1
"6695",5,8,"conf_166",5000,16,6e-10,1
"6696",5,8,"conf_166",7500,16,6e-10,1
"6697",5,8,"conf_166",250,17,7.9459837852,1
"6698",5,8,"conf_166",500,17,3.4370998579,1
"6699",5,8,"conf_166",1500,17,0.0427752424,1
"6700",5,8,"conf_166",2500,17,9e-10,1
"6701",5,8,"conf_166",5000,17,9e-10,1
"6702",5,8,"conf_166",7500,17,9e-10,1
"6703",5,8,"conf_166",250,18,2.1988849531,1
"6704",5,8,"conf_166",500,18,0.6579243862,1
"6705",5,8,"conf_166",1500,18,3.082e-07,1
"6706",5,8,"conf_166",2500,18,6e-10,1
"6707",5,8,"conf_166",5000,18,6e-10,1
"6708",5,8,"conf_166",7500,18,6e-10,1
"6709",5,8,"conf_166",250,19,4.3594636745,1
"6710",5,8,"conf_166",500,19,2.9558805033,1
"6711",5,8,"conf_166",1500,19,0.0570612092,1
"6712",5,8,"conf_166",2500,19,3e-10,1
"6713",5,8,"conf_166",5000,19,3e-10,1
"6714",5,8,"conf_166",7500,19,3e-10,1
"6715",5,8,"conf_166",250,20,10.6567587798,1
"6716",5,8,"conf_166",500,20,3.9438036623,1
"6717",5,8,"conf_166",1500,20,3.9308394341,1
"6718",5,8,"conf_166",2500,20,2.6524420033,1
"6719",5,8,"conf_166",5000,20,4.3e-09,1
"6720",5,8,"conf_166",7500,20,6e-10,1
"6721",5,8,"conf_166",250,21,4.6455928957,3
"6722",5,8,"conf_166",500,21,2.9618304112,3
"6723",5,8,"conf_166",1500,21,0.0502938349,3
"6724",5,8,"conf_166",2500,21,8e-10,3
"6725",5,8,"conf_166",5000,21,8e-10,3
"6726",5,8,"conf_166",7500,21,8e-10,3
"6727",5,8,"conf_166",250,22,3.8192787191,3
"6728",5,8,"conf_166",500,22,1.2194199368,3
"6729",5,8,"conf_166",1500,22,6.791e-06,3
"6730",5,8,"conf_166",2500,22,7e-10,3
"6731",5,8,"conf_166",5000,22,7e-10,3
"6732",5,8,"conf_166",7500,22,7e-10,3
"6733",5,8,"conf_166",250,23,3.1424334032,3
"6734",5,8,"conf_166",500,23,0.7962369281,3
"6735",5,8,"conf_166",1500,23,8.923e-07,3
"6736",5,8,"conf_166",2500,23,8e-10,3
"6737",5,8,"conf_166",5000,23,8e-10,3
"6738",5,8,"conf_166",7500,23,8e-10,3
"6739",5,8,"conf_166",250,24,3.7845358218,3
"6740",5,8,"conf_166",500,24,3.5414550799,3
"6741",5,8,"conf_166",1500,24,0.0965746268,3
"6742",5,8,"conf_166",2500,24,6e-10,3
"6743",5,8,"conf_166",5000,24,6e-10,3
"6744",5,8,"conf_166",7500,24,6e-10,3
"6745",5,8,"conf_166",250,25,2.6289692627,3
"6746",5,8,"conf_166",500,25,0.9915011707,3
"6747",5,8,"conf_166",1500,25,6.06e-08,3
"6748",5,8,"conf_166",2500,25,7e-10,3
"6749",5,8,"conf_166",5000,25,7e-10,3
"6750",5,8,"conf_166",7500,25,7e-10,3
"6751",5,8,"conf_166",250,26,24.2277876552,3
"6752",5,8,"conf_166",500,26,3.1338885581,3
"6753",5,8,"conf_166",1500,26,0.0500509681,3
"6754",5,8,"conf_166",2500,26,4e-10,3
"6755",5,8,"conf_166",5000,26,4e-10,3
"6756",5,8,"conf_166",7500,26,4e-10,3
"6757",5,8,"conf_166",250,27,14.3055454859,3
"6758",5,8,"conf_166",500,27,3.9464112774,3
"6759",5,8,"conf_166",1500,27,0.047317827,3
"6760",5,8,"conf_166",2500,27,9e-10,3
"6761",5,8,"conf_166",5000,27,9e-10,3
"6762",5,8,"conf_166",7500,27,9e-10,3
"6763",5,8,"conf_166",250,28,5.4660994338,3
"6764",5,8,"conf_166",500,28,3.6860120646,3
"6765",5,8,"conf_166",1500,28,0.3996448935,3
"6766",5,8,"conf_166",2500,28,1.3e-09,3
"6767",5,8,"conf_166",5000,28,7e-10,3
"6768",5,8,"conf_166",7500,28,7e-10,3
"6769",5,8,"conf_166",250,29,3.1776373188,3
"6770",5,8,"conf_166",500,29,2.01444449,3
"6771",5,8,"conf_166",1500,29,0.0005246371,3
"6772",5,8,"conf_166",2500,29,1e-09,3
"6773",5,8,"conf_166",5000,29,1e-09,3
"6774",5,8,"conf_166",7500,29,1e-09,3
"6775",5,8,"conf_166",250,30,4.9340615625,3
"6776",5,8,"conf_166",500,30,4.6243926327,3
"6777",5,8,"conf_166",1500,30,1.2414687979,3
"6778",5,8,"conf_166",2500,30,8.39636e-05,3
"6779",5,8,"conf_166",5000,30,8e-10,3
"6780",5,8,"conf_166",7500,30,8e-10,3
"6781",5,8,"conf_166",250,31,5.7587248683,5
"6782",5,8,"conf_166",500,31,4.2908526098,5
"6783",5,8,"conf_166",1500,31,3.9308394706,5
"6784",5,8,"conf_166",2500,31,3.38146839,5
"6785",5,8,"conf_166",5000,31,2.35931e-05,5
"6786",5,8,"conf_166",7500,31,5e-10,5
"6787",5,8,"conf_166",250,32,6.6738576398,5
"6788",5,8,"conf_166",500,32,2.1534832276,5
"6789",5,8,"conf_166",1500,32,0.0153495487,5
"6790",5,8,"conf_166",2500,32,6e-10,5
"6791",5,8,"conf_166",5000,32,6e-10,5
"6792",5,8,"conf_166",7500,32,6e-10,5
"6793",5,8,"conf_166",250,33,3.7669882288,5
"6794",5,8,"conf_166",500,33,2.5497797569,5
"6795",5,8,"conf_166",1500,33,0.0032964755,5
"6796",5,8,"conf_166",2500,33,9e-10,5
"6797",5,8,"conf_166",5000,33,9e-10,5
"6798",5,8,"conf_166",7500,33,9e-10,5
"6799",5,8,"conf_166",250,34,5.5907175105,5
"6800",5,8,"conf_166",500,34,2.4894474071,5
"6801",5,8,"conf_166",1500,34,0.1246562747,5
"6802",5,8,"conf_166",2500,34,8e-10,5
"6803",5,8,"conf_166",5000,34,8e-10,5
"6804",5,8,"conf_166",7500,34,8e-10,5
"6805",5,8,"conf_166",250,35,4.9148470101,5
"6806",5,8,"conf_166",500,35,4.1206517485,5
"6807",5,8,"conf_166",1500,35,0.1846796526,5
"6808",5,8,"conf_166",2500,35,9e-10,5
"6809",5,8,"conf_166",5000,35,9e-10,5
"6810",5,8,"conf_166",7500,35,9e-10,5
"6811",5,8,"conf_166",250,36,10.6752627556,5
"6812",5,8,"conf_166",500,36,2.6221284601,5
"6813",5,8,"conf_166",1500,36,0.0303292743,5
"6814",5,8,"conf_166",2500,36,6e-10,5
"6815",5,8,"conf_166",5000,36,6e-10,5
"6816",5,8,"conf_166",7500,36,6e-10,5
"6817",5,8,"conf_166",250,37,4.5646863349,5
"6818",5,8,"conf_166",500,37,4.2874551078,5
"6819",5,8,"conf_166",1500,37,0.9388263832,5
"6820",5,8,"conf_166",2500,37,5.01122e-05,5
"6821",5,8,"conf_166",5000,37,9e-10,5
"6822",5,8,"conf_166",7500,37,9e-10,5
"6823",5,8,"conf_166",250,38,5.9859743728,5
"6824",5,8,"conf_166",500,38,4.6471473984,5
"6825",5,8,"conf_166",1500,38,3.9508475149,5
"6826",5,8,"conf_166",2500,38,3.9308394341,5
"6827",5,8,"conf_166",5000,38,0.0078511559,5
"6828",5,8,"conf_166",7500,38,0.0078511559,5
"6829",5,8,"conf_166",250,39,11.0750220438,5
"6830",5,8,"conf_166",500,39,2.8974146753,5
"6831",5,8,"conf_166",1500,39,0.0909867526,5
"6832",5,8,"conf_166",2500,39,3e-10,5
"6833",5,8,"conf_166",5000,39,3e-10,5
"6834",5,8,"conf_166",7500,39,3e-10,5
"6835",5,8,"conf_166",250,40,3.6872107667,5
"6836",5,8,"conf_166",500,40,1.9987749939,5
"6837",5,8,"conf_166",1500,40,0.0001697114,5
"6838",5,8,"conf_166",2500,40,8e-10,5
"6839",5,8,"conf_166",5000,40,8e-10,5
"6840",5,8,"conf_166",7500,40,8e-10,5
"6841",5,8,"conf_166",250,41,2.3839388438,2
"6842",5,8,"conf_166",500,41,0.5993837199,2
"6843",5,8,"conf_166",1500,41,1.74e-08,2
"6844",5,8,"conf_166",2500,41,7e-10,2
"6845",5,8,"conf_166",5000,41,7e-10,2
"6846",5,8,"conf_166",7500,41,7e-10,2
"6847",5,8,"conf_166",250,42,27.8819021842,2
"6848",5,8,"conf_166",500,42,5.5404028924,2
"6849",5,8,"conf_166",1500,42,3.9379054105,2
"6850",5,8,"conf_166",2500,42,3.9308394341,2
"6851",5,8,"conf_166",5000,42,0.0540770924,2
"6852",5,8,"conf_166",7500,42,9e-10,2
"6853",5,8,"conf_166",250,43,8.0538039571,2
"6854",5,8,"conf_166",500,43,4.6121412101,2
"6855",5,8,"conf_166",1500,43,0.9861517148,2
"6856",5,8,"conf_166",2500,43,0.0003210255,2
"6857",5,8,"conf_166",5000,43,5e-10,2
"6858",5,8,"conf_166",7500,43,5e-10,2
"6859",5,8,"conf_166",250,44,4.8649506775,2
"6860",5,8,"conf_166",500,44,3.486464337,2
"6861",5,8,"conf_166",1500,44,0.2094511486,2
"6862",5,8,"conf_166",2500,44,4e-10,2
"6863",5,8,"conf_166",5000,44,4e-10,2
"6864",5,8,"conf_166",7500,44,4e-10,2
"6865",5,8,"conf_166",250,45,5.6920243045,2
"6866",5,8,"conf_166",500,45,4.3157375309,2
"6867",5,8,"conf_166",1500,45,0.3330230014,2
"6868",5,8,"conf_166",2500,45,8.1151e-06,2
"6869",5,8,"conf_166",5000,45,8e-10,2
"6870",5,8,"conf_166",7500,45,8e-10,2
"6871",5,8,"conf_166",250,46,5.1730566484,2
"6872",5,8,"conf_166",500,46,3.7753932987,2
"6873",5,8,"conf_166",1500,46,0.4052982945,2
"6874",5,8,"conf_166",2500,46,1.7219e-06,2
"6875",5,8,"conf_166",5000,46,4e-10,2
"6876",5,8,"conf_166",7500,46,4e-10,2
"6877",5,8,"conf_166",250,47,2.8586287625,2
"6878",5,8,"conf_166",500,47,1.8216483868,2
"6879",5,8,"conf_166",1500,47,3.57788e-05,2
"6880",5,8,"conf_166",2500,47,9e-10,2
"6881",5,8,"conf_166",5000,47,9e-10,2
"6882",5,8,"conf_166",7500,47,9e-10,2
"6883",5,8,"conf_166",250,48,140.6815559568,2
"6884",5,8,"conf_166",500,48,136.9670122364,2
"6885",5,8,"conf_166",1500,48,2.744337778,2
"6886",5,8,"conf_166",2500,48,0.086403885,2
"6887",5,8,"conf_166",5000,48,6e-10,2
"6888",5,8,"conf_166",7500,48,6e-10,2
"6889",5,8,"conf_166",250,49,8.2605875843,2
"6890",5,8,"conf_166",500,49,2.9009805578,2
"6891",5,8,"conf_166",1500,49,0.0569474135,2
"6892",5,8,"conf_166",2500,49,4e-10,2
"6893",5,8,"conf_166",5000,49,4e-10,2
"6894",5,8,"conf_166",7500,49,4e-10,2
"6895",5,8,"conf_166",250,50,23.8346057925,2
"6896",5,8,"conf_166",500,50,4.6609942756,2
"6897",5,8,"conf_166",1500,50,3.9682152626,2
"6898",5,8,"conf_166",2500,50,3.9308394341,2
"6899",5,8,"conf_166",5000,50,0.290666292,2
"6900",5,8,"conf_166",7500,50,0.1135081632,2
"6901",5,9,"conf_166",250,1,15.2015035403,2
"6902",5,9,"conf_166",500,1,4.4340654565,2
"6903",5,9,"conf_166",1500,1,3.9309168439,2
"6904",5,9,"conf_166",2500,1,3.9308394341,2
"6905",5,9,"conf_166",5000,1,0.0049723065,2
"6906",5,9,"conf_166",7500,1,9e-10,2
"6907",5,9,"conf_166",250,2,3.4792032828,2
"6908",5,9,"conf_166",500,2,2.0686654125,2
"6909",5,9,"conf_166",1500,2,0.0047446693,2
"6910",5,9,"conf_166",2500,2,7e-10,2
"6911",5,9,"conf_166",5000,2,7e-10,2
"6912",5,9,"conf_166",7500,2,7e-10,2
"6913",5,9,"conf_166",250,3,9.060161822,2
"6914",5,9,"conf_166",500,3,3.9835660133,2
"6915",5,9,"conf_166",1500,3,0.2605919058,2
"6916",5,9,"conf_166",2500,3,2.7e-09,2
"6917",5,9,"conf_166",5000,3,9e-10,2
"6918",5,9,"conf_166",7500,3,9e-10,2
"6919",5,9,"conf_166",250,4,4.3508611041,2
"6920",5,9,"conf_166",500,4,3.7269064025,2
"6921",5,9,"conf_166",1500,4,0.1977605157,2
"6922",5,9,"conf_166",2500,4,2.73e-08,2
"6923",5,9,"conf_166",5000,4,4e-10,2
"6924",5,9,"conf_166",7500,4,4e-10,2
"6925",5,9,"conf_166",250,5,4.2453180924,2
"6926",5,9,"conf_166",500,5,2.7891635667,2
"6927",5,9,"conf_166",1500,5,0.0950634098,2
"6928",5,9,"conf_166",2500,5,2e-10,2
"6929",5,9,"conf_166",5000,5,2e-10,2
"6930",5,9,"conf_166",7500,5,2e-10,2
"6931",5,9,"conf_166",250,6,21.8963901415,2
"6932",5,9,"conf_166",500,6,3.7801818802,2
"6933",5,9,"conf_166",1500,6,0.3200183592,2
"6934",5,9,"conf_166",2500,6,5.2e-09,2
"6935",5,9,"conf_166",5000,6,1e-09,2
"6936",5,9,"conf_166",7500,6,1e-09,2
"6937",5,9,"conf_166",250,7,2.7156885441,2
"6938",5,9,"conf_166",500,7,1.1930821459,2
"6939",5,9,"conf_166",1500,7,0.0006405469,2
"6940",5,9,"conf_166",2500,7,1e-09,2
"6941",5,9,"conf_166",5000,7,1e-09,2
"6942",5,9,"conf_166",7500,7,1e-09,2
"6943",5,9,"conf_166",250,8,4.2582730582,2
"6944",5,9,"conf_166",500,8,2.7451648464,2
"6945",5,9,"conf_166",1500,8,0.0351230751,2
"6946",5,9,"conf_166",2500,8,2e-10,2
"6947",5,9,"conf_166",5000,8,2e-10,2
"6948",5,9,"conf_166",7500,8,2e-10,2
"6949",5,9,"conf_166",250,9,3.5595711511,2
"6950",5,9,"conf_166",500,9,2.4039174717,2
"6951",5,9,"conf_166",1500,9,0.0232944206,2
"6952",5,9,"conf_166",2500,9,7e-10,2
"6953",5,9,"conf_166",5000,9,7e-10,2
"6954",5,9,"conf_166",7500,9,7e-10,2
"6955",5,9,"conf_166",250,10,4.6004312599,2
"6956",5,9,"conf_166",500,10,3.5965085355,2
"6957",5,9,"conf_166",1500,10,0.1982728917,2
"6958",5,9,"conf_166",2500,10,8e-09,2
"6959",5,9,"conf_166",5000,10,9e-10,2
"6960",5,9,"conf_166",7500,10,9e-10,2
"6961",5,9,"conf_166",250,11,4.6846923721,5
"6962",5,9,"conf_166",500,11,4.1018908861,5
"6963",5,9,"conf_166",1500,11,0.1999387383,5
"6964",5,9,"conf_166",2500,11,7e-10,5
"6965",5,9,"conf_166",5000,11,7e-10,5
"6966",5,9,"conf_166",7500,11,7e-10,5
"6967",5,9,"conf_166",250,12,4.8142017096,5
"6968",5,9,"conf_166",500,12,3.6552740533,5
"6969",5,9,"conf_166",1500,12,0.2675988684,5
"6970",5,9,"conf_166",2500,12,1.01e-07,5
"6971",5,9,"conf_166",5000,12,9e-10,5
"6972",5,9,"conf_166",7500,12,9e-10,5
"6973",5,9,"conf_166",250,13,4.6749316846,5
"6974",5,9,"conf_166",500,13,2.3407365427,5
"6975",5,9,"conf_166",1500,13,0.0017771315,5
"6976",5,9,"conf_166",2500,13,6e-10,5
"6977",5,9,"conf_166",5000,13,6e-10,5
"6978",5,9,"conf_166",7500,13,6e-10,5
"6979",5,9,"conf_166",250,14,4.7566014949,5
"6980",5,9,"conf_166",500,14,2.6056484517,5
"6981",5,9,"conf_166",1500,14,0.0075172903,5
"6982",5,9,"conf_166",2500,14,9e-10,5
"6983",5,9,"conf_166",5000,14,9e-10,5
"6984",5,9,"conf_166",7500,14,9e-10,5
"6985",5,9,"conf_166",250,15,2.1585290083,5
"6986",5,9,"conf_166",500,15,1.2119425369,5
"6987",5,9,"conf_166",1500,15,1.06871e-05,5
"6988",5,9,"conf_166",2500,15,5e-10,5
"6989",5,9,"conf_166",5000,15,5e-10,5
"6990",5,9,"conf_166",7500,15,5e-10,5
"6991",5,9,"conf_166",250,16,4.8730130478,5
"6992",5,9,"conf_166",500,16,3.1372480136,5
"6993",5,9,"conf_166",1500,16,0.0572394279,5
"6994",5,9,"conf_166",2500,16,2e-10,5
"6995",5,9,"conf_166",5000,16,2e-10,5
"6996",5,9,"conf_166",7500,16,2e-10,5
"6997",5,9,"conf_166",250,17,4.7865924873,5
"6998",5,9,"conf_166",500,17,4.652164439,5
"6999",5,9,"conf_166",1500,17,1.8268953967,5
"7000",5,9,"conf_166",2500,17,0.0089525657,5
"7001",5,9,"conf_166",5000,17,7e-10,5
"7002",5,9,"conf_166",7500,17,7e-10,5
"7003",5,9,"conf_166",250,18,8.7355343132,5
"7004",5,9,"conf_166",500,18,3.0030474028,5
"7005",5,9,"conf_166",1500,18,0.0164684231,5
"7006",5,9,"conf_166",2500,18,5e-10,5
"7007",5,9,"conf_166",5000,18,5e-10,5
"7008",5,9,"conf_166",7500,18,5e-10,5
"7009",5,9,"conf_166",250,19,4.0720434995,5
"7010",5,9,"conf_166",500,19,2.5677381885,5
"7011",5,9,"conf_166",1500,19,0.00733864,5
"7012",5,9,"conf_166",2500,19,8e-10,5
"7013",5,9,"conf_166",5000,19,8e-10,5
"7014",5,9,"conf_166",7500,19,8e-10,5
"7015",5,9,"conf_166",250,20,2.0467949645,5
"7016",5,9,"conf_166",500,20,0.4046018206,5
"7017",5,9,"conf_166",1500,20,5.9e-09,5
"7018",5,9,"conf_166",2500,20,4e-10,5
"7019",5,9,"conf_166",5000,20,4e-10,5
"7020",5,9,"conf_166",7500,20,4e-10,5
"7021",5,9,"conf_166",250,21,4.8401580423,1
"7022",5,9,"conf_166",500,21,3.8991163047,1
"7023",5,9,"conf_166",1500,21,0.1630593848,1
"7024",5,9,"conf_166",2500,21,7e-09,1
"7025",5,9,"conf_166",5000,21,8e-10,1
"7026",5,9,"conf_166",7500,21,8e-10,1
"7027",5,9,"conf_166",250,22,24.8957906214,1
"7028",5,9,"conf_166",500,22,3.7652714265,1
"7029",5,9,"conf_166",1500,22,0.064471038,1
"7030",5,9,"conf_166",2500,22,9e-10,1
"7031",5,9,"conf_166",5000,22,9e-10,1
"7032",5,9,"conf_166",7500,22,9e-10,1
"7033",5,9,"conf_166",250,23,4.2278526128,1
"7034",5,9,"conf_166",500,23,2.7492507047,1
"7035",5,9,"conf_166",1500,23,0.0740049539,1
"7036",5,9,"conf_166",2500,23,2e-10,1
"7037",5,9,"conf_166",5000,23,2e-10,1
"7038",5,9,"conf_166",7500,23,2e-10,1
"7039",5,9,"conf_166",250,24,5.2796156217,1
"7040",5,9,"conf_166",500,24,4.6596471721,1
"7041",5,9,"conf_166",1500,24,3.7691012202,1
"7042",5,9,"conf_166",2500,24,0.1555297029,1
"7043",5,9,"conf_166",5000,24,8e-10,1
"7044",5,9,"conf_166",7500,24,8e-10,1
"7045",5,9,"conf_166",250,25,7.0510816519,1
"7046",5,9,"conf_166",500,25,1.9706289673,1
"7047",5,9,"conf_166",1500,25,0.0005184364,1
"7048",5,9,"conf_166",2500,25,8e-10,1
"7049",5,9,"conf_166",5000,25,8e-10,1
"7050",5,9,"conf_166",7500,25,8e-10,1
"7051",5,9,"conf_166",250,26,6.0399306916,1
"7052",5,9,"conf_166",500,26,3.9354160284,1
"7053",5,9,"conf_166",1500,26,0.2954757466,1
"7054",5,9,"conf_166",2500,26,6.16e-08,1
"7055",5,9,"conf_166",5000,26,7e-10,1
"7056",5,9,"conf_166",7500,26,7e-10,1
"7057",5,9,"conf_166",250,27,4.9108123684,1
"7058",5,9,"conf_166",500,27,3.7661767674,1
"7059",5,9,"conf_166",1500,27,0.0744716644,1
"7060",5,9,"conf_166",2500,27,5e-10,1
"7061",5,9,"conf_166",5000,27,5e-10,1
"7062",5,9,"conf_166",7500,27,5e-10,1
"7063",5,9,"conf_166",250,28,3.671219068,1
"7064",5,9,"conf_166",500,28,1.6193227403,1
"7065",5,9,"conf_166",1500,28,0.0011879863,1
"7066",5,9,"conf_166",2500,28,9e-10,1
"7067",5,9,"conf_166",5000,28,9e-10,1
"7068",5,9,"conf_166",7500,28,9e-10,1
"7069",5,9,"conf_166",250,29,1.8553585316,1
"7070",5,9,"conf_166",500,29,0.5037403593,1
"7071",5,9,"conf_166",1500,29,2.0881e-06,1
"7072",5,9,"conf_166",2500,29,8e-10,1
"7073",5,9,"conf_166",5000,29,8e-10,1
"7074",5,9,"conf_166",7500,29,8e-10,1
"7075",5,9,"conf_166",250,30,4.1570363469,1
"7076",5,9,"conf_166",500,30,2.1055058095,1
"7077",5,9,"conf_166",1500,30,0.0005322586,1
"7078",5,9,"conf_166",2500,30,7e-10,1
"7079",5,9,"conf_166",5000,30,7e-10,1
"7080",5,9,"conf_166",7500,30,7e-10,1
"7081",5,9,"conf_166",250,31,4.4932536456,3
"7082",5,9,"conf_166",500,31,2.5307549848,3
"7083",5,9,"conf_166",1500,31,0.0042556904,3
"7084",5,9,"conf_166",2500,31,8e-10,3
"7085",5,9,"conf_166",5000,31,8e-10,3
"7086",5,9,"conf_166",7500,31,8e-10,3
"7087",5,9,"conf_166",250,32,3.8934540111,3
"7088",5,9,"conf_166",500,32,2.4666912213,3
"7089",5,9,"conf_166",1500,32,0.0027898679,3
"7090",5,9,"conf_166",2500,32,7e-10,3
"7091",5,9,"conf_166",5000,32,7e-10,3
"7092",5,9,"conf_166",7500,32,7e-10,3
"7093",5,9,"conf_166",250,33,4.8126960524,3
"7094",5,9,"conf_166",500,33,4.1640239473,3
"7095",5,9,"conf_166",1500,33,0.5708937358,3
"7096",5,9,"conf_166",2500,33,8.26e-08,3
"7097",5,9,"conf_166",5000,33,1e-09,3
"7098",5,9,"conf_166",7500,33,1e-09,3
"7099",5,9,"conf_166",250,34,14.1996511546,3
"7100",5,9,"conf_166",500,34,4.17195971,3
"7101",5,9,"conf_166",1500,34,3.930839722,3
"7102",5,9,"conf_166",2500,34,3.9308394341,3
"7103",5,9,"conf_166",5000,34,5.885e-07,3
"7104",5,9,"conf_166",7500,34,8e-10,3
"7105",5,9,"conf_166",250,35,3.1040585052,3
"7106",5,9,"conf_166",500,35,1.5914873456,3
"7107",5,9,"conf_166",1500,35,0.0113148776,3
"7108",5,9,"conf_166",2500,35,3e-10,3
"7109",5,9,"conf_166",5000,35,3e-10,3
"7110",5,9,"conf_166",7500,35,3e-10,3
"7111",5,9,"conf_166",250,36,4.434992626,3
"7112",5,9,"conf_166",500,36,3.0725960054,3
"7113",5,9,"conf_166",1500,36,0.1125098533,3
"7114",5,9,"conf_166",2500,36,5e-10,3
"7115",5,9,"conf_166",5000,36,5e-10,3
"7116",5,9,"conf_166",7500,36,5e-10,3
"7117",5,9,"conf_166",250,37,2.5741145223,3
"7118",5,9,"conf_166",500,37,1.3574626076,3
"7119",5,9,"conf_166",1500,37,0.0020646942,3
"7120",5,9,"conf_166",2500,37,7e-10,3
"7121",5,9,"conf_166",5000,37,7e-10,3
"7122",5,9,"conf_166",7500,37,7e-10,3
"7123",5,9,"conf_166",250,38,2.3402887888,3
"7124",5,9,"conf_166",500,38,0.8500667833,3
"7125",5,9,"conf_166",1500,38,8.53776e-05,3
"7126",5,9,"conf_166",2500,38,8e-10,3
"7127",5,9,"conf_166",5000,38,8e-10,3
"7128",5,9,"conf_166",7500,38,8e-10,3
"7129",5,9,"conf_166",250,39,0.7125001002,3
"7130",5,9,"conf_166",500,39,0.4931873741,3
"7131",5,9,"conf_166",1500,39,5.737e-07,3
"7132",5,9,"conf_166",2500,39,6e-10,3
"7133",5,9,"conf_166",5000,39,6e-10,3
"7134",5,9,"conf_166",7500,39,6e-10,3
"7135",5,9,"conf_166",250,40,2.0315539794,3
"7136",5,9,"conf_166",500,40,0.9131061382,3
"7137",5,9,"conf_166",1500,40,3.339e-07,3
"7138",5,9,"conf_166",2500,40,4e-10,3
"7139",5,9,"conf_166",5000,40,4e-10,3
"7140",5,9,"conf_166",7500,40,4e-10,3
"7141",5,9,"conf_166",250,41,4.3210293694,4
"7142",5,9,"conf_166",500,41,3.1002250241,4
"7143",5,9,"conf_166",1500,41,0.0063387487,4
"7144",5,9,"conf_166",2500,41,9e-10,4
"7145",5,9,"conf_166",5000,41,9e-10,4
"7146",5,9,"conf_166",7500,41,9e-10,4
"7147",5,9,"conf_166",250,42,5.2108386323,4
"7148",5,9,"conf_166",500,42,2.6849665822,4
"7149",5,9,"conf_166",1500,42,0.0134259881,4
"7150",5,9,"conf_166",2500,42,9e-10,4
"7151",5,9,"conf_166",5000,42,9e-10,4
"7152",5,9,"conf_166",7500,42,9e-10,4
"7153",5,9,"conf_166",250,43,4.1377968724,4
"7154",5,9,"conf_166",500,43,2.8483127091,4
"7155",5,9,"conf_166",1500,43,0.0706514965,4
"7156",5,9,"conf_166",2500,43,7e-10,4
"7157",5,9,"conf_166",5000,43,7e-10,4
"7158",5,9,"conf_166",7500,43,7e-10,4
"7159",5,9,"conf_166",250,44,3.3804117143,4
"7160",5,9,"conf_166",500,44,2.0207586217,4
"7161",5,9,"conf_166",1500,44,0.0137977877,4
"7162",5,9,"conf_166",2500,44,9e-10,4
"7163",5,9,"conf_166",5000,44,9e-10,4
"7164",5,9,"conf_166",7500,44,9e-10,4
"7165",5,9,"conf_166",250,45,4.38798204,4
"7166",5,9,"conf_166",500,45,2.3265402458,4
"7167",5,9,"conf_166",1500,45,0.0232584823,4
"7168",5,9,"conf_166",2500,45,9e-10,4
"7169",5,9,"conf_166",5000,45,9e-10,4
"7170",5,9,"conf_166",7500,45,9e-10,4
"7171",5,9,"conf_166",250,46,4.526127723,4
"7172",5,9,"conf_166",500,46,3.7061975822,4
"7173",5,9,"conf_166",1500,46,0.1965999722,4
"7174",5,9,"conf_166",2500,46,7.2e-09,4
"7175",5,9,"conf_166",5000,46,8e-10,4
"7176",5,9,"conf_166",7500,46,8e-10,4
"7177",5,9,"conf_166",250,47,4.3651716414,4
"7178",5,9,"conf_166",500,47,3.0446057853,4
"7179",5,9,"conf_166",1500,47,0.2122774892,4
"7180",5,9,"conf_166",2500,47,1e-09,4
"7181",5,9,"conf_166",5000,47,6e-10,4
"7182",5,9,"conf_166",7500,47,6e-10,4
"7183",5,9,"conf_166",250,48,3.5212262894,4
"7184",5,9,"conf_166",500,48,1.3735085681,4
"7185",5,9,"conf_166",1500,48,0.0005533972,4
"7186",5,9,"conf_166",2500,48,6e-10,4
"7187",5,9,"conf_166",5000,48,6e-10,4
"7188",5,9,"conf_166",7500,48,6e-10,4
"7189",5,9,"conf_166",250,49,4.4583333499,4
"7190",5,9,"conf_166",500,49,2.2066711753,4
"7191",5,9,"conf_166",1500,49,0.0093263821,4
"7192",5,9,"conf_166",2500,49,9e-10,4
"7193",5,9,"conf_166",5000,49,9e-10,4
"7194",5,9,"conf_166",7500,49,9e-10,4
"7195",5,9,"conf_166",250,50,4.5195472613,4
"7196",5,9,"conf_166",500,50,2.5630323578,4
"7197",5,9,"conf_166",1500,50,0.0042222749,4
"7198",5,9,"conf_166",2500,50,8e-10,4
"7199",5,9,"conf_166",5000,50,8e-10,4
"7200",5,9,"conf_166",7500,50,8e-10,4
